5.288858400000004423e+01 1.514143000000003347e+00 3.922200000000027886e-01 1.379793100000001438e+01 1.420123800000001069e+01 -1.120705999999997315e+00 5.514970999999999179e+00 -5.992823000000000455e+00 8.485110000000044561e-01 -2.831534999999997471e+00 4.194530000000006864e-01 -4.105205000000002435e+00 -5.559999999999538402e-03 3.812804000000003413e+00 -1.246281000000000194e+00 -1.266352999999999174e+00 -1.208109999999999462e-01 2.418097000000000385e+00 4.431229999999993230e-01 5.522673999999995864e+00 -1.441125999999999863e+01 5.122170000000050294e-01 1.970890000000003195e-01 -3.995730000000006776e-01 1.056128999999999651e+00 -3.732699999999986029e-02 -1.640633099999998379e+01 1.000670000000001975e-01 -2.199479999999990609e-01 1.050890000000001545e-01 7.745099999999988105e-01 6.054230000000009326e-01 -3.534480000000005395e-01 -6.898469999999997659e-01 -1.304489999999999483e+00 6.554530000000009515e-01 1.385000000000001785e-01 5.005019999999996694e-01 -1.245293999999999013e+00 1.039719999999998423e+00 7.352910000000006940e-01 -1.372199999999997588e-01 7.475499999999994649e-02 -5.326999999999981056e-03 -1.814979999999999927e-01 2.382120000000003401e-01 -2.158651999999995574e+00 1.237209999999999976e-01 1.672230999999998913e+00 -1.412190000000000389e-01 1.934620000000004669e-01 -1.362496000000000596e+00
1.514143000000003347e+00 5.761117000000012212e+01 3.840790000000027238e-01 -3.901460999999998513e+00 9.553390000000057114e-01 -1.082645000000000080e+00 -1.924657700000000204e+01 3.429786500000003002e+01 1.843904000000003318e+00 1.101512500000000649e+01 5.083389000000003044e+00 -7.544090000000002183e-01 1.229985000000000106e+00 -1.146167999999999854e+00 5.188599999999997658e-01 -3.525370000000004889e-01 2.409377999999997577e+00 7.360580999999995377e+00 -6.847827000000005881e+00 -4.718366999999996203e+00 -9.400200000000007439e-01 3.831590000000030805e-01 -1.329620000000000801e-01 1.272627999999998538e+00 -1.575609000000000037e+00 7.920899999999998498e-01 -1.048132100000001188e+01 1.096409999999999746e-01 2.391990000000003280e-01 -1.088063999999998588e+00 1.227820000000003076e-01 -1.377215000000000744e+00 -9.125959999999991856e-01 -7.530136000000002383e+00 -9.381630000000005243e-01 -1.409554000000001972e+00 2.346552000000000415e+00 -7.583899999999998975e-02 2.203190000000000703e-01 1.306864000000000692e+00 -1.036500000000048841e-02 -2.528820000000004398e-01 4.287990000000004298e-01 -2.476090000000002178e-01 -2.315729999999998345e-01 2.984351999999998117e+00 1.012662999999997870e+00 1.232900000000004478e-02 -7.934810000000004360e-01 1.193048999999999138e+00 7.616650000000003695e-01 -1.326988999999998864e+00
3.922200000000027886e-01 3.840790000000027238e-01 2.220608399999995441e+01 -6.704932999999997811e+00 2.439910000000058421e-01 1.809164000000002659e+00 -2.552992000000006367e+00 2.765090000000016146e-01 2.269754000000003380e+00 8.844100000000204576e-02 4.572500000000006004e-01 -4.417719999999996650e-01 3.602550000000007691e-01 -2.030249999999982347e-01 7.380000000001205041e-04 5.684240000000000403e-01 2.099730000000001040e-01 5.795840000000006542e-01 2.958620000000004024e-01 5.567700000000058713e-02 1.422810000000002406e-01 1.417329500000002085e+01 1.557290000000000618e-01 1.168460000000000470e-01 -7.253660000000008434e-01 1.379840000000000788e-01 1.509760000000007485e-01 -3.505999999999814820e-03 6.568020000000006631e-01 2.163530000000001563e-01 -2.481189999999995899e-01 -9.077299999999974278e-02 -1.121569999999998957e-01 5.896809999999998997e-01 -4.992999999999987032e-02 1.114570000000001948e-01 1.024210000000001231e-01 1.866360000000002739e-01 -8.557410000000007511e-01 8.288019999999988174e-01 1.752760000000000151e-01 2.115760000000001528e-01 -4.671730000000011152e-01 5.852500000000006308e-02 -1.888689999999996760e-01 2.702740000000005138e-01 -6.453020000000001533e-01 2.770860000000001655e-01 -2.380139999999993372e-01 1.992950000000001942e-01 7.691609000000004137e+00 -1.853199999999983749e-01
1.379793100000001438e+01 -3.901460999999998513e+00 -6.704932999999997811e+00 7.681026500000004376e+01 5.603733000000014286e+00 1.757775000000005194e+00 -2.403387899999995980e+01 2.132249999999999535e+00 -1.869733999999998897e+00 -4.000105000000003130e+00 -5.651928000000006946e+00 -3.454059999999994357e-01 -2.152912999999999411e+00 -6.289589999999989356e-01 -9.739219999999996213e-01 1.364491000000001453e+00 4.570820000000000993e-01 -2.081459400000001381e+01 2.814518000000000519e+00 -1.119105599999998901e+01 -9.861741000000012747e+00 -7.320669999999990907e+00 5.954870000000003216e-01 1.102340999999998683e+00 -2.024391299999999561e+01 -3.483510000000003548e-01 -5.396929999999991345e+00 -1.235648000000001634e+00 -9.248699999999995813e-02 2.407310000000002226e-01 -3.689430000000000764e-01 1.338845999999999536e+00 -1.347544000000000297e+00 4.489743999999989299e+00 -2.226049999999999141e-01 -2.298563000000004131e+00 -2.823972000000001259e+00 7.847199999999979192e-02 -1.247511000000000925e+00 -1.097426999999997710e+00 -3.682850000000009727e-01 -1.866949999999998333e-01 -4.405799999999990280e-02 2.627360000000003581e-01 -5.763200000000003737e-02 8.433780000000006272e-01 3.700896000000000186e+00 -2.185840000000000005e-01 2.960419999999996055e+00 -1.186699999999998173e-01 1.450816000000000550e+00 -1.625120999999998261e+00
1.420123800000001069e+01 9.553390000000057114e-01 2.439910000000058421e-01 5.603733000000014286e+00 5.027704300000007009e+01 -9.850769999999979820e-01 3.761116999999997379e+00 -1.428489999999947302e-01 -2.749769999999875369e-01 3.030500000000018179e-01 2.032791999999999266e+00 -2.847078000000001108e+00 -8.533170000000034339e-01 2.514106000000002616e+00 -2.976361999999996844e+00 -2.114028000000002461e+00 -9.686999999999850244e-03 2.716813999999999396e+00 4.046270000000002920e-01 2.050770000000000870e+00 2.874545000000000794e+00 2.010937000000012187e+00 7.819300000000004580e-01 -1.940816000000000985e+00 9.135590000000002320e-01 5.592480000000005225e-01 4.509796999999998057e+00 -7.172456999999996974e+00 1.427002000000000326e+00 -3.789077000000003803e+00 3.435350000000002013e-01 8.475800000000007772e-01 3.681189999999996965e-01 -9.947960000000001246e-01 -1.393504000000000076e+00 -7.340613999999993311e+00 -1.012550000000000255e-01 7.846159999999998691e-01 -3.459933000000001702e+00 -5.916917000000005089e+00 8.074769999999997783e-01 1.378769999999999718e-01 2.917700000000019236e-02 -6.588799999999991330e-01 1.586250000000000715e-01 8.332689999999999264e-01 -2.232371000000000105e+00 -2.414199999999993781e-02 8.883159999999995504e-01 -5.163199999999999040e-02 7.219000000000731776e-03 -1.154859999999998443e+00
-1.120705999999997315e+00 -1.082645000000000080e+00 1.809164000000002659e+00 1.757775000000005194e+00 -9.850769999999979820e-01 6.272139599999997728e+01 -7.123820000000003816e+00 1.654645000000003474e+00 -1.222109999999997143e+00 7.583846999999996008e+00 1.338542999999998262e+00 -6.718260000000000343e-01 -2.893224999999998381e+00 -3.971630000000002103e-01 -6.817510000000011061e-01 1.004158000000002104e+00 -9.346609999999988538e-01 4.638150000000008655e-01 5.929619999999997226e+00 1.364507000000003467e+00 -1.383607000000001364e+00 2.791010000000044844e-01 1.123944000000000498e+00 -1.658530000000000282e+00 4.615365999999992752e+00 -1.238761000000000889e+00 -1.121867599999998788e+01 1.346643999999999286e+00 5.900832999999999551e+00 -2.677068000000002002e+00 7.927499999999995661e-02 -9.067598000000002045e+00 -1.159059999999996760e-01 5.481494000000001421e+00 -4.337160000000002125e-01 -1.565929999999999822e+00 -2.259059999999994128e-01 1.455145000000001465e+00 -4.663010000000001876e-01 -6.100087999999997734e+00 2.980092999999999215e+00 -5.272519999999998319e-01 5.880660000000000887e-01 -5.120939999999993830e-01 -7.676839999999998110e-01 5.653773999999995858e+00 -4.287779999999999370e-01 3.864800000000007119e-02 -1.853252000000002342e+00 4.931899999999998507e-01 -3.471199999999996511e-01 -4.685100000000001486e-01
5.514970999999999179e+00 -1.924657700000000204e+01 -2.552992000000006367e+00 -2.403387899999995980e+01 3.761116999999997379e+00 -7.123820000000003816e+00 8.916142199999998752e+01 -3.533347499999996444e+01 -1.398959999999987713e-01 -1.181915499999999852e+01 1.523510500000001677e+01 2.881989999999999830e-01 9.509449999999999292e-01 1.105759999999997856e-01 -2.375816000000001260e+00 -6.664389999999996483e+00 -1.804771999999999377e+00 3.003144300000001721e+01 -6.902725999999996809e+00 1.659981599999999347e+01 -2.820540000000002046e+00 -3.322194000000005421e+00 5.166982999999999215e+00 -5.403366000000010771e+00 2.321145700000002776e+01 7.419995999999994929e+00 -1.603667100000001255e+01 -5.438359999999990979e-01 -2.968095999999999623e+00 1.869178999999997481e+00 -1.397549999999998738e+00 -2.299324999999996511e+00 -8.939739999999988251e-01 -8.916775999999998703e+00 -4.828099999999999614e-01 -3.255020000000002245e+00 1.355522999999997591e+00 -7.402799999999996883e-02 -1.371800000000066022e-02 -4.069020000000000081e+00 -3.568353999999998027e+00 2.579000000000000389e-02 1.407890000000000252e-01 -5.056929999999996150e-01 -3.664540000000002795e-01 -1.935857999999998524e+00 -1.506726999999999483e+00 -3.219949999999999202e-01 -3.477279999999998150e-01 5.726400000000005791e-02 -1.422410000000000341e-01 -5.470689999999995834e-01
-5.992823000000000455e+00 3.429786500000003002e+01 2.765090000000016146e-01 2.132249999999999535e+00 -1.428489999999947302e-01 1.654645000000003474e+00 -3.533347499999996444e+01 6.287902100000012240e+01 -1.689237999999997797e+00 1.799325099999999722e+01 -7.447291999999984924e+00 -3.610719999999995045e-01 -2.129690000000000749e-01 -4.665049999999992258e-01 8.198590000000006706e-01 4.677699999999988534e-01 3.099262999999997881e+00 -8.838777000000012762e+00 -4.093421000000006416e+00 -2.271999300000000233e+01 6.719442999999997390e+00 5.918500000000270767e-02 4.183880000000005372e-01 -2.244410000000002459e+00 -1.980051400000001038e+01 -7.478736999999997970e+00 1.333925999999999501e+00 -1.236060999999999188e+00 5.373090000000007027e-01 -4.206370000000004827e-01 2.531999999999996753e-02 -1.653928999999999983e+00 -9.963450000000002582e-01 -6.035059000000002172e+00 -8.135910000000002862e-01 8.264870000000006378e-01 -1.579170000000003071e+00 -1.094599999999999324e-01 4.529829999999995804e-01 4.193426999999994464e+00 -2.902444999999996167e+00 -8.263500000000002788e-02 -4.605210000000006243e-01 -2.673540000000002581e-01 -2.052339999999996112e-01 -8.701419999999984167e-01 1.455369999999997610e+00 9.634200000000006647e-02 -9.726290000000001879e-01 -1.411260000000000292e-01 -1.147339999999999055e-01 -6.698969999999998537e-01
8.485110000000044561e-01 1.843904000000003318e+00 2.269754000000003380e+00 -1.869733999999998897e+00 -2.749769999999875369e-01 -1.222109999999997143e+00 -1.398959999999987713e-01 -1.689237999999997797e+00 4.541852800000015122e+01 -1.913649999999982865e-01 -4.108239999999979131e-01 4.236952000000002272e+00 -6.969629999999999548e+00 -2.498899999999999455e-01 7.541109999999983105e-01 4.543020000000009273e-01 1.930580000000002294e-01 5.428220000000016920e-01 -3.165419999999999900e-01 5.962020000000007869e-01 1.186480000000000173e-01 4.769293000000009997e+00 -3.357059999999997824e-01 3.337810000000001609e-01 -4.408171999999999535e+00 -3.496909999999995855e-01 2.196991000000002359e+00 7.742630000000007007e-01 7.783530000000009608e-01 1.096590000000005616e-01 -3.198110000000001230e-01 6.744640000000000635e-01 -5.277099999999974866e-02 -5.734833000000002734e+00 5.782500000000018181e-02 3.519150000000005329e-01 2.388410000000001643e-01 -3.834071999999998592e+00 9.409059999999993540e-01 -1.489707000000001003e+00 1.912080000000002944e-01 -1.375948000000000837e+00 -8.110770000000001589e-01 3.623610000000002662e-01 2.216920000000005830e-01 -2.307970999999999329e+00 -9.146690000000007315e-01 -4.039600000000005686e-02 3.060040000000000537e-01 8.611139999999978256e-01 7.668550000000000644e-01 -1.939393999999998730e+00
-2.831534999999997471e+00 1.101512500000000649e+01 8.844100000000204576e-02 -4.000105000000003130e+00 3.030500000000018179e-01 7.583846999999996008e+00 -1.181915499999999852e+01 1.799325099999999722e+01 -1.913649999999982865e-01 6.114421300000010007e+01 -6.536985999999997965e+00 1.020233999999999597e+01 1.622312000000001309e+00 -9.421120000000003714e+00 -4.074215999999996285e+00 -6.387800000000003919e+00 -1.885332999999999481e+00 -4.775664999999997384e+00 -1.987960999999999645e+00 -4.123504000000002279e+00 -2.241030000000000522e-01 -1.880599999999865712e-02 -1.596729999999998428e-01 -1.781313000000000812e+00 -3.267488000000001946e+00 -6.049733999999999057e+00 2.997936000000002821e+00 -2.454480000000001383e-01 3.776360000000004158e-01 -4.380072999999999439e+00 8.571779999999996624e-01 -3.735400000000000942e-01 -6.453590000000004601e-01 -1.854643999999997295e+00 -8.577770000000000117e-01 -6.650000000000001465e-01 -6.106360000000002897e-01 -3.884399999999978148e-02 -1.428763000000001782e+00 -6.285455000000003345e+00 -1.435220999999999414e+00 -7.965000000000036287e-03 -3.498679999999997348e-01 -2.776129999999997211e-01 -1.532899999999998153e-02 1.040790000000001297e-01 -1.582435999999998844e+00 -6.832840000000006686e-01 2.029369999999998675e-01 -1.000130000000000186e-01 -2.870099999999993837e-02 7.510700000000035403e-02
4.194530000000006864e-01 5.083389000000003044e+00 4.572500000000006004e-01 -5.651928000000006946e+00 2.032791999999999266e+00 1.338542999999998262e+00 1.523510500000001677e+01 -7.447291999999984924e+00 -4.108239999999979131e-01 -6.536985999999997965e+00 5.880508699999998612e+01 -4.015930000000001998e-01 2.411790000000000322e-01 1.072379000000002858e+00 -2.597046000000000188e+00 -1.222172100000000228e+01 -8.095290000000007202e-01 2.731849999999997891e+01 9.974639999999995732e-01 1.116969699999999754e+01 -2.730345999999999940e+00 -6.774259999999988624e-01 1.890597499999999442e+01 -1.143159999999999954e+00 1.172324699999999176e+01 9.985709999999995645e+00 -3.810477999999997589e+00 -4.363476000000000354e+00 -1.246438999999999986e+01 -1.631983999999999657e+00 -2.666799999999991400e-02 -2.477368000000000237e+00 -6.886019999999997143e-01 -1.789438999999999780e+00 -3.093349999999998046e-01 -4.079527000000000569e+00 -4.448870000000002545e-01 -4.020120000000000360e-01 -7.360899999999988286e-02 -2.238885999999999044e+00 1.708585000000000464e+00 -3.114700000000010169e-02 -2.643199999999993818e-02 -4.719659999999999966e-01 1.677669999999999995e-01 1.340880999999999768e+00 -1.218594000000000399e+00 -3.891280000000000294e-01 -8.940720000000000889e-01 3.224859999999999949e-01 -1.315429999999999655e-01 7.045610000000002149e-01
-4.105205000000002435e+00 -7.544090000000002183e-01 -4.417719999999996650e-01 -3.454059999999994357e-01 -2.847078000000001108e+00 -6.718260000000000343e-01 2.881989999999999830e-01 -3.610719999999995045e-01 4.236952000000002272e+00 1.020233999999999597e+01 -4.015930000000001998e-01 2.472752399999996342e+01 -1.608762999999997501e+00 -1.535164900000000721e+01 -1.205586000000000491e+00 6.986080000000001178e-01 2.573059999999997016e-01 -3.320590000000001041e-01 1.715250000000004826e-01 -3.336619999999996256e-01 3.581900000000002443e-02 3.920480000000005627e-01 -1.118519999999999792e-01 -2.208409999999997042e-01 -5.805359999999998299e-01 -1.504670000000002394e-01 2.965379000000002208e+00 -1.356429999999999580e-01 8.476500000000018742e-02 -2.705649999999999444e-01 -1.294720000000003091e-01 -3.010319999999994112e-01 -5.052300000000004010e-02 -1.172439999999997706e+00 2.301999999999908286e-03 -1.369807999999999915e+00 1.733970000000001066e-01 -1.501149999999999429e-01 -7.347439999999989535e-01 6.982980000000010845e-01 4.430520000000002789e-01 -2.134700000000001527e-02 -7.608400000000004049e-02 -1.575469999999997150e-01 2.360819999999999030e-01 -1.527659999999999851e-01 -5.476720000000003807e-01 -1.094699999999999424e-01 1.540869000000000044e+00 5.019820000000004834e-01 -3.113490000000000979e-01 1.731983000000000716e+00
-5.559999999999538402e-03 1.229985000000000106e+00 3.602550000000007691e-01 -2.152912999999999411e+00 -8.533170000000034339e-01 -2.893224999999998381e+00 9.509449999999999292e-01 -2.129690000000000749e-01 -6.969629999999999548e+00 1.622312000000001309e+00 2.411790000000000322e-01 -1.608762999999997501e+00 2.788150799999994334e+01 -6.812534000000006529e+00 1.044511000000001744e+00 -5.287939999999997642e-01 -4.365740000000002397e-01 1.123666000000002718e+00 -5.363109999999987609e-01 2.100597000000000936e+00 -3.314350000000000906e-01 8.676929999999998255e-01 2.787269999999999470e-01 -8.709099999999975195e-02 1.261684000000000028e+00 -1.652600000000000735e-01 -1.062536999999999399e+00 -4.818389999999995177e-01 1.979900000000004920e-02 -3.773779999999995471e-01 -3.991800000000003679e-02 3.696872000000000380e+00 3.266299999999992820e-02 1.259401200000000287e+01 -1.894859999999999600e-01 -6.685489999999996158e-01 -9.825999999999926807e-03 -2.397149999999999004e-01 1.517503000000002489e+00 -1.722209999999993468e-01 -4.009099999999997666e-01 -2.010489999999999222e-01 -5.230600000000009547e-02 -1.029249999999998916e-01 1.367719999999999769e-01 -3.519980000000000886e-01 -1.220350000000003515e-01 -2.166469999999999507e-01 -2.211299999999997712e-01 -3.489959999999996954e-01 -1.383549999999997560e-01 3.473203999999993741e+00
3.812804000000003413e+00 -1.146167999999999854e+00 -2.030249999999982347e-01 -6.289589999999989356e-01 2.514106000000002616e+00 -3.971630000000002103e-01 1.105759999999997856e-01 -4.665049999999992258e-01 -2.498899999999999455e-01 -9.421120000000003714e+00 1.072379000000002858e+00 -1.535164900000000721e+01 -6.812534000000006529e+00 3.591089000000010145e+01 1.163490999999999165e+00 -3.651700000000004942e-02 -3.735430000000005135e-01 -1.903880000000000294e-01 -1.140414999999999957e+00 -8.358600000000002694e-01 9.989100000000011859e-02 -3.096279999999975163e-01 4.517999999999994798e-01 2.039270000000001637e-01 -1.485219999999996265e-01 -1.148399999999998901e-02 -2.834615999999997360e+00 -3.057130000000000680e-01 -1.077129999999997118e-01 2.111500000000001986e-01 4.739000000000056535e-03 2.046400000000003216e-01 -1.094619999999998927e-01 -8.029931999999979197e+00 -5.062599999999986555e-02 1.117634000000000238e+00 -6.718530000000021429e-01 -4.494870000000008581e-01 2.505010000000000847e+00 -8.888710000000007438e-01 -4.029129999999995215e-01 -3.522150000000007219e-01 8.956000000000007011e-02 5.155100000000008287e-02 -2.165029999999995292e-01 1.171060000000001267e-01 4.817909999999996917e-01 -1.136940000000000173e-01 1.438690000000003577e-01 -1.011806000000001537e+00 -1.417925000000000324e+00 1.281552200000006714e+01
-1.246281000000000194e+00 5.188599999999997658e-01 7.380000000001205041e-04 -9.739219999999996213e-01 -2.976361999999996844e+00 -6.817510000000011061e-01 -2.375816000000001260e+00 8.198590000000006706e-01 7.541109999999983105e-01 -4.074215999999996285e+00 -2.597046000000000188e+00 -1.205586000000000491e+00 1.044511000000001744e+00 1.163490999999999165e+00 2.482706900000003003e+01 -2.796570999999999696e+00 -3.518599999999999506e-01 -2.686371999999999982e+00 -9.650699999999998169e-02 -1.687010000000002119e-01 5.166678000000000104e+00 1.202250000000001928e-01 -1.635187000000000612e+00 -7.378369999999992990e-01 -1.897719999999998575e-01 -6.871960000000001401e-01 -1.824581999999999260e+00 -6.659519999999998774e-01 -2.054506000000000832e+00 -3.626869999999994820e-01 -3.289660000000000362e-01 -4.123909999999998410e-01 -2.223959999999999548e-01 -3.605199999999997851e-01 -1.927510000000000612e-01 3.129811999999998928e+00 -5.472499999999989179e-02 -1.418070000000000441e-01 2.061832000000006992e+00 -8.771129999999999205e-01 3.575239999999997309e-01 -6.827400000000004299e-02 -3.119800000000001391e-02 2.047560000000001046e-01 -1.224230000000001151e-01 -2.482809999999998352e-01 -3.527480000000000060e-01 -1.668900000000000661e-01 3.822699999999987913e-02 4.372399999999996428e-02 -4.444599999999995082e-02 2.526600000000002108e-02
-1.266352999999999174e+00 -3.525370000000004889e-01 5.684240000000000403e-01 1.364491000000001453e+00 -2.114028000000002461e+00 1.004158000000002104e+00 -6.664389999999996483e+00 4.677699999999988534e-01 4.543020000000009273e-01 -6.387800000000003919e+00 -1.222172100000000228e+01 6.986080000000001178e-01 -5.287939999999997642e-01 -3.651700000000004942e-02 -2.796570999999999696e+00 5.169713999999997611e+01 -7.367809999999996862e-01 -1.191752699999999976e+01 2.793936000000003528e+00 1.736362999999996770e+00 -2.019925000000000637e+00 8.671650000000008518e-01 -8.583924000000004995e+00 -2.259901999999998967e+00 1.491510000000000113e+00 -1.714326999999999934e+00 3.434709999999986385e-01 4.273411000000000293e+00 2.439854599999998896e+01 1.887029000000002954e+00 3.303900000000000586e-02 2.463877999999999346e+00 -9.087960000000002703e-01 2.819325999999997112e+00 3.378360000000003027e-01 7.420257999999998688e+00 -1.043850000000000333e-01 1.102050000000000529e-01 -8.030599999999994687e-02 1.491435500000000580e+01 2.142820999999996978e+00 7.409000000000016267e-03 -1.144380000000000258e-01 -3.398599999999999399e-01 -1.649639999999999440e-01 -5.622780000000004996e-01 9.442300000000005689e-01 -1.356490000000002139e-01 -1.169269999999997256e-01 -2.316989999999998773e-01 5.782000000000014558e-03 -1.266600000000000226e-01
-1.208109999999999462e-01 2.409377999999997577e+00 2.099730000000001040e-01 4.570820000000000993e-01 -9.686999999999850244e-03 -9.346609999999988538e-01 -1.804771999999999377e+00 3.099262999999997881e+00 1.930580000000002294e-01 -1.885332999999999481e+00 -8.095290000000007202e-01 2.573059999999997016e-01 -4.365740000000002397e-01 -3.735430000000005135e-01 -3.518599999999999506e-01 -7.367809999999996862e-01 1.613239399999998724e+01 -7.809679999999992184e-01 2.746868999999996230e+00 -1.596993999999998026e+00 7.915000000000001895e-03 -2.305489999999998652e-01 6.002000000000001778e-02 -5.448930000000001828e-01 -1.467910999999999744e+00 -2.896610000000001128e-01 -1.909095999999999460e+00 -2.797889999999998989e-01 -3.092280000000001694e-01 -1.612749999999998352e-01 -2.043870000000001796e-01 -3.041099999999992767e-02 -1.358069999999999278e-01 -8.629219999999990787e-01 -1.503270000000000439e-01 -2.891749999999998488e-01 -1.745499999999999829e-01 -1.093479999999999730e-01 -1.415749999999999786e-01 -7.540709999999999358e-01 -4.849140000000001227e-01 -6.828900000000000248e-02 2.044040000000001411e-01 2.910000000000000919e-01 -7.094300000000003381e-02 -4.505009999999997627e-01 9.896660000000008228e-01 -2.849800000000006495e-02 6.608909999999994511e-01 -5.355900000000004407e-02 3.462200000000003469e-02 2.580299999999996485e-02
2.418097000000000385e+00 7.360580999999995377e+00 5.795840000000006542e-01 -2.081459400000001381e+01 2.716813999999999396e+00 4.638150000000008655e-01 3.003144300000001721e+01 -8.838777000000012762e+00 5.428220000000016920e-01 -4.775664999999997384e+00 2.731849999999997891e+01 -3.320590000000001041e-01 1.123666000000002718e+00 -1.903880000000000294e-01 -2.686371999999999982e+00 -1.191752699999999976e+01 -7.809679999999992184e-01 6.692393699999986723e+01 -2.698602999999993202e+00 1.761939000000000988e+01 -3.583355000000000512e+00 1.086992000000000846e+00 1.941970699999999539e+01 1.684746000000001853e+00 2.124994499999998965e+01 3.789045999999999914e+00 -4.597252999999997591e+00 -2.365019000000001093e+00 -1.159597799999999701e+01 -1.415862000000000176e+00 -4.867580000000004681e-01 -3.166142999999997709e+00 -3.412140000000004059e-01 -3.200344999999998663e+00 1.514399999999998525e-01 -3.433301999999999854e+00 3.111264999999999059e+00 -2.775460000000000704e-01 -1.673610000000006481e-01 -2.255676999999999932e+00 -1.958812999999999249e+00 -1.776910000000000711e-01 -3.333689999999999154e-01 -7.120970000000002020e-01 6.939199999999995372e-02 -1.287476000000000065e+00 -3.797889999999999877e-01 -3.126030000000000753e-01 -9.881250000000002531e-01 4.845449999999996704e-01 1.300000000000021624e-03 -3.783800000000004937e-01
4.431229999999993230e-01 -6.847827000000005881e+00 2.958620000000004024e-01 2.814518000000000519e+00 4.046270000000002920e-01 5.929619999999997226e+00 -6.902725999999996809e+00 -4.093421000000006416e+00 -3.165419999999999900e-01 -1.987960999999999645e+00 9.974639999999995732e-01 1.715250000000004826e-01 -5.363109999999987609e-01 -1.140414999999999957e+00 -9.650699999999998169e-02 2.793936000000003528e+00 2.746868999999996230e+00 -2.698602999999993202e+00 3.140370299999999659e+01 1.343925299999999012e+01 -3.637230000000003516e-01 2.217379999999989915e-01 -2.034440000000000415e-01 -2.167220000000004698e-01 1.518251000000002238e+00 -4.928830000000000156e-01 1.549491699999998495e+01 9.806659999999992605e-01 -7.238180000000000724e-01 -7.606080000000003949e-01 -2.497609999999998165e-01 -8.406160000000015842e-01 1.276525000000001464e+00 1.741543799999998754e+01 -1.170239999999999614e-01 -2.140469999999994044e-01 -2.682049999999996381e-01 -1.238920000000000438e-01 -2.464799999999998936e-01 1.715981000000004864e+00 3.024221999999999522e+00 -1.672090000000001075e-01 8.494000000000003284e-03 -1.815109999999999779e-01 -1.578430000000001776e-01 2.078013999999999140e+00 -5.316580000000009631e-01 -1.921119999999998662e-01 -2.845939999999991254e-01 7.405099999999997795e-02 8.743100000000006422e-02 -8.647679999999999811e-01
5.522673999999995864e+00 -4.718366999999996203e+00 5.567700000000058713e-02 -1.119105599999998901e+01 2.050770000000000870e+00 1.364507000000003467e+00 1.659981599999999347e+01 -2.271999300000000233e+01 5.962020000000007869e-01 -4.123504000000002279e+00 1.116969699999999754e+01 -3.336619999999996256e-01 2.100597000000000936e+00 -8.358600000000002694e-01 -1.687010000000002119e-01 1.736362999999996770e+00 -1.596993999999998026e+00 1.761939000000000988e+01 1.343925299999999012e+01 6.572674699999993209e+01 -3.009271000000000473e+00 2.462740000000004925e-01 -3.447210000000000552e-01 2.818950999999996210e+00 2.872187800000000735e+01 7.776025999999993665e+00 1.055059599999998809e+01 2.096568000000000431e+00 -4.267220000000003788e-01 -1.627200000000000424e+00 -1.245234000000000396e+00 -3.114395000000000024e+00 9.694379999999992448e-01 1.923282299999999623e+01 -3.509780000000000677e-01 -1.536209999999999631e+00 2.364075999999998512e+00 -1.717300000000002158e-02 -5.876589999999997094e-01 1.936856999999998941e+00 1.312995000000001911e+00 -8.315899999999999681e-02 7.762700000000002931e-02 -7.746969999999999690e-01 -8.705700000000009264e-02 -1.789259999999999184e+00 -1.198728999999999267e+00 -7.202599999999996505e-02 -3.411565000000003067e+00 1.987119999999997777e-01 2.012200000000004957e-02 -1.319310000000005756e-01
-1.441125999999999863e+01 -9.400200000000007439e-01 1.422810000000002406e-01 -9.861741000000012747e+00 2.874545000000000794e+00 -1.383607000000001364e+00 -2.820540000000002046e+00 6.719442999999997390e+00 1.186480000000000173e-01 -2.241030000000000522e-01 -2.730345999999999940e+00 3.581900000000002443e-02 -3.314350000000000906e-01 9.989100000000011859e-02 5.166678000000000104e+00 -2.019925000000000637e+00 7.915000000000001895e-03 -3.583355000000000512e+00 -3.637230000000003516e-01 -3.009271000000000473e+00 2.870411699999998589e+01 2.131900000000002127e-01 -1.858037999999999412e+00 -1.125603000000000131e+00 -7.068830000000001501e-01 -3.959920000000000662e-01 1.483355399999999413e+01 -6.652609999999997692e-01 -2.284444000000001029e+00 -2.480440000000000700e-01 -7.486360000000000792e-01 -5.843720000000001136e-01 3.855430000000001911e-01 -1.155096999999998042e+00 -2.015510000000001190e-01 -1.568696000000000090e+00 -2.668069999999999053e-01 -1.973059999999999536e-01 -6.035810000000000342e-01 -6.969589999999994401e-01 -7.208120000000004524e-01 -1.185669999999999086e-01 4.333739999999997594e-01 -2.747960000000000402e-01 3.714760000000000839e-01 1.660760000000000847e-01 -4.033179999999998988e-01 4.751329999999998055e-01 -1.103389999999999427e+00 1.142709999999999282e-01 -9.962600000000003397e-02 -1.796699999999998298e-02
5.122170000000050294e-01 3.831590000000030805e-01 1.417329500000002085e+01 -7.320669999999990907e+00 2.010937000000012187e+00 2.791010000000044844e-01 -3.322194000000005421e+00 5.918500000000270767e-02 4.769293000000009997e+00 -1.880599999999865712e-02 -6.774259999999988624e-01 3.920480000000005627e-01 8.676929999999998255e-01 -3.096279999999975163e-01 1.202250000000001928e-01 8.671650000000008518e-01 -2.305489999999998652e-01 1.086992000000000846e+00 2.217379999999989915e-01 2.462740000000004925e-01 2.131900000000002127e-01 2.898738799999990334e+01 4.530040000000001843e-01 5.758800000000004887e-02 -6.898060000000003633e-01 1.934310000000002971e-01 6.125130000000009733e-01 -1.332673999999999470e+00 4.291280000000005090e-01 -6.881750000000004253e-01 -1.506929999999992720e-01 4.293350000000001332e-01 1.105560000000000986e-01 9.669350000000008771e-01 2.354199999999999349e-02 -1.478407999999999500e+00 2.074390000000000400e-01 2.814310000000002088e-01 -6.499430000000001595e-01 1.204812999999996803e+00 -2.229699999999989676e-02 3.960749999999992332e-01 -4.943130000000011126e-01 8.036200000000015553e-02 -1.360929999999998252e-01 2.288230000000000819e-01 -5.056340000000006940e-01 2.987629999999996122e-01 2.035440000000001692e-01 2.136719999999996400e-01 6.746355999999998687e+00 5.513050000000024875e-01
1.970890000000003195e-01 -1.329620000000000801e-01 1.557290000000000618e-01 5.954870000000003216e-01 7.819300000000004580e-01 1.123944000000000498e+00 5.166982999999999215e+00 4.183880000000005372e-01 -3.357059999999997824e-01 -1.596729999999998428e-01 1.890597499999999442e+01 -1.118519999999999792e-01 2.787269999999999470e-01 4.517999999999994798e-01 -1.635187000000000612e+00 -8.583924000000004995e+00 6.002000000000001778e-02 1.941970699999999539e+01 -2.034440000000000415e-01 -3.447210000000000552e-01 -1.858037999999999412e+00 4.530040000000001843e-01 2.707161500000000132e+01 -1.142452999999999941e+00 -2.683549999999999547e-01 -1.152202000000000393e+00 6.600410000000000998e-01 -2.712207999999999952e+00 -8.371608999999999412e+00 -7.035100000000001907e-01 4.120829999999999216e-01 -1.207041000000000253e+00 -3.639440000000001008e-01 -2.429570000000000896e-01 -1.121819999999999623e-01 -2.639193000000000566e+00 -9.823899999999997912e-02 -1.843609999999999971e-01 2.336769999999999126e-01 -2.832010000000002026e-01 -1.169736000000000109e+00 -1.131830000000000475e-01 -8.988100000000000256e-02 -2.823310000000002207e-01 4.025619999999998644e-01 -2.827540000000000608e-01 -3.847249999999999281e-01 -1.414860000000000284e-01 -4.021969999999999157e-01 4.996129999999998628e-01 -1.162349999999999495e-01 2.354300000000007775e-01
-3.995730000000006776e-01 1.272627999999998538e+00 1.168460000000000470e-01 1.102340999999998683e+00 -1.940816000000000985e+00 -1.658530000000000282e+00 -5.403366000000010771e+00 -2.244410000000002459e+00 3.337810000000001609e-01 -1.781313000000000812e+00 -1.143159999999999954e+00 -2.208409999999997042e-01 -8.709099999999975195e-02 2.039270000000001637e-01 -7.378369999999992990e-01 -2.259901999999998967e+00 -5.448930000000001828e-01 1.684746000000001853e+00 -2.167220000000004698e-01 2.818950999999996210e+00 -1.125603000000000131e+00 5.758800000000004887e-02 -1.142452999999999941e+00 2.668093899999998797e+01 -3.186011000000001037e+00 -5.019569999999999865e-01 -4.382609999999964034e-01 -3.217789999999999262e-01 -1.907148000000000287e+00 -1.294869999999999355e-01 -3.534219999999999584e-01 3.323920000000007979e-01 1.201911000000000840e+00 -3.626270000000005878e-01 -1.784690000000001275e-01 -6.496389999999994114e-01 8.875999999999979392e-03 -1.081419999999999465e-01 -2.789770000000003636e-01 2.959840000000002469e-01 2.522562999999997224e+00 -5.735500000000003790e-02 1.174659999999998622e-01 3.215640000000001275e-01 -1.345019999999999549e-01 4.127452000000004340e+00 -5.073950000000000404e-01 -6.071300000000000308e-02 7.311419999999997366e-01 4.681599999999999651e-02 -1.351400000000001558e-02 1.261700000000000842e-02
1.056128999999999651e+00 -1.575609000000000037e+00 -7.253660000000008434e-01 -2.024391299999999561e+01 9.135590000000002320e-01 4.615365999999992752e+00 2.321145700000002776e+01 -1.980051400000001038e+01 -4.408171999999999535e+00 -3.267488000000001946e+00 1.172324699999999176e+01 -5.805359999999998299e-01 1.261684000000000028e+00 -1.485219999999996265e-01 -1.897719999999998575e-01 1.491510000000000113e+00 -1.467910999999999744e+00 2.124994499999998965e+01 1.518251000000002238e+00 2.872187800000000735e+01 -7.068830000000001501e-01 -6.898060000000003633e-01 -2.683549999999999547e-01 -3.186011000000001037e+00 5.316758200000005985e+01 8.765746000000001814e+00 5.048202999999997331e+00 9.487610000000014088e-01 -5.147440000000000904e-01 8.780210000000000514e-01 -6.833739999999990378e-01 -2.458097000000000865e+00 -3.996230000000000060e-01 9.758190000000014352e-01 1.085806000000000493e+00 -7.246719999999994277e-01 2.469118999999998287e+00 3.894352000000002256e+00 -3.243849999999996458e-01 -3.035919000000003365e+00 2.054238999999999482e+00 -1.216860000000000996e-01 5.680720000000006875e-01 -4.479559999999999653e-01 -2.975639999999998286e-01 4.275240000000009588e-01 6.610349999999997062e-01 -1.920819999999999195e-01 -1.979359999999997788e+00 2.846140000000001447e-01 -1.279099999999998814e-02 -1.580269999999996677e-01
-3.732699999999986029e-02 7.920899999999998498e-01 1.379840000000000788e-01 -3.483510000000003548e-01 5.592480000000005225e-01 -1.238761000000000889e+00 7.419995999999994929e+00 -7.478736999999997970e+00 -3.496909999999995855e-01 -6.049733999999999057e+00 9.985709999999995645e+00 -1.504670000000002394e-01 -1.652600000000000735e-01 -1.148399999999998901e-02 -6.871960000000001401e-01 -1.714326999999999934e+00 -2.896610000000001128e-01 3.789045999999999914e+00 -4.928830000000000156e-01 7.776025999999993665e+00 -3.959920000000000662e-01 1.934310000000002971e-01 -1.152202000000000393e+00 -5.019569999999999865e-01 8.765746000000001814e+00 1.767961199999998456e+01 -1.936784000000000949e+00 -5.669469999999999787e-01 -1.708503999999999801e+00 -5.726239999999994668e-01 -1.068250000000000172e-01 -3.800040000000000084e-01 -1.565580000000000860e-01 -4.508619999999997074e-01 -7.220700000000003504e-02 -4.396009999999998530e-01 -7.973699999999994681e-02 7.974869999999999459e-01 -2.103949999999999987e-01 -1.528098000000000622e+00 -4.463020000000002541e-01 -8.705800000000002425e-02 -1.177400000000000252e-01 1.164980000000001154e-01 -5.346999999999998976e-02 3.827399999999987062e-02 -5.657700000000004392e-02 -1.668290000000000051e-01 -1.127029999999999837e-01 2.620160000000000822e-01 1.480599999999999798e-02 1.454700000000002345e-02
-1.640633099999998379e+01 -1.048132100000001188e+01 1.509760000000007485e-01 -5.396929999999991345e+00 4.509796999999998057e+00 -1.121867599999998788e+01 -1.603667100000001255e+01 1.333925999999999501e+00 2.196991000000002359e+00 2.997936000000002821e+00 -3.810477999999997589e+00 2.965379000000002208e+00 -1.062536999999999399e+00 -2.834615999999997360e+00 -1.824581999999999260e+00 3.434709999999986385e-01 -1.909095999999999460e+00 -4.597252999999997591e+00 1.549491699999998495e+01 1.055059599999998809e+01 1.483355399999999413e+01 6.125130000000009733e-01 6.600410000000000998e-01 -4.382609999999964034e-01 5.048202999999997331e+00 -1.936784000000000949e+00 9.010737200000012592e+01 -5.591899999999987159e-02 -3.524432999999998817e+00 -2.161074000000000161e+00 4.713049999999994188e-01 6.144448999999998051e+00 1.304230000000000445e+00 1.992394400000002719e+01 6.249300000000003186e-01 -6.788819999999996524e-01 -7.971039999999998127e-01 -6.516550000000004284e-01 -1.111023999999999790e+00 -1.071836999999995932e+00 2.614946000000001991e+00 -3.638259999999997607e-01 2.136240000000000916e-01 1.762419999999993714e-01 2.049099999999997104e-02 -2.640288000000000412e+00 -1.865863000000001160e+00 -3.657310000000003058e-01 -2.868021999999997629e+00 -3.406720000000003079e-01 -1.407449999999998425e-01 1.622800000000001186e-01
1.000670000000001975e-01 1.096409999999999746e-01 -3.505999999999814820e-03 -1.235648000000001634e+00 -7.172456999999996974e+00 1.346643999999999286e+00 -5.438359999999990979e-01 -1.236060999999999188e+00 7.742630000000007007e-01 -2.454480000000001383e-01 -4.363476000000000354e+00 -1.356429999999999580e-01 -4.818389999999995177e-01 -3.057130000000000680e-01 -6.659519999999998774e-01 4.273411000000000293e+00 -2.797889999999998989e-01 -2.365019000000001093e+00 9.806659999999992605e-01 2.096568000000000431e+00 -6.652609999999997692e-01 -1.332673999999999470e+00 -2.712207999999999952e+00 -3.217789999999999262e-01 9.487610000000014088e-01 -5.669469999999999787e-01 -5.591899999999987159e-02 2.116006000000002274e+01 3.927779999999999827e+00 3.647120000000000362e-01 -1.617200000000000304e-01 1.994589999999999641e+00 -3.507820000000000937e-01 9.799140000000015061e-01 7.144999999999991636e-02 -5.284800000000011710e-02 1.774564000000001807e+00 3.788899999999993662e-02 -2.501390000000000557e-01 -4.476289999999998881e-01 -5.661930000000001684e-01 2.113999999999999213e-02 4.965899999999995318e-02 -3.994800000000003209e-02 -1.383850000000000635e-01 -2.549340000000001050e-01 -4.002939999999997056e-01 -9.334600000000001230e-02 5.196100000000000163e-01 -1.291820000000001023e-01 -1.475000000000000616e-02 -4.220800000000001773e-01
-2.199479999999990609e-01 2.391990000000003280e-01 6.568020000000006631e-01 -9.248699999999995813e-02 1.427002000000000326e+00 5.900832999999999551e+00 -2.968095999999999623e+00 5.373090000000007027e-01 7.783530000000009608e-01 3.776360000000004158e-01 -1.246438999999999986e+01 8.476500000000018742e-02 1.979900000000004920e-02 -1.077129999999997118e-01 -2.054506000000000832e+00 2.439854599999998896e+01 -3.092280000000001694e-01 -1.159597799999999701e+01 -7.238180000000000724e-01 -4.267220000000003788e-01 -2.284444000000001029e+00 4.291280000000005090e-01 -8.371608999999999412e+00 -1.907148000000000287e+00 -5.147440000000000904e-01 -1.708503999999999801e+00 -3.524432999999998817e+00 3.927779999999999827e+00 4.233472400000000846e+01 -1.454043000000000641e+00 3.571039999999999770e-01 2.793930000000002245e-01 -4.885479999999999268e-01 -3.229319999999999968e-01 -1.727199999999998181e-02 6.656748999999998695e+00 -1.203269999999999895e-01 -1.133500000000000479e-02 -6.129810000000001091e-01 -1.287670000000000758e-01 -1.193483000000000072e+00 -3.805399999999999061e-02 -4.525939999999999408e-01 -3.567120000000002511e-01 -2.339590000000001113e-01 -1.209685999999999817e+00 -2.040100000000006075e-01 -1.043680000000000163e-01 3.757600000000000384e-01 -3.241239999999999677e-01 8.060000000000115683e-04 -3.000199999999997313e-01
1.050890000000001545e-01 -1.088063999999998588e+00 2.163530000000001563e-01 2.407310000000002226e-01 -3.789077000000003803e+00 -2.677068000000002002e+00 1.869178999999997481e+00 -4.206370000000004827e-01 1.096590000000005616e-01 -4.380072999999999439e+00 -1.631983999999999657e+00 -2.705649999999999444e-01 -3.773779999999995471e-01 2.111500000000001986e-01 -3.626869999999994820e-01 1.887029000000002954e+00 -1.612749999999998352e-01 -1.415862000000000176e+00 -7.606080000000003949e-01 -1.627200000000000424e+00 -2.480440000000000700e-01 -6.881750000000004253e-01 -7.035100000000001907e-01 -1.294869999999999355e-01 8.780210000000000514e-01 -5.726239999999994668e-01 -2.161074000000000161e+00 3.647120000000000362e-01 -1.454043000000000641e+00 1.795586700000000135e+01 -1.230550000000000394e-01 -3.669560000000003930e-01 -1.576860000000000761e-01 -7.598819999999986141e-01 3.906980000000001008e-01 -5.894739999999997204e-01 -1.076899999999997824e-02 -1.427219999999999600e-01 7.255860000000000642e-01 2.699827000000000421e+00 -3.536129999999996776e-01 -9.285899999999995547e-02 6.859500000000001707e-02 -1.452750000000000430e-01 -9.151000000000004964e-02 -4.835909999999999931e-01 7.016490000000000782e-01 -1.130369999999999708e-01 -2.155439999999995970e-01 -1.404960000000000375e-01 -1.462900000000002219e-02 8.371400000000006614e-02
