1.0111e+02 -3.2460e+00 5.5172e+00 -9.2074e+00 -1.2313e+00 -1.6222e+00 -1.4424e+01 6.8692e+01 1.3556e+01 1.2083e+00 1.4757e+01 2.1486e+00 8.8683e-01 9.8353e+00 -1.1626e-01 -7.1739e-01 -7.2543e+00 -1.8148e+00 3.0715e+00 -2.5978e+00 2.0410e+00 -1.2361e-01 -1.0587e+00 -6.1302e-01 3.0879e-01 -2.1563e+00 -2.1274e+00 -1.0067e+01 1.3424e+00 -4.6431e+00 1.5049e+00 5.9267e+00 1.9954e+00 -6.8051e-01 1.0256e+00 7.8940e-01 9.1815e-01 1.2068e-01 -4.9027e-01 -4.6851e+00 3.8969e+00 -3.6564e-01 -5.0102e-01 -6.9384e-01 1.5338e-01 7.6801e-01 -1.7225e-01 -4.0560e-02 1.7580e-02 -2.6469e-01 -1.3647e+00 -9.0572e+00
-3.2460e+00 9.6210e+01 -2.6987e+00 -7.9397e+00 1.4231e+01 2.6201e+01 -1.1213e+01 6.3971e-02 3.8753e+00 -1.6350e+01 6.2896e+00 1.9217e-01 -6.0253e+00 -8.4229e+00 -6.3328e-01 -6.2740e+00 4.9518e+00 -1.0935e+00 -9.5929e+00 5.6483e+00 -1.6322e+00 -3.0634e+00 1.1508e+00 9.6245e-02 1.5333e+00 -2.1205e-01 -2.3669e+00 5.8924e+00 8.8430e+00 -9.7312e+00 1.4179e+00 -4.6104e+00 7.8706e+00 -7.9735e-01 2.3390e+00 2.8412e+00 6.1369e+00 6.2076e-02 -1.1071e-01 -3.2997e-01 -7.7770e-01 -2.9057e-01 1.3222e-01 1.7149e+00 7.7698e-02 -6.7992e+00 -2.4508e-01 7.2906e-01 3.2257e-01 1.0550e+00 -1.5073e+00 -7.7671e+00
5.5172e+00 -2.6987e+00 6.2397e+01 -1.2846e+00 4.7019e-01 -7.6099e+00 -4.3421e-01 1.9430e+00 -7.2938e-02 -2.0829e+01 -7.4674e+00 -1.9739e-01 2.1493e+00 6.4147e+00 -6.1184e-01 7.7339e+00 -4.0471e-01 -6.0471e-01 3.7187e+00 4.9033e-01 -1.9817e+00 9.6344e-01 1.4051e+01 -3.7327e-02 -8.8892e-02 -3.0025e-01 1.0479e+00 -1.8089e+01 -2.7848e+00 5.5138e+00 -4.1327e-01 1.6781e+00 2.2289e+00 -2.0976e-01 8.5952e-01 1.3290e+00 -1.0147e+00 4.0006e+00 1.2176e-01 4.8026e-01 -6.3251e-01 3.2908e-01 -2.2237e-01 -5.6544e-01 2.7501e-02 8.3415e-01 -8.9524e-02 1.6268e+00 -4.8548e-01 4.6465e-01 -4.7611e-01 -1.3740e+00
-9.2074e+00 -7.9397e+00 -1.2846e+00 1.9274e+01 -3.5516e-01 -1.8462e-01 3.7400e-01 -8.6905e+00 -1.2898e-01 5.0880e-01 8.3236e-01 -2.6343e-01 -8.9821e-01 1.7283e-01 -1.6032e-01 9.8578e-02 -4.5228e-01 3.2453e-03 -1.4259e-01 -6.0203e-01 -1.1342e-01 5.4262e-01 -8.6182e-01 -4.0774e-02 -6.8388e-02 -1.5191e-01 -3.5370e-03 6.4003e-01 -1.0855e-01 -6.0913e-01 -7.3427e-01 -6.0097e-01 -6.6848e-01 3.1807e-02 -7.8490e-01 2.1457e-01 -4.5711e+00 1.4384e-01 -5.2114e-02 -7.2202e-01 1.6050e-02 -2.3269e-01 -6.3258e-02 -2.8086e-01 -3.2604e-01 3.5009e+00 -2.8612e-02 5.1372e-02 -1.2627e-01 2.4248e-02 -1.2244e+00 1.7826e+01
-1.2313e+00 1.4231e+01 4.7019e-01 -3.5516e-01 5.8316e+01 4.1023e+00 -8.4001e+00 -4.2101e-01 -7.3277e-01 -1.1980e+01 -3.5124e+00 -1.2600e+00 -1.7927e+00 -1.9372e+00 -9.5118e-01 -1.0511e+00 -4.0902e-01 -5.7260e-01 -1.7067e+00 -1.0913e+00 4.5381e-02 -1.1762e+00 1.4813e+00 2.1900e-01 4.9235e+00 -1.2690e-01 4.5875e-01 -2.5275e+01 2.1973e+01 -1.0642e+01 -4.0344e+00 -1.1868e+00 2.1438e+01 -1.3145e-03 -1.2343e+00 -1.9972e+00 -5.0860e-01 3.6528e-01 -1.1996e-01 4.3937e+00 2.4364e+00 2.3803e-01 -1.0393e-01 1.7339e-02 4.2678e-01 1.8907e+00 -8.7804e-02 1.0991e+00 9.5323e-02 -2.6677e-01 7.9926e-01 -3.6841e-01
-1.6222e+00 2.6201e+01 -7.6099e+00 -1.8462e-01 4.1023e+00 5.7875e+01 -1.3400e+01 -1.8394e+00 -5.4183e+00 -5.9804e+00 1.1556e+01 -3.2134e-01 -1.2550e+00 -5.7377e+00 1.9674e-01 -6.1289e+00 -1.4079e+00 -8.1276e-02 -3.6934e+00 -4.5877e-01 -3.5267e+00 -7.6621e-01 1.4574e+00 -1.9455e-01 8.0451e-01 -2.0914e-01 8.9208e-01 5.2385e+00 3.8331e+00 1.0145e+00 -2.2225e+00 -1.7330e+00 3.1423e+00 2.5499e-01 -2.1242e-03 1.3264e+00 4.0201e+00 -1.9591e-01 -1.9784e-01 1.5901e-02 4.6899e+00 -9.5864e-02 -9.1050e-02 1.2537e-01 1.3004e-02 -2.9552e+00 -1.7149e-01 2.8477e-01 5.6217e-02 6.8113e-01 -6.2312e-01 -1.8757e-01
-1.4424e+01 -1.1213e+01 -4.3421e-01 3.7400e-01 -8.4001e+00 -1.3400e+01 6.7755e+01 -1.0350e+01 -1.4883e+01 5.3608e+00 -4.2803e+00 -1.1202e+00 1.1138e+00 -4.1395e+00 -2.7203e-01 -8.8419e-01 -1.9478e+00 -1.9724e-01 5.0197e-01 -5.5468e-01 4.2355e+00 -2.7350e-01 1.4440e+00 5.6393e-01 -1.0465e+00 2.7736e+00 -1.8069e+00 -6.2071e+00 -4.7133e+00 4.8543e+00 2.6313e+00 -1.3839e+00 -4.7597e+00 -4.2628e-01 -5.1869e-01 -7.1086e-01 -1.9508e+01 2.8080e-01 -1.0614e-01 -9.1168e-01 -4.5066e+00 -1.6423e-01 6.0783e-02 7.3406e-01 -2.9140e-02 1.0078e+01 -1.0578e-01 -1.0568e+00 -9.8554e-02 -4.8970e-01 2.7086e+00 3.6853e-01
6.8692e+01 6.3971e-02 1.9430e+00 -8.6905e+00 -4.2101e-01 -1.8394e+00 -1.0350e+01 8.6538e+01 1.2347e+01 -5.6601e-01 1.1429e+01 2.0585e+00 9.5643e-01 1.2470e+01 -4.3068e-01 -4.6299e-01 -4.8199e+00 -2.3155e+00 4.5326e+00 -2.5108e+00 1.8854e+00 -2.7227e-01 -1.6281e-01 -3.8226e-01 1.6705e-01 6.1930e-01 2.9822e-02 -6.6782e+00 -4.0309e-01 -1.2131e+00 6.8909e-01 6.9751e+00 -9.2308e-01 -1.9689e-01 1.3655e+00 -4.3024e-01 -4.0438e+00 -1.0556e-01 -4.6580e-01 -5.3599e+00 4.4319e+00 -3.7259e-01 -3.1423e-01 -1.1403e+00 1.0879e+00 6.2952e+00 -9.2325e-02 -6.8344e-01 -2.5150e-01 -3.7836e-01 -2.3160e+00 -8.5672e+00
1.3556e+01 3.8753e+00 -7.2938e-02 -1.2898e-01 -7.3277e-01 -5.4183e+00 -1.4883e+01 1.2347e+01 4.7051e+01 2.9539e-01 3.1452e+00 -4.5004e-01 -3.0459e-01 -1.0745e+01 2.4623e-01 7.0485e-01 1.4233e+00 1.4631e+00 1.1332e+00 2.7103e-01 5.8332e-01 9.6267e-02 -2.7570e+00 -4.0732e-01 -1.8982e-01 -1.8365e+00 -7.2452e-02 7.7089e+00 2.3217e-01 -3.9307e+00 -2.8556e-01 -2.3832e+00 -2.3655e-01 -1.3160e-01 -4.1591e-02 -2.5955e-02 -4.0333e+00 -3.8391e-01 -3.3057e-01 1.7242e+00 -3.8395e+00 -2.9494e-01 2.2612e-03 -5.7034e-01 -2.8825e-02 6.3007e+00 -2.7464e-01 -3.1579e-01 -3.0599e-01 -3.0627e-01 -1.4338e-01 -7.9215e-02
1.2083e+00 -1.6350e+01 -2.0829e+01 5.0880e-01 -1.1980e+01 -5.9804e+00 5.3608e+00 -5.6601e-01 2.9539e-01 5.8186e+01 4.0045e-02 -4.5006e-01 2.2330e-01 -2.1865e+00 -7.2674e-01 -1.1529e+00 3.3510e-03 -1.7872e+00 -1.6592e+00 -2.2244e+00 -1.8511e+00 1.6361e+00 -8.9739e+00 -2.0129e-01 -2.4925e+00 6.6756e-02 -2.0594e+00 2.1978e+01 1.4763e+00 4.3478e+00 -8.3985e-01 -6.1642e-01 4.0332e+00 -5.6887e-01 2.6054e+00 -4.5035e+00 1.5200e+00 -1.8916e+00 -1.4745e-03 -1.4513e-01 3.6071e+00 -3.1235e-01 7.1648e-02 2.0476e-01 -2.5535e-01 2.0013e-01 -3.7555e-02 -1.4876e+00 1.3159e-01 -4.6202e-01 1.8900e+00 5.0081e-01
1.4757e+01 6.2896e+00 -7.4674e+00 8.3236e-01 -3.5124e+00 1.1556e+01 -4.2803e+00 1.1429e+01 3.1452e+00 4.0045e-02 8.4193e+01 -1.4514e-01 6.3043e-01 -1.9664e+01 2.5997e-01 -1.1415e+01 -4.0735e+00 -1.2931e+00 6.0070e+00 -7.5734e+00 5.4829e+00 -1.0883e+00 -1.0206e+00 3.6438e-02 -7.6436e-02 -9.2976e-01 -1.7283e-01 2.4884e+01 1.6807e+00 3.0773e+00 3.2759e+00 3.4498e-01 5.8638e-01 2.6160e-01 2.4678e-01 1.7679e+00 9.1984e+00 -2.8340e-01 1.2294e-01 -2.1015e+00 -1.3207e+00 -2.9720e-01 5.0162e-01 -6.6466e-01 -5.1895e-01 -7.7111e+00 1.8862e-01 -3.0961e-01 -1.3166e-01 1.7327e+00 -9.7061e-01 8.0136e-01
2.1486e+00 1.9217e-01 -1.9739e-01 -2.6343e-01 -1.2600e+00 -3.2134e-01 -1.1202e+00 2.0585e+00 -4.5004e-01 -4.5006e-01 -1.4514e-01 2.1854e+01 -5.6639e-01 1.3932e+00 -1.8918e-01 1.7848e-01 -1.3846e-01 -6.0111e-01 1.2927e+00 1.0118e+00 7.2141e-01 -1.2499e-01 6.6700e-01 -6.2261e-02 -5.7229e-01 -2.0929e-01 -8.0917e-01 2.0387e+00 -8.2376e-01 -6.7476e-01 -1.3581e+00 1.8357e+00 6.0857e-01 -1.8837e-01 1.2752e+00 -1.1435e+00 -6.0654e-01 -3.7870e-01 2.7398e-02 -4.2949e-01 1.5294e+00 -1.0316e-01 -5.8134e-02 -1.4306e-01 9.8600e-02 1.2194e+00 1.1561e-01 -2.5396e-01 -1.0566e-01 -1.4990e-01 -1.3541e+00 -2.8139e-01
8.8683e-01 -6.0253e+00 2.1493e+00 -8.9821e-01 -1.7927e+00 -1.2550e+00 1.1138e+00 9.5643e-01 -3.0459e-01 2.2330e-01 6.3043e-01 -5.6639e-01 2.2593e+01 2.4928e+00 4.2547e-01 -1.0139e+00 -1.5877e-01 -4.9557e-01 7.9186e+00 -2.6852e-01 -6.3705e-01 -6.3154e-02 2.4495e-01 -6.6552e-02 -4.1257e-01 2.4165e+00 -4.5744e-01 -4.5341e-01 -2.6822e+00 3.6950e+00 -8.8179e-01 6.4296e+00 -2.6295e+00 -1.9493e-01 -5.1413e-02 -7.2546e-01 -2.0001e-02 -9.7502e-02 -2.0202e-01 -2.3940e-01 -4.8034e-01 -7.2842e-02 -2.6105e-01 -4.9203e-02 -1.4201e-01 -8.8255e-01 6.5914e-02 -8.2542e-02 3.8305e-02 1.7842e-01 5.0680e-01 -9.0810e-01
9.8353e+00 -8.4229e+00 6.4147e+00 1.7283e-01 -1.9372e+00 -5.7377e+00 -4.1395e+00 1.2470e+01 -1.0745e+01 -2.1865e+00 -1.9664e+01 1.3932e+00 2.4928e+00 6.3322e+01 -7.6174e-01 1.0718e+01 -1.1401e+00 5.1076e-01 -3.0557e+00 -1.8620e+00 -1.6430e+00 -5.4585e-01 3.7419e+00 -3.1899e-01 -7.4065e-02 2.1071e+00 -3.1895e-01 -1.2344e+01 -4.8193e+00 -3.8148e+00 -3.2425e+00 3.2847e+00 -5.2897e+00 -5.4425e-01 -3.5814e-01 -2.0747e+00 2.9430e+00 2.2128e-01 -2.1755e-01 -1.2195e+00 5.0734e+00 -9.8061e-02 1.1228e+00 -2.4809e-01 -4.8195e-02 -2.7689e+00 -2.4738e-01 -3.5910e-01 1.7156e-01 -3.9325e-01 -2.2723e+00 1.6800e-01
-1.1626e-01 -6.3328e-01 -6.1184e-01 -1.6032e-01 -9.5118e-01 1.9674e-01 -2.7203e-01 -4.3068e-01 2.4623e-01 -7.2674e-01 2.5997e-01 -1.8918e-01 4.2547e-01 -7.6174e-01 1.2371e+01 -3.5728e-01 -1.4111e-01 3.9878e+00 5.6051e-01 -2.4001e-01 4.8707e-01 -5.2478e-02 -3.1913e-02 6.3089e-01 -5.5776e-01 -1.2240e-01 -6.1354e-01 1.7082e+00 -1.8313e+00 -9.8292e-01 3.5750e+00 4.3036e-01 -2.2676e+00 2.6674e-01 -2.2638e-01 3.5329e+00 1.1555e-01 -1.2109e-01 -9.1569e-02 -1.6566e-01 -1.6917e-01 -3.1415e-02 -5.1184e-02 -5.3970e-02 4.4121e-02 5.5528e-01 -2.2123e-02 -1.0547e-01 -6.3461e-02 -8.6237e-02 1.1581e-01 5.5211e-01
-7.1739e-01 -6.2740e+00 7.7339e+00 9.8578e-02 -1.0511e+00 -6.1289e+00 -8.8419e-01 -4.6299e-01 7.0485e-01 -1.1529e+00 -1.1415e+01 1.7848e-01 -1.0139e+00 1.0718e+01 -3.5728e-01 2.5155e+01 2.9248e-01 -7.6718e-01 2.2503e-01 -8.0109e-02 8.7475e-01 -2.3274e-01 -6.9327e-01 -7.1376e-02 -3.2043e-01 1.1435e+00 1.7596e+00 -5.9966e+00 -3.8031e+00 -9.3755e-01 -1.3898e+00 -4.3590e-01 -3.2774e+00 -1.2015e-01 7.6905e-01 -1.5097e+00 -1.4288e+00 4.0633e-03 6.6106e-02 -1.5523e-02 8.1937e-03 9.5561e-02 -2.3233e-01 1.4357e-01 -1.0627e-01 9.2928e-01 -1.5319e-02 1.4417e+00 -9.1488e-02 -3.0228e-01 -4.5977e-01 7.1464e-01
-7.2543e+00 4.9518e+00 -4.0471e-01 -4.5228e-01 -4.0902e-01 -1.4079e+00 -1.9478e+00 -4.8199e+00 1.4233e+00 3.3510e-03 -4.0735e+00 -1.3846e-01 -1.5877e-01 -1.1401e+00 -1.4111e-01 2.9248e-01 1.9032e+01 -5.8768e-01 -6.4480e-01 -9.0836e-02 -6.0618e-01 -1.0910e-01 -3.0664e-01 -1.0959e-01 -5.8371e-02 1.3620e-01 2.1063e-01 2.6815e+00 -1.2993e-01 -6.7633e-01 -9.3803e-02 -4.1866e-01 -5.1794e-01 3.8579e-02 1.2107e+00 -8.0167e-02 1.3101e+00 -4.1153e-02 -5.4283e-02 -4.8210e-01 -5.4934e-01 1.2735e-02 4.0426e-02 -2.3725e-01 -7.8176e-02 -7.7392e-01 -1.5069e-02 -2.0579e-01 -1.1546e-01 -1.1716e-01 8.9747e-02 -4.8025e-01
-1.8148e+00 -1.0935e+00 -6.0471e-01 3.2453e-03 -5.7260e-01 -8.1276e-02 -1.9724e-01 -2.3155e+00 1.4631e+00 -1.7872e+00 -1.2931e+00 -6.0111e-01 -4.9557e-01 5.1076e-01 3.9878e+00 -7.6718e-01 -5.8768e-01 2.3895e+01 -9.8854e-01 -6.0244e-01 1.6699e+00 -1.4308e-01 1.7971e+00 4.9518e-01 2.5169e-01 -2.9900e-01 -1.1906e+00 -1.5347e+00 -9.7501e-01 -2.4993e+00 2.8114e+00 -4.3548e-01 -8.2795e-01 5.0311e-02 -9.4778e-03 3.2955e+00 1.6772e+00 -4.3700e-01 1.4145e-02 -9.2362e-01 -4.2003e-01 -9.4735e-02 5.7613e-02 2.4593e-01 -1.4722e-01 -1.5071e+00 -4.5609e-02 -2.5761e-01 -8.9706e-02 -2.0643e-01 1.0826e-01 2.9949e-02
3.0715e+00 -9.5929e+00 3.7187e+00 -1.4259e-01 -1.7067e+00 -3.6934e+00 5.0197e-01 4.5326e+00 1.1332e+00 -1.6592e+00 6.0070e+00 1.2927e+00 7.9186e+00 -3.0557e+00 5.6051e-01 2.2503e-01 -6.4480e-01 -9.8854e-01 3.3319e+01 -2.3146e-01 -1.5220e+00 -9.2011e-02 1.5388e+00 -1.5822e-01 -5.6758e-01 3.0292e+00 -6.1070e-01 8.9109e-02 -1.7322e+00 3.8634e+00 -4.0200e-01 7.1688e+00 -1.9811e+00 -1.1966e-01 -6.3518e-02 -6.8073e-01 -4.4734e+00 -3.8507e-01 4.9189e-01 -5.9100e-01 -4.7524e-01 1.9246e-01 -1.1522e-01 -3.3796e-01 4.3960e-02 4.2381e+00 -5.0557e-02 -1.9656e-01 -1.0224e-01 -1.8512e-01 6.4861e-02 -1.4241e-01
-2.5978e+00 5.6483e+00 4.9033e-01 -6.0203e-01 -1.0913e+00 -4.5877e-01 -5.5468e-01 -2.5108e+00 2.7103e-01 -2.2244e+00 -7.5734e+00 1.0118e+00 -2.6852e-01 -1.8620e+00 -2.4001e-01 -8.0109e-02 -9.0836e-02 -6.0244e-01 -2.3146e-01 2.7522e+01 -6.5168e-01 -1.3502e-01 -1.5032e+00 5.3224e-02 -3.4298e-01 -6.4129e-02 4.0891e+00 1.5762e+00 -1.1514e+00 -1.2011e+00 -1.0386e+00 1.5353e+00 -5.4053e-01 -6.7834e-02 -5.9991e-02 1.1658e-03 -8.8622e-01 -6.9689e-01 -1.0350e-01 -9.5911e-01 -3.3239e-01 -3.5336e-02 -7.2182e-02 1.1884e+00 8.8696e-02 -2.6616e-01 2.9539e-01 1.8271e-01 -1.4109e-01 -2.9190e-01 -1.0409e+00 -2.6937e-01
2.0410e+00 -1.6322e+00 -1.9817e+00 -1.1342e-01 4.5381e-02 -3.5267e+00 4.2355e+00 1.8854e+00 5.8332e-01 -1.8511e+00 5.4829e+00 7.2141e-01 -6.3705e-01 -1.6430e+00 4.8707e-01 8.7475e-01 -6.0618e-01 1.6699e+00 -1.5220e+00 -6.5168e-01 2.6107e+01 -2.2356e-01 -8.3134e-01 -1.0317e-01 3.3931e-01 -3.0539e-01 -7.9741e-01 5.6365e+00 -3.7969e+00 -1.0854e+00 -1.2788e+00 -5.4134e-01 -3.9885e+00 -1.2653e-01 9.0716e-01 -9.0295e-01 5.2853e-01 -9.3005e-02 -4.9116e-02 -8.2872e-01 -2.9525e-01 1.1996e-01 1.0762e-01 -1.2670e-01 1.9801e-02 -3.9785e-01 -4.6465e-02 2.4810e-02 2.5469e-02 -2.6123e-01 -1.0088e+00 -1.2316e-01
-1.2361e-01 -3.0634e+00 9.6344e-01 5.4262e-01 -1.1762e+00 -7.6621e-01 -2.7350e-01 -2.7227e-01 9.6267e-02 1.6361e+00 -1.0883e+00 -1.2499e-01 -6.3154e-02 -5.4585e-01 -5.2478e-02 -2.3274e-01 -1.0910e-01 -1.4308e-01 -9.2011e-02 -1.3502e-01 -2.2356e-01 1.0693e+01 1.6641e-01 -2.6879e-02 -1.6816e-01 -7.7634e-02 2.0659e+00 -3.9005e-01 -6.4979e-01 1.6927e+00 -3.8565e-01 -1.5721e-01 -1.8644e-01 -3.8373e-02 -9.5479e-02 -1.9769e-01 -5.4102e-01 -4.2628e-02 -4.3525e-02 -3.4656e-01 -2.8827e-01 -4.7370e-02 -6.0615e-02 -3.5233e-02 -1.0526e-01 -4.5328e-01 -4.2273e-02 -1.0254e-01 -3.2155e-02 -4.5636e-02 -7.0732e-01 4.9797e-01
-1.0587e+00 1.1508e+00 1.4051e+01 -8.6182e-01 1.4813e+00 1.4574e+00 1.4440e+00 -1.6281e-01 -2.7570e+00 -8.9739e+00 -1.0206e+00 6.6700e-01 2.4495e-01 3.7419e+00 -3.1913e-02 -6.9327e-01 -3.0664e-01 1.7971e+00 1.5388e+00 -1.5032e+00 -8.3134e-01 1.6641e-01 3.5935e+01 -1.3122e-01 2.8714e+00 -1.7198e-01 -4.8812e+00 -1.3258e+01 3.5768e+00 4.5145e+00 -1.4489e+00 -3.3402e-01 6.1817e+00 -2.7541e-02 -8.8463e-01 -2.2692e+00 -1.7825e+00 5.3376e+00 -5.5417e-02 -1.8532e+00 -9.2688e-01 3.2113e-01 -5.0436e-02 -3.3918e-01 4.4088e-02 1.5470e+00 -7.3965e-02 -1.1662e+00 -1.6374e-01 -4.8652e-01 -2.8130e-01 -8.7197e-01
-6.1302e-01 9.6245e-02 -3.7327e-02 -4.0774e-02 2.1900e-01 -1.9455e-01 5.6393e-01 -3.8226e-01 -4.0732e-01 -2.0129e-01 3.6438e-02 -6.2261e-02 -6.6552e-02 -3.1899e-01 6.3089e-01 -7.1376e-02 -1.0959e-01 4.9518e-01 -1.5822e-01 5.3224e-02 -1.0317e-01 -2.6879e-02 -1.3122e-01 5.2937e+00 -9.1256e-02 -2.2538e-02 -8.1730e-02 1.6949e-01 -1.1979e-01 -3.8212e-01 3.7759e-01 -1.4075e-01 -9.9309e-02 -2.5520e-02 -5.7452e-02 5.4217e-01 -3.0937e-01 9.4350e-02 -1.6413e-02 -8.8199e-02 -1.8525e-01 -2.0608e-02 -1.0739e-02 -1.6355e-02 -2.0410e-02 -5.4902e-01 -2.1888e-02 3.2416e-01 -3.5298e-02 1.1846e-02 2.1898e-02 -4.4591e-02
3.0879e-01 1.5333e+00 -8.8892e-02 -6.8388e-02 4.9235e+00 8.0451e-01 -1.0465e+00 1.6705e-01 -1.8982e-01 -2.4925e+00 -7.6436e-02 -5.7229e-01 -4.1257e-01 -7.4065e-02 -5.5776e-01 -3.2043e-01 -5.8371e-02 2.5169e-01 -5.6758e-01 -3.4298e-01 3.3931e-01 -1.6816e-01 2.8714e+00 -9.1256e-02 1.7492e+01 -9.3486e-02 1.5238e+00 -9.5757e+00 7.6710e+00 -4.3567e+00 -1.9031e+00 -3.3155e-01 7.7728e+00 6.0567e-01 -2.7763e-01 -1.5696e+00 7.9094e-01 1.2528e-01 2.2837e-01 2.0839e+00 -1.1075e-01 -5.8386e-02 -4.8875e-02 6.3425e-03 -6.1097e-02 1.3119e-01 -2.9786e-02 -3.7375e-02 -1.5480e-01 -1.0725e-01 5.5500e-01 -7.5288e-02
-2.1563e+00 -2.1205e-01 -3.0025e-01 -1.5191e-01 -1.2690e-01 -2.0914e-01 2.7736e+00 6.1930e-01 -1.8365e+00 6.6756e-02 -9.2976e-01 -2.0929e-01 2.4165e+00 2.1071e+00 -1.2240e-01 1.1435e+00 1.3620e-01 -2.9900e-01 3.0292e+00 -6.4129e-02 -3.0539e-01 -7.7634e-02 -1.7198e-01 -2.2538e-02 -9.3486e-02 1.2202e+01 -7.7002e-02 -2.3285e+00 -4.8292e-01 -4.0182e-01 -3.0589e-01 -1.0382e-01 -6.1345e-01 -4.8962e-02 1.2108e-01 -1.3730e-01 -3.4362e+00 -4.6262e-02 -7.7746e-02 -1.7825e-01 -3.5257e-01 -4.7085e-02 1.6689e-01 -1.4006e-01 1.7121e-02 3.3203e+00 -4.8248e-02 -2.7314e-02 -2.8645e-02 1.0716e-02 -7.2548e-02 -1.3675e-01
-2.1274e+00 -2.3669e+00 1.0479e+00 -3.5370e-03 4.5875e-01 8.9208e-01 -1.8069e+00 2.9822e-02 -7.2452e-02 -2.0594e+00 -1.7283e-01 -8.0917e-01 -4.5744e-01 -3.1895e-01 -6.1354e-01 1.7596e+00 2.1063e-01 -1.1906e+00 -6.1070e-01 4.0891e+00 -7.9741e-01 2.0659e+00 -4.8812e+00 -8.1730e-02 1.5238e+00 -7.7002e-02 3.4444e+01 2.3792e+00 -1.0544e+01 8.4901e+00 4.0414e+00 -2.9362e-01 -9.1048e+00 -2.3589e-01 -2.7341e-01 4.7539e+00 9.5956e-01 -1.2883e+00 -1.4324e-01 2.0371e+00 -1.4062e+00 2.5008e-01 -9.3899e-02 -1.6846e-01 -3.5182e-02 -1.2388e-01 -5.1141e-02 2.8416e+00 -1.9497e-01 -2.7940e-01 9.7860e-01 -4.3752e-03
-1.0067e+01 5.8924e+00 -1.8089e+01 6.4003e-01 -2.5275e+01 5.2385e+00 -6.2071e+00 -6.6782e+00 7.7089e+00 2.1978e+01 2.4884e+01 2.0387e+00 -4.5341e-01 -1.2344e+01 1.7082e+00 -5.9966e+00 2.6815e+00 -1.5347e+00 8.9109e-02 1.5762e+00 5.6365e+00 -3.9005e-01 -1.3258e+01 1.6949e-01 -9.5757e+00 -2.3285e+00 2.3792e+00 1.6165e+02 -4.3913e+01 1.8450e+01 1.2716e+01 9.1917e+00 -4.4201e+01 1.0808e-01 1.5219e+00 5.3266e+00 2.7176e+01 -2.6816e+00 6.1746e-01 4.0055e-01 8.7746e+00 -6.8429e-01 7.8980e-01 6.1149e-01 -1.2389e+00 -2.2832e+01 4.4433e-01 5.1076e+00 4.0765e-01 2.3247e-01 -1.1136e+00 6.2261e-01
1.3424e+00 8.8430e+00 -2.7848e+00 -1.0855e-01 2.1973e+01 3.8331e+00 -4.7133e+00 -4.0309e-01 2.3217e-01 1.4763e+00 1.6807e+00 -8.2376e-01 -2.6822e+00 -4.8193e+00 -1.8313e+00 -3.8031e+00 -1.2993e-01 -9.7501e-01 -1.7322e+00 -1.1514e+00 -3.7969e+00 -6.4979e-01 3.5768e+00 -1.1979e-01 7.6710e+00 -4.8292e-01 -1.0544e+01 -4.3913e+01 6.8014e+01 -2.6825e+01 -1.2034e+01 -1.7138e+00 5.8872e+01 -3.3658e-01 -6.1782e-01 -6.9823e+00 2.3279e+00 1.1499e+00 3.8577e-01 6.1513e+00 2.7738e+00 1.7318e-01 -2.9839e-01 1.3244e-01 1.3489e-01 -3.6604e-01 -4.8267e-02 -4.0491e+00 1.8728e-01 -2.3172e-01 2.1284e+00 -1.1198e-01
-4.6431e+00 -9.7312e+00 5.5138e+00 -6.0913e-01 -1.0642e+01 1.0145e+00 4.8543e+00 -1.2131e+00 -3.9307e+00 4.3478e+00 3.0773e+00 -6.7476e-01 3.6950e+00 -3.8148e+00 -9.8292e-01 -9.3755e-01 -6.7633e-01 -2.4993e+00 3.8634e+00 -1.2011e+00 -1.0854e+00 1.6927e+00 4.5145e+00 -3.8212e-01 -4.3567e+00 -4.0182e-01 8.4901e+00 1.8450e+01 -2.6825e+01 7.5743e+01 -2.8491e+00 4.0521e+00 -2.3261e+01 6.0140e-01 4.0061e+00 -7.6226e+00 -3.4283e+00 6.5315e+00 -2.6746e-01 -4.6173e+00 -2.6224e+00 -4.3216e-01 -3.8929e-01 -1.3218e-01 -9.0230e-02 -5.2507e-01 -1.2380e-01 4.4497e+00 -4.5977e-01 -5.7601e-01 -3.9901e+00 -6.6006e-01
1.5049e+00 1.4179e+00 -4.1327e-01 -7.3427e-01 -4.0344e+00 -2.2225e+00 2.6313e+00 6.8909e-01 -2.8556e-01 -8.3985e-01 3.2759e+00 -1.3581e+00 -8.8179e-01 -3.2425e+00 3.5750e+00 -1.3898e+00 -9.3803e-02 2.8114e+00 -4.0200e-01 -1.0386e+00 -1.2788e+00 -3.8565e-01 -1.4489e+00 3.7759e-01 -1.9031e+00 -3.0589e-01 4.0414e+00 1.2716e+01 -1.2034e+01 -2.8491e+00 4.4549e+01 -1.2849e+00 -1.1033e+01 -3.8250e-01 -6.9372e-01 1.9423e+01 8.1992e-01 3.2614e-01 1.2226e+00 -1.6005e+00 -5.5975e-01 7.2394e-02 -1.3918e-01 -1.4482e-01 4.1230e-01 -1.3376e-01 8.0834e-02 -3.8136e-01 1.4682e-01 9.1974e-01 3.3415e-01 -7.3280e-01
5.9267e+00 -4.6104e+00 1.6781e+00 -6.0097e-01 -1.1868e+00 -1.7330e+00 -1.3839e+00 6.9751e+00 -2.3832e+00 -6.1642e-01 3.4498e-01 1.8357e+00 6.4296e+00 3.2847e+00 4.3036e-01 -4.3590e-01 -4.1866e-01 -4.3548e-01 7.1688e+00 1.5353e+00 -5.4134e-01 -1.5721e-01 -3.3402e-01 -1.4075e-01 -3.3155e-01 -1.0382e-01 -2.9362e-01 9.1917e+00 -1.7138e+00 4.0521e+00 -1.2849e+00 2.5059e+01 -2.0017e+00 -1.5292e-01 -1.9947e-01 -6.2481e-01 3.2939e+00 1.0147e-02 -2.1835e-01 -1.1506e-01 8.1127e+00 -1.8185e-01 -1.3889e-01 3.2268e-02 -1.5206e-01 -5.9703e-01 -9.4865e-02 -1.9208e-01 2.5968e-02 -2.4054e-01 -1.6056e-01 -3.0128e-01
1.9954e+00 7.8706e+00 2.2289e+00 -6.6848e-01 2.1438e+01 3.1423e+00 -4.7597e+00 -9.2308e-01 -2.3655e-01 4.0332e+00 5.8638e-01 6.0857e-01 -2.6295e+00 -5.2897e+00 -2.2676e+00 -3.2774e+00 -5.1794e-01 -8.2795e-01 -1.9811e+00 -5.4053e-01 -3.9885e+00 -1.8644e-01 6.1817e+00 -9.9309e-02 7.7728e+00 -6.1345e-01 -9.1048e+00 -4.4201e+01 5.8872e+01 -2.3261e+01 -1.1033e+01 -2.0017e+00 8.1465e+01 -3.2734e-01 -3.7567e-01 -6.3351e+00 3.8441e+00 2.2544e+00 2.0572e-01 6.5267e+00 2.7379e+00 2.1966e-01 -4.5125e-01 8.9317e-01 3.4549e-02 -2.0761e+00 4.9941e-01 -4.0506e+00 2.2637e-01 1.6277e-02 2.6827e+00 -6.9172e-01
-6.8051e-01 -7.9735e-01 -2.0976e-01 3.1807e-02 -1.3145e-03 2.5499e-01 -4.2628e-01 -1.9689e-01 -1.3160e-01 -5.6887e-01 2.6160e-01 -1.8837e-01 -1.9493e-01 -5.4425e-01 2.6674e-01 -1.2015e-01 3.8579e-02 5.0311e-02 -1.1966e-01 -6.7834e-02 -1.2653e-01 -3.8373e-02 -2.7541e-02 -2.5520e-02 6.0567e-01 -4.8962e-02 -2.3589e-01 1.0808e-01 -3.3658e-01 6.0140e-01 -3.8250e-01 -1.5292e-01 -3.2734e-01 7.0671e+00 -4.6975e-02 -3.9441e-01 1.3856e-01 -1.3162e-02 -5.3892e-02 -1.4487e-01 -1.3591e-01 1.9143e-01 -3.1093e-02 1.4918e-03 -3.2290e-02 -1.3230e-01 -2.1108e-02 -2.9427e-02 6.2663e-02 1.0208e+00 1.1197e-01 3.1850e-02
1.0256e+00 2.3390e+00 8.5952e-01 -7.8490e-01 -1.2343e+00 -2.1242e-03 -5.1869e-01 1.3655e+00 -4.1591e-02 2.6054e+00 2.4678e-01 1.2752e+00 -5.1413e-02 -3.5814e-01 -2.2638e-01 7.6905e-01 1.2107e+00 -9.4778e-03 -6.3518e-02 -5.9991e-02 9.0716e-01 -9.5479e-02 -8.8463e-01 -5.7452e-02 -2.7763e-01 1.2108e-01 -2.7341e-01 1.5219e+00 -6.1782e-01 4.0061e+00 -6.9372e-01 -1.9947e-01 -3.7567e-01 -4.6975e-02 1.3693e+01 -5.9577e-01 2.6479e-01 -3.5624e-01 -2.2987e-02 -5.0497e-01 -4.0290e-01 -8.2521e-02 -5.1924e-02 -1.0235e-01 -1.0504e-01 -7.6879e-01 9.2549e-02 -2.0152e-01 -1.5083e-01 -1.4203e-01 -7.8251e-01 -8.2725e-01
7.8940e-01 2.8412e+00 1.3290e+00 2.1457e-01 -1.9972e+00 1.3264e+00 -7.1086e-01 -4.3024e-01 -2.5955e-02 -4.5035e+00 1.7679e+00 -1.1435e+00 -7.2546e-01 -2.0747e+00 3.5329e+00 -1.5097e+00 -8.0167e-02 3.2955e+00 -6.8073e-01 1.1658e-03 -9.0295e-01 -1.9769e-01 -2.2692e+00 5.4217e-01 -1.5696e+00 -1.3730e-01 4.7539e+00 5.3266e+00 -6.9823e+00 -7.6226e+00 1.9423e+01 -6.2481e-01 -6.3351e+00 -3.9441e-01 -5.9577e-01 3.3994e+01 6.1149e-01 -2.5631e-01 -1.5660e-01 -1.3145e+00 -6.8039e-01 -9.2247e-03 -1.6707e-01 -4.1925e-02 -9.0984e-02 -3.2988e-02 -1.0493e-01 4.2576e-01 1.7947e-01 5.1055e-01 5.9692e-01 2.4257e-01
9.1815e-01 6.1369e+00 -1.0147e+00 -4.5711e+00 -5.0860e-01 4.0201e+00 -1.9508e+01 -4.0438e+00 -4.0333e+00 1.5200e+00 9.1984e+00 -6.0654e-01 -2.0001e-02 2.9430e+00 1.1555e-01 -1.4288e+00 1.3101e+00 1.6772e+00 -4.4734e+00 -8.8622e-01 5.2853e-01 -5.4102e-01 -1.7825e+00 -3.0937e-01 7.9094e-01 -3.4362e+00 9.5956e-01 2.7176e+01 2.3279e+00 -3.4283e+00 8.1992e-01 3.2939e+00 3.8441e+00 1.3856e-01 2.6479e-01 6.1149e-01 8.0875e+01 -1.7100e-01 -9.6645e-02 1.9664e+00 1.4263e+01 1.3824e-01 -1.3977e-01 5.0943e-01 8.2010e-01 -5.3681e+01 5.0857e-02 1.4878e+00 -1.0227e+00 7.0160e-01 1.6064e+01 -4.6510e+00
1.2068e-01 6.2076e-02 4.0006e+00 1.4384e-01 3.6528e-01 -1.9591e-01 2.8080e-01 -1.0556e-01 -3.8391e-01 -1.8916e+00 -2.8340e-01 -3.7870e-01 -9.7502e-02 2.2128e-01 -1.2109e-01 4.0633e-03 -4.1153e-02 -4.3700e-01 -3.8507e-01 -6.9689e-01 -9.3005e-02 -4.2628e-02 5.3376e+00 9.4350e-02 1.2528e-01 -4.6262e-02 -1.2883e+00 -2.6816e+00 1.1499e+00 6.5315e+00 3.2614e-01 1.0147e-02 2.2544e+00 -1.3162e-02 -3.5624e-01 -2.5631e-01 -1.7100e-01 1.3211e+01 -1.5704e-02 -7.5764e-01 -2.8808e-01 -9.5097e-02 -2.0208e-02 -1.2605e-01 -4.9864e-02 2.0137e-01 -1.7435e-02 -3.5422e-01 1.1049e-01 -1.9781e-01 7.6467e-02 1.4238e-01
-4.9027e-01 -1.1071e-01 1.2176e-01 -5.2114e-02 -1.1996e-01 -1.9784e-01 -1.0614e-01 -4.6580e-01 -3.3057e-01 -1.4745e-03 1.2294e-01 2.7398e-02 -2.0202e-01 -2.1755e-01 -9.1569e-02 6.6106e-02 -5.4283e-02 1.4145e-02 4.9189e-01 -1.0350e-01 -4.9116e-02 -4.3525e-02 -5.5417e-02 -1.6413e-02 2.2837e-01 -7.7746e-02 -1.4324e-01 6.1746e-01 3.8577e-01 -2.6746e-01 1.2226e+00 -2.1835e-01 2.0572e-01 -5.3892e-02 -2.2987e-02 -1.5660e-01 -9.6645e-02 -1.5704e-02 8.0021e+00 5.9094e-01 3.0131e-01 -3.2949e-02 -2.2265e-03 -4.8016e-02 4.3466e-02 1.3397e-01 -3.0298e-02 -6.7078e-02 -6.7162e-03 -8.1060e-02 -2.5481e-01 -6.0182e-02
-4.6851e+00 -3.2997e-01 4.8026e-01 -7.2202e-01 4.3937e+00 1.5901e-02 -9.1168e-01 -5.3599e+00 1.7242e+00 -1.4513e-01 -2.1015e+00 -4.2949e-01 -2.3940e-01 -1.2195e+00 -1.6566e-01 -1.5523e-02 -4.8210e-01 -9.2362e-01 -5.9100e-01 -9.5911e-01 -8.2872e-01 -3.4656e-01 -1.8532e+00 -8.8199e-02 2.0839e+00 -1.7825e-01 2.0371e+00 4.0055e-01 6.1513e+00 -4.6173e+00 -1.6005e+00 -1.1506e-01 6.5267e+00 -1.4487e-01 -5.0497e-01 -1.3145e+00 1.9664e+00 -7.5764e-01 5.9094e-01 3.4246e+01 5.9441e+00 1.5481e+00 4.9952e-01 -2.4806e-01 -4.3097e-02 -1.3684e+00 -5.2895e-02 -2.2161e-01 -1.6523e-01 -2.8653e-01 2.5933e-01 -7.8172e-01
3.8969e+00 -7.7770e-01 -6.3251e-01 1.6050e-02 2.4364e+00 4.6899e+00 -4.5066e+00 4.4319e+00 -3.8395e+00 3.6071e+00 -1.3207e+00 1.5294e+00 -4.8034e-01 5.0734e+00 -1.6917e-01 8.1937e-03 -5.4934e-01 -4.2003e-01 -4.7524e-01 -3.3239e-01 -2.9525e-01 -2.8827e-01 -9.2688e-01 -1.8525e-01 -1.1075e-01 -3.5257e-01 -1.4062e+00 8.7746e+00 2.7738e+00 -2.6224e+00 -5.5975e-01 8.1127e+00 2.7379e+00 -1.3591e-01 -4.0290e-01 -6.8039e-01 1.4263e+01 -2.8808e-01 3.0131e-01 5.9441e+00 3.6277e+01 3.4003e-02 -7.6883e-02 1.6649e-01 1.2694e+00 -6.9651e+00 -1.7295e-01 -3.2923e-01 -2.1914e-01 -5.1093e-01 3.3017e+00 -2.0771e-02
-3.6564e-01 -2.9057e-01 3.2908e-01 -2.3269e-01 2.3803e-01 -9.5864e-02 -1.6423e-01 -3.7259e-01 -2.9494e-01 -3.1235e-01 -2.9720e-01 -1.0316e-01 -7.2842e-02 -9.8061e-02 -3.1415e-02 9.5561e-02 1.2735e-02 -9.4735e-02 1.9246e-01 -3.5336e-02 1.1996e-01 -4.7370e-02 3.2113e-01 -2.0608e-02 -5.8386e-02 -4.7085e-02 2.5008e-01 -6.8429e-01 1.7318e-01 -4.3216e-01 7.2394e-02 -1.8185e-01 2.1966e-01 1.9143e-01 -8.2521e-02 -9.2247e-03 1.3824e-01 -9.5097e-02 -3.2949e-02 1.5481e+00 3.4003e-02 6.0844e+00 -1.9775e-02 -2.8759e-02 -2.4938e-02 -4.8201e-01 -2.2998e-02 4.3696e-01 -4.1421e-02 1.5575e-01 -3.3280e-01 -2.4825e-01
-5.0102e-01 1.3222e-01 -2.2237e-01 -6.3258e-02 -1.0393e-01 -9.1050e-02 6.0783e-02 -3.1423e-01 2.2612e-03 7.1648e-02 5.0162e-01 -5.8134e-02 -2.6105e-01 1.1228e+00 -5.1184e-02 -2.3233e-01 4.0426e-02 5.7613e-02 -1.1522e-01 -7.2182e-02 1.0762e-01 -6.0615e-02 -5.0436e-02 -1.0739e-02 -4.8875e-02 1.6689e-01 -9.3899e-02 7.8980e-01 -2.9839e-01 -3.8929e-01 -1.3918e-01 -1.3889e-01 -4.5125e-01 -3.1093e-02 -5.1924e-02 -1.6707e-01 -1.3977e-01 -2.0208e-02 -2.2265e-03 4.9952e-01 -7.6883e-02 -1.9775e-02 5.5114e+00 -1.1786e-02 -9.5230e-03 1.3190e-01 -1.5418e-02 -1.9650e-02 -2.5766e-02 -3.9605e-02 3.0729e-02 -7.2276e-02
-6.9384e-01 1.7149e+00 -5.6544e-01 -2.8086e-01 1.7339e-02 1.2537e-01 7.3406e-01 -1.1403e+00 -5.7034e-01 2.0476e-01 -6.6466e-01 -1.4306e-01 -4.9203e-02 -2.4809e-01 -5.3970e-02 1.4357e-01 -2.3725e-01 2.4593e-01 -3.3796e-01 1.1884e+00 -1.2670e-01 -3.5233e-02 -3.3918e-01 -1.6355e-02 6.3425e-03 -1.4006e-01 -1.6846e-01 6.1149e-01 1.3244e-01 -1.3218e-01 -1.4482e-01 3.2268e-02 8.9317e-01 1.4918e-03 -1.0235e-01 -4.1925e-02 5.0943e-01 -1.2605e-01 -4.8016e-02 -2.4806e-01 1.6649e-01 -2.8759e-02 -1.1786e-02 8.5472e+00 5.1154e-01 -9.0713e-01 -8.9840e-03 -1.4814e-02 -5.0854e-02 -5.5921e-02 2.7080e-01 -2.8171e-01
1.5338e-01 7.7698e-02 2.7501e-02 -3.2604e-01 4.2678e-01 1.3004e-02 -2.9140e-02 1.0879e+00 -2.8825e-02 -2.5535e-01 -5.1895e-01 9.8600e-02 -1.4201e-01 -4.8195e-02 4.4121e-02 -1.0627e-01 -7.8176e-02 -1.4722e-01 4.3960e-02 8.8696e-02 1.9801e-02 -1.0526e-01 4.4088e-02 -2.0410e-02 -6.1097e-02 1.7121e-02 -3.5182e-02 -1.2389e+00 1.3489e-01 -9.0230e-02 4.1230e-01 -1.5206e-01 3.4549e-02 -3.2290e-02 -1.0504e-01 -9.0984e-02 8.2010e-01 -4.9864e-02 4.3466e-02 -4.3097e-02 1.2694e+00 -2.4938e-02 -9.5230e-03 5.1154e-01 8.2768e+00 -7.8075e-01 -2.7850e-02 -6.6344e-02 -4.1166e-02 -9.9540e-02 -8.6198e-02 -3.3648e-01
7.6801e-01 -6.7992e+00 8.3415e-01 3.5009e+00 1.8907e+00 -2.9552e+00 1.0078e+01 6.2952e+00 6.3007e+00 2.0013e-01 -7.7111e+00 1.2194e+00 -8.8255e-01 -2.7689e+00 5.5528e-01 9.2928e-01 -7.7392e-01 -1.5071e+00 4.2381e+00 -2.6616e-01 -3.9785e-01 -4.5328e-01 1.5470e+00 -5.4902e-01 1.3119e-01 3.3203e+00 -1.2388e-01 -2.2832e+01 -3.6604e-01 -5.2507e-01 -1.3376e-01 -5.9703e-01 -2.0761e+00 -1.3230e-01 -7.6879e-01 -3.2988e-02 -5.3681e+01 2.0137e-01 1.3397e-01 -1.3684e+00 -6.9651e+00 -4.8201e-01 1.3190e-01 -9.0713e-01 -7.8075e-01 8.1665e+01 -3.2997e-01 -1.4038e+00 1.0645e+00 -1.2613e+00 1.2617e+01 3.4264e+00
-1.7225e-01 -2.4508e-01 -8.9524e-02 -2.8612e-02 -8.7804e-02 -1.7149e-01 -1.0578e-01 -9.2325e-02 -2.7464e-01 -3.7555e-02 1.8862e-01 1.1561e-01 6.5914e-02 -2.4738e-01 -2.2123e-02 -1.5319e-02 -1.5069e-02 -4.5609e-02 -5.0557e-02 2.9539e-01 -4.6465e-02 -4.2273e-02 -7.3965e-02 -2.1888e-02 -2.9786e-02 -4.8248e-02 -5.1141e-02 4.4433e-01 -4.8267e-02 -1.2380e-01 8.0834e-02 -9.4865e-02 4.9941e-01 -2.1108e-02 9.2549e-02 -1.0493e-01 5.0857e-02 -1.7435e-02 -3.0298e-02 -5.2895e-02 -1.7295e-01 -2.2998e-02 -1.5418e-02 -8.9840e-03 -2.7850e-02 -3.2997e-01 5.3780e+00 -4.0054e-02 -2.7017e-02 2.3613e-01 -2.8468e-01 -3.3782e-02
-4.0560e-02 7.2906e-01 1.6268e+00 5.1372e-02 1.0991e+00 2.8477e-01 -1.0568e+00 -6.8344e-01 -3.1579e-01 -1.4876e+00 -3.0961e-01 -2.5396e-01 -8.2542e-02 -3.5910e-01 -1.0547e-01 1.4417e+00 -2.0579e-01 -2.5761e-01 -1.9656e-01 1.8271e-01 2.4810e-02 -1.0254e-01 -1.1662e+00 3.2416e-01 -3.7375e-02 -2.7314e-02 2.8416e+00 5.1076e+00 -4.0491e+00 4.4497e+00 -3.8136e-01 -1.9208e-01 -4.0506e+00 -2.9427e-02 -2.0152e-01 4.2576e-01 1.4878e+00 -3.5422e-01 -6.7078e-02 -2.2161e-01 -3.2923e-01 4.3696e-01 -1.9650e-02 -1.4814e-02 -6.6344e-02 -1.4038e+00 -4.0054e-02 1.3657e+01 -1.3760e-01 2.6272e-01 -7.5428e-02 4.8576e-02
1.7580e-02 3.2257e-01 -4.8548e-01 -1.2627e-01 9.5323e-02 5.6217e-02 -9.8554e-02 -2.5150e-01 -3.0599e-01 1.3159e-01 -1.3166e-01 -1.0566e-01 3.8305e-02 1.7156e-01 -6.3461e-02 -9.1488e-02 -1.1546e-01 -8.9706e-02 -1.0224e-01 -1.4109e-01 2.5469e-02 -3.2155e-02 -1.6374e-01 -3.5298e-02 -1.5480e-01 -2.8645e-02 -1.9497e-01 4.0765e-01 1.8728e-01 -4.5977e-01 1.4682e-01 2.5968e-02 2.2637e-01 6.2663e-02 -1.5083e-01 1.7947e-01 -1.0227e+00 1.1049e-01 -6.7162e-03 -1.6523e-01 -2.1914e-01 -4.1421e-02 -2.5766e-02 -5.0854e-02 -4.1166e-02 1.0645e+00 -2.7017e-02 -1.3760e-01 7.6085e+00 -4.7296e-02 -8.4558e-02 -1.3128e-01
-2.6469e-01 1.0550e+00 4.6465e-01 2.4248e-02 -2.6677e-01 6.8113e-01 -4.8970e-01 -3.7836e-01 -3.0627e-01 -4.6202e-01 1.7327e+00 -1.4990e-01 1.7842e-01 -3.9325e-01 -8.6237e-02 -3.0228e-01 -1.1716e-01 -2.0643e-01 -1.8512e-01 -2.9190e-01 -2.6123e-01 -4.5636e-02 -4.8652e-01 1.1846e-02 -1.0725e-01 1.0716e-02 -2.7940e-01 2.3247e-01 -2.3172e-01 -5.7601e-01 9.1974e-01 -2.4054e-01 1.6277e-02 1.0208e+00 -1.4203e-01 5.1055e-01 7.0160e-01 -1.9781e-01 -8.1060e-02 -2.8653e-01 -5.1093e-01 1.5575e-01 -3.9605e-02 -5.5921e-02 -9.9540e-02 -1.2613e+00 2.3613e-01 2.6272e-01 -4.7296e-02 1.1210e+01 -6.3422e-01 2.1423e-02
-1.3647e+00 -1.5073e+00 -4.7611e-01 -1.2244e+00 7.9926e-01 -6.2312e-01 2.7086e+00 -2.3160e+00 -1.4338e-01 1.8900e+00 -9.7061e-01 -1.3541e+00 5.0680e-01 -2.2723e+00 1.1581e-01 -4.5977e-01 8.9747e-02 1.0826e-01 6.4861e-02 -1.0409e+00 -1.0088e+00 -7.0732e-01 -2.8130e-01 2.1898e-02 5.5500e-01 -7.2548e-02 9.7860e-01 -1.1136e+00 2.1284e+00 -3.9901e+00 3.3415e-01 -1.6056e-01 2.6827e+00 1.1197e-01 -7.8251e-01 5.9692e-01 1.6064e+01 7.6467e-02 -2.5481e-01 2.5933e-01 3.3017e+00 -3.3280e-01 3.0729e-02 2.7080e-01 -8.6198e-02 1.2617e+01 -2.8468e-01 -7.5428e-02 -8.4558e-02 -6.3422e-01 2.9080e+01 -1.3778e+00
-9.0572e+00 -7.7671e+00 -1.3740e+00 1.7826e+01 -3.6841e-01 -1.8757e-01 3.6853e-01 -8.5672e+00 -7.9215e-02 5.0081e-01 8.0136e-01 -2.8139e-01 -9.0810e-01 1.6800e-01 5.5211e-01 7.1464e-01 -4.8025e-01 2.9949e-02 -1.4241e-01 -2.6937e-01 -1.2316e-01 4.9797e-01 -8.7197e-01 -4.4591e-02 -7.5288e-02 -1.3675e-01 -4.3752e-03 6.2261e-01 -1.1198e-01 -6.6006e-01 -7.3280e-01 -3.0128e-01 -6.9172e-01 3.1850e-02 -8.2725e-01 2.4257e-01 -4.6510e+00 1.4238e-01 -6.0182e-02 -7.8172e-01 -2.0771e-02 -2.4825e-01 -7.2276e-02 -2.8171e-01 -3.3648e-01 3.4264e+00 -3.3782e-02 4.8576e-02 -1.3128e-01 2.1423e-02 -1.3778e+00 1.8819e+01
