5.0056e+01 5.3973e+00 -9.0720e-01 6.6522e-01 1.0741e+00 -1.0052e+00 3.4051e+00 -2.6395e+00 1.6312e+01 -1.5399e-01 3.8572e-01 3.0153e+00 -4.7968e-02 -2.1043e+00 1.6392e+01 -1.9250e+00 -1.0557e-01 4.4303e-01 1.9765e+01 -2.4114e+00 -6.1982e-01 -1.1076e+00 -5.7048e-01 -5.0975e+00 -1.0537e+00 -3.8629e-01 -1.5445e+00 -1.5414e-01 -2.5481e+00 -1.1203e+00 -6.2420e-01 -7.6676e-01 7.0714e-01 -9.4963e-01 -9.3172e+00 -6.1327e-01 -1.0982e+00 -2.5433e-01 2.5604e+00 -4.4246e-01 -1.1285e+00 -2.5623e-01 2.5044e-01 3.0913e-01 5.2808e-01 -1.4406e+00 -3.6336e-01 3.8789e-01 3.4077e-01 -1.1971e+00 -1.5926e-01 4.2706e-02
5.3973e+00 4.7706e+01 1.5888e+01 -1.5228e-01 1.6045e-01 7.5940e-01 -2.9311e+00 2.5686e+01 -2.2204e+01 2.4947e-02 -7.8593e-01 9.0095e-02 -1.4590e+00 -5.1845e-01 1.6059e+00 4.5934e+00 -2.7044e-01 1.7680e-01 9.6403e-01 -9.1292e+00 -8.0978e-01 -3.8491e-01 -6.1383e-02 2.9828e+00 -2.0798e+00 -6.4488e-01 -4.0723e+00 1.0431e+01 -1.0758e+01 -1.6565e+00 2.6746e-01 1.6751e-01 3.4910e+00 -1.5940e+00 -7.7821e+00 9.3820e-01 7.0513e-01 -3.3947e-03 -9.3028e+00 -4.4468e-02 3.3957e-01 -1.7202e+00 -1.3442e+00 2.0573e-01 1.8726e-01 -2.7601e+00 2.8761e-01 -1.7334e+00 3.2438e-02 2.0179e-01 -4.8998e-02 -2.3646e-01
-9.0720e-01 1.5888e+01 1.1216e+02 -9.2641e-01 -3.2429e+01 2.5859e+01 -4.9737e+01 1.2268e+01 -3.2853e+01 2.1749e-01 -2.1658e+00 2.2364e-01 -1.4298e+00 4.3757e+01 -9.3928e+00 4.0911e-02 -7.8751e-01 3.6897e+00 -2.0752e+00 1.5394e+00 -2.3872e+00 -6.5146e-01 3.1800e+00 2.4517e+00 -4.5530e-02 7.1637e+00 6.1230e+00 1.0899e+01 -6.9409e-01 -4.6084e-01 -4.5968e-01 -2.9917e-01 -2.4032e+00 -9.6178e+00 1.3512e+00 4.7911e-01 7.2730e+00 6.1746e+00 1.2603e+00 2.0697e+00 7.6225e-01 -1.0506e+00 -8.7067e-01 -6.7923e-01 4.5594e-01 -7.5688e-01 1.2207e-02 -3.5051e+00 3.2936e-01 4.2591e-02 1.3675e-01 -2.6120e-01
6.6522e-01 -1.5228e-01 -9.2641e-01 3.1573e+01 -3.7288e-02 -1.7295e+00 7.9802e-01 6.0667e-01 6.4298e-01 -5.6860e-01 5.9713e-02 4.2616e+00 6.2378e-01 -9.4649e-01 6.6372e-01 1.9228e-01 -8.3288e-02 -5.6490e-01 1.1819e+00 -2.6440e+00 -6.2096e-01 -3.6134e-02 -1.8988e-01 -2.3759e+00 2.9808e-01 -9.3168e-02 5.9376e-01 -3.0019e-01 -1.3518e-01 -2.1423e+00 -9.6858e-02 -2.4091e+00 -7.0642e-01 5.1071e-01 2.4087e+00 -1.3598e-02 2.9582e+00 1.5049e-01 2.5700e+00 -9.1186e-01 9.9596e-01 -1.2077e-01 1.3037e-02 -6.2144e-01 -6.5858e-01 -2.5903e-01 -1.1111e-01 4.7391e-02 -9.2060e-03 -3.1145e-01 -6.5698e-01 -5.0036e-01
1.0741e+00 1.6045e-01 -3.2429e+01 -3.7288e-02 7.1605e+01 -2.6855e+01 5.0965e+01 -6.4008e+00 6.2684e+00 7.8770e-02 1.1775e+01 -6.7381e-01 -1.0676e+00 -2.7713e+01 2.1892e+00 4.4517e+00 -1.4073e-01 -4.3266e+00 -3.1704e+00 4.2627e-01 9.9315e-01 -9.4082e-03 -4.0959e+00 -8.9104e-02 -1.1831e-01 -8.5454e+00 -1.5398e+00 -1.8197e+00 -9.4152e-03 1.7522e-01 -1.8235e+00 -1.7687e-01 5.1066e+00 -7.0755e+00 -4.0672e-01 2.4324e-01 -9.7459e-01 -4.0892e+00 -2.3760e+01 1.3073e+00 -3.3531e-01 1.2171e-01 -1.0799e+00 -2.1825e-01 1.9807e-01 1.5835e-01 -1.8467e-01 -1.5699e-01 -3.8714e-01 2.1340e-01 6.5150e-04 -3.3064e-02
-1.0052e+00 7.5940e-01 2.5859e+01 -1.7295e+00 -2.6855e+01 7.3565e+01 -3.8121e+01 1.3467e+00 -8.4091e+00 -6.7995e-01 2.8370e+00 2.8078e-01 -3.9824e-01 1.7827e+01 -9.0242e+00 -2.8866e+00 -2.1667e-01 5.8773e+00 -6.6281e-01 -2.2086e+00 -1.3986e+00 4.2208e-02 4.5657e-01 4.7679e-01 1.6903e+00 4.6519e+00 -1.1379e+00 1.2165e+01 -4.5249e-01 4.7035e-02 -7.0526e-02 -2.3913e-01 -7.6223e+00 -1.1821e-02 -3.7844e-01 -6.9613e-01 -9.1875e+00 4.8203e+00 2.0986e+01 -7.3873e+00 1.1304e+00 3.7614e-01 2.7224e-01 -4.6429e-01 1.3227e-01 -2.9582e+00 -4.3199e-02 -2.4716e-01 2.3287e-01 -5.4428e-01 -8.4106e-01 1.5778e+00
3.4051e+00 -2.9311e+00 -4.9737e+01 7.9802e-01 5.0965e+01 -3.8121e+01 1.0720e+02 -1.0475e+01 1.6261e+01 9.4093e-01 2.5904e+01 -2.4317e-01 -3.2676e-01 -4.0436e+01 5.7857e+00 -4.8772e+00 -3.2184e-01 -3.4332e+00 3.9240e+00 -3.7107e-01 1.3814e+00 -3.1226e-01 -3.8907e+00 7.8327e-01 -5.1221e-01 -8.2375e+00 -2.4968e+00 1.5713e+01 3.5529e-01 -2.6491e-01 -4.8725e+00 -1.3364e+00 -8.1377e-01 -6.5224e+00 -2.5369e-01 -1.8262e+00 -4.8829e+00 -4.9616e+00 -4.4301e+01 1.1785e+00 -4.0550e-01 -2.5900e-01 -3.6241e-01 -1.1328e+00 1.1226e-02 3.3712e+00 -1.0158e+00 1.1237e+00 -4.9598e-01 3.6162e-01 3.6787e-01 9.4923e-01
-2.6395e+00 2.5686e+01 1.2268e+01 6.0667e-01 -6.4008e+00 1.3467e+00 -1.0475e+01 7.0498e+01 -3.2604e+01 -8.8213e-01 7.5682e-01 -1.8133e+00 -1.2143e+00 3.8429e+00 1.8072e+01 3.5885e+00 -1.6546e-01 3.6011e-01 1.2623e+01 -6.6521e+00 5.1664e-02 -7.5470e-02 1.6826e-01 3.0304e+00 -1.4091e+00 2.4405e+00 -3.5375e+00 3.1347e+01 -8.1678e+00 1.5517e+00 -6.2779e-01 1.3922e+00 1.8436e+00 -1.5913e+00 3.8462e-01 1.2344e+00 4.5583e-01 -1.8646e-01 -2.5979e+01 -1.0091e-01 9.4951e-01 -9.5431e-01 -6.2096e-01 1.3628e-01 5.5859e-01 -2.2005e+00 5.3320e-01 -2.5665e+00 -1.1208e-02 -8.5718e-02 -1.3486e-01 -6.3651e-01
1.6312e+01 -2.2204e+01 -3.2853e+01 6.4298e-01 6.2684e+00 -8.4091e+00 1.6261e+01 -3.2604e+01 1.0682e+02 1.4119e+00 2.2652e-01 3.0484e+00 1.4325e-01 -1.1306e+01 2.7899e+01 -6.9050e+00 4.0503e-01 -1.8211e+00 7.7635e+00 7.6777e+00 -4.1025e-01 4.5689e-01 -2.1561e+00 -5.8231e+00 2.8250e-01 -2.6063e+00 2.9648e+00 -3.9623e+01 6.2552e+00 -2.1125e+00 5.7553e-02 -1.4935e+00 -6.3625e+00 1.1286e+01 -5.9594e+00 -1.5484e+00 -3.8243e+00 1.9510e-01 2.9292e+01 -2.1848e+00 3.4123e-01 -3.0272e-01 2.2440e+00 6.8954e-01 2.6513e-01 6.6366e-01 -5.9914e-01 2.2705e+00 1.6995e-01 -3.7575e-01 8.9524e-01 -3.3932e+00
-1.5399e-01 2.4947e-02 2.1749e-01 -5.6860e-01 7.8770e-02 -6.7995e-01 9.4093e-01 -8.8213e-01 1.4119e+00 2.1860e+01 9.0401e-01 -3.5552e-03 3.4716e-01 -1.0795e-01 -4.7470e-01 -1.0796e-01 -1.5987e-01 -1.6514e+00 -1.4704e-01 2.0765e-02 -2.1356e-01 -1.2997e-01 -1.4306e-01 2.6128e-01 -1.0099e+00 4.3242e-01 2.3753e-02 1.8734e-02 3.3161e-01 -4.8062e+00 4.3051e-01 -3.6530e-02 -1.3099e-01 -6.8050e-01 -4.8983e+00 -1.0417e-01 -6.5958e-01 3.9004e+00 -5.9750e-01 -2.7898e-01 5.0485e-02 -3.3764e-01 -3.3868e-02 -8.1285e-02 -1.3583e-02 5.3538e-02 2.3925e-02 -3.5712e-01 6.1326e-01 -1.8511e-01 1.5524e+01 9.6500e-01
3.8572e-01 -7.8593e-01 -2.1658e+00 5.9713e-02 1.1775e+01 2.8370e+00 2.5904e+01 7.5682e-01 2.2652e-01 9.0401e-01 6.9941e+01 -1.5161e-01 -4.2522e-01 3.3356e+00 1.6865e+00 1.6218e+00 1.0295e-01 1.4382e+00 5.2821e-01 -1.0887e+00 3.0568e-01 -5.4150e-01 -6.4629e-01 3.0184e-01 1.5779e+00 1.2584e+00 -5.6548e+00 8.8701e+00 8.4488e-01 -6.5285e-01 -6.0885e+00 8.2777e-02 2.6199e+00 -1.0740e+01 8.4784e-01 -8.8779e-01 -4.8528e+00 -1.9749e-01 -3.6544e+01 -8.8659e+00 3.9596e-02 -4.7953e-01 1.2782e+00 1.0500e+00 1.4783e-01 1.5725e+00 -1.4374e-02 4.9513e-01 -6.0563e-01 -3.7973e-01 -5.2274e-01 1.3341e+01
3.0153e+00 9.0095e-02 2.2364e-01 4.2616e+00 -6.7381e-01 2.8078e-01 -2.4317e-01 -1.8133e+00 3.0484e+00 -3.5552e-03 -1.5161e-01 3.6733e+01 4.8092e-01 4.1423e-01 2.3384e+00 2.5820e-01 1.2050e-02 -2.6854e-01 2.5366e+00 -2.9426e+00 -1.1907e-01 -4.1636e-01 -2.7370e-01 3.4352e+00 1.4148e-01 -1.6623e-02 -2.3838e-01 -5.1113e-01 -3.3423e-01 2.9108e+00 -3.3160e-01 3.3207e+00 -7.1854e-01 -1.4267e-01 1.1839e+01 -1.3423e-01 1.3520e+01 -3.1587e-01 1.4667e+01 -5.5640e-01 1.1573e+00 -3.0630e-01 6.5826e-01 -4.8046e-01 -5.5090e-01 -1.0001e+00 -1.2747e-01 5.8760e-01 8.6189e-01 5.2387e-02 -2.4707e-02 -1.1523e-01
-4.7968e-02 -1.4590e+00 -1.4298e+00 6.2378e-01 -1.0676e+00 -3.9824e-01 -3.2676e-01 -1.2143e+00 1.4325e-01 3.4716e-01 -4.2522e-01 4.8092e-01 1.5386e+01 6.1402e-01 -1.5982e+00 2.7467e-01 -4.1343e-02 -1.5408e-01 -1.1521e+00 -6.2115e-01 8.2898e-01 -1.5279e-01 -2.8582e-02 -5.3283e-01 -4.3461e-02 -2.4043e-01 1.0124e-02 -1.4049e+00 -3.6099e-01 -5.2106e-01 -2.7715e-01 -2.0519e-01 -3.7282e-01 1.7391e-01 -6.0392e-01 -1.2758e-01 7.1228e-01 1.8603e+00 -3.3524e-02 -2.1976e-01 -1.6190e-01 2.2291e-01 -1.7667e-01 -2.3982e-01 -1.3602e-01 -4.4119e-01 1.0407e-01 6.0442e-01 2.8426e-01 -1.8088e-01 1.4652e+00 -1.4123e+00
-2.1043e+00 -5.1845e-01 4.3757e+01 -9.4649e-01 -2.7713e+01 1.7827e+01 -4.0436e+01 3.8429e+00 -1.1306e+01 -1.0795e-01 3.3356e+00 4.1423e-01 6.1402e-01 8.0245e+01 -5.3895e+00 -1.9093e+00 -3.0936e-01 4.0870e+00 -1.9411e+00 1.7746e+00 -1.2815e+00 1.6047e-01 1.9692e+00 1.2658e-01 2.0899e-01 2.6000e-01 -8.6630e-01 -1.8344e+01 -1.5857e+00 1.9636e-01 -6.9045e-01 -3.4990e-01 -1.4039e+00 -9.2243e+00 -1.8978e+00 5.2033e-01 1.1498e+01 5.7053e+00 2.8593e+01 2.5855e+00 8.4191e-01 -5.8101e-01 1.1422e+00 -6.4830e-01 3.4389e-02 -2.6176e+00 1.5018e-02 -4.9002e-01 4.6292e-01 1.2279e-01 -1.1414e-01 6.4765e-01
1.6392e+01 1.6059e+00 -9.3928e+00 6.6372e-01 2.1892e+00 -9.0242e+00 5.7857e+00 1.8072e+01 2.7899e+01 -4.7470e-01 1.6865e+00 2.3384e+00 -1.5982e+00 -5.3895e+00 6.7842e+01 -1.8776e+00 -9.9950e-02 3.5308e-01 2.9726e+01 -2.9880e+00 1.9989e+00 -8.3725e-01 -8.2678e-01 -1.6735e-01 -9.4135e-01 -1.0240e-01 -2.2913e+00 1.4794e+01 -3.6577e+00 1.2295e+00 1.5400e-01 -4.7545e-01 -1.2680e+00 1.4453e+01 -7.6065e+00 -7.1454e-01 -1.2537e+00 -2.5651e-01 -1.4234e+01 -3.1723e-01 -9.8058e-01 -4.9217e-01 -2.0615e-01 7.8498e-01 9.4962e-01 -1.2958e+00 -8.4748e-02 -1.2687e+00 4.8703e-01 -4.6303e-02 -6.0238e-01 4.9711e-02
-1.9250e+00 4.5934e+00 4.0911e-02 1.9228e-01 4.4517e+00 -2.8866e+00 -4.8772e+00 3.5885e+00 -6.9050e+00 -1.0796e-01 1.6218e+00 2.5820e-01 2.7467e-01 -1.9093e+00 -1.8776e+00 2.6884e+01 2.1143e-02 -3.4316e-01 -1.0917e+00 -6.9577e-01 -3.4814e-01 -1.2813e-01 -1.0119e-01 -8.1928e-01 -1.6640e-01 -5.3348e-01 -7.4698e-01 2.8364e+00 -7.2701e-01 -2.8583e-01 3.8633e-01 -1.6580e-01 3.9664e+00 -1.9622e+00 -1.8280e+00 2.0078e+00 5.5540e+00 -6.4043e-01 -5.8900e+00 3.1141e-02 -1.8747e-01 -1.6420e-01 -3.2669e-01 -2.1200e-01 -9.6809e-02 6.4788e-01 9.8109e-01 -3.7863e-01 -1.3693e-01 -1.8667e-01 -1.5838e-01 -5.8300e-01
-1.0557e-01 -2.7044e-01 -7.8751e-01 -8.3288e-02 -1.4073e-01 -2.1667e-01 -3.2184e-01 -1.6546e-01 4.0503e-01 -1.5987e-01 1.0295e-01 1.2050e-02 -4.1343e-02 -3.0936e-01 -9.9950e-02 2.1143e-02 5.0506e+00 -7.0740e-02 -8.5429e-02 -1.2733e-01 -5.0461e-02 -1.6625e-02 -3.0665e-02 -1.9838e-02 -3.2334e-02 -7.5930e-02 -1.0820e-01 -4.6391e-01 6.1266e-02 -4.9818e-02 2.5808e-01 8.1183e-04 -2.1307e-01 -3.4170e-01 -2.1313e-01 5.3078e-03 -3.9686e-02 -4.4456e-02 1.7092e-01 -3.5227e-02 -2.9943e-02 3.8602e-02 -5.6771e-02 7.9246e-01 2.3757e-03 3.6497e-02 -1.3563e-02 4.2803e-03 -2.6456e-02 -3.2021e-02 -2.1819e-01 1.4317e-03
4.4303e-01 1.7680e-01 3.6897e+00 -5.6490e-01 -4.3266e+00 5.8773e+00 -3.4332e+00 3.6011e-01 -1.8211e+00 -1.6514e+00 1.4382e+00 -2.6854e-01 -1.5408e-01 4.0870e+00 3.5308e-01 -3.4316e-01 -7.0740e-02 2.4226e+01 7.6110e-01 -3.3940e-01 -2.3555e-01 -1.5517e-01 -3.7819e-01 9.6175e-02 7.9283e-02 -4.1684e-01 -3.5698e-01 1.8129e+00 -4.2885e-01 -3.1629e-01 -4.5424e-01 -3.0740e-01 1.4943e+00 -1.8307e+00 -1.0735e+00 -1.6562e-01 -5.7325e-01 6.1920e+00 1.3188e+00 -4.3936e-01 2.1454e-02 -2.3309e-01 -1.1252e-01 -3.8777e-02 -2.0353e-01 -2.9801e-01 -5.5231e-02 7.9982e-03 2.5925e-01 -2.1622e-01 -1.8321e+00 1.5009e+00
1.9765e+01 9.6403e-01 -2.0752e+00 1.1819e+00 -3.1704e+00 -6.6281e-01 3.9240e+00 1.2623e+01 7.7635e+00 -1.4704e-01 5.2821e-01 2.5366e+00 -1.1521e+00 -1.9411e+00 2.9726e+01 -1.0917e+00 -8.5429e-02 7.6110e-01 4.6393e+01 -4.8163e-01 -2.2629e-01 -1.4113e+00 -1.7309e-01 -3.0211e+00 -6.7309e-01 -3.3942e-01 -1.0671e+00 1.5950e+01 -1.6113e+00 3.3739e-01 -1.2155e+00 -3.6192e-01 6.6838e-01 1.5293e+00 -5.2012e+00 -4.2252e-01 1.4875e+00 -7.0414e-02 -9.7226e+00 -4.0440e-01 -9.1156e-01 4.5152e-02 3.6773e-02 7.3117e-01 7.2126e-01 2.2902e+00 -2.8017e-01 -1.1333e+00 4.9523e-01 -5.5367e-04 -1.6273e-01 1.5357e-01
-2.4114e+00 -9.1292e+00 1.5394e+00 -2.6440e+00 4.2627e-01 -2.2086e+00 -3.7107e-01 -6.6521e+00 7.6777e+00 2.0765e-02 -1.0887e+00 -2.9426e+00 -6.2115e-01 1.7746e+00 -2.9880e+00 -6.9577e-01 -1.2733e-01 -3.3940e-01 -4.8163e-01 4.3713e+01 2.8019e-02 -2.9523e-01 3.7670e-01 -2.4113e+00 -2.9135e-01 -3.8738e-01 -1.1827e+00 3.6256e+00 1.6998e+01 7.2672e-01 3.1853e+00 2.6227e+00 -1.9724e+00 -1.1631e+00 1.3426e+01 1.5312e-01 3.7949e+00 1.2325e-01 -9.4383e+00 -6.8448e-01 -3.4700e-01 -3.2674e-01 -1.3169e-01 -5.1255e-01 -6.6300e-02 -1.2751e+00 -3.1333e-01 -8.6116e-01 -1.2445e-01 -2.9865e-01 7.3551e-02 -2.3615e-01
-6.1982e-01 -8.0978e-01 -2.3872e+00 -6.2096e-01 9.9315e-01 -1.3986e+00 1.3814e+00 5.1664e-02 -4.1025e-01 -2.1356e-01 3.0568e-01 -1.1907e-01 8.2898e-01 -1.2815e+00 1.9989e+00 -3.4814e-01 -5.0461e-02 -2.3555e-01 -2.2629e-01 2.8019e-02 1.8561e+01 -5.6091e-02 -1.4063e-01 -3.6115e-01 -1.1966e-01 -3.3785e-01 -4.6399e-01 2.9837e+00 4.2730e-01 3.9804e+00 1.1740e-02 -3.6332e-01 -9.9301e-01 -9.9252e-01 1.7672e+00 -1.6797e-01 -1.8719e+00 -2.8293e-01 -4.7078e+00 -3.3566e-01 1.9453e-01 -8.4498e-02 -1.9443e-01 -1.1624e-01 -9.7531e-02 1.9924e+00 -1.1359e-01 -3.2394e-01 -3.8111e-02 -1.4354e-01 -2.3641e-01 -1.5301e-01
-1.1076e+00 -3.8491e-01 -6.5146e-01 -3.6134e-02 -9.4082e-03 4.2208e-02 -3.1226e-01 -7.5470e-02 4.5689e-01 -1.2997e-01 -5.4150e-01 -4.1636e-01 -1.5279e-01 1.6047e-01 -8.3725e-01 -1.2813e-01 -1.6625e-02 -1.5517e-01 -1.4113e+00 -2.9523e-01 -5.6091e-02 8.0811e+00 -4.5382e-02 -2.7009e-01 -1.7528e-02 9.3226e-01 -2.5622e-01 -1.9309e+00 -2.1269e-01 -2.4255e-01 9.6791e-01 -1.9540e-01 -8.9592e-02 -1.0687e-01 5.9542e-01 -5.2960e-02 -4.6314e-01 -2.7971e-02 1.6181e+00 -1.1554e-01 1.3051e-02 -1.6619e-02 1.1949e-01 -2.0736e-01 3.8703e-02 -1.7404e-01 -3.2265e-02 -7.5831e-02 -5.3570e-02 1.6326e-01 -1.5541e-01 6.9094e-02
-5.7048e-01 -6.1383e-02 3.1800e+00 -1.8988e-01 -4.0959e+00 4.5657e-01 -3.8907e+00 1.6826e-01 -2.1561e+00 -1.4306e-01 -6.4629e-01 -2.7370e-01 -2.8582e-02 1.9692e+00 -8.2678e-01 -1.0119e-01 -3.0665e-02 -3.7819e-01 -1.7309e-01 3.7670e-01 -1.4063e-01 -4.5382e-02 1.2574e+01 6.2261e-01 -7.3242e-02 -1.3300e-01 1.9377e+00 2.9056e+00 -8.9039e-02 -1.7949e-01 -2.1810e-01 -1.6660e-01 -2.4297e-01 -7.8319e-01 4.3527e-02 -5.2238e-02 -4.7085e-01 -1.6693e-01 -1.5247e+00 -3.8007e-01 -8.9779e-02 -1.5931e-01 -8.7632e-02 -9.1862e-02 1.0797e-01 -5.9808e-02 -1.1527e-02 4.4250e-02 3.3862e-02 -4.3001e-02 -1.7177e-01 1.4130e-01
-5.0975e+00 2.9828e+00 2.4517e+00 -2.3759e+00 -8.9104e-02 4.7679e-01 7.8327e-01 3.0304e+00 -5.8231e+00 2.6128e-01 3.0184e-01 3.4352e+00 -5.3283e-01 1.2658e-01 -1.6735e-01 -8.1928e-01 -1.9838e-02 9.6175e-02 -3.0211e+00 -2.4113e+00 -3.6115e-01 -2.7009e-01 6.2261e-01 3.1844e+01 -3.1152e-01 -1.7950e-01 -7.1088e-01 3.6995e+00 -1.9151e+00 1.0232e+01 -4.3883e-01 7.0225e+00 3.2362e+00 -7.4563e-01 -3.7503e+00 2.8254e-01 7.5354e-01 -2.6871e-01 -5.1016e+00 -4.1760e-01 1.4726e+00 -4.1079e-01 2.3956e-01 -3.5406e-01 -3.2038e-01 -9.5687e-01 -2.4631e-01 -5.2734e-01 -1.5518e-01 -2.6724e-01 1.5885e-01 -1.9360e-01
-1.0537e+00 -2.0798e+00 -4.5530e-02 2.9808e-01 -1.1831e-01 1.6903e+00 -5.1221e-01 -1.4091e+00 2.8250e-01 -1.0099e+00 1.5779e+00 1.4148e-01 -4.3461e-02 2.0899e-01 -9.4135e-01 -1.6640e-01 -3.2334e-02 7.9283e-02 -6.7309e-01 -2.9135e-01 -1.1966e-01 -1.7528e-02 -7.3242e-02 -3.1152e-01 1.0756e+01 -8.6419e-02 2.3706e+00 -2.1439e+00 -1.3225e-01 6.7146e-01 -1.9637e-01 -1.2402e-01 1.4463e-01 1.4517e-01 4.8134e-01 -9.1008e-02 1.7376e-01 3.4343e-02 1.7644e+00 6.2071e-02 2.4230e-02 1.4874e+00 -1.0537e-01 6.4208e-03 -4.9699e-02 2.1628e+00 -4.2928e-02 -7.9766e-02 -1.2112e-01 -1.2224e-01 -8.2735e-01 9.0078e-01
-3.8629e-01 -6.4488e-01 7.1637e+00 -9.3168e-02 -8.5454e+00 4.6519e+00 -8.2375e+00 2.4405e+00 -2.6063e+00 4.3242e-01 1.2584e+00 -1.6623e-02 -2.4043e-01 2.6000e-01 -1.0240e-01 -5.3348e-01 -7.5930e-02 -4.1684e-01 -3.3942e-01 -3.8738e-01 -3.3785e-01 9.3226e-01 -1.3300e-01 -1.7950e-01 -8.6419e-02 1.9010e+01 -1.4523e-01 -1.6147e+00 -2.8607e-01 -1.9218e-01 8.2557e-01 -1.0332e-01 -1.8025e+00 1.2650e+00 3.0527e+00 -1.2189e-01 -8.0872e-01 -4.4806e-01 -1.3084e+00 -5.5283e-01 -8.2690e-02 -1.0708e-03 -3.8752e-01 -1.0880e-01 8.9467e-04 1.3029e-01 -5.6914e-02 5.0789e-01 -1.1001e-01 4.5823e-03 2.9962e-01 -2.9258e-01
-1.5445e+00 -4.0723e+00 6.1230e+00 5.9376e-01 -1.5398e+00 -1.1379e+00 -2.4968e+00 -3.5375e+00 2.9648e+00 2.3753e-02 -5.6548e+00 -2.3838e-01 1.0124e-02 -8.6630e-01 -2.2913e+00 -7.4698e-01 -1.0820e-01 -3.5698e-01 -1.0671e+00 -1.1827e+00 -4.6399e-01 -2.5622e-01 1.9377e+00 -7.1088e-01 2.3706e+00 -1.4523e-01 2.4788e+01 -6.0913e+00 -9.7392e-01 -8.3303e-01 -1.0958e+00 -5.0764e-01 -1.3161e+00 2.1809e-01 -1.8347e+00 -3.5166e-02 -1.1914e+00 -4.6360e-01 1.0847e+01 -3.9059e-01 -7.5833e-02 1.5501e+00 -4.4064e-01 9.7239e-02 -2.7642e-02 5.1170e+00 -1.1598e-01 -4.8239e-01 -1.3869e-01 1.9721e-01 -6.1212e-02 3.1023e-01
-1.5414e-01 1.0431e+01 1.0899e+01 -3.0019e-01 -1.8197e+00 1.2165e+01 1.5713e+01 3.1347e+01 -3.9623e+01 1.8734e-02 8.8701e+00 -5.1113e-01 -1.4049e+00 -1.8344e+01 1.4794e+01 2.8364e+00 -4.6391e-01 1.8129e+00 1.5950e+01 3.6256e+00 2.9837e+00 -1.9309e+00 2.9056e+00 3.6995e+00 -2.1439e+00 -1.6147e+00 -6.0913e+00 1.3158e+02 8.9931e+00 5.3128e+00 -6.3702e-01 4.1264e-01 -2.7980e+00 -1.1283e+01 8.3088e+00 1.2774e-01 -6.8005e+00 -3.4854e-01 -8.0566e+01 -3.7623e+00 -1.4927e+00 -3.8854e-01 -1.9780e+00 -5.5422e-01 1.8870e-01 -5.8711e+00 1.7958e-01 -3.5413e+00 1.5961e-01 -5.8476e-02 -6.9996e-02 -4.8320e-01
-2.5481e+00 -1.0758e+01 -6.9409e-01 -1.3518e-01 -9.4152e-03 -4.5249e-01 3.5529e-01 -8.1678e+00 6.2552e+00 3.3161e-01 8.4488e-01 -3.3423e-01 -3.6099e-01 -1.5857e+00 -3.6577e+00 -7.2701e-01 6.1266e-02 -4.2885e-01 -1.6113e+00 1.6998e+01 4.2730e-01 -2.1269e-01 -8.9039e-02 -1.9151e+00 -1.3225e-01 -2.8607e-01 -9.7392e-01 8.9931e+00 3.0794e+01 1.1356e+00 -2.3682e-01 -1.7569e-01 -1.7989e+00 -6.1934e-01 1.2174e+01 -3.6729e-01 -2.4580e+00 -6.5732e-02 -6.1935e+00 2.9782e-01 -1.6005e-01 -3.5258e-01 1.6292e-01 -2.3509e-01 -1.6014e-01 -4.2013e-01 -3.6000e-01 -5.6440e-01 -5.9338e-02 -2.0226e-01 2.7491e-01 -3.8197e-01
-1.1203e+00 -1.6565e+00 -4.6084e-01 -2.1423e+00 1.7522e-01 4.7035e-02 -2.6491e-01 1.5517e+00 -2.1125e+00 -4.8062e+00 -6.5285e-01 2.9108e+00 -5.2106e-01 1.9636e-01 1.2295e+00 -2.8583e-01 -4.9818e-02 -3.1629e-01 3.3739e-01 7.2672e-01 3.9804e+00 -2.4255e-01 -1.7949e-01 1.0232e+01 6.7146e-01 -1.9218e-01 -8.3303e-01 5.3128e+00 1.1356e+00 3.6416e+01 -7.3414e-01 7.9840e+00 -1.1653e+00 -5.8166e-01 5.9129e+00 -3.7805e-01 -1.4378e+00 -6.8373e-01 -6.7092e+00 -3.9436e-01 7.8131e-02 -4.1974e-01 1.8086e-01 -4.4452e-01 -2.7036e-01 -9.0805e-01 -1.5780e-01 -5.5320e-01 -4.0664e-01 -2.7937e-01 3.8649e+00 -2.6934e+00
-6.2420e-01 2.6746e-01 -4.5968e-01 -9.6858e-02 -1.8235e+00 -7.0526e-02 -4.8725e+00 -6.2779e-01 5.7553e-02 4.3051e-01 -6.0885e+00 -3.3160e-01 -2.7715e-01 -6.9045e-01 1.5400e-01 3.8633e-01 2.5808e-01 -4.5424e-01 -1.2155e+00 3.1853e+00 1.1740e-02 9.6791e-01 -2.1810e-01 -4.3883e-01 -1.9637e-01 8.2557e-01 -1.0958e+00 -6.3702e-01 -2.3682e-01 -7.3414e-01 2.0814e+01 2.6197e+00 -6.1243e-01 -5.6862e-01 -9.5086e-01 -1.0618e-01 -4.5519e-01 -3.2672e-01 7.1689e+00 2.3778e-02 -1.3787e-01 1.4885e-01 -4.1854e-01 -3.4309e-01 1.0235e-02 -5.5367e-01 -9.2452e-03 -7.8399e-02 -9.8725e-02 -1.0258e-01 1.4005e-01 8.0209e-01
-7.6676e-01 1.6751e-01 -2.9917e-01 -2.4091e+00 -1.7687e-01 -2.3913e-01 -1.3364e+00 1.3922e+00 -1.4935e+00 -3.6530e-02 8.2777e-02 3.3207e+00 -2.0519e-01 -3.4990e-01 -4.7545e-01 -1.6580e-01 8.1183e-04 -3.0740e-01 -3.6192e-01 2.6227e+00 -3.6332e-01 -1.9540e-01 -1.6660e-01 7.0225e+00 -1.2402e-01 -1.0332e-01 -5.0764e-01 4.1264e-01 -1.7569e-01 7.9840e+00 2.6197e+00 1.7093e+01 -5.3454e-01 -3.5578e-01 -1.1588e+00 -5.9728e-03 3.1666e-02 -2.0147e-01 -2.4099e-01 -3.1348e-01 -2.1676e-01 -2.7184e-02 -1.4652e-01 -3.8769e-01 -1.4466e-01 -6.1664e-01 -6.2303e-02 -2.5584e-01 6.0088e-02 -2.7432e-01 -4.2776e-02 1.3919e-01
7.0714e-01 3.4910e+00 -2.4032e+00 -7.0642e-01 5.1066e+00 -7.6223e+00 -8.1377e-01 1.8436e+00 -6.3625e+00 -1.3099e-01 2.6199e+00 -7.1854e-01 -3.7282e-01 -1.4039e+00 -1.2680e+00 3.9664e+00 -2.1307e-01 1.4943e+00 6.6838e-01 -1.9724e+00 -9.9301e-01 -8.9592e-02 -2.4297e-01 3.2362e+00 1.4463e-01 -1.8025e+00 -1.3161e+00 -2.7980e+00 -1.7989e+00 -1.1653e+00 -6.1243e-01 -5.3454e-01 5.0099e+01 -3.1457e+00 -4.2699e+00 -2.8915e-01 7.3459e+00 1.5126e+00 -1.3698e+01 -7.4340e-01 -2.8222e-01 -2.4061e-01 1.5226e-01 3.1701e+00 -3.6004e-01 1.2805e+00 9.5770e-01 -3.9318e-01 -2.4676e-01 -5.3453e-01 -1.6239e-01 -2.2480e-01
-9.4963e-01 -1.5940e+00 -9.6178e+00 5.1071e-01 -7.0755e+00 -1.1821e-02 -6.5224e+00 -1.5913e+00 1.1286e+01 -6.8050e-01 -1.0740e+01 -1.4267e-01 1.7391e-01 -9.2243e+00 1.4453e+01 -1.9622e+00 -3.4170e-01 -1.8307e+00 1.5293e+00 -1.1631e+00 -9.9252e-01 -1.0687e-01 -7.8319e-01 -7.4563e-01 1.4517e-01 1.2650e+00 2.1809e-01 -1.1283e+01 -6.1934e-01 -5.8166e-01 -5.6862e-01 -3.5578e-01 -3.1457e+00 5.3090e+01 -1.6131e+00 -1.3413e-01 -6.1822e-01 -9.9510e-01 1.1035e+01 1.3905e+00 -4.8134e-02 -3.9104e-01 -1.4409e-01 -3.7644e-02 3.7564e-01 -4.6127e-01 1.8057e-01 -1.3872e-01 -2.6316e-01 -6.0775e-02 -9.3930e-01 -3.4635e-01
-9.3172e+00 -7.7821e+00 1.3512e+00 2.4087e+00 -4.0672e-01 -3.7844e-01 -2.5369e-01 3.8462e-01 -5.9594e+00 -4.8983e+00 8.4784e-01 1.1839e+01 -6.0392e-01 -1.8978e+00 -7.6065e+00 -1.8280e+00 -2.1313e-01 -1.0735e+00 -5.2012e+00 1.3426e+01 1.7672e+00 5.9542e-01 4.3527e-02 -3.7503e+00 4.8134e-01 3.0527e+00 -1.8347e+00 8.3088e+00 1.2174e+01 5.9129e+00 -9.5086e-01 -1.1588e+00 -4.2699e+00 -1.6131e+00 8.4784e+01 -1.1260e+00 1.5829e+01 -1.3939e+00 -3.4944e+00 3.6265e-01 -1.2544e+00 -1.0217e+00 4.9117e-01 -1.8361e+00 -9.3201e-01 1.1431e+00 -4.2662e-01 -1.6437e-01 2.9524e-01 -1.7359e-01 3.0304e+00 -2.9299e+00
-6.1327e-01 9.3820e-01 4.7911e-01 -1.3598e-02 2.4324e-01 -6.9613e-01 -1.8262e+00 1.2344e+00 -1.5484e+00 -1.0417e-01 -8.8779e-01 -1.3423e-01 -1.2758e-01 5.2033e-01 -7.1454e-01 2.0078e+00 5.3078e-03 -1.6562e-01 -4.2252e-01 1.5312e-01 -1.6797e-01 -5.2960e-02 -5.2238e-02 2.8254e-01 -9.1008e-02 -1.2189e-01 -3.5166e-02 1.2774e-01 -3.6729e-01 -3.7805e-01 -1.0618e-01 -5.9728e-03 -2.8915e-01 -1.3413e-01 -1.1260e+00 1.0558e+01 3.8433e-01 -1.2911e-01 1.2861e-01 9.4808e-01 -5.6877e-02 -1.0714e-01 -1.4991e-01 -8.9497e-02 -6.0105e-02 -1.9534e-01 -8.7134e-02 -1.0400e-01 2.5538e-01 -6.7581e-02 -2.0139e-01 1.0537e+00
-1.0982e+00 7.0513e-01 7.2730e+00 2.9582e+00 -9.7459e-01 -9.1875e+00 -4.8829e+00 4.5583e-01 -3.8243e+00 -6.5958e-01 -4.8528e+00 1.3520e+01 7.1228e-01 1.1498e+01 -1.2537e+00 5.5540e+00 -3.9686e-02 -5.7325e-01 1.4875e+00 3.7949e+00 -1.8719e+00 -4.6314e-01 -4.7085e-01 7.5354e-01 1.7376e-01 -8.0872e-01 -1.1914e+00 -6.8005e+00 -2.4580e+00 -1.4378e+00 -4.5519e-01 3.1666e-02 7.3459e+00 -6.1822e-01 1.5829e+01 3.8433e-01 5.7175e+01 -5.3935e-01 1.3459e+01 8.5434e+00 -7.4412e-01 -4.8170e-01 -4.1216e-01 -7.9916e-01 -3.5850e-01 2.3629e+00 9.6104e-01 6.6160e-01 -1.3023e-01 -3.1843e-01 -8.5898e-01 -1.1508e-01
-2.5433e-01 -3.3947e-03 6.1746e+00 1.5049e-01 -4.0892e+00 4.8203e+00 -4.9616e+00 -1.8646e-01 1.9510e-01 3.9004e+00 -1.9749e-01 -3.1587e-01 1.8603e+00 5.7053e+00 -2.5651e-01 -6.4043e-01 -4.4456e-02 6.1920e+00 -7.0414e-02 1.2325e-01 -2.8293e-01 -2.7971e-02 -1.6693e-01 -2.6871e-01 3.4343e-02 -4.4806e-01 -4.6360e-01 -3.4854e-01 -6.5732e-02 -6.8373e-01 -3.2672e-01 -2.0147e-01 1.5126e+00 -9.9510e-01 -1.3939e+00 -1.2911e-01 -5.3935e-01 2.1399e+01 3.7089e+00 -2.1317e-01 -1.5820e-02 -1.5689e-01 -1.7298e-01 -1.1117e-01 -1.1619e-01 -2.4942e-01 -4.0913e-02 -7.2349e-02 2.5835e-01 -1.4844e-01 3.2447e+00 -2.1372e+00
2.5604e+00 -9.3028e+00 1.2603e+00 2.5700e+00 -2.3760e+01 2.0986e+01 -4.4301e+01 -2.5979e+01 2.9292e+01 -5.9750e-01 -3.6544e+01 1.4667e+01 -3.3524e-02 2.8593e+01 -1.4234e+01 -5.8900e+00 1.7092e-01 1.3188e+00 -9.7226e+00 -9.4383e+00 -4.7078e+00 1.6181e+00 -1.5247e+00 -5.1016e+00 1.7644e+00 -1.3084e+00 1.0847e+01 -8.0566e+01 -6.1935e+00 -6.7092e+00 7.1689e+00 -2.4099e-01 -1.3698e+01 1.1035e+01 -3.4944e+00 1.2861e-01 1.3459e+01 3.7089e+00 2.0031e+02 9.6332e+00 1.9131e+00 5.0840e-02 2.0803e+00 -3.1588e+00 -9.4755e-01 2.2105e+00 -3.7482e-01 4.6720e+00 -1.0258e+00 -1.4860e+00 -2.4082e+00 1.3413e+01
-4.4246e-01 -4.4468e-02 2.0697e+00 -9.1186e-01 1.3073e+00 -7.3873e+00 1.1785e+00 -1.0091e-01 -2.1848e+00 -2.7898e-01 -8.8659e+00 -5.5640e-01 -2.1976e-01 2.5855e+00 -3.1723e-01 3.1141e-02 -3.5227e-02 -4.3936e-01 -4.0440e-01 -6.8448e-01 -3.3566e-01 -1.1554e-01 -3.8007e-01 -4.1760e-01 6.2071e-02 -5.5283e-01 -3.9059e-01 -3.7623e+00 2.9782e-01 -3.9436e-01 2.3778e-02 -3.1348e-01 -7.4340e-01 1.3905e+00 3.6265e-01 9.4808e-01 8.5434e+00 -2.1317e-01 9.6332e+00 2.1996e+01 -1.8313e-01 -2.1335e-01 -1.7454e-01 -1.7919e-01 -2.0424e-02 1.2292e+00 -3.4892e-02 -3.2819e-02 -8.6825e-02 1.6346e-01 -3.3933e-01 -5.0164e-02
-1.1285e+00 3.3957e-01 7.6225e-01 9.9596e-01 -3.3531e-01 1.1304e+00 -4.0550e-01 9.4951e-01 3.4123e-01 5.0485e-02 3.9596e-02 1.1573e+00 -1.6190e-01 8.4191e-01 -9.8058e-01 -1.8747e-01 -2.9943e-02 2.1454e-02 -9.1156e-01 -3.4700e-01 1.9453e-01 1.3051e-02 -8.9779e-02 1.4726e+00 2.4230e-02 -8.2690e-02 -7.5833e-02 -1.4927e+00 -1.6005e-01 7.8131e-02 -1.3787e-01 -2.1676e-01 -2.8222e-01 -4.8134e-02 -1.2544e+00 -5.6877e-02 -7.4412e-01 -1.5820e-02 1.9131e+00 -1.8313e-01 9.5600e+00 -7.9973e-02 4.1481e-02 -1.5763e-01 -2.7584e-02 -9.7417e-02 -4.3805e-02 -1.4309e-01 -5.2370e-02 -7.1084e-02 9.9550e-03 -5.0762e-02
-2.5623e-01 -1.7202e+00 -1.0506e+00 -1.2077e-01 1.2171e-01 3.7614e-01 -2.5900e-01 -9.5431e-01 -3.0272e-01 -3.3764e-01 -4.7953e-01 -3.0630e-01 2.2291e-01 -5.8101e-01 -4.9217e-01 -1.6420e-01 3.8602e-02 -2.3309e-01 4.5152e-02 -3.2674e-01 -8.4498e-02 -1.6619e-02 -1.5931e-01 -4.1079e-01 1.4874e+00 -1.0708e-03 1.5501e+00 -3.8854e-01 -3.5258e-01 -4.1974e-01 1.4885e-01 -2.7184e-02 -2.4061e-01 -3.9104e-01 -1.0217e+00 -1.0714e-01 -4.8170e-01 -1.5689e-01 5.0840e-02 -2.1335e-01 -7.9973e-02 1.0130e+01 -8.3362e-02 -7.6702e-02 -6.3605e-02 1.5528e+00 2.9854e-01 -7.3722e-02 -9.0933e-02 -5.7587e-02 -4.7781e-01 -7.1710e-01
2.5044e-01 -1.3442e+00 -8.7067e-01 1.3037e-02 -1.0799e+00 2.7224e-01 -3.6241e-01 -6.2096e-01 2.2440e+00 -3.3868e-02 1.2782e+00 6.5826e-01 -1.7667e-01 1.1422e+00 -2.0615e-01 -3.2669e-01 -5.6771e-02 -1.1252e-01 3.6773e-02 -1.3169e-01 -1.9443e-01 1.1949e-01 -8.7632e-02 2.3956e-01 -1.0537e-01 -3.8752e-01 -4.4064e-01 -1.9780e+00 1.6292e-01 1.8086e-01 -4.1854e-01 -1.4652e-01 1.5226e-01 -1.4409e-01 4.9117e-01 -1.4991e-01 -4.1216e-01 -1.7298e-01 2.0803e+00 -1.7454e-01 4.1481e-02 -8.3362e-02 1.3790e+01 -1.0284e-01 -4.7110e-02 -2.4646e-01 1.4678e-01 -1.7617e-01 -9.3764e-02 -1.3452e-01 -1.1336e-01 1.1366e-02
3.0913e-01 2.0573e-01 -6.7923e-01 -6.2144e-01 -2.1825e-01 -4.6429e-01 -1.1328e+00 1.3628e-01 6.8954e-01 -8.1285e-02 1.0500e+00 -4.8046e-01 -2.3982e-01 -6.4830e-01 7.8498e-01 -2.1200e-01 7.9246e-01 -3.8777e-02 7.3117e-01 -5.1255e-01 -1.1624e-01 -2.0736e-01 -9.1862e-02 -3.5406e-01 6.4208e-03 -1.0880e-01 9.7239e-02 -5.5422e-01 -2.3509e-01 -4.4452e-01 -3.4309e-01 -3.8769e-01 3.1701e+00 -3.7644e-02 -1.8361e+00 -8.9497e-02 -7.9916e-01 -1.1117e-01 -3.1588e+00 -1.7919e-01 -1.5763e-01 -7.6702e-02 -1.0284e-01 1.5265e+01 -2.2187e-01 -3.6806e-01 9.4188e-03 -2.2141e-01 1.9896e-01 2.3834e-01 -1.3550e-01 -1.3256e-01
5.2808e-01 1.8726e-01 4.5594e-01 -6.5858e-01 1.9807e-01 1.3227e-01 1.1226e-02 5.5859e-01 2.6513e-01 -1.3583e-02 1.4783e-01 -5.5090e-01 -1.3602e-01 3.4389e-02 9.4962e-01 -9.6809e-02 2.3757e-03 -2.0353e-01 7.2126e-01 -6.6300e-02 -9.7531e-02 3.8703e-02 1.0797e-01 -3.2038e-01 -4.9699e-02 8.9467e-04 -2.7642e-02 1.8870e-01 -1.6014e-01 -2.7036e-01 1.0235e-02 -1.4466e-01 -3.6004e-01 3.7564e-01 -9.3201e-01 -6.0105e-02 -3.5850e-01 -1.1619e-01 -9.4755e-01 -2.0424e-02 -2.7584e-02 -6.3605e-02 -4.7110e-02 -2.2187e-01 8.5517e+00 -1.3844e-01 -3.4279e-02 -1.4237e-01 -3.4282e-02 -5.7721e-02 -3.6606e-02 1.1040e-01
-1.4406e+00 -2.7601e+00 -7.5688e-01 -2.5903e-01 1.5835e-01 -2.9582e+00 3.3712e+00 -2.2005e+00 6.6366e-01 5.3538e-02 1.5725e+00 -1.0001e+00 -4.4119e-01 -2.6176e+00 -1.2958e+00 6.4788e-01 3.6497e-02 -2.9801e-01 2.2902e+00 -1.2751e+00 1.9924e+00 -1.7404e-01 -5.9808e-02 -9.5687e-01 2.1628e+00 1.3029e-01 5.1170e+00 -5.8711e+00 -4.2013e-01 -9.0805e-01 -5.5367e-01 -6.1664e-01 1.2805e+00 -4.6127e-01 1.1431e+00 -1.9534e-01 2.3629e+00 -2.4942e-01 2.2105e+00 1.2292e+00 -9.7417e-02 1.5528e+00 -2.4646e-01 -3.6806e-01 -1.3844e-01 2.3369e+01 -1.0496e-01 -3.5197e-01 -8.2406e-02 -1.9352e-01 4.1592e-02 -6.0293e-02
-3.6336e-01 2.8761e-01 1.2207e-02 -1.1111e-01 -1.8467e-01 -4.3199e-02 -1.0158e+00 5.3320e-01 -5.9914e-01 2.3925e-02 -1.4374e-02 -1.2747e-01 1.0407e-01 1.5018e-02 -8.4748e-02 9.8109e-01 -1.3563e-02 -5.5231e-02 -2.8017e-01 -3.1333e-01 -1.1359e-01 -3.2265e-02 -1.1527e-02 -2.4631e-01 -4.2928e-02 -5.6914e-02 -1.1598e-01 1.7958e-01 -3.6000e-01 -1.5780e-01 -9.2452e-03 -6.2303e-02 9.5770e-01 1.8057e-01 -4.2662e-01 -8.7134e-02 9.6104e-01 -4.0913e-02 -3.7482e-01 -3.4892e-02 -4.3805e-02 2.9854e-01 1.4678e-01 9.4188e-03 -3.4279e-02 -1.0496e-01 5.9064e+00 -6.9483e-02 -2.0974e-02 1.0390e-01 3.6966e-02 -6.3641e-02
3.8789e-01 -1.7334e+00 -3.5051e+00 4.7391e-02 -1.5699e-01 -2.4716e-01 1.1237e+00 -2.5665e+00 2.2705e+00 -3.5712e-01 4.9513e-01 5.8760e-01 6.0442e-01 -4.9002e-01 -1.2687e+00 -3.7863e-01 4.2803e-03 7.9982e-03 -1.1333e+00 -8.6116e-01 -3.2394e-01 -7.5831e-02 4.4250e-02 -5.2734e-01 -7.9766e-02 5.0789e-01 -4.8239e-01 -3.5413e+00 -5.6440e-01 -5.5320e-01 -7.8399e-02 -2.5584e-01 -3.9318e-01 -1.3872e-01 -1.6437e-01 -1.0400e-01 6.6160e-01 -7.2349e-02 4.6720e+00 -3.2819e-02 -1.4309e-01 -7.3722e-02 -1.7617e-01 -2.2141e-01 -1.4237e-01 -3.5197e-01 -6.9483e-02 1.2676e+01 -6.0668e-02 -1.2605e-01 -4.6659e-01 -1.6128e-01
3.4077e-01 3.2438e-02 3.2936e-01 -9.2060e-03 -3.8714e-01 2.3287e-01 -4.9598e-01 -1.1208e-02 1.6995e-01 6.1326e-01 -6.0563e-01 8.6189e-01 2.8426e-01 4.6292e-01 4.8703e-01 -1.3693e-01 -2.6456e-02 2.5925e-01 4.9523e-01 -1.2445e-01 -3.8111e-02 -5.3570e-02 3.3862e-02 -1.5518e-01 -1.2112e-01 -1.1001e-01 -1.3869e-01 1.5961e-01 -5.9338e-02 -4.0664e-01 -9.8725e-02 6.0088e-02 -2.4676e-01 -2.6316e-01 2.9524e-01 2.5538e-01 -1.3023e-01 2.5835e-01 -1.0258e+00 -8.6825e-02 -5.2370e-02 -9.0933e-02 -9.3764e-02 1.9896e-01 -3.4282e-02 -8.2406e-02 -2.0974e-02 -6.0668e-02 8.3159e+00 1.4765e-01 3.8444e-01 -1.0574e+00
-1.1971e+00 2.0179e-01 4.2591e-02 -3.1145e-01 2.1340e-01 -5.4428e-01 3.6162e-01 -8.5718e-02 -3.7575e-01 -1.8511e-01 -3.7973e-01 5.2387e-02 -1.8088e-01 1.2279e-01 -4.6303e-02 -1.8667e-01 -3.2021e-02 -2.1622e-01 -5.5367e-04 -2.9865e-01 -1.4354e-01 1.6326e-01 -4.3001e-02 -2.6724e-01 -1.2224e-01 4.5823e-03 1.9721e-01 -5.8476e-02 -2.0226e-01 -2.7937e-01 -1.0258e-01 -2.7432e-01 -5.3453e-01 -6.0775e-02 -1.7359e-01 -6.7581e-02 -3.1843e-01 -1.4844e-01 -1.4860e+00 1.6346e-01 -7.1084e-02 -5.7587e-02 -1.3452e-01 2.3834e-01 -5.7721e-02 -1.9352e-01 1.0390e-01 -1.2605e-01 1.4765e-01 1.2352e+01 -2.3703e-01 -1.0457e-01
-1.5926e-01 -4.8998e-02 1.3675e-01 -6.5698e-01 6.5150e-04 -8.4106e-01 3.6787e-01 -1.3486e-01 8.9524e-01 1.5524e+01 -5.2274e-01 -2.4707e-02 1.4652e+00 -1.1414e-01 -6.0238e-01 -1.5838e-01 -2.1819e-01 -1.8321e+00 -1.6273e-01 7.3551e-02 -2.3641e-01 -1.5541e-01 -1.7177e-01 1.5885e-01 -8.2735e-01 2.9962e-01 -6.1212e-02 -6.9996e-02 2.7491e-01 3.8649e+00 1.4005e-01 -4.2776e-02 -1.6239e-01 -9.3930e-01 3.0304e+00 -2.0139e-01 -8.5898e-01 3.2447e+00 -2.4082e+00 -3.3933e-01 9.9550e-03 -4.7781e-01 -1.1336e-01 -1.3550e-01 -3.6606e-02 4.1592e-02 3.6966e-02 -4.6659e-01 3.8444e-01 -2.3703e-01 2.0205e+01 -2.0702e+00
4.2706e-02 -2.3646e-01 -2.6120e-01 -5.0036e-01 -3.3064e-02 1.5778e+00 9.4923e-01 -6.3651e-01 -3.3932e+00 9.6500e-01 1.3341e+01 -1.1523e-01 -1.4123e+00 6.4765e-01 4.9711e-02 -5.8300e-01 1.4317e-03 1.5009e+00 1.5357e-01 -2.3615e-01 -1.5301e-01 6.9094e-02 1.4130e-01 -1.9360e-01 9.0078e-01 -2.9258e-01 3.1023e-01 -4.8320e-01 -3.8197e-01 -2.6934e+00 8.0209e-01 1.3919e-01 -2.2480e-01 -3.4635e-01 -2.9299e+00 1.0537e+00 -1.1508e-01 -2.1372e+00 1.3413e+01 -5.0164e-02 -5.0762e-02 -7.1710e-01 1.1366e-02 -1.3256e-01 1.1040e-01 -6.0293e-02 -6.3641e-02 -1.6128e-01 -1.0574e+00 -1.0457e-01 -2.0702e+00 2.4852e+01
