1.0791e+02 -1.3033e+00 -4.0770e+00 8.6135e+00 -2.0258e+00 1.3628e+01 3.6817e+00 -9.2053e+00 -3.8999e+01 -7.1112e+00 2.8300e+00 -1.9174e+00 -1.0979e+01 3.0365e-01 -2.1206e-01 -3.7556e+00 -2.2122e+01 1.1267e-01 -1.1331e+01 -8.6468e+00 -7.0476e+00 -1.1760e+00 4.4602e+01 1.1201e+00 -3.3489e+00 2.3630e+00 3.4460e+01 1.5959e+00 -2.0906e+00 4.2122e+00 1.6986e+00 -2.2747e-01 7.0714e+00 2.0353e-02 5.0218e+01 5.2556e+00 7.1547e-01 3.8208e-01 2.0841e+00 -1.3252e+01 -1.5039e-02 -2.7118e-01 3.5237e+00 -5.2144e-01 3.9179e-01 -2.3208e-01 -1.8329e-01 7.6646e+00 2.9589e-01 2.5957e-01 -1.2692e+00 -8.9941e-01
-1.3033e+00 6.1221e+01 4.5127e+01 2.6237e+00 -1.4898e+01 4.8251e+00 -6.8934e-02 -4.9296e-01 -1.3147e+01 2.7211e+00 -8.7940e+00 8.1374e-02 -2.4241e+01 -4.0966e+00 8.8123e-03 5.7000e-01 -1.9677e+01 -3.7394e-02 -1.9095e-01 -2.0359e+01 1.3904e-01 1.4086e+00 1.7231e+01 -4.3090e+00 2.7031e+00 3.3024e-01 -1.6203e+00 3.1041e-01 -5.5073e-01 1.4666e+01 -1.0475e+00 1.0175e+00 1.4703e+01 -2.9438e-01 -1.2634e+00 1.7346e+01 1.3716e+00 -1.7521e+00 2.2127e+01 -5.2128e-01 -2.6467e-01 -7.0219e-01 -4.1235e-01 1.7084e+00 -5.8583e-02 -2.0189e-01 -7.3111e-01 2.5201e+01 -7.1141e-01 -1.3194e-02 2.0071e+00 -1.3718e+00
-4.0770e+00 4.5127e+01 6.5494e+01 1.3215e+00 -1.4336e+01 2.8017e+00 -2.8451e-01 2.4684e-01 -1.2856e+01 2.3828e+00 -1.1550e+01 7.8208e-03 -1.9293e+01 -4.9765e+00 9.0444e-02 7.0327e-01 -1.8380e+01 -1.2129e-01 -3.4225e+00 -1.5512e+01 3.1500e-01 1.0749e+00 1.3198e+01 -5.0631e+00 3.0970e+00 6.7757e-01 -1.0279e+00 6.6650e-01 -4.4333e+00 9.6043e+00 -9.5439e-01 1.5439e+00 1.2376e+01 -2.5262e-01 -2.6296e-01 1.4448e+01 -3.0905e+00 -2.4572e+00 1.9516e+01 -1.5521e+00 -1.4413e-01 -7.8162e-01 4.9493e-01 1.5074e+00 -1.0995e-01 -1.7303e-01 -6.6620e-01 2.1111e+01 -2.8818e-01 3.8045e-02 1.4669e+00 -1.0183e+00
8.6135e+00 2.6237e+00 1.3215e+00 6.0892e+01 -1.4892e+00 -6.0146e+00 1.2663e+01 -1.3911e+01 -3.3089e+00 2.8855e-01 1.0279e+01 -1.3393e+00 1.1477e+00 -2.1189e-01 -5.9486e-01 -5.6303e-01 -7.6215e+00 2.5554e+00 -7.3855e+00 -6.8138e+00 -7.9229e+00 -4.5145e-01 2.1910e+01 3.3755e+00 8.6170e+00 3.1540e+00 2.5621e+00 9.1828e+00 6.8585e+00 -1.8225e+00 -9.9228e-01 5.6792e+00 4.0851e+00 -1.5396e-01 6.1039e-01 4.5071e+00 -2.9743e-01 -1.9171e+00 6.2909e+00 9.8815e+00 -9.2473e-01 -1.3265e-01 1.7386e+00 5.0874e-02 -1.0177e-01 4.5385e-02 -6.9213e-02 5.6269e+00 -6.6306e-01 -2.7581e-01 3.4041e-01 -4.8533e-01
-2.0258e+00 -1.4898e+01 -1.4336e+01 -1.4892e+00 1.1404e+02 -1.5108e+00 -1.8368e+01 -1.2488e+01 -1.1359e+01 -1.6243e+01 2.8148e+01 -1.4302e+00 -3.4351e+00 6.8324e+00 4.6731e+00 -1.2127e-01 -8.7878e+00 -4.8612e+00 -5.2015e+00 -8.6876e+00 -4.8199e+00 -2.8358e-01 -9.3508e+00 4.1259e+00 3.6242e+00 7.4975e+00 -6.5952e+00 7.7424e+00 -9.9310e+00 -8.8447e+00 -3.0001e-01 -1.3779e+01 -5.0072e-02 -7.8466e-01 -1.3311e+01 1.4958e+01 4.3843e+00 8.4836e+00 -6.4637e+00 8.1228e+00 -8.5582e-01 1.3567e+00 3.1511e+00 -7.8791e-01 4.1371e-01 3.6102e-01 6.1082e-01 -6.1334e+00 1.1415e-01 -1.8061e-01 -9.4196e+00 7.0145e+00
1.3628e+01 4.8251e+00 2.8017e+00 -6.0146e+00 -1.5108e+00 4.6102e+01 -1.2344e-01 1.1793e+00 7.8376e+00 1.0900e+00 -7.6700e+00 -1.9924e-01 -2.8635e+01 -2.3867e-01 8.8759e-02 -2.0738e-01 -1.7839e+01 -5.0034e-01 -1.6558e+00 -2.1442e+01 -2.1831e+00 -1.4890e+00 1.5459e+01 -1.0279e+00 7.8609e+00 2.4278e-01 3.2043e+00 -1.4669e+00 1.9664e+00 2.4077e+01 -2.6231e-01 -3.6399e-01 1.5285e+01 -1.2985e-01 1.4036e+01 1.5424e+01 2.2264e+00 -1.4425e+00 1.2641e+01 1.8958e-01 3.3981e-01 -1.1660e-01 -8.5740e-01 -8.5787e-01 5.8298e-01 -1.5438e-01 -1.5304e-01 1.9041e+01 8.8272e-01 -2.8044e-02 -1.3353e+00 1.6463e-01
3.6817e+00 -6.8934e-02 -2.8451e-01 1.2663e+01 -1.8368e+01 -1.2344e-01 6.0909e+01 5.6170e+00 -3.6169e+00 -1.1946e+00 -5.0699e-01 -8.9898e-01 -7.7388e+00 2.1778e-02 -3.1901e+00 6.2088e-01 -6.7566e-01 5.0177e-01 -1.7139e+00 -7.1621e-02 -6.7475e+00 1.2897e-01 1.2840e+01 -3.7725e+00 1.7773e-01 -4.7739e+00 1.5713e+01 -7.0506e+00 1.1488e+01 6.0759e+00 4.2703e-02 1.4311e+01 -1.5195e+00 7.0477e-01 5.4889e+00 -1.8170e+00 -5.0158e+00 -6.0318e+00 1.6433e+00 -2.5810e+00 -4.6585e-01 5.5021e-01 1.9138e+00 5.0909e-01 9.2318e-01 -1.7197e-02 2.5494e-01 8.7071e-01 2.1383e+00 4.7257e-01 2.5659e-01 -1.7205e+00
-9.2053e+00 -4.9296e-01 2.4684e-01 -1.3911e+01 -1.2488e+01 1.1793e+00 5.6170e+00 7.2989e+01 2.5724e+01 -1.3152e+00 -5.1167e+00 5.4263e-01 -1.5790e+01 -4.6833e-01 6.7569e-01 -3.3149e+00 -9.1844e+00 1.5180e+00 6.9259e+00 -2.8152e+00 4.9832e+00 -5.6823e-02 -1.6521e+01 -8.2272e+00 -2.1965e+01 -6.6468e+00 5.2834e+00 -1.8621e+01 1.3393e+00 3.1452e+00 5.7390e-01 6.9367e+00 -4.5590e-01 3.3348e-02 4.1764e+00 8.3258e-02 -1.7471e-01 -4.6959e+00 2.8956e+00 -8.6662e+00 7.9026e-02 5.1010e-02 1.5271e+00 3.4156e-01 -5.6033e-01 3.7337e-01 1.6829e-01 2.8517e+00 1.9990e+00 2.7758e-01 -3.1076e-01 -1.3644e+00
-3.8999e+01 -1.3147e+01 -1.2856e+01 -3.3089e+00 -1.1359e+01 7.8376e+00 -3.6169e+00 2.5724e+01 1.0239e+02 6.7394e+00 -1.1417e+01 4.9453e-02 -5.7038e-02 -1.8842e+00 3.4064e-02 1.4072e+00 -2.8305e+00 1.3680e+00 2.1420e+00 -5.4269e+00 1.1077e+00 -1.5942e+00 -9.9461e+00 4.7434e+00 8.0264e+00 -2.2341e-02 -1.2949e+01 2.1874e+00 -2.9726e+00 1.2608e+01 -7.2268e-02 4.2000e+00 8.9105e+00 -8.7937e-01 -1.4870e+01 3.7322e+00 3.5566e+00 -1.1281e+00 1.1362e+01 4.2559e+00 6.8876e-01 -3.7874e-01 1.3186e+00 1.3767e+00 -2.1161e-01 1.0037e-01 5.8533e-01 3.7540e+00 -1.0657e+00 1.4291e-01 -2.2216e-01 -1.9915e+00
-7.1112e+00 2.7211e+00 2.3828e+00 2.8855e-01 -1.6243e+01 1.0900e+00 -1.1946e+00 -1.3152e+00 6.7394e+00 3.7334e+01 -1.2746e+01 3.2069e-01 1.0524e+01 -6.5409e+00 1.2573e-01 -8.2080e-01 9.9871e+00 8.5656e-01 -1.1356e+00 9.9889e+00 -4.5203e-02 3.6014e-01 7.4375e+00 5.3724e-01 1.0487e+00 4.3928e-01 -6.6469e-01 -8.1537e-01 1.0441e+00 6.8816e+00 -5.3114e-01 -1.7606e+00 8.6817e+00 8.4032e-02 2.6332e-01 -9.0741e+00 3.6874e-01 -5.1252e-01 5.1124e+00 7.6785e-01 8.8661e-02 -7.2769e-01 9.8223e-02 -1.0987e+00 -1.2850e-02 -5.9211e-02 -2.7589e-01 1.5766e+00 1.8884e-01 1.5119e-02 6.5097e+00 -3.8938e-01
2.8300e+00 -8.7940e+00 -1.1550e+01 1.0279e+01 2.8148e+01 -7.6700e+00 -5.0699e-01 -5.1167e+00 -1.1417e+01 -1.2746e+01 6.0262e+01 -3.6307e-01 -6.2121e+00 7.7661e+00 4.7408e-01 1.7116e-01 -1.1423e+01 -4.5789e-01 1.1471e+00 -1.0877e+01 2.7881e+00 -7.6471e-01 1.1427e+00 -2.6681e-01 -3.3116e+00 5.7740e-01 3.5214e+00 1.9228e+00 -1.5760e+00 -7.9569e+00 -1.1306e+00 -3.7311e+00 1.4716e-01 -6.3545e-01 -6.7748e+00 2.0643e+01 5.2578e-01 1.7548e+00 -3.8970e+00 -1.8724e+00 3.0127e-01 6.6589e-01 -4.5882e-01 4.1886e-01 -7.9909e-02 1.5698e-01 -1.6431e-01 -3.8860e+00 -5.8779e-01 9.1150e-01 -8.6023e+00 8.8388e+00
-1.9174e+00 8.1374e-02 7.8208e-03 -1.3393e+00 -1.4302e+00 -1.9924e-01 -8.9898e-01 5.4263e-01 4.9453e-02 3.2069e-01 -3.6307e-01 1.1213e+01 1.7230e-01 -1.0204e-01 -1.2710e-01 -5.6353e-02 -4.6479e-02 -8.9955e-01 2.9737e+00 2.0336e-01 1.6414e-01 -4.5350e-02 -5.6745e+00 -3.3510e-01 -1.4386e+00 -4.5421e-01 -2.3781e+00 -4.3439e-01 1.4417e+00 1.2235e-01 -2.8291e-01 4.2429e+00 -9.1912e-02 2.7241e+00 -1.8086e+00 1.8694e-01 -3.9942e-01 -2.2817e-01 2.4489e-01 -5.0675e-02 -1.3081e-01 -1.3317e-01 -4.9235e-01 1.4518e-01 -4.3075e-02 -4.6980e-02 -3.5249e-02 -2.6007e-01 -8.5920e-02 -7.0591e-02 2.0290e-01 -6.6283e-02
-1.0979e+01 -2.4241e+01 -1.9293e+01 1.1477e+00 -3.4351e+00 -2.8635e+01 -7.7388e+00 -1.5790e+01 -5.7038e-02 1.0524e+01 -6.2121e+00 1.7230e-01 1.0132e+02 -5.1451e+00 -1.0218e+00 3.1680e+00 5.9619e+01 -5.1641e-01 -2.3139e+00 6.3964e+01 -1.7800e+00 2.6902e+00 -3.7811e+01 9.9622e+00 -3.1226e+00 6.6500e+00 -7.0381e+00 7.9128e+00 -3.6056e+00 -4.8348e+01 -6.4852e-01 -9.4688e-01 -3.7801e+01 -1.7492e-01 -1.3478e+01 -4.9112e+01 -4.4788e+00 1.9753e+00 -3.7051e+01 -1.4346e+00 1.9718e+00 -2.1984e-02 -1.4806e+00 -8.8480e-01 -6.4012e-01 2.5588e-01 6.7715e-01 -4.9745e+01 -6.4491e-01 -1.2652e-01 1.0299e+01 6.1838e-01
3.0365e-01 -4.0966e+00 -4.9765e+00 -2.1189e-01 6.8324e+00 -2.3867e-01 2.1778e-02 -4.6833e-01 -1.8842e+00 -6.5409e+00 7.7661e+00 -1.0204e-01 -5.1451e+00 1.5607e+01 -5.4537e-02 7.9588e-01 -4.5337e+00 -2.9740e-01 1.4259e+00 -4.6150e+00 -1.0698e-01 -1.9030e-01 -2.2516e+00 4.8203e-01 2.1166e-02 -2.0768e-01 -9.5944e-01 2.7612e-01 -2.7395e-01 -1.8753e+00 -1.3116e-01 -4.0116e-01 -2.1657e+00 -1.8037e-01 -2.4525e-01 3.8327e+00 -1.9098e-01 -6.0212e-01 -2.7778e+00 -1.3733e-01 -7.2453e-02 -2.2617e-01 9.5824e-02 8.6710e-02 3.3226e-01 -5.7169e-02 -7.5252e-03 -7.4457e-01 4.2362e-02 -2.5897e-02 2.7166e+00 -7.5603e-01
-2.1206e-01 8.8123e-03 9.0444e-02 -5.9486e-01 4.6731e+00 8.8759e-02 -3.1901e+00 6.7569e-01 3.4064e-02 1.2573e-01 4.7408e-01 -1.2710e-01 -1.0218e+00 -5.4537e-02 1.2006e+01 -5.0816e-02 -1.4741e-01 -4.9150e-01 -7.3492e-01 -4.6835e-01 -8.0214e-01 -3.5079e-02 -4.5990e+00 -6.7264e-01 -1.2112e+00 4.4087e+00 -3.2657e+00 -7.9396e-01 -1.1965e+00 -4.3306e-01 -2.1677e-01 -1.1898e+00 3.5484e-01 -2.1182e-01 -2.8109e+00 5.0918e-01 -1.7350e-01 -3.9462e-01 -1.0481e-01 1.7425e+00 3.3811e-02 1.8126e-02 -2.1832e-02 -1.5504e-01 -2.9320e-02 1.0123e-01 -2.0764e-02 1.2904e-01 -5.0684e-02 -4.1240e-03 -2.1293e-01 3.1619e-01
-3.7556e+00 5.7000e-01 7.0327e-01 -5.6303e-01 -1.2127e-01 -2.0738e-01 6.2088e-01 -3.3149e+00 1.4072e+00 -8.2080e-01 1.7116e-01 -5.6353e-02 3.1680e+00 7.9588e-01 -5.0816e-02 1.2791e+01 -4.6402e-01 1.1778e-01 -6.9477e-01 4.0412e-01 3.2628e-01 -8.8900e-02 -1.2757e+00 9.6663e-02 -5.7440e-01 -1.0220e-01 -5.7485e-01 6.7795e-01 -2.0396e-01 -1.3856e+00 -1.7702e-01 5.0658e-01 -3.8988e-01 -9.9034e-02 -5.2499e-01 3.9552e-01 -7.8634e-02 -1.7398e-01 -9.6921e-02 2.7647e-01 2.0396e-01 2.2088e-01 1.4256e-01 1.1658e-01 -1.1771e-01 -4.9002e-02 -3.3952e-02 -1.1360e+00 -1.7267e-01 -1.3776e-02 -7.9729e-01 -1.5196e-01
-2.2122e+01 -1.9677e+01 -1.8380e+01 -7.6215e+00 -8.7878e+00 -1.7839e+01 -6.7566e-01 -9.1844e+00 -2.8305e+00 9.9871e+00 -1.1423e+01 -4.6479e-02 5.9619e+01 -4.5337e+00 -1.4741e-01 -4.6402e-01 1.1002e+02 -4.0044e-01 -1.6402e+00 6.9250e+01 -8.5612e-01 2.9886e+00 -4.4133e+01 2.8669e+00 -1.3268e+00 -8.7073e-01 -7.1410e+00 -2.2239e+00 1.0023e+01 -3.5455e+01 -3.0855e-01 -5.6387e+00 -3.9291e+01 -3.9289e-01 -1.3940e+01 -5.3740e+01 -2.3122e+00 5.4505e-01 -3.9918e+01 8.8316e+00 5.0006e-01 -8.0853e-02 -1.6517e+00 -1.7453e+00 -5.1705e-01 6.9365e-02 7.2149e-01 -5.1275e+01 -1.8702e+00 -2.4932e-01 6.1853e+00 1.3584e-01
1.1267e-01 -3.7394e-02 -1.2129e-01 2.5554e+00 -4.8612e+00 -5.0034e-01 5.0177e-01 1.5180e+00 1.3680e+00 8.5656e-01 -4.5789e-01 -8.9955e-01 -5.1641e-01 -2.9740e-01 -4.9150e-01 1.1778e-01 -4.0044e-01 5.0843e+01 -2.9300e+00 -4.6218e-01 7.5384e+00 -7.6448e-02 1.9986e+00 -2.9730e+00 2.0482e+01 -4.2640e+00 1.0327e+00 -2.3764e+00 2.4466e+01 1.7539e+00 -1.5081e+00 2.1058e+01 2.6815e+00 -2.2759e+00 9.7927e+00 2.4145e+00 -2.4701e+00 -1.3706e+00 9.0857e-01 1.3902e+01 -5.9273e-02 -2.9788e-01 -1.0558e-01 2.6212e+00 -2.1119e-01 -3.1020e-01 -2.1071e-01 -2.4558e-01 -3.0136e-01 9.0015e-01 1.6798e-01 4.1602e-01
-1.1331e+01 -1.9095e-01 -3.4225e+00 -7.3855e+00 -5.2015e+00 -1.6558e+00 -1.7139e+00 6.9259e+00 2.1420e+00 -1.1356e+00 1.1471e+00 2.9737e+00 -2.3139e+00 1.4259e+00 -7.3492e-01 -6.9477e-01 -1.6402e+00 -2.9300e+00 5.1124e+01 -2.8229e+00 1.7003e+01 7.8899e-01 -2.1503e+01 -1.0637e+00 -7.1927e+00 8.8687e+00 -1.7482e+01 -2.0214e+00 8.3187e+00 4.1015e-01 3.8666e+00 -1.8042e+00 -8.5513e-01 2.6105e-02 -2.7316e+01 4.2680e-01 -5.7118e-01 -1.5679e-02 -1.1347e+00 -2.0984e+00 -3.6493e-01 -3.1455e-01 -2.2256e+00 -1.6939e-01 -2.2217e-01 2.6651e-01 -1.7543e-01 -1.0368e+00 -5.8706e-01 -1.9402e-01 3.3843e-01 -2.9063e-01
-8.6468e+00 -2.0359e+01 -1.5512e+01 -6.8138e+00 -8.6876e+00 -2.1442e+01 -7.1621e-02 -2.8152e+00 -5.4269e+00 9.9889e+00 -1.0877e+01 2.0336e-01 6.3964e+01 -4.6150e+00 -4.6835e-01 4.0412e-01 6.9250e+01 -4.6218e-01 -2.8229e+00 1.0329e+02 -1.7554e+00 3.3825e+00 -5.2384e+01 6.8029e+00 -3.2877e+00 -2.6351e+00 -4.5289e+00 -1.1554e+00 -6.0750e+00 -4.2881e+01 1.0202e+00 1.3825e+00 -4.1476e+01 -2.0017e+00 -9.8073e+00 -6.3062e+01 -4.7600e+00 2.0933e+00 -4.5315e+01 -8.4199e+00 2.1784e-02 8.7056e-01 -8.9239e-01 -2.2424e+00 -8.1726e-01 3.5760e-02 6.6994e-01 -5.5852e+01 -5.6816e-01 -1.2821e-01 4.9711e+00 1.6876e+00
-7.0476e+00 1.3904e-01 3.1500e-01 -7.9229e+00 -4.8199e+00 -2.1831e+00 -6.7475e+00 4.9832e+00 1.1077e+00 -4.5203e-02 2.7881e+00 1.6414e-01 -1.7800e+00 -1.0698e-01 -8.0214e-01 3.2628e-01 -8.5612e-01 7.5384e+00 1.7003e+01 -1.7554e+00 4.2220e+01 -1.1530e-01 -2.1093e+01 -1.6974e+00 2.8375e+00 -1.8564e+00 -1.6319e+01 4.9541e-01 -2.4672e-01 1.3694e+00 2.2613e+00 -1.8357e+00 7.8667e-01 -5.3720e-02 -1.7353e+01 1.4327e-01 -1.5665e+00 1.3098e+00 -5.1824e-01 -3.4371e+00 -5.8576e-02 -2.0439e-01 -6.1123e-01 4.0366e-01 -2.1005e-01 -5.6188e-02 -9.8349e-02 1.5870e-01 -7.0199e-01 1.0596e+00 1.5893e-01 -8.5089e-02
-1.1760e+00 1.4086e+00 1.0749e+00 -4.5145e-01 -2.8358e-01 -1.4890e+00 1.2897e-01 -5.6823e-02 -1.5942e+00 3.6014e-01 -7.6471e-01 -4.5350e-02 2.6902e+00 -1.9030e-01 -3.5079e-02 -8.8900e-02 2.9886e+00 -7.6448e-02 7.8899e-01 3.3825e+00 -1.1530e-01 1.1211e+01 -2.3376e+00 -5.3785e-01 -8.5497e-01 1.6938e-01 9.1875e-02 -1.2916e-01 -3.6023e-01 -3.7705e+00 -9.8116e-02 3.3845e-01 -3.8969e+00 2.0248e-01 -7.6925e-01 -2.9087e+00 -4.4027e-01 7.3699e-01 -2.7412e+00 -2.7294e-01 -8.4934e-02 -8.2860e-02 3.8342e-02 7.2914e-01 -5.7635e-02 -1.2888e-02 -9.1827e-02 -1.8031e+00 7.2396e-02 5.8442e-03 3.6209e-02 -1.5042e-02
4.4602e+01 1.7231e+01 1.3198e+01 2.1910e+01 -9.3508e+00 1.5459e+01 1.2840e+01 -1.6521e+01 -9.9461e+00 7.4375e+00 1.1427e+00 -5.6745e+00 -3.7811e+01 -2.2516e+00 -4.5990e+00 -1.2757e+00 -4.4133e+01 1.9986e+00 -2.1503e+01 -5.2384e+01 -2.1093e+01 -2.3376e+00 1.4975e+02 -8.5863e-01 2.8262e+01 4.1294e-01 4.9217e+01 8.8959e+00 5.6796e+00 3.9417e+01 -1.2951e+00 1.4562e+00 4.2057e+01 -5.4437e+00 5.4399e+01 3.9346e+01 6.9558e+00 -5.0456e-01 4.0907e+01 -8.1413e+00 6.6596e-01 -6.0796e-01 4.8118e+00 2.1372e+00 1.0517e+00 -1.0810e+00 -6.9322e-01 4.8701e+01 1.8245e+00 1.1137e-01 1.0764e+00 -2.6704e-01
1.1201e+00 -4.3090e+00 -5.0631e+00 3.3755e+00 4.1259e+00 -1.0279e+00 -3.7725e+00 -8.2272e+00 4.7434e+00 5.3724e-01 -2.6681e-01 -3.3510e-01 9.9622e+00 4.8203e-01 -6.7264e-01 9.6663e-02 2.8669e+00 -2.9730e+00 -1.0637e+00 6.8029e+00 -1.6974e+00 -5.3785e-01 -8.5863e-01 3.0802e+01 7.8044e+00 9.6015e+00 -4.6998e+00 6.8478e+00 -5.0434e+00 4.0511e+00 -7.1802e-01 -5.8231e+00 -3.9272e+00 -1.0286e+00 -5.5089e-01 -4.5126e+00 -1.0475e+00 8.1847e-01 -3.7992e+00 2.2420e+00 1.5160e-01 -1.6560e-01 5.7273e-01 -1.0635e+00 -1.1497e-01 -1.1707e-01 -1.8112e-01 -4.6578e+00 -1.7216e-01 7.2167e-02 -5.8499e-01 -9.8804e-01
-3.3489e+00 2.7031e+00 3.0970e+00 8.6170e+00 3.6242e+00 7.8609e+00 1.7773e-01 -2.1965e+01 8.0264e+00 1.0487e+00 -3.3116e+00 -1.4386e+00 -3.1226e+00 2.1166e-02 -1.2112e+00 -5.7440e-01 -1.3268e+00 2.0482e+01 -7.1927e+00 -3.2877e+00 2.8375e+00 -8.5497e-01 2.8262e+01 7.8044e+00 1.1245e+02 6.2538e+00 -1.3035e+01 1.7810e+01 9.9705e+00 1.3646e+01 -1.4970e+00 2.1651e+01 6.0465e+00 -1.7660e+00 3.2892e+00 -2.5999e+00 -5.0465e+00 5.4215e+00 1.9526e+00 1.7328e+01 2.3512e-01 -2.9963e-03 -1.9007e+00 -7.1296e-01 1.8625e+00 -5.2191e-01 -2.2440e-01 8.2174e+00 3.0077e+00 5.8164e-01 1.3920e+00 -2.3087e+00
2.3630e+00 3.3024e-01 6.7757e-01 3.1540e+00 7.4975e+00 2.4278e-01 -4.7739e+00 -6.6468e+00 -2.2341e-02 4.3928e-01 5.7740e-01 -4.5421e-01 6.6500e+00 -2.0768e-01 4.4087e+00 -1.0220e-01 -8.7073e-01 -4.2640e+00 8.8687e+00 -2.6351e+00 -1.8564e+00 1.6938e-01 4.1294e-01 9.6015e+00 6.2538e+00 3.2434e+01 -8.1621e+00 5.3247e+00 2.7484e+00 6.1178e-01 8.0451e-01 -1.0048e+01 6.7471e-01 -1.0128e+00 -1.2733e+01 -9.6729e-01 -1.9211e+00 1.2847e+00 -2.6809e-01 1.0930e+01 -1.5926e-01 -8.9195e-02 -6.9367e-01 1.3642e+00 -9.2459e-02 3.4339e-01 -8.9790e-02 -1.4172e-01 -3.5047e-02 1.1065e+00 1.2965e-01 -1.9281e+00
3.4460e+01 -1.6203e+00 -1.0279e+00 2.5621e+00 -6.5952e+00 3.2043e+00 1.5713e+01 5.2834e+00 -1.2949e+01 -6.6469e-01 3.5214e+00 -2.3781e+00 -7.0381e+00 -9.5944e-01 -3.2657e+00 -5.7485e-01 -7.1410e+00 1.0327e+00 -1.7482e+01 -4.5289e+00 -1.6319e+01 9.1875e-02 4.9217e+01 -4.6998e+00 -1.3035e+01 -8.1621e+00 1.0816e+02 -1.8151e+01 9.4762e+00 4.0225e+00 -1.8535e-01 7.4698e+00 5.4661e-01 2.3892e-01 6.1668e+01 3.9375e+00 2.3007e+00 -4.1561e+00 -2.4775e+00 -2.6551e+01 8.9674e-01 -2.3663e-01 4.9451e+00 1.1648e+00 -9.1294e-01 -3.1634e-01 -3.9336e-01 2.4641e+00 -5.4918e-01 5.5447e-01 -1.9219e+00 2.2577e+00
1.5959e+00 3.1041e-01 6.6650e-01 9.1828e+00 7.7424e+00 -1.4669e+00 -7.0506e+00 -1.8621e+01 2.1874e+00 -8.1537e-01 1.9228e+00 -4.3439e-01 7.9128e+00 2.7612e-01 -7.9396e-01 6.7795e-01 -2.2239e+00 -2.3764e+00 -2.0214e+00 -1.1554e+00 4.9541e-01 -1.2916e-01 8.8959e+00 6.8478e+00 1.7810e+01 5.3247e+00 -1.8151e+01 3.8574e+01 -4.5087e+00 1.6170e+00 -2.3289e-01 -8.9505e-01 1.1161e+00 -3.5229e-01 -7.1737e+00 -4.6526e-01 -1.5334e+00 6.6647e+00 7.4828e-01 8.0436e+00 -1.7415e-01 -2.2300e-01 -1.0686e+00 -4.2261e-01 8.2638e-02 -1.2960e-01 -6.3729e-02 4.7777e-01 1.0737e-02 -2.3385e-01 3.3781e-01 -8.6223e-01
-2.0906e+00 -5.5073e-01 -4.4333e+00 6.8585e+00 -9.9310e+00 1.9664e+00 1.1488e+01 1.3393e+00 -2.9726e+00 1.0441e+00 -1.5760e+00 1.4417e+00 -3.6056e+00 -2.7395e-01 -1.1965e+00 -2.0396e-01 1.0023e+01 2.4466e+01 8.3187e+00 -6.0750e+00 -2.4672e-01 -3.6023e-01 5.6796e+00 -5.0434e+00 9.9705e+00 2.7484e+00 9.4762e+00 -4.5087e+00 7.4798e+01 7.4479e+00 -7.0747e-01 2.8878e+01 4.2025e+00 1.2799e+00 1.0732e+00 4.2644e+00 -2.9042e+00 -3.0097e+00 2.3302e+00 3.2833e+01 1.6170e-02 -5.1563e-01 -1.4927e+00 1.1540e+00 -3.9713e-01 4.5434e-01 -3.0765e-01 1.8886e+00 -6.4004e-01 -7.3388e-01 6.3099e-01 2.5906e-01
4.2122e+00 1.4666e+01 9.6043e+00 -1.8225e+00 -8.8447e+00 2.4077e+01 6.0759e+00 3.1452e+00 1.2608e+01 6.8816e+00 -7.9569e+00 1.2235e-01 -4.8348e+01 -1.8753e+00 -4.3306e-01 -1.3856e+00 -3.5455e+01 1.7539e+00 4.1015e-01 -4.2881e+01 1.3694e+00 -3.7705e+00 3.9417e+01 4.0511e+00 1.3646e+01 6.1178e-01 4.0225e+00 1.6170e+00 7.4479e+00 8.9404e+01 5.0344e-01 6.9544e+00 3.3847e+01 1.1097e+00 1.7288e+01 3.0091e+01 -9.1937e+00 -5.4190e-01 3.3874e+01 3.6190e+00 -1.3356e-01 -4.3056e-01 1.3894e+00 1.6349e+00 7.1681e-01 -2.0651e-01 3.6854e-01 4.6540e+01 1.3987e+00 1.7033e-02 3.5990e+00 -4.9828e-01
1.6986e+00 -1.0475e+00 -9.5439e-01 -9.9228e-01 -3.0001e-01 -2.6231e-01 4.2703e-02 5.7390e-01 -7.2268e-02 -5.3114e-01 -1.1306e+00 -2.8291e-01 -6.4852e-01 -1.3116e-01 -2.1677e-01 -1.7702e-01 -3.0855e-01 -1.5081e+00 3.8666e+00 1.0202e+00 2.2613e+00 -9.8116e-02 -1.2951e+00 -7.1802e-01 -1.4970e+00 8.0451e-01 -1.8535e-01 -2.3289e-01 -7.0747e-01 5.0344e-01 2.0375e+01 -2.0784e+00 -2.8704e-01 -4.2665e-01 -1.2312e+00 -3.3505e+00 5.3416e-01 -5.0159e-01 -1.1584e+00 -4.1487e+00 -1.2186e-01 -1.1493e-02 2.7857e+00 2.7674e-01 -1.8165e-01 1.4867e-02 5.8404e-01 -6.4859e-01 -1.4196e-01 -1.3278e-01 -4.1482e-01 2.8037e+00
-2.2747e-01 1.0175e+00 1.5439e+00 5.6792e+00 -1.3779e+01 -3.6399e-01 1.4311e+01 6.9367e+00 4.2000e+00 -1.7606e+00 -3.7311e+00 4.2429e+00 -9.4688e-01 -4.0116e-01 -1.1898e+00 5.0658e-01 -5.6387e+00 2.1058e+01 -1.8042e+00 1.3825e+00 -1.8357e+00 3.3845e-01 1.4562e+00 -5.8231e+00 2.1651e+01 -1.0048e+01 7.4698e+00 -8.9505e-01 2.8878e+01 6.9544e+00 -2.0784e+00 9.2235e+01 -5.3198e+00 6.1851e+00 3.1983e+01 -5.0047e+00 -6.9886e+00 -2.0780e+00 2.4900e+00 -3.7385e+00 -7.5220e-01 2.9614e-02 -7.3278e-01 2.7935e-01 4.2797e-01 8.9656e-02 -3.1150e-01 1.2473e+00 -2.4201e-01 -2.7323e-01 -4.3425e-01 -2.0471e+00
7.0714e+00 1.4703e+01 1.2376e+01 4.0851e+00 -5.0072e-02 1.5285e+01 -1.5195e+00 -4.5590e-01 8.9105e+00 8.6817e+00 1.4716e-01 -9.1912e-02 -3.7801e+01 -2.1657e+00 3.5484e-01 -3.8988e-01 -3.9291e+01 2.6815e+00 -8.5513e-01 -4.1476e+01 7.8667e-01 -3.8969e+00 4.2057e+01 -3.9272e+00 6.0465e+00 6.7471e-01 5.4661e-01 1.1161e+00 4.2025e+00 3.3847e+01 -2.8704e-01 -5.3198e+00 7.4856e+01 -4.9642e+00 4.2696e+00 4.3532e+01 3.7571e+00 4.8147e+00 4.6342e+01 5.9128e+00 -2.1073e-01 -1.0963e+00 1.0354e+00 1.6958e+00 6.7083e-01 -1.0674e-01 -9.7585e-01 4.4365e+01 -2.1111e-01 8.6570e-02 5.1418e-01 -4.6201e-01
2.0353e-02 -2.9438e-01 -2.5262e-01 -1.5396e-01 -7.8466e-01 -1.2985e-01 7.0477e-01 3.3348e-02 -8.7937e-01 8.4032e-02 -6.3545e-01 2.7241e+00 -1.7492e-01 -1.8037e-01 -2.1182e-01 -9.9034e-02 -3.9289e-01 -2.2759e+00 2.6105e-02 -2.0017e+00 -5.3720e-02 2.0248e-01 -5.4437e+00 -1.0286e+00 -1.7660e+00 -1.0128e+00 2.3892e-01 -3.5229e-01 1.2799e+00 1.1097e+00 -4.2665e-01 6.1851e+00 -4.9642e+00 1.9358e+01 1.8784e+00 3.3641e-01 -1.3977e+00 -4.8358e-01 1.2428e-01 1.3996e-01 3.3612e-02 -2.9829e-02 -2.2769e-01 -6.3678e-01 -1.4772e-01 3.3658e-01 -2.9552e-02 2.3018e-01 -4.0461e-02 2.1121e-01 -1.4888e-02 -3.6787e-01
5.0218e+01 -1.2634e+00 -2.6296e-01 6.1039e-01 -1.3311e+01 1.4036e+01 5.4889e+00 4.1764e+00 -1.4870e+01 2.6332e-01 -6.7748e+00 -1.8086e+00 -1.3478e+01 -2.4525e-01 -2.8109e+00 -5.2499e-01 -1.3940e+01 9.7927e+00 -2.7316e+01 -9.8073e+00 -1.7353e+01 -7.6925e-01 5.4399e+01 -5.5089e-01 3.2892e+00 -1.2733e+01 6.1668e+01 -7.1737e+00 1.0732e+00 1.7288e+01 -1.2312e+00 3.1983e+01 4.2696e+00 1.8784e+00 1.5639e+02 2.8378e+00 2.4113e+00 1.2008e+00 1.8778e+00 -3.3089e+01 7.8315e-01 -2.7938e-01 4.1150e+00 2.0513e-01 -3.1127e-01 -4.9536e-01 8.8579e-01 1.2449e+01 -9.3242e-01 6.4767e-01 9.2218e-01 -2.2069e+00
5.2556e+00 1.7346e+01 1.4448e+01 4.5071e+00 1.4958e+01 1.5424e+01 -1.8170e+00 8.3258e-02 3.7322e+00 -9.0741e+00 2.0643e+01 1.8694e-01 -4.9112e+01 3.8327e+00 5.0918e-01 3.9552e-01 -5.3740e+01 2.4145e+00 4.2680e-01 -6.3062e+01 1.4327e-01 -2.9087e+00 3.9346e+01 -4.5126e+00 -2.5999e+00 -9.6729e-01 3.9375e+00 -4.6526e-01 4.2644e+00 3.0091e+01 -3.3505e+00 -5.0047e+00 4.3532e+01 3.3641e-01 2.8378e+00 9.1782e+01 3.2049e+00 5.8578e-02 4.6517e+01 4.6968e+00 -4.6544e-01 -1.9899e-01 1.2682e-01 3.2351e+00 2.2256e-01 -2.2221e-01 -8.1323e-01 4.8758e+01 -3.6158e-01 1.5831e-01 -5.7996e+00 1.7991e+01
7.1547e-01 1.3716e+00 -3.0905e+00 -2.9743e-01 4.3843e+00 2.2264e+00 -5.0158e+00 -1.7471e-01 3.5566e+00 3.6874e-01 5.2578e-01 -3.9942e-01 -4.4788e+00 -1.9098e-01 -1.7350e-01 -7.8634e-02 -2.3122e+00 -2.4701e+00 -5.7118e-01 -4.7600e+00 -1.5665e+00 -4.4027e-01 6.9558e+00 -1.0475e+00 -5.0465e+00 -1.9211e+00 2.3007e+00 -1.5334e+00 -2.9042e+00 -9.1937e+00 5.3416e-01 -6.9886e+00 3.7571e+00 -1.3977e+00 2.4113e+00 3.2049e+00 3.2766e+01 -1.2026e+00 3.0036e+00 -3.7290e+00 -2.4490e-01 -1.1275e-01 6.4429e-01 -8.7971e-01 8.2312e-01 -1.0488e-01 -1.0954e-01 3.2186e+00 -3.5314e-01 -1.3022e-01 1.7689e-01 3.8629e-02
3.8208e-01 -1.7521e+00 -2.4572e+00 -1.9171e+00 8.4836e+00 -1.4425e+00 -6.0318e+00 -4.6959e+00 -1.1281e+00 -5.1252e-01 1.7548e+00 -2.2817e-01 1.9753e+00 -6.0212e-01 -3.9462e-01 -1.7398e-01 5.4505e-01 -1.3706e+00 -1.5679e-02 2.0933e+00 1.3098e+00 7.3699e-01 -5.0456e-01 8.1847e-01 5.4215e+00 1.2847e+00 -4.1561e+00 6.6647e+00 -3.0097e+00 -5.4190e-01 -5.0159e-01 -2.0780e+00 4.8147e+00 -4.8358e-01 1.2008e+00 5.8578e-02 -1.2026e+00 3.1897e+01 -1.0286e+00 1.9525e+00 -2.5328e-01 2.8189e+00 -5.1334e-01 4.6832e+00 -1.1998e-01 -9.5454e-02 -1.9791e-01 -8.7809e-01 -1.3241e-01 -9.6679e-02 -1.3871e+00 5.1983e-01
2.0841e+00 2.2127e+01 1.9516e+01 6.2909e+00 -6.4637e+00 1.2641e+01 1.6433e+00 2.8956e+00 1.1362e+01 5.1124e+00 -3.8970e+00 2.4489e-01 -3.7051e+01 -2.7778e+00 -1.0481e-01 -9.6921e-02 -3.9918e+01 9.0857e-01 -1.1347e+00 -4.5315e+01 -5.1824e-01 -2.7412e+00 4.0907e+01 -3.7992e+00 1.9526e+00 -2.6809e-01 -2.4775e+00 7.4828e-01 2.3302e+00 3.3874e+01 -1.1584e+00 2.4900e+00 4.6342e+01 1.2428e-01 1.8778e+00 4.6517e+01 3.0036e+00 -1.0286e+00 7.3555e+01 3.1287e+00 -1.9137e-01 -7.2458e-01 8.6751e-01 1.9998e+00 3.8018e-01 -1.3845e-01 -7.9999e-01 5.1919e+01 -2.0134e-01 5.4569e-02 4.2907e+00 2.6163e-01
-1.3252e+01 -5.2128e-01 -1.5521e+00 9.8815e+00 8.1228e+00 1.8958e-01 -2.5810e+00 -8.6662e+00 4.2559e+00 7.6785e-01 -1.8724e+00 -5.0675e-02 -1.4346e+00 -1.3733e-01 1.7425e+00 2.7647e-01 8.8316e+00 1.3902e+01 -2.0984e+00 -8.4199e+00 -3.4371e+00 -2.7294e-01 -8.1413e+00 2.2420e+00 1.7328e+01 1.0930e+01 -2.6551e+01 8.0436e+00 3.2833e+01 3.6190e+00 -4.1487e+00 -3.7385e+00 5.9128e+00 1.3996e-01 -3.3089e+01 4.6968e+00 -3.7290e+00 1.9525e+00 3.1287e+00 1.0329e+02 -5.4915e-01 -3.2998e-01 -6.6389e+00 -2.4313e+00 3.6190e-01 3.6142e-01 3.5287e-01 7.3698e-01 -1.1809e+00 -1.3875e+00 2.3722e-01 -2.8327e-01
-1.5039e-02 -2.6467e-01 -1.4413e-01 -9.2473e-01 -8.5582e-01 3.3981e-01 -4.6585e-01 7.9026e-02 6.8876e-01 8.8661e-02 3.0127e-01 -1.3081e-01 1.9718e+00 -7.2453e-02 3.3811e-02 2.0396e-01 5.0006e-01 -5.9273e-02 -3.6493e-01 2.1784e-02 -5.8576e-02 -8.4934e-02 6.6596e-01 1.5160e-01 2.3512e-01 -1.5926e-01 8.9674e-01 -1.7415e-01 1.6170e-02 -1.3356e-01 -1.2186e-01 -7.5220e-01 -2.1073e-01 3.3612e-02 7.8315e-01 -4.6544e-01 -2.4490e-01 -2.5328e-01 -1.9137e-01 -5.4915e-01 9.5045e+00 -2.4471e-02 -1.2049e-01 -1.7855e-02 -4.4628e-02 -2.0607e-02 -3.9810e-03 -2.8026e-01 -3.0865e-02 9.2353e-03 -5.3920e-02 -2.7876e-01
-2.7118e-01 -7.0219e-01 -7.8162e-01 -1.3265e-01 1.3567e+00 -1.1660e-01 5.5021e-01 5.1010e-02 -3.7874e-01 -7.2769e-01 6.6589e-01 -1.3317e-01 -2.1984e-02 -2.2617e-01 1.8126e-02 2.2088e-01 -8.0853e-02 -2.9788e-01 -3.1455e-01 8.7056e-01 -2.0439e-01 -8.2860e-02 -6.0796e-01 -1.6560e-01 -2.9963e-03 -8.9195e-02 -2.3663e-01 -2.2300e-01 -5.1563e-01 -4.3056e-01 -1.1493e-02 2.9614e-02 -1.0963e+00 -2.9829e-02 -2.7938e-01 -1.9899e-01 -1.1275e-01 2.8189e+00 -7.2458e-01 -3.2998e-01 -2.4471e-02 8.6354e+00 2.3420e-02 2.2627e-03 1.2698e-01 -1.4375e-02 -2.3040e-02 -8.8221e-01 3.9924e-01 -3.0415e-02 -8.8004e-01 -5.0411e-02
3.5237e+00 -4.1235e-01 4.9493e-01 1.7386e+00 3.1511e+00 -8.5740e-01 1.9138e+00 1.5271e+00 1.3186e+00 9.8223e-02 -4.5882e-01 -4.9235e-01 -1.4806e+00 9.5824e-02 -2.1832e-02 1.4256e-01 -1.6517e+00 -1.0558e-01 -2.2256e+00 -8.9239e-01 -6.1123e-01 3.8342e-02 4.8118e+00 5.7273e-01 -1.9007e+00 -6.9367e-01 4.9451e+00 -1.0686e+00 -1.4927e+00 1.3894e+00 2.7857e+00 -7.3278e-01 1.0354e+00 -2.2769e-01 4.1150e+00 1.2682e-01 6.4429e-01 -5.1334e-01 8.6751e-01 -6.6389e+00 -1.2049e-01 2.3420e-02 2.8574e+01 -1.1843e-01 -3.9768e-02 -3.3114e-02 2.4112e-01 9.0477e-01 8.0730e-02 -1.9981e-01 1.9316e-01 -4.6049e-02
-5.2144e-01 1.7084e+00 1.5074e+00 5.0874e-02 -7.8791e-01 -8.5787e-01 5.0909e-01 3.4156e-01 1.3767e+00 -1.0987e+00 4.1886e-01 1.4518e-01 -8.8480e-01 8.6710e-02 -1.5504e-01 1.1658e-01 -1.7453e+00 2.6212e+00 -1.6939e-01 -2.2424e+00 4.0366e-01 7.2914e-01 2.1372e+00 -1.0635e+00 -7.1296e-01 1.3642e+00 1.1648e+00 -4.2261e-01 1.1540e+00 1.6349e+00 2.7674e-01 2.7935e-01 1.6958e+00 -6.3678e-01 2.0513e-01 3.2351e+00 -8.7971e-01 4.6832e+00 1.9998e+00 -2.4313e+00 -1.7855e-02 2.2627e-03 -1.1843e-01 1.6865e+01 -4.9920e-02 -4.9288e-02 -7.4633e-02 2.1504e+00 9.4402e-02 1.3983e+00 2.2752e-01 1.3576e-01
3.9179e-01 -5.8583e-02 -1.0995e-01 -1.0177e-01 4.1371e-01 5.8298e-01 9.2318e-01 -5.6033e-01 -2.1161e-01 -1.2850e-02 -7.9909e-02 -4.3075e-02 -6.4012e-01 3.3226e-01 -2.9320e-02 -1.1771e-01 -5.1705e-01 -2.1119e-01 -2.2217e-01 -8.1726e-01 -2.1005e-01 -5.7635e-02 1.0517e+00 -1.1497e-01 1.8625e+00 -9.2459e-02 -9.1294e-01 8.2638e-02 -3.9713e-01 7.1681e-01 -1.8165e-01 4.2797e-01 6.7083e-01 -1.4772e-01 -3.1127e-01 2.2256e-01 8.2312e-01 -1.1998e-01 3.8018e-01 3.6190e-01 -4.4628e-02 1.2698e-01 -3.9768e-02 -4.9920e-02 8.7489e+00 1.7803e-02 7.9842e-03 5.6396e-01 -2.2863e-01 -4.0589e-02 3.5964e-01 -3.3093e-01
-2.3208e-01 -2.0189e-01 -1.7303e-01 4.5385e-02 3.6102e-01 -1.5438e-01 -1.7197e-02 3.7337e-01 1.0037e-01 -5.9211e-02 1.5698e-01 -4.6980e-02 2.5588e-01 -5.7169e-02 1.0123e-01 -4.9002e-02 6.9365e-02 -3.1020e-01 2.6651e-01 3.5760e-02 -5.6188e-02 -1.2888e-02 -1.0810e+00 -1.1707e-01 -5.2191e-01 3.4339e-01 -3.1634e-01 -1.2960e-01 4.5434e-01 -2.0651e-01 1.4867e-02 8.9656e-02 -1.0674e-01 3.3658e-01 -4.9536e-01 -2.2221e-01 -1.0488e-01 -9.5454e-02 -1.3845e-01 3.6142e-01 -2.0607e-02 -1.4375e-02 -3.3114e-02 -4.9288e-02 1.7803e-02 4.5724e+00 1.3131e-02 -5.9462e-02 -9.0601e-02 -4.8038e-03 6.7754e-02 2.0567e-02
-1.8329e-01 -7.3111e-01 -6.6620e-01 -6.9213e-02 6.1082e-01 -1.5304e-01 2.5494e-01 1.6829e-01 5.8533e-01 -2.7589e-01 -1.6431e-01 -3.5249e-02 6.7715e-01 -7.5252e-03 -2.0764e-02 -3.3952e-02 7.2149e-01 -2.1071e-01 -1.7543e-01 6.6994e-01 -9.8349e-02 -9.1827e-02 -6.9322e-01 -1.8112e-01 -2.2440e-01 -8.9790e-02 -3.9336e-01 -6.3729e-02 -3.0765e-01 3.6854e-01 5.8404e-01 -3.1150e-01 -9.7585e-01 -2.9552e-02 8.8579e-01 -8.1323e-01 -1.0954e-01 -1.9791e-01 -7.9999e-01 3.5287e-01 -3.9810e-03 -2.3040e-02 2.4112e-01 -7.4633e-02 7.9842e-03 1.3131e-02 4.9058e+00 -7.9897e-01 3.4496e-01 -2.0824e-02 1.2912e-02 -5.0683e-04
7.6646e+00 2.5201e+01 2.1111e+01 5.6269e+00 -6.1334e+00 1.9041e+01 8.7071e-01 2.8517e+00 3.7540e+00 1.5766e+00 -3.8860e+00 -2.6007e-01 -4.9745e+01 -7.4457e-01 1.2904e-01 -1.1360e+00 -5.1275e+01 -2.4558e-01 -1.0368e+00 -5.5852e+01 1.5870e-01 -1.8031e+00 4.8701e+01 -4.6578e+00 8.2174e+00 -1.4172e-01 2.4641e+00 4.7777e-01 1.8886e+00 4.6540e+01 -6.4859e-01 1.2473e+00 4.4365e+01 2.3018e-01 1.2449e+01 4.8758e+01 3.2186e+00 -8.7809e-01 5.1919e+01 7.3698e-01 -2.8026e-01 -8.8221e-01 9.0477e-01 2.1504e+00 5.6396e-01 -5.9462e-02 -7.9897e-01 7.8721e+01 4.8730e-01 9.9513e-02 1.4420e+01 5.6710e-01
2.9589e-01 -7.1141e-01 -2.8818e-01 -6.6306e-01 1.1415e-01 8.8272e-01 2.1383e+00 1.9990e+00 -1.0657e+00 1.8884e-01 -5.8779e-01 -8.5920e-02 -6.4491e-01 4.2362e-02 -5.0684e-02 -1.7267e-01 -1.8702e+00 -3.0136e-01 -5.8706e-01 -5.6816e-01 -7.0199e-01 7.2396e-02 1.8245e+00 -1.7216e-01 3.0077e+00 -3.5047e-02 -5.4918e-01 1.0737e-02 -6.4004e-01 1.3987e+00 -1.4196e-01 -2.4201e-01 -2.1111e-01 -4.0461e-02 -9.3242e-01 -3.6158e-01 -3.5314e-01 -1.3241e-01 -2.0134e-01 -1.1809e+00 -3.0865e-02 3.9924e-01 8.0730e-02 9.4402e-02 -2.2863e-01 -9.0601e-02 3.4496e-01 4.8730e-01 1.7812e+01 -5.2842e-02 6.2193e-01 7.9793e-02
2.5957e-01 -1.3194e-02 3.8045e-02 -2.7581e-01 -1.8061e-01 -2.8044e-02 4.7257e-01 2.7758e-01 1.4291e-01 1.5119e-02 9.1150e-01 -7.0591e-02 -1.2652e-01 -2.5897e-02 -4.1240e-03 -1.3776e-02 -2.4932e-01 9.0015e-01 -1.9402e-01 -1.2821e-01 1.0596e+00 5.8442e-03 1.1137e-01 7.2167e-02 5.8164e-01 1.1065e+00 5.5447e-01 -2.3385e-01 -7.3388e-01 1.7033e-02 -1.3278e-01 -2.7323e-01 8.6570e-02 2.1121e-01 6.4767e-01 1.5831e-01 -1.3022e-01 -9.6679e-02 5.4569e-02 -1.3875e+00 9.2353e-03 -3.0415e-02 -1.9981e-01 1.3983e+00 -4.0589e-02 -4.8038e-03 -2.0824e-02 9.9513e-02 -5.2842e-02 5.7804e+00 2.4794e-02 -1.2869e-02
-1.2692e+00 2.0071e+00 1.4669e+00 3.4041e-01 -9.4196e+00 -1.3353e+00 2.5659e-01 -3.1076e-01 -2.2216e-01 6.5097e+00 -8.6023e+00 2.0290e-01 1.0299e+01 2.7166e+00 -2.1293e-01 -7.9729e-01 6.1853e+00 1.6798e-01 3.3843e-01 4.9711e+00 1.5893e-01 3.6209e-02 1.0764e+00 -5.8499e-01 1.3920e+00 1.2965e-01 -1.9219e+00 3.3781e-01 6.3099e-01 3.5990e+00 -4.1482e-01 -4.3425e-01 5.1418e-01 -1.4888e-02 9.2218e-01 -5.7996e+00 1.7689e-01 -1.3871e+00 4.2907e+00 2.3722e-01 -5.3920e-02 -8.8004e-01 1.9316e-01 2.2752e-01 3.5964e-01 6.7754e-02 1.2912e-02 1.4420e+01 6.2193e-01 2.4794e-02 2.6487e+01 7.7614e-02
-8.9941e-01 -1.3718e+00 -1.0183e+00 -4.8533e-01 7.0145e+00 1.6463e-01 -1.7205e+00 -1.3644e+00 -1.9915e+00 -3.8938e-01 8.8388e+00 -6.6283e-02 6.1838e-01 -7.5603e-01 3.1619e-01 -1.5196e-01 1.3584e-01 4.1602e-01 -2.9063e-01 1.6876e+00 -8.5089e-02 -1.5042e-02 -2.6704e-01 -9.8804e-01 -2.3087e+00 -1.9281e+00 2.2577e+00 -8.6223e-01 2.5906e-01 -4.9828e-01 2.8037e+00 -2.0471e+00 -4.6201e-01 -3.6787e-01 -2.2069e+00 1.7991e+01 3.8629e-02 5.1983e-01 2.6163e-01 -2.8327e-01 -2.7876e-01 -5.0411e-02 -4.6049e-02 1.3576e-01 -3.3093e-01 2.0567e-02 -5.0683e-04 5.6710e-01 7.9793e-02 -1.2869e-02 7.7614e-02 2.1825e+01
