3.3146e+01 -7.1591e-01 5.0452e+00 1.0322e+00 7.9696e-01 -1.1723e+00 1.3851e-01 -7.5766e+00 -5.4070e+00 -4.0171e-01 6.7215e+00 5.9104e+00 -1.0826e+00 -2.4957e-01 -1.5154e-01 7.5986e+00 -3.0527e-01 -5.0967e+00 6.3766e-02 1.1349e+00 -9.2913e-01 -5.3819e-01 2.8258e-03 -1.6957e+00 2.1112e+00 -2.5383e-01 -2.0889e-01 -7.7334e-01 -2.0319e-01 2.1936e+00 2.0834e-01 -4.8088e-01 -8.8147e-01 -5.6717e-01 -7.7563e-02 -1.5380e+00 -5.0449e-01 -2.4901e-01 -3.9403e-01 -1.3949e-01 -1.3593e-01 -1.6776e-02 -3.5674e-01 5.8686e-02 -4.4292e-01 -4.9658e-02 5.2455e-02 2.1918e-02 3.8687e-02 1.0963e-01 -2.9965e-01 -7.5219e-01
-7.1591e-01 2.2824e+01 -1.1965e+00 -1.4199e+00 7.9929e-01 -1.5905e+00 2.0990e+00 -4.2958e+00 1.3632e-01 6.2428e-01 1.2165e+00 -3.5513e-01 1.0493e+01 5.4738e+00 6.1210e-02 -5.6856e-02 1.5291e-01 -1.9160e-01 -1.9716e-01 -1.0099e-01 3.1804e+00 3.7982e-01 -5.6689e-01 -1.5860e-02 3.6060e-01 -6.5933e-01 -1.5505e-01 -2.6040e-01 -6.3017e-01 -1.3707e-01 -3.3222e-01 -7.8230e-01 -9.7490e-02 -2.5341e-01 -2.2181e+00 3.2050e-01 -1.0993e+00 3.7760e-02 -5.2249e-02 -1.2844e-02 -9.2723e-02 3.6302e-02 9.2918e-02 -8.6498e-03 4.6038e-02 5.1633e-02 -7.7032e-02 -3.2532e-01 3.9085e-02 5.2127e-02 1.8325e+00 2.1349e+01
5.0452e+00 -1.1965e+00 1.0660e+02 -4.6415e+01 3.5611e+00 8.0187e+00 1.4313e+00 -2.4027e+01 -1.2028e+01 1.6388e+00 6.4290e+00 1.8012e+01 -2.6002e+00 -9.7913e-01 4.6152e+00 1.2386e+01 5.0598e+00 -2.1206e+01 -1.3630e+00 -5.9271e+00 6.3768e-01 3.2324e-01 5.1623e+00 1.1394e+00 2.7532e+00 -1.3404e+00 -1.7645e+00 -1.9294e+00 3.2762e+00 -8.1591e+00 3.6879e-01 1.2230e+00 6.3821e-02 2.3104e+00 -2.7846e-01 -1.1275e+01 -7.4013e+00 1.9262e+00 -4.5537e-01 -1.7198e-01 -6.4893e-01 4.6323e-01 1.0208e+00 -5.6954e-01 -9.3168e-01 5.9922e-01 -4.3533e-01 -5.1057e-01 -3.0300e-01 -6.2362e-02 -1.9027e-01 -1.2992e+00
1.0322e+00 -1.4199e+00 -4.6415e+01 1.0549e+02 -8.4150e-02 2.5332e-01 1.6647e+00 8.0626e+00 -1.2765e+01 4.4385e-01 -7.2539e+00 8.6264e+00 -2.2140e+00 6.7487e-01 -6.6367e+00 2.2946e+01 -3.3467e+00 1.0497e+01 5.9628e-01 8.5123e+00 4.7583e+00 1.4528e+00 3.7347e+00 -2.6726e+00 1.6352e+01 -4.8922e+00 2.7523e+00 2.5082e-01 2.4561e+00 4.1324e+00 -5.1968e-01 -5.4786e+00 -5.2964e+00 1.4682e+00 -9.1256e+00 8.2730e+00 3.3187e+00 -2.7095e+00 -5.6111e+00 2.4978e-01 -1.3426e+00 -1.4319e-01 -2.0179e+00 2.8449e-01 6.8206e-01 3.3360e-01 -5.5779e-02 4.6361e-01 -1.2166e-01 6.4535e-02 4.7415e-01 -1.3865e+00
7.9696e-01 7.9929e-01 3.5611e+00 -8.4150e-02 4.6026e+01 2.0093e+01 -1.3680e+00 -4.9168e+00 7.1758e+00 -1.1860e+00 -9.0928e-01 1.3635e+01 4.0825e+00 -1.3337e+00 -7.0873e-01 1.3332e+00 1.8359e+00 4.1047e-01 -3.2171e-01 -5.4989e-01 -5.9847e-01 9.8578e-02 9.9418e+00 9.4915e-01 1.4239e-01 -4.1134e-01 -3.9398e-01 -1.2261e+00 9.0797e+00 7.7933e+00 2.3774e+00 -6.7902e-01 4.1691e-01 8.3561e-02 2.0957e-01 -2.0285e+00 -3.8023e+00 -6.8762e-01 -1.8634e+00 -8.0453e-03 -4.0859e-02 1.5481e-02 -4.6783e-04 -2.0720e-01 -4.4008e-01 -7.8930e-01 -1.4957e-01 3.6409e-02 -1.0758e-01 1.3447e-02 -1.9396e+00 7.9138e-01
-1.1723e+00 -1.5905e+00 8.0187e+00 2.5332e-01 2.0093e+01 3.6766e+01 6.0292e-01 -7.2392e-01 -2.4080e+00 5.3341e-01 1.4764e-01 1.3952e+01 4.1466e-01 7.5685e-01 -4.9564e-01 -6.4306e-01 -1.2013e+00 3.5875e+00 -2.3778e-01 -2.8428e+00 -3.9419e+00 -2.4414e-01 1.1407e+01 1.0528e+00 2.3738e+00 -9.9866e-01 -4.1442e-02 -1.6119e+00 9.6255e+00 6.8350e-01 1.1307e+00 5.1957e+00 -1.3848e+00 -9.6129e-01 -2.5917e+00 -7.6966e-01 -4.0473e+00 -2.9523e-01 -2.4069e+00 7.1192e-02 -1.7361e-01 9.8804e-02 2.2118e-01 -1.2198e-01 1.0685e-01 -1.0074e+00 1.2264e+00 2.3275e-02 -1.0599e-01 -3.0162e-02 5.7851e-01 -1.5829e+00
1.3851e-01 2.0990e+00 1.4313e+00 1.6647e+00 -1.3680e+00 6.0292e-01 2.9351e+01 -1.1723e+00 -1.7164e+00 1.7412e+01 -2.5428e+00 5.2607e-01 -1.5229e+01 1.0275e+00 -5.0500e-01 4.8264e-01 4.3636e-01 3.2714e-01 6.1824e-02 -2.0224e-01 1.3006e+01 -6.1374e-01 -3.7842e-01 3.7520e-01 4.1232e-01 6.8870e-02 -7.1890e-02 -1.1446e-01 6.5438e-02 -6.3907e-01 1.0987e+00 -6.5469e-02 -6.3225e-01 8.7107e-01 2.2458e+00 1.8652e-01 -3.6702e-01 7.2581e-02 1.1310e+00 3.0690e-01 2.5008e-01 1.7067e-03 -9.1218e-01 2.4672e-01 -1.6219e-01 1.5964e-01 2.7390e-01 -1.7619e-01 3.2272e-01 1.5548e-01 1.8586e-01 2.0775e+00
-7.5766e+00 -4.2958e+00 -2.4027e+01 8.0626e+00 -4.9168e+00 -7.2392e-01 -1.1723e+00 6.0346e+01 2.5166e+01 3.2683e+00 -2.9848e+00 -1.0406e+01 4.4938e-01 -2.0946e+00 -4.1843e+00 -2.9796e+01 -6.9017e-01 3.0670e+01 -2.4801e-01 -6.5843e+00 2.7396e+00 6.0856e-01 5.5591e+00 -4.4414e+00 5.0463e+00 1.6844e+00 -5.3725e-01 -1.3418e+00 1.0845e+01 -2.8763e+00 -5.8706e-01 -2.7728e+00 3.0477e-01 -2.1567e-01 -1.8158e-01 2.8694e+00 1.7348e+00 -9.9740e-01 2.9202e+00 -8.4687e-01 8.3597e-02 5.8171e-02 -9.0522e-01 3.8378e-01 1.0132e-01 -1.5032e-01 5.8698e-02 -1.0337e-01 4.8520e-01 -7.7427e-01 -2.7642e+00 -4.1928e+00
-5.4070e+00 1.3632e-01 -1.2028e+01 -1.2765e+01 7.1758e+00 -2.4080e+00 -1.7164e+00 2.5166e+01 8.5503e+01 -2.1204e+00 -7.8376e+00 -2.4752e+01 2.9031e+00 -1.0979e+00 3.0382e+00 -2.5000e+01 1.5380e+00 1.7686e+01 -1.4170e+00 -2.9673e+00 -2.6804e+00 -9.8089e-01 9.4295e-01 -5.6038e+00 -1.5765e+01 8.7769e-01 -2.1890e+00 -2.7117e-01 6.0058e+00 1.5786e+00 -1.1260e+00 2.8555e-01 1.5282e+00 -1.3446e+00 -2.1030e+00 1.6177e+00 7.5491e-01 -4.4843e+00 -3.0264e-01 -8.4837e-01 -1.1991e-02 2.3009e-01 1.1377e-01 2.5165e-01 -8.4481e-02 -9.0772e-01 -1.6621e-01 -7.7231e-01 1.7023e-01 -7.6833e-01 -1.7477e+00 2.0794e-01
-4.0171e-01 6.2428e-01 1.6388e+00 4.4385e-01 -1.1860e+00 5.3341e-01 1.7412e+01 3.2683e+00 -2.1204e+00 3.2553e+01 -2.4450e+00 5.5851e-01 -1.4997e+01 4.4552e-01 -1.4320e-01 -2.4779e-02 9.0207e-01 5.3306e-01 8.1976e-02 -9.4075e-01 1.3204e+01 1.7515e-01 -7.7112e-01 4.3637e-01 -7.9796e-01 -1.3113e+00 2.5064e-01 1.0832e-01 -5.7693e-01 -1.0543e+00 7.4319e-01 -5.7857e-01 1.2707e-01 4.8432e-01 1.6283e+00 4.0447e-01 -2.0143e-01 -1.6743e-01 9.3109e-01 3.1347e-01 1.2698e-01 2.6357e-02 -9.0112e-01 2.3934e-01 -2.0959e-01 2.8363e-01 1.6248e-01 -3.1169e-01 3.7771e-01 2.2069e-02 -3.3234e-01 6.3116e-01
6.7215e+00 1.2165e+00 6.4290e+00 -7.2539e+00 -9.0928e-01 1.4764e-01 -2.5428e+00 -2.9848e+00 -7.8376e+00 -2.4450e+00 4.7669e+01 -3.7141e+00 1.8248e+00 3.6065e-01 -1.0025e-01 -9.5133e+00 -8.4123e-01 -1.1030e+00 -1.2560e-02 -3.5716e+00 -1.0225e+00 -1.0400e+00 -7.3675e-01 -1.1005e+00 -3.2804e+00 -2.2744e-01 -1.4136e+00 -2.4134e-01 1.8241e+00 -3.1611e+00 -2.6126e+00 6.3950e-04 -1.1214e+00 -1.8451e+00 -1.8747e+00 -3.4327e+00 -4.6795e-01 1.2155e+00 -2.1216e+00 -3.0062e-01 -2.2850e-01 -1.5817e-01 1.3999e-01 -4.3942e-02 -6.9685e-01 -2.3238e-01 -1.1419e-01 -2.8188e-01 -1.2898e-01 1.9342e-01 6.7042e-02 1.2102e+00
5.9104e+00 -3.5513e-01 1.8012e+01 8.6264e+00 1.3635e+01 1.3952e+01 5.2607e-01 -1.0406e+01 -2.4752e+01 5.5851e-01 -3.7141e+00 6.9710e+01 2.2936e-01 3.7333e-01 -2.2144e+00 2.6453e+01 -1.3132e+00 -7.9730e+00 1.5991e+00 -2.3208e+00 3.9867e+00 8.1453e-01 1.3807e+01 4.3666e-01 1.2078e+01 -3.5594e-01 -9.1769e-01 -2.1926e+00 1.2605e+01 3.9003e-01 1.8714e+00 -1.6243e+00 9.4701e-01 -6.2999e-01 2.0310e+00 -6.2239e+00 -4.6847e+00 -9.1994e-01 -1.7332e+00 2.3098e-01 -1.7607e-01 -5.4975e-02 -6.2395e-01 -4.0929e-01 -3.2972e-01 -3.9099e-01 1.1085e-01 -3.3068e-01 -1.1415e-01 3.2606e-01 7.1170e-01 -4.4530e-01
-1.0826e+00 1.0493e+01 -2.6002e+00 -2.2140e+00 4.0825e+00 4.1466e-01 -1.5229e+01 4.4938e-01 2.9031e+00 -1.4997e+01 1.8248e+00 2.2936e-01 4.3545e+01 4.3955e+00 1.6046e-01 6.5453e-02 -6.5481e-01 -7.8698e-01 -5.1761e-02 7.7232e-01 -1.3387e+01 -1.0239e-01 -3.2111e-01 -2.5093e-01 4.4467e-01 -6.5948e-01 -1.0582e-01 1.0941e+00 -5.2133e-01 4.1082e+00 -1.8196e-01 -9.3262e-01 8.4202e-01 -1.0770e+00 -1.5306e+00 -8.8169e-01 -1.0244e+00 7.5950e-02 1.6535e+00 -1.9855e-01 8.6450e-01 7.1008e-02 8.1131e-01 -4.0146e-02 1.7932e-01 -1.0060e-02 -7.7276e-02 1.9868e-01 -3.1100e-01 -9.2285e-02 1.6544e+00 1.0464e+01
-2.4957e-01 5.4738e+00 -9.7913e-01 6.7487e-01 -1.3337e+00 7.5685e-01 1.0275e+00 -2.0946e+00 -1.0979e+00 4.4552e-01 3.6065e-01 3.7333e-01 4.3955e+00 1.8976e+01 1.1957e-01 -4.9484e-02 2.0108e-01 2.8766e-02 -1.3392e-01 2.5161e-01 1.2930e+00 6.7928e-02 -3.3887e-01 -3.6202e-02 3.6675e-01 -1.1017e+00 -1.7672e-01 3.6152e-02 -4.6032e-01 -1.1139e+00 1.3517e-01 -5.6212e-01 9.4422e-02 1.8593e-01 -1.0813e+00 4.0873e-01 -5.0599e-01 -1.7042e-03 1.1092e-03 -2.1118e-01 1.9071e-01 9.4011e-02 2.1718e-01 6.1903e-02 4.2949e-02 1.3998e-01 1.2541e-01 5.0287e-03 9.8195e-02 -3.2423e-02 1.5366e+01 5.4385e+00
-1.5154e-01 6.1210e-02 4.6152e+00 -6.6367e+00 -7.0873e-01 -4.9564e-01 -5.0500e-01 -4.1843e+00 3.0382e+00 -1.4320e-01 -1.0025e-01 -2.2144e+00 1.6046e-01 1.1957e-01 1.9087e+01 9.8391e+00 -2.4789e-01 -7.7077e+00 -8.6538e-02 -1.2935e+00 -4.2744e-02 2.6270e-01 -4.2844e+00 -7.7931e-01 -1.1322e+01 -1.6126e-01 -1.1712e-01 -4.2051e-01 -4.9441e+00 -6.6006e-01 -1.4784e+00 -2.5373e-01 -4.6343e-01 -2.2925e-01 -3.0605e-01 -1.1056e+00 -7.6313e-01 -2.9886e-01 -5.6065e-01 -6.1103e-03 -7.0346e-02 -3.3013e-02 -1.8404e-01 -8.7883e-02 -1.2433e-01 -2.2147e-01 -1.4623e-01 -2.2827e-02 -3.1968e-02 -3.5974e-01 9.4806e-02 3.8342e-02
7.5986e+00 -5.6856e-02 1.2386e+01 2.2946e+01 1.3332e+00 -6.4306e-01 4.8264e-01 -2.9796e+01 -2.5000e+01 -2.4779e-02 -9.5133e+00 2.6453e+01 6.5453e-02 -4.9484e-02 9.8391e+00 1.1548e+02 -1.9353e+00 -3.5278e+01 1.1908e+00 2.2025e+01 -3.5399e+00 2.3385e+00 -1.2776e+01 3.5617e+00 1.8979e+01 1.1220e+00 -3.2685e+00 4.2088e-01 -1.6242e+01 1.3805e+01 -2.9130e+00 -6.8382e-01 7.8204e-01 1.3179e+00 -3.4649e+00 -7.8283e+00 -3.8377e+00 -1.7166e+00 -5.1637e+00 1.2570e+00 -8.2202e-01 -2.8558e-01 -2.0280e-01 -2.0765e-01 -6.3341e-01 5.6291e-01 -5.8235e-01 -4.7796e-01 1.1712e-01 -8.8426e-02 -1.2362e-01 -1.6887e-01
-3.0527e-01 1.5291e-01 5.0598e+00 -3.3467e+00 1.8359e+00 -1.2013e+00 4.3636e-01 -6.9017e-01 1.5380e+00 9.0207e-01 -8.4123e-01 -1.3132e+00 -6.5481e-01 2.0108e-01 -2.4789e-01 -1.9353e+00 2.2659e+01 -6.9285e-01 -1.3315e-01 -7.9597e-01 2.8414e+00 -6.3832e-01 3.0054e-01 -5.0213e-01 -2.3073e+00 -1.5318e-01 2.5546e-01 -3.2511e-01 -2.0349e-01 -7.7341e-01 -1.9173e+00 1.6047e-01 1.2705e+00 7.2220e+00 -2.7297e+00 4.1206e-01 -1.5586e-01 -3.0044e-01 -1.7239e+00 -5.5769e-02 6.2517e-02 -4.2819e-02 -2.1075e-01 -4.5938e-02 -1.0735e-01 5.5616e-01 -4.7032e-01 3.0845e-02 -1.6333e-01 -7.2430e-02 1.5038e-01 1.4255e-01
-5.0967e+00 -1.9160e-01 -2.1206e+01 1.0497e+01 4.1047e-01 3.5875e+00 3.2714e-01 3.0670e+01 1.7686e+01 5.3306e-01 -1.1030e+00 -7.9730e+00 -7.8698e-01 2.8766e-02 -7.7077e+00 -3.5278e+01 -6.9285e-01 6.4294e+01 -3.2786e-01 -6.5793e+00 1.9096e+00 1.9375e-01 1.8270e+01 -7.7589e+00 8.0184e+00 6.0724e-01 2.2401e+00 -6.8771e-02 2.1723e+01 -2.6916e+00 2.0006e+00 -1.6150e+00 -3.1259e+00 -7.3614e-01 -2.9529e+00 4.8524e+00 3.5915e+00 -6.2130e-01 5.1353e+00 -8.4446e-01 -8.5366e-02 3.5536e-02 -7.7868e-01 4.4484e-01 3.3643e-01 -3.8257e-01 -9.8299e-02 -2.0657e-01 2.2716e-01 -1.1760e-01 -9.4035e-03 -4.9510e-02
6.3766e-02 -1.9716e-01 -1.3630e+00 5.9628e-01 -3.2171e-01 -2.3778e-01 6.1824e-02 -2.4801e-01 -1.4170e+00 8.1976e-02 -1.2560e-02 1.5991e+00 -5.1761e-02 -1.3392e-01 -8.6538e-02 1.1908e+00 -1.3315e-01 -3.2786e-01 8.9438e+00 2.0127e+00 6.2884e-01 -9.6039e-02 -4.2246e-01 1.8305e-01 6.8010e-01 -2.6412e-01 3.4510e-02 -5.6525e-02 -2.1922e-01 1.6893e+00 -2.5031e-01 -1.3804e-01 2.1028e-02 -1.0121e-01 1.6003e+00 -1.6271e-01 1.7951e+00 1.8089e+00 1.7034e+00 1.0872e-02 -8.7720e-02 -4.3099e-02 -6.7944e-02 -3.6116e-02 8.4880e-02 -6.9171e-02 6.3538e-03 -4.1170e-02 -4.7937e-02 3.6735e-02 -3.6215e-02 -2.0309e-01
1.1349e+00 -1.0099e-01 -5.9271e+00 8.5123e+00 -5.4989e-01 -2.8428e+00 -2.0224e-01 -6.5843e+00 -2.9673e+00 -9.4075e-01 -3.5716e+00 -2.3208e+00 7.7232e-01 2.5161e-01 -1.2935e+00 2.2025e+01 -7.9597e-01 -6.5793e+00 2.0127e+00 4.4208e+01 -7.6955e+00 2.1857e-01 -3.8746e+00 -9.3512e-01 1.1112e+01 -1.8805e-01 -1.0931e+00 1.3711e-01 -3.1309e+00 1.8762e+01 2.3641e+00 -4.4661e-01 -7.8496e-01 -1.0161e+00 -5.0494e-01 2.4436e-01 -5.9171e-01 1.6280e+00 1.2461e-01 2.0928e-02 -1.1183e-01 6.1011e-02 -2.5858e-01 1.2304e-01 3.9438e-02 -3.6481e-01 -1.5681e-01 -3.3943e-02 2.8551e-02 -6.1345e-02 3.4949e-01 -9.7679e-02
-9.2913e-01 3.1804e+00 6.3768e-01 4.7583e+00 -5.9847e-01 -3.9419e+00 1.3006e+01 2.7396e+00 -2.6804e+00 1.3204e+01 -1.0225e+00 3.9867e+00 -1.3387e+01 1.2930e+00 -4.2744e-02 -3.5399e+00 2.8414e+00 1.9096e+00 6.2884e-01 -7.6955e+00 6.0134e+01 5.2643e-01 8.5692e-01 -1.5621e+00 -1.4791e+00 -7.5766e+00 -1.0039e-02 -6.3643e-01 7.1404e-01 -8.8809e+00 1.9417e+00 -1.9174e-01 -4.9098e-01 3.5286e+00 9.5666e+00 1.0710e+00 1.1054e+00 5.4565e-01 5.2926e+00 3.6054e-01 7.4683e-01 -6.2757e-01 -6.6186e-01 2.3974e-01 3.5191e-02 2.3196e-01 -1.0018e+00 -4.0204e-02 7.1624e-01 -4.3672e-01 2.6729e-01 2.8755e+00
-5.3819e-01 3.7982e-01 3.2324e-01 1.4528e+00 9.8578e-02 -2.4414e-01 -6.1374e-01 6.0856e-01 -9.8089e-01 1.7515e-01 -1.0400e+00 8.1453e-01 -1.0239e-01 6.7928e-02 2.6270e-01 2.3385e+00 -6.3832e-01 1.9375e-01 -9.6039e-02 2.1857e-01 5.2643e-01 2.2474e+01 1.1122e+00 -5.9855e-01 3.8682e-01 -5.6328e-01 -1.0750e-01 -9.8951e-01 1.0916e+00 -2.1509e-01 8.9191e-01 -3.3302e-01 -3.7206e-01 -5.4368e-01 -1.0584e+00 -7.7956e-01 -4.2124e-01 -7.6454e-02 -7.4563e-01 9.3213e-02 -3.5800e-02 1.7137e-01 -2.0671e-01 2.2878e-01 2.9513e-02 5.7235e-02 -4.2368e-01 -2.8217e-02 3.7240e-01 -4.9469e-01 5.9754e-02 3.6579e-01
2.8258e-03 -5.6689e-01 5.1623e+00 3.7347e+00 9.9418e+00 1.1407e+01 -3.7842e-01 5.5591e+00 9.4295e-01 -7.7112e-01 -7.3675e-01 1.3807e+01 -3.2111e-01 -3.3887e-01 -4.2844e+00 -1.2776e+01 3.0054e-01 1.8270e+01 -4.2246e-01 -3.8746e+00 8.5692e-01 1.1122e+00 5.4401e+01 -8.3320e+00 5.5908e+00 -4.2137e-01 -1.3659e+00 -3.5325e+00 2.5710e+01 -1.5121e+00 5.5301e+00 -6.6947e-01 -5.7240e+00 6.5365e-01 -2.3121e+00 1.1925e+00 -1.9270e+00 -6.5443e-01 1.1200e+00 -8.9314e-01 -6.6488e-02 7.2801e-02 2.6242e-02 -2.3785e-01 7.3572e-01 -1.4177e+00 -4.2973e-01 -2.4281e-02 -5.9083e-02 3.9087e-01 -3.1858e-01 -5.8430e-01
-1.6957e+00 -1.5860e-02 1.1394e+00 -2.6726e+00 9.4915e-01 1.0528e+00 3.7520e-01 -4.4414e+00 -5.6038e+00 4.3637e-01 -1.1005e+00 4.3666e-01 -2.5093e-01 -3.6202e-02 -7.7931e-01 3.5617e+00 -5.0213e-01 -7.7589e+00 1.8305e-01 -9.3512e-01 -1.5621e+00 -5.9855e-01 -8.3320e+00 2.5718e+01 -1.1131e+00 -5.5904e-02 1.2592e+00 4.6425e-01 -1.0220e+01 -1.0117e-01 -1.4204e+00 -3.2860e-01 3.3030e+00 -6.5562e-01 -9.9025e-01 -1.0773e+00 -1.2112e+00 -1.8758e-01 -1.7577e-01 8.6915e-01 -1.2909e-01 -7.6759e-02 -8.9937e-02 -8.2591e-02 1.9565e-01 3.4655e-01 9.7207e-03 -5.5795e-02 -1.1126e-01 -4.1216e-02 -1.7977e-02 -9.1137e-03
2.1112e+00 3.6060e-01 2.7532e+00 1.6352e+01 1.4239e-01 2.3738e+00 4.1232e-01 5.0463e+00 -1.5765e+01 -7.9796e-01 -3.2804e+00 1.2078e+01 4.4467e-01 3.6675e-01 -1.1322e+01 1.8979e+01 -2.3073e+00 8.0184e+00 6.8010e-01 1.1112e+01 -1.4791e+00 3.8682e-01 5.5908e+00 -1.1131e+00 8.7388e+01 -5.8007e-01 -3.8790e+00 1.0782e+00 1.0355e+01 1.0092e+01 1.5664e+00 -4.8279e+00 -3.4161e+00 2.1737e+00 -1.8749e+00 -1.5304e+01 9.1097e-01 4.0001e+00 -1.2696e+01 2.1775e-01 -3.3909e-01 1.7709e-01 -1.7031e+00 4.8920e-01 -1.3334e-01 4.0412e-01 8.6231e-01 -8.0908e-02 -1.8717e-01 3.4273e-01 2.5335e-01 4.1931e-01
-2.5383e-01 -6.5933e-01 -1.3404e+00 -4.8922e+00 -4.1134e-01 -9.9866e-01 6.8870e-02 1.6844e+00 8.7769e-01 -1.3113e+00 -2.2744e-01 -3.5594e-01 -6.5948e-01 -1.1017e+00 -1.6126e-01 1.1220e+00 -1.5318e-01 6.0724e-01 -2.6412e-01 -1.8805e-01 -7.5766e+00 -5.6328e-01 -4.2137e-01 -5.5904e-02 -5.8007e-01 2.6022e+01 -3.1783e-01 4.3082e-01 -1.6796e+00 9.7541e+00 7.6572e-01 8.5662e-02 1.8686e+00 1.0395e+00 -3.0788e+00 -2.6010e-01 -1.9110e-01 -1.5675e-01 -1.7258e+00 1.2171e-01 -2.4870e-01 2.5301e-01 -2.8534e-02 -5.4840e-02 1.0897e-01 -5.9136e-02 9.3473e-01 2.7365e-02 -2.6828e-01 -3.3157e-01 -1.5440e+00 -6.9157e-01
-2.0889e-01 -1.5505e-01 -1.7645e+00 2.7523e+00 -3.9398e-01 -4.1442e-02 -7.1890e-02 -5.3725e-01 -2.1890e+00 2.5064e-01 -1.4136e+00 -9.1769e-01 -1.0582e-01 -1.7672e-01 -1.1712e-01 -3.2685e+00 2.5546e-01 2.2401e+00 3.4510e-02 -1.0931e+00 -1.0039e-02 -1.0750e-01 -1.3659e+00 1.2592e+00 -3.8790e+00 -3.1783e-01 2.0406e+01 -4.5200e-04 -8.2097e-01 -9.0565e-01 6.2978e-02 -4.0588e-01 -1.9700e-01 -1.7700e+00 -1.3298e+00 -1.9428e+00 -3.0382e-01 -2.1591e-01 -2.2831e+00 9.4670e-01 -1.3719e-01 -4.0272e-02 -6.3643e-02 -2.6449e-02 -8.3265e-02 -1.2954e-01 -1.5822e-01 -2.1106e-01 -5.2535e-02 -1.1128e-01 -2.5925e-01 -1.6990e-01
-7.7334e-01 -2.6040e-01 -1.9294e+00 2.5082e-01 -1.2261e+00 -1.6119e+00 -1.1446e-01 -1.3418e+00 -2.7117e-01 1.0832e-01 -2.4134e-01 -2.1926e+00 1.0941e+00 3.6152e-02 -4.2051e-01 4.2088e-01 -3.2511e-01 -6.8771e-02 -5.6525e-02 1.3711e-01 -6.3643e-01 -9.8951e-01 -3.5325e+00 4.6425e-01 1.0782e+00 4.3082e-01 -4.5200e-04 1.8567e+01 -3.9057e+00 -3.2314e-01 4.4821e+00 -1.0992e-01 2.6482e+00 -4.6018e-01 2.5301e+00 -4.3880e-01 2.3623e+00 -8.8183e-02 1.6221e-01 -6.9132e-02 -6.5351e-02 -1.8702e-02 8.2031e-01 2.5108e-02 -6.5602e-02 -1.9825e-01 -2.5453e-01 -4.1733e-02 -6.0545e-02 -4.7322e-01 2.0347e-02 7.6591e-01
-2.0319e-01 -6.3017e-01 3.2762e+00 2.4561e+00 9.0797e+00 9.6255e+00 6.5438e-02 1.0845e+01 6.0058e+00 -5.7693e-01 1.8241e+00 1.2605e+01 -5.2133e-01 -4.6032e-01 -4.9441e+00 -1.6242e+01 -2.0349e-01 2.1723e+01 -2.1922e-01 -3.1309e+00 7.1404e-01 1.0916e+00 2.5710e+01 -1.0220e+01 1.0355e+01 -1.6796e+00 -8.2097e-01 -3.9057e+00 4.8244e+01 5.7087e-01 4.9885e+00 -6.4820e-01 -5.8183e+00 2.6836e-01 -9.4411e-01 -1.0186e+00 -3.6013e+00 -4.9161e-01 -1.5632e+00 -9.8414e-01 1.4799e-02 1.4385e-01 -2.8948e-02 -2.0220e-01 1.4674e-01 -1.0090e+00 -1.9815e-01 4.9024e-01 9.1416e-02 4.3739e-01 -6.6885e-01 -6.7730e-01
2.1936e+00 -1.3707e-01 -8.1591e+00 4.1324e+00 7.7933e+00 6.8350e-01 -6.3907e-01 -2.8763e+00 1.5786e+00 -1.0543e+00 -3.1611e+00 3.9003e-01 4.1082e+00 -1.1139e+00 -6.6006e-01 1.3805e+01 -7.7341e-01 -2.6916e+00 1.6893e+00 1.8762e+01 -8.8809e+00 -2.1509e-01 -1.5121e+00 -1.0117e-01 1.0092e+01 9.7541e+00 -9.0565e-01 -3.2314e-01 5.7087e-01 5.1295e+01 -1.0538e-01 -8.3928e-01 -6.1343e-02 -9.9953e-01 -3.3531e+00 -3.7562e+00 -1.3046e+00 8.0645e-01 -3.5213e+00 4.5918e-01 -3.6856e-01 3.4648e-01 -3.6654e-01 1.0052e-01 9.0212e-02 -3.4139e-01 -2.5101e-01 6.8980e-01 -2.7710e-01 -3.5324e-01 -1.7825e+00 -1.4222e-01
2.0834e-01 -3.3222e-01 3.6879e-01 -5.1968e-01 2.3774e+00 1.1307e+00 1.0987e+00 -5.8706e-01 -1.1260e+00 7.4319e-01 -2.6126e+00 1.8714e+00 -1.8196e-01 1.3517e-01 -1.4784e+00 -2.9130e+00 -1.9173e+00 2.0006e+00 -2.5031e-01 2.3641e+00 1.9417e+00 8.9191e-01 5.5301e+00 -1.4204e+00 1.5664e+00 7.6572e-01 6.2978e-02 4.4821e+00 4.9885e+00 -1.0538e-01 5.4313e+01 -1.7602e-01 -2.0714e-01 -3.6934e+00 8.8802e+00 -3.9825e+00 -9.3154e-01 -1.2419e-01 -1.3389e+00 -1.5121e-01 -1.1559e-01 1.9259e-01 1.1677e+00 -1.5131e-01 -5.4430e-01 1.3840e-01 -3.5119e-01 2.3232e-03 -3.0564e-02 -1.8791e+00 8.2227e-02 -2.8488e-01
-4.8088e-01 -7.8230e-01 1.2230e+00 -5.4786e+00 -6.7902e-01 5.1957e+00 -6.5469e-02 -2.7728e+00 2.8555e-01 -5.7857e-01 6.3950e-04 -1.6243e+00 -9.3262e-01 -5.6212e-01 -2.5373e-01 -6.8382e-01 1.6047e-01 -1.6150e+00 -1.3804e-01 -4.4661e-01 -1.9174e-01 -3.3302e-01 -6.6947e-01 -3.2860e-01 -4.8279e+00 8.5662e-02 -4.0588e-01 -1.0992e-01 -6.4820e-01 -8.3928e-01 -1.7602e-01 1.9801e+01 -3.1029e-01 -4.5996e-01 -1.2652e+00 -9.6487e-01 -9.7544e-01 -2.0021e-01 -2.3955e+00 -4.4954e-02 -1.3667e-01 -9.7978e-02 1.8623e+00 -1.0949e-01 -5.0326e-02 6.5532e-02 -9.8546e-02 2.1389e-01 -6.7072e-02 -1.3058e-01 -5.2329e-01 -7.7712e-01
-8.8147e-01 -9.7490e-02 6.3821e-02 -5.2964e+00 4.1691e-01 -1.3848e+00 -6.3225e-01 3.0477e-01 1.5282e+00 1.2707e-01 -1.1214e+00 9.4701e-01 8.4202e-01 9.4422e-02 -4.6343e-01 7.8204e-01 1.2705e+00 -3.1259e+00 2.1028e-02 -7.8496e-01 -4.9098e-01 -3.7206e-01 -5.7240e+00 3.3030e+00 -3.4161e+00 1.8686e+00 -1.9700e-01 2.6482e+00 -5.8183e+00 -6.1343e-02 -2.0714e-01 -3.1029e-01 1.8000e+01 -3.6191e-01 1.8223e+00 -5.5503e-01 -3.9458e-01 -2.3585e-01 -1.2837e-01 -8.9022e-02 -4.2907e-02 -6.6493e-02 -1.2166e-01 5.0430e-01 -2.5109e-01 -2.1728e-01 -8.6698e-02 -4.8822e-02 -9.0224e-02 -9.2237e-02 4.7909e-02 -7.1072e-02
-5.6717e-01 -2.5341e-01 2.3104e+00 1.4682e+00 8.3561e-02 -9.6129e-01 8.7107e-01 -2.1567e-01 -1.3446e+00 4.8432e-01 -1.8451e+00 -6.2999e-01 -1.0770e+00 1.8593e-01 -2.2925e-01 1.3179e+00 7.2220e+00 -7.3614e-01 -1.0121e-01 -1.0161e+00 3.5286e+00 -5.4368e-01 6.5365e-01 -6.5562e-01 2.1737e+00 1.0395e+00 -1.7700e+00 -4.6018e-01 2.6836e-01 -9.9953e-01 -3.6934e+00 -4.5996e-01 -3.6191e-01 4.0709e+01 -4.4179e+00 7.0774e+00 -4.5273e-01 -2.1573e-01 -3.6749e+00 6.7300e-04 -5.3470e-01 -1.3530e-02 -1.9756e-01 -1.0797e-01 1.2937e-01 -2.4358e-02 -9.1295e-01 9.4602e-01 -2.2571e-01 4.3323e-02 5.7271e-01 -2.6929e-01
-7.7563e-02 -2.2181e+00 -2.7846e-01 -9.1256e+00 2.0957e-01 -2.5917e+00 2.2458e+00 -1.8158e-01 -2.1030e+00 1.6283e+00 -1.8747e+00 2.0310e+00 -1.5306e+00 -1.0813e+00 -3.0605e-01 -3.4649e+00 -2.7297e+00 -2.9529e+00 1.6003e+00 -5.0494e-01 9.5666e+00 -1.0584e+00 -2.3121e+00 -9.9025e-01 -1.8749e+00 -3.0788e+00 -1.3298e+00 2.5301e+00 -9.4411e-01 -3.3531e+00 8.8802e+00 -1.2652e+00 1.8223e+00 -4.4179e+00 5.8999e+01 -2.0964e+00 -1.0520e-01 -5.1996e-01 2.4337e+01 -1.7435e-01 2.5954e+00 -2.5301e-01 9.7665e-01 2.3935e-01 -2.0091e-01 1.0800e-01 -1.0095e+00 4.2019e-01 9.2977e-01 -6.2976e-01 3.7909e+00 -2.1321e+00
-1.5380e+00 3.2050e-01 -1.1275e+01 8.2730e+00 -2.0285e+00 -7.6966e-01 1.8652e-01 2.8694e+00 1.6177e+00 4.0447e-01 -3.4327e+00 -6.2239e+00 -8.8169e-01 4.0873e-01 -1.1056e+00 -7.8283e+00 4.1206e-01 4.8524e+00 -1.6271e-01 2.4436e-01 1.0710e+00 -7.7956e-01 1.1925e+00 -1.0773e+00 -1.5304e+01 -2.6010e-01 -1.9428e+00 -4.3880e-01 -1.0186e+00 -3.7562e+00 -3.9825e+00 -9.6487e-01 -5.5503e-01 7.0774e+00 -2.0964e+00 5.2465e+01 -7.5730e-01 -9.8378e-01 9.7368e+00 -7.8570e-02 -3.8805e-01 -1.5364e-01 -4.5924e-01 1.6422e-02 4.8635e-01 3.6609e-01 2.2363e-01 2.6433e-01 9.5477e-02 -2.8148e-01 3.7702e-01 2.8570e-01
-5.0449e-01 -1.0993e+00 -7.4013e+00 3.3187e+00 -3.8023e+00 -4.0473e+00 -3.6702e-01 1.7348e+00 7.5491e-01 -2.0143e-01 -4.6795e-01 -4.6847e+00 -1.0244e+00 -5.0599e-01 -7.6313e-01 -3.8377e+00 -1.5586e-01 3.5915e+00 1.7951e+00 -5.9171e-01 1.1054e+00 -4.2124e-01 -1.9270e+00 -1.2112e+00 9.1097e-01 -1.9110e-01 -3.0382e-01 2.3623e+00 -3.6013e+00 -1.3046e+00 -9.3154e-01 -9.7544e-01 -3.9458e-01 -4.5273e-01 -1.0520e-01 -7.5730e-01 2.7384e+01 2.6902e-01 -6.2587e-01 -6.9815e-02 1.5716e-01 -5.9907e-02 -1.1597e-01 7.2058e-02 -1.7899e-02 -1.4083e-01 -1.0425e-01 4.2242e-02 1.5361e-01 2.7671e-01 2.9331e+00 -1.1240e+00
-2.4901e-01 3.7760e-02 1.9262e+00 -2.7095e+00 -6.8762e-01 -2.9523e-01 7.2581e-02 -9.9740e-01 -4.4843e+00 -1.6743e-01 1.2155e+00 -9.1994e-01 7.5950e-02 -1.7042e-03 -2.9886e-01 -1.7166e+00 -3.0044e-01 -6.2130e-01 1.8089e+00 1.6280e+00 5.4565e-01 -7.6454e-02 -6.5443e-01 -1.8758e-01 4.0001e+00 -1.5675e-01 -2.1591e-01 -8.8183e-02 -4.9161e-01 8.0645e-01 -1.2419e-01 -2.0021e-01 -2.3585e-01 -2.1573e-01 -5.1996e-01 -9.8378e-01 2.6902e-01 1.6165e+01 -1.1550e+00 -2.9227e-02 4.8029e-01 -4.0398e-02 -1.4538e-01 -6.3795e-02 -3.3890e-02 -2.1386e-01 -5.7820e-02 -9.0962e-02 -1.9337e-02 -5.9426e-02 -2.1824e-02 5.0925e-02
-3.9403e-01 -5.2249e-02 -4.5537e-01 -5.6111e+00 -1.8634e+00 -2.4069e+00 1.1310e+00 2.9202e+00 -3.0264e-01 9.3109e-01 -2.1216e+00 -1.7332e+00 1.6535e+00 1.1092e-03 -5.6065e-01 -5.1637e+00 -1.7239e+00 5.1353e+00 1.7034e+00 1.2461e-01 5.2926e+00 -7.4563e-01 1.1200e+00 -1.7577e-01 -1.2696e+01 -1.7258e+00 -2.2831e+00 1.6221e-01 -1.5632e+00 -3.5213e+00 -1.3389e+00 -2.3955e+00 -1.2837e-01 -3.6749e+00 2.4337e+01 9.7368e+00 -6.2587e-01 -1.1550e+00 5.7784e+01 -1.1959e-01 1.9248e+00 -2.6766e-01 -3.0211e-01 -1.2974e-01 2.5824e-01 -3.4286e-01 -4.0891e-01 3.8520e-01 -4.0379e-01 -5.5892e-01 -8.4882e-02 -8.0462e-02
-1.3949e-01 -1.2844e-02 -1.7198e-01 2.4978e-01 -8.0453e-03 7.1192e-02 3.0690e-01 -8.4687e-01 -8.4837e-01 3.1347e-01 -3.0062e-01 2.3098e-01 -1.9855e-01 -2.1118e-01 -6.1103e-03 1.2570e+00 -5.5769e-02 -8.4446e-01 1.0872e-02 2.0928e-02 3.6054e-01 9.3213e-02 -8.9314e-01 8.6915e-01 2.1775e-01 1.2171e-01 9.4670e-01 -6.9132e-02 -9.8414e-01 4.5918e-01 -1.5121e-01 -4.4954e-02 -8.9022e-02 6.7300e-04 -1.7435e-01 -7.8570e-02 -6.9815e-02 -2.9227e-02 -1.1959e-01 4.8067e+00 -1.5287e-02 -2.7003e-02 -2.4348e-02 -1.5094e-02 -7.0139e-02 -3.8781e-02 -2.0542e-02 -1.7428e-02 -4.3103e-03 -1.5267e-04 -2.5405e-01 -2.2787e-03
-1.3593e-01 -9.2723e-02 -6.4893e-01 -1.3426e+00 -4.0859e-02 -1.7361e-01 2.5008e-01 8.3597e-02 -1.1991e-02 1.2698e-01 -2.2850e-01 -1.7607e-01 8.6450e-01 1.9071e-01 -7.0346e-02 -8.2202e-01 6.2517e-02 -8.5366e-02 -8.7720e-02 -1.1183e-01 7.4683e-01 -3.5800e-02 -6.6488e-02 -1.2909e-01 -3.3909e-01 -2.4870e-01 -1.3719e-01 -6.5351e-02 1.4799e-02 -3.6856e-01 -1.1559e-01 -1.3667e-01 -4.2907e-02 -5.3470e-01 2.5954e+00 -3.8805e-01 1.5716e-01 4.8029e-01 1.9248e+00 -1.5287e-02 8.5602e+00 -2.5843e-02 -2.2984e-02 -9.1935e-03 -2.5090e-02 -5.0325e-02 -1.1261e-01 -2.3130e-02 -6.3563e-02 -7.4127e-02 1.4262e-01 -9.6751e-02
-1.6776e-02 3.6302e-02 4.6323e-01 -1.4319e-01 1.5481e-02 9.8804e-02 1.7067e-03 5.8171e-02 2.3009e-01 2.6357e-02 -1.5817e-01 -5.4975e-02 7.1008e-02 9.4011e-02 -3.3013e-02 -2.8558e-01 -4.2819e-02 3.5536e-02 -4.3099e-02 6.1011e-02 -6.2757e-01 1.7137e-01 7.2801e-02 -7.6759e-02 1.7709e-01 2.5301e-01 -4.0272e-02 -1.8702e-02 1.4385e-01 3.4648e-01 1.9259e-01 -9.7978e-02 -6.6493e-02 -1.3530e-02 -2.5301e-01 -1.5364e-01 -5.9907e-02 -4.0398e-02 -2.6766e-01 -2.7003e-02 -2.5843e-02 4.8939e+00 -1.8618e-02 -1.5502e-02 5.9852e-02 -1.0272e-02 1.1046e-01 -2.0735e-02 -8.5472e-03 -5.1337e-02 9.4400e-02 3.3299e-01
-3.5674e-01 9.2918e-02 1.0208e+00 -2.0179e+00 -4.6783e-04 2.2118e-01 -9.1218e-01 -9.0522e-01 1.1377e-01 -9.0112e-01 1.3999e-01 -6.2395e-01 8.1131e-01 2.1718e-01 -1.8404e-01 -2.0280e-01 -2.1075e-01 -7.7868e-01 -6.7944e-02 -2.5858e-01 -6.6186e-01 -2.0671e-01 2.6242e-02 -8.9937e-02 -1.7031e+00 -2.8534e-02 -6.3643e-02 8.2031e-01 -2.8948e-02 -3.6654e-01 1.1677e+00 1.8623e+00 -1.2166e-01 -1.9756e-01 9.7665e-01 -4.5924e-01 -1.1597e-01 -1.4538e-01 -3.0211e-01 -2.4348e-02 -2.2984e-02 -1.8618e-02 9.2667e+00 -5.7488e-02 -1.0799e-02 -2.7865e-02 -1.2505e-01 -4.2896e-02 4.9472e-02 4.9417e-03 1.8092e-01 9.5155e-02
5.8686e-02 -8.6498e-03 -5.6954e-01 2.8449e-01 -2.0720e-01 -1.2198e-01 2.4672e-01 3.8378e-01 2.5165e-01 2.3934e-01 -4.3942e-02 -4.0929e-01 -4.0146e-02 6.1903e-02 -8.7883e-02 -2.0765e-01 -4.5938e-02 4.4484e-01 -3.6116e-02 1.2304e-01 2.3974e-01 2.2878e-01 -2.3785e-01 -8.2591e-02 4.8920e-01 -5.4840e-02 -2.6449e-02 2.5108e-02 -2.0220e-01 1.0052e-01 -1.5131e-01 -1.0949e-01 5.0430e-01 -1.0797e-01 2.3935e-01 1.6422e-02 7.2058e-02 -6.3795e-02 -1.2974e-01 -1.5094e-02 -9.1935e-03 -1.5502e-02 -5.7488e-02 5.4565e+00 2.1145e-01 -3.7654e-02 -5.8115e-02 -2.2876e-02 -1.5710e-02 -3.6729e-02 3.0819e-02 -1.7284e-02
-4.4292e-01 4.6038e-02 -9.3168e-01 6.8206e-01 -4.4008e-01 1.0685e-01 -1.6219e-01 1.0132e-01 -8.4481e-02 -2.0959e-01 -6.9685e-01 -3.2972e-01 1.7932e-01 4.2949e-02 -1.2433e-01 -6.3341e-01 -1.0735e-01 3.3643e-01 8.4880e-02 3.9438e-02 3.5191e-02 2.9513e-02 7.3572e-01 1.9565e-01 -1.3334e-01 1.0897e-01 -8.3265e-02 -6.5602e-02 1.4674e-01 9.0212e-02 -5.4430e-01 -5.0326e-02 -2.5109e-01 1.2937e-01 -2.0091e-01 4.8635e-01 -1.7899e-02 -3.3890e-02 2.5824e-01 -7.0139e-02 -2.5090e-02 5.9852e-02 -1.0799e-02 2.1145e-01 7.4261e+00 2.9245e-01 6.1055e-02 -2.6900e-02 -1.4998e-02 -1.4559e-01 5.1044e-02 1.6636e-01
-4.9658e-02 5.1633e-02 5.9922e-01 3.3360e-01 -7.8930e-01 -1.0074e+00 1.5964e-01 -1.5032e-01 -9.0772e-01 2.8363e-01 -2.3238e-01 -3.9099e-01 -1.0060e-02 1.3998e-01 -2.2147e-01 5.6291e-01 5.5616e-01 -3.8257e-01 -6.9171e-02 -3.6481e-01 2.3196e-01 5.7235e-02 -1.4177e+00 3.4655e-01 4.0412e-01 -5.9136e-02 -1.2954e-01 -1.9825e-01 -1.0090e+00 -3.4139e-01 1.3840e-01 6.5532e-02 -2.1728e-01 -2.4358e-02 1.0800e-01 3.6609e-01 -1.4083e-01 -2.1386e-01 -3.4286e-01 -3.8781e-02 -5.0325e-02 -1.0272e-02 -2.7865e-02 -3.7654e-02 2.9245e-01 1.0335e+01 -8.4136e-02 -4.1287e-02 3.8425e-01 -7.9121e-02 1.1547e-01 4.6976e-02
5.2455e-02 -7.7032e-02 -4.3533e-01 -5.5779e-02 -1.4957e-01 1.2264e+00 2.7390e-01 5.8698e-02 -1.6621e-01 1.6248e-01 -1.1419e-01 1.1085e-01 -7.7276e-02 1.2541e-01 -1.4623e-01 -5.8235e-01 -4.7032e-01 -9.8299e-02 6.3538e-03 -1.5681e-01 -1.0018e+00 -4.2368e-01 -4.2973e-01 9.7207e-03 8.6231e-01 9.3473e-01 -1.5822e-01 -2.5453e-01 -1.9815e-01 -2.5101e-01 -3.5119e-01 -9.8546e-02 -8.6698e-02 -9.1295e-01 -1.0095e+00 2.2363e-01 -1.0425e-01 -5.7820e-02 -4.0891e-01 -2.0542e-02 -1.1261e-01 1.1046e-01 -1.2505e-01 -5.8115e-02 6.1055e-02 -8.4136e-02 1.2575e+01 -5.4375e-02 -7.8559e-02 -8.9099e-02 9.0945e-02 -8.4651e-02
2.1918e-02 -3.2532e-01 -5.1057e-01 4.6361e-01 3.6409e-02 2.3275e-02 -1.7619e-01 -1.0337e-01 -7.7231e-01 -3.1169e-01 -2.8188e-01 -3.3068e-01 1.9868e-01 5.0287e-03 -2.2827e-02 -4.7796e-01 3.0845e-02 -2.0657e-01 -4.1170e-02 -3.3943e-02 -4.0204e-02 -2.8217e-02 -2.4281e-02 -5.5795e-02 -8.0908e-02 2.7365e-02 -2.1106e-01 -4.1733e-02 4.9024e-01 6.8980e-01 2.3232e-03 2.1389e-01 -4.8822e-02 9.4602e-01 4.2019e-01 2.6433e-01 4.2242e-02 -9.0962e-02 3.8520e-01 -1.7428e-02 -2.3130e-02 -2.0735e-02 -4.2896e-02 -2.2876e-02 -2.6900e-02 -4.1287e-02 -5.4375e-02 5.6360e+00 -1.9824e-02 -3.6672e-02 -2.4811e-02 -3.2953e-01
3.8687e-02 3.9085e-02 -3.0300e-01 -1.2166e-01 -1.0758e-01 -1.0599e-01 3.2272e-01 4.8520e-01 1.7023e-01 3.7771e-01 -1.2898e-01 -1.1415e-01 -3.1100e-01 9.8195e-02 -3.1968e-02 1.1712e-01 -1.6333e-01 2.2716e-01 -4.7937e-02 2.8551e-02 7.1624e-01 3.7240e-01 -5.9083e-02 -1.1126e-01 -1.8717e-01 -2.6828e-01 -5.2535e-02 -6.0545e-02 9.1416e-02 -2.7710e-01 -3.0564e-02 -6.7072e-02 -9.0224e-02 -2.2571e-01 9.2977e-01 9.5477e-02 1.5361e-01 -1.9337e-02 -4.0379e-01 -4.3103e-03 -6.3563e-02 -8.5472e-03 4.9472e-02 -1.5710e-02 -1.4998e-02 3.8425e-01 -7.8559e-02 -1.9824e-02 5.6833e+00 -5.7711e-02 7.5907e-02 3.6810e-02
1.0963e-01 5.2127e-02 -6.2362e-02 6.4535e-02 1.3447e-02 -3.0162e-02 1.5548e-01 -7.7427e-01 -7.6833e-01 2.2069e-02 1.9342e-01 3.2606e-01 -9.2285e-02 -3.2423e-02 -3.5974e-01 -8.8426e-02 -7.2430e-02 -1.1760e-01 3.6735e-02 -6.1345e-02 -4.3672e-01 -4.9469e-01 3.9087e-01 -4.1216e-02 3.4273e-01 -3.3157e-01 -1.1128e-01 -4.7322e-01 4.3739e-01 -3.5324e-01 -1.8791e+00 -1.3058e-01 -9.2237e-02 4.3323e-02 -6.2976e-01 -2.8148e-01 2.7671e-01 -5.9426e-02 -5.5892e-01 -1.5267e-04 -7.4127e-02 -5.1337e-02 4.9417e-03 -3.6729e-02 -1.4559e-01 -7.9121e-02 -8.9099e-02 -3.6672e-02 -5.7711e-02 1.3653e+01 -5.6618e-02 4.3506e-02
-2.9965e-01 1.8325e+00 -1.9027e-01 4.7415e-01 -1.9396e+00 5.7851e-01 1.8586e-01 -2.7642e+00 -1.7477e+00 -3.3234e-01 6.7042e-02 7.1170e-01 1.6544e+00 1.5366e+01 9.4806e-02 -1.2362e-01 1.5038e-01 -9.4035e-03 -3.6215e-02 3.4949e-01 2.6729e-01 5.9754e-02 -3.1858e-01 -1.7977e-02 2.5335e-01 -1.5440e+00 -2.5925e-01 2.0347e-02 -6.6885e-01 -1.7825e+00 8.2227e-02 -5.2329e-01 4.7909e-02 5.7271e-01 3.7909e+00 3.7702e-01 2.9331e+00 -2.1824e-02 -8.4882e-02 -2.5405e-01 1.4262e-01 9.4400e-02 1.8092e-01 3.0819e-02 5.1044e-02 1.1547e-01 9.0945e-02 -2.4811e-02 7.5907e-02 -5.6618e-02 2.1314e+01 1.8185e+00
-7.5219e-01 2.1349e+01 -1.2992e+00 -1.3865e+00 7.9138e-01 -1.5829e+00 2.0775e+00 -4.1928e+00 2.0794e-01 6.3116e-01 1.2102e+00 -4.4530e-01 1.0464e+01 5.4385e+00 3.8342e-02 -1.6887e-01 1.4255e-01 -4.9510e-02 -2.0309e-01 -9.7679e-02 2.8755e+00 3.6579e-01 -5.8430e-01 -9.1137e-03 4.1931e-01 -6.9157e-01 -1.6990e-01 7.6591e-01 -6.7730e-01 -1.4222e-01 -2.8488e-01 -7.7712e-01 -7.1072e-02 -2.6929e-01 -2.1321e+00 2.8570e-01 -1.1240e+00 5.0925e-02 -8.0462e-02 -2.2787e-03 -9.6751e-02 3.3299e-01 9.5155e-02 -1.7284e-02 1.6636e-01 4.6976e-02 -8.4651e-02 -3.2953e-01 3.6810e-02 4.3506e-02 1.8185e+00 2.2305e+01
