7.5938e+01 -1.7357e+01 1.4821e+00 -7.1744e+00 -3.1902e+00 2.6984e-01 -2.6160e+00 -3.9340e+00 9.0881e+00 8.2218e+00 8.0759e+00 4.8787e+00 -2.4172e-01 -7.3065e-01 7.5184e+00 -1.0103e+00 -1.2403e+00 -1.7053e+00 -1.8257e+00 -2.5905e+00 -1.4255e+00 -1.3086e+00 -1.0908e+00 -6.8159e+00 1.5335e+01 -1.8154e+00 6.1089e+00 -5.5114e+00 8.1701e+00 2.5273e+00 -2.5737e-01 -5.3671e-01 -1.4261e+00 2.4218e+00 2.4893e+00 3.3055e+00 1.1764e-01 -1.0918e+00 1.6653e-01 -5.8274e-01 5.6818e-02 -2.7547e-01 9.5596e-02 -1.3569e+00 3.8775e+00 5.3396e+00 1.0305e+00 -1.6198e-01 2.3334e-01 7.0608e-01 -1.4115e-01 -1.4669e+00
-1.7357e+01 7.3977e+01 -1.0929e+00 7.7456e-02 3.4454e+00 -3.5494e+00 4.7085e+00 -8.3711e+00 -1.0712e+01 -4.1235e+01 1.6518e+01 7.2679e-02 1.2596e+00 5.6646e-01 -8.1730e-01 4.5000e-02 7.6097e-01 1.4224e+00 8.6280e-01 -4.5203e+00 -8.7141e+00 1.2961e+00 5.3664e-01 2.6955e+00 -1.8828e+01 9.4436e-01 -8.7937e+00 7.7845e+00 -3.1852e-02 -1.4372e+00 4.6881e-01 8.6105e-01 3.5022e+00 1.3917e+00 -1.4569e-01 9.4523e+00 -1.1271e+00 2.6174e-01 3.7029e-01 1.1327e+00 -5.3628e-01 -2.5538e-01 -4.7988e-01 9.9611e-02 -6.9554e-01 -4.6969e+00 5.8453e-01 5.2986e-02 -3.6254e-01 -1.5684e-01 9.4239e+00 3.4316e+00
1.4821e+00 -1.0929e+00 3.6310e+01 -2.1979e-01 -7.6206e-01 6.2751e-01 1.3947e-01 -3.4163e-01 2.6911e-01 4.1624e+00 1.2624e+01 -7.9902e-01 1.1936e-01 -4.4770e-01 -1.0863e+01 -6.2050e-01 -2.2794e-01 -3.8274e-02 1.8882e+00 1.0553e+00 1.2374e-01 7.0359e-01 7.8755e-02 2.5804e-01 -4.2173e+00 -4.3525e-02 -1.2383e+01 -2.8296e-02 -1.4657e+01 -1.7098e+01 2.2732e-01 -1.3829e-01 4.5924e+00 2.2083e+00 -1.2421e-01 -8.8292e-01 -2.1027e-01 -1.5948e-01 4.3886e-02 -2.8984e-02 -8.4803e-02 2.5633e-01 2.6696e-01 6.4750e-01 1.8279e+00 6.2378e-01 1.2322e+00 -2.4299e-01 4.6066e-01 -1.9579e-01 -1.1927e+00 3.8964e-01
-7.1744e+00 7.7456e-02 -2.1979e-01 5.4606e+01 1.0653e+01 -6.5328e+00 6.1134e+00 -5.2219e+00 -4.5482e+00 7.6744e-01 -2.5840e-01 -3.2030e+00 -5.2489e-02 -5.3857e-01 7.3076e-02 1.9246e-01 -3.3264e+00 1.9104e+01 -1.2428e+00 -9.4890e-02 -2.0323e+00 1.2009e+01 7.4611e-01 -1.8238e+00 -4.7647e+00 -1.8581e+00 6.7468e+00 3.0402e+00 -3.7620e-01 1.5989e+01 -7.8190e-02 1.1378e+01 -1.9839e-01 -1.2852e+00 -2.4342e-02 -2.1035e+00 1.3675e-01 2.4276e-01 -1.1348e+00 -1.7170e-01 -6.7449e-01 -2.2060e+00 5.2651e-02 -1.4076e-01 -3.3824e-01 -2.8791e+00 -2.3238e-02 -9.6658e-01 -6.0516e-02 -9.1731e-02 5.2552e-01 -1.8840e-01
-3.1902e+00 3.4454e+00 -7.6206e-01 1.0653e+01 4.6606e+01 1.2892e+01 -6.2358e-02 -3.8261e+00 -1.5492e+00 -3.7858e+00 -1.0977e-02 -2.1495e+00 1.3303e-01 -4.0792e-01 8.0486e-01 -2.2084e+00 3.1636e-01 1.1384e+01 -1.0211e+00 1.4481e-01 -4.5218e-01 1.6537e+01 -1.0884e+00 8.1930e-01 -2.2027e+00 -4.9328e-01 1.4570e+01 -7.4201e-01 4.3064e-01 1.4297e+01 1.6383e-01 2.2671e+00 6.2463e-01 -6.3469e-01 -1.8007e-01 2.7675e+00 6.9736e-01 1.4166e-01 3.9142e-02 -7.6523e-02 -1.7663e-01 -5.4450e-02 3.0377e-01 -1.5847e+00 -7.6426e-01 2.9412e+00 -2.0902e-01 -6.9248e-02 -5.6310e-02 -2.0583e-01 3.6079e-01 -2.0950e+00
2.6984e-01 -3.5494e+00 6.2751e-01 -6.5328e+00 1.2892e+01 7.0462e+01 -7.4120e+00 -6.1900e+00 -5.9519e+00 4.8572e+00 6.8285e-01 -3.0484e+00 7.3460e-02 -2.9029e-01 2.3728e+00 -3.3903e+00 -3.5967e+00 -1.7855e+00 1.6206e+00 1.1123e-01 -1.2578e+00 1.3948e+01 -2.8137e+00 8.9026e+00 3.5073e+00 -1.1390e+00 9.9603e+00 2.5732e+00 -1.8263e+00 8.4995e+00 -5.3820e-02 1.0239e+01 3.9886e-01 1.2381e+00 -1.6260e-01 -4.3971e+00 2.0595e+00 1.4804e-01 -6.3710e-01 -2.5375e-01 -5.3854e-01 -2.3305e+00 -2.1701e-02 -1.1241e+00 -5.3117e-01 -3.8026e+00 -5.9827e-01 1.7373e+00 -1.5924e-01 2.4674e-01 -9.0147e-01 3.8489e-02
-2.6160e+00 4.7085e+00 1.3947e-01 6.1134e+00 -6.2358e-02 -7.4120e+00 4.5737e+01 3.6104e+00 -9.1150e+00 9.2695e+00 -3.3601e+00 2.1211e-01 -1.2709e+00 -4.7706e-01 1.3208e-01 2.5926e-01 4.7807e+00 6.2006e+00 -2.8268e+00 -1.4535e+00 -4.1160e-01 -3.9603e-01 4.6527e-01 -1.1082e+01 -6.9998e+00 -2.4509e-01 9.4224e-01 4.3201e+00 -2.9266e+00 4.0850e-02 -7.6239e-01 1.3317e+01 5.0886e-01 -2.0995e-01 4.6454e-02 -1.9723e+00 -1.0458e-01 4.3780e-01 -1.5030e-01 -3.9265e-01 1.9033e-01 -5.2381e-01 6.1482e-02 -2.9958e-01 -9.3407e-01 -4.5182e+00 1.9481e-01 1.1267e+00 -1.6145e-01 2.8408e-01 -4.0077e-01 -7.8116e-01
-3.9340e+00 -8.3711e+00 -3.4163e-01 -5.2219e+00 -3.8261e+00 -6.1900e+00 3.6104e+00 5.7861e+01 4.4418e+00 -1.0065e+01 -2.6911e+00 -3.1157e-01 -1.0236e+00 -4.0230e-01 -8.6600e-01 8.4421e-01 1.5683e+01 1.4338e+01 -6.0169e-01 -4.2681e-01 1.1904e+01 -2.9720e+00 -2.7412e-01 -3.2903e+00 -4.2446e+00 2.3673e+00 -2.7669e+00 -1.4368e+01 -1.4558e+00 -3.1968e+00 -3.3466e-01 -5.2364e+00 -6.1064e-01 -1.5335e+00 -4.3696e-01 1.3210e+01 2.1074e-01 -3.9407e-01 -5.4390e-01 6.5517e-02 -4.9134e-01 -4.0643e-01 6.3517e-01 6.2159e-01 -1.2648e-01 1.0343e+01 -1.2897e-01 -4.6098e-01 -1.0077e-01 1.0535e+00 -3.8391e+00 2.4943e+00
9.0881e+00 -1.0712e+01 2.6911e-01 -4.5482e+00 -1.5492e+00 -5.9519e+00 -9.1150e+00 4.4418e+00 5.9622e+01 -1.0624e+01 -5.1762e-01 -2.8261e-01 -2.0925e+00 -4.3543e-01 -2.6287e-01 -1.5517e-01 1.2116e-01 2.7788e+00 -3.4904e-01 3.9061e+00 1.3318e+00 -2.9853e+00 -2.9577e-02 5.4754e+00 1.1231e+01 7.2958e-01 -7.6898e-01 -1.2685e+01 -5.6117e-03 -2.9201e+00 -8.2077e-01 -6.5910e+00 -9.9761e-01 -1.3994e+00 -2.2606e-01 1.0404e+01 5.5182e-01 -1.7670e-01 5.1569e-01 -1.1889e+00 8.0858e-03 -3.4993e-01 -2.1553e-01 -3.6328e-01 -8.2598e-01 1.3433e+01 3.8329e-01 -4.8342e-01 1.2293e-01 -3.8363e-01 -5.7614e-01 -1.8285e-01
8.2218e+00 -4.1235e+01 4.1624e+00 7.6744e-01 -3.7858e+00 4.8572e+00 9.2695e+00 -1.0065e+01 -1.0624e+01 1.0107e+02 -2.1138e+01 7.8126e-01 -3.9742e+00 -7.4894e-01 -1.8684e+00 3.3982e-01 5.2334e-01 -1.9523e+00 -1.9183e+00 2.3506e+00 -1.9269e+00 -4.7511e-01 -1.1285e+00 -1.0842e+00 1.1463e+01 3.1281e-01 6.9900e+00 7.5696e+00 -7.6850e-01 3.5944e+00 -1.4949e+00 4.7520e+00 -1.2859e+00 -1.7398e+00 7.2719e-02 -1.4320e+01 5.1856e-01 -4.3652e-02 -9.6785e-01 -1.8787e+00 7.2728e-01 2.3861e-01 8.0267e-02 6.9875e-02 3.1555e-01 -5.0933e+00 -3.9955e-01 3.0637e-01 1.4256e-01 -6.7100e-01 -6.0599e+00 1.0908e+01
8.0759e+00 1.6518e+01 1.2624e+01 -2.5840e-01 -1.0977e-02 6.8285e-01 -3.3601e+00 -2.6911e+00 -5.1762e-01 -2.1138e+01 1.0372e+02 2.5314e+00 -1.7969e+00 4.4548e-01 1.6416e+01 6.4815e-01 -1.4756e+00 1.4524e+00 -9.3655e-01 -6.2100e-01 -3.7817e+00 1.5321e+00 7.6588e-01 -7.9856e+00 -2.1305e+00 -1.1927e+00 -7.3337e+00 -1.0524e+01 -1.4275e+01 -9.2779e+00 2.1424e+00 -2.6473e+00 9.4942e+00 3.2631e+00 1.4608e+00 9.1193e+00 -1.3767e-01 3.0383e+00 -7.1745e-02 -1.4501e+00 -2.0399e-01 -1.3410e-01 -6.4777e-02 5.7561e-01 8.2753e+00 -6.5238e+00 2.9246e+00 -3.5415e-01 3.2731e-02 1.1202e+00 4.0175e+00 4.8075e-02
4.8787e+00 7.2679e-02 -7.9902e-01 -3.2030e+00 -2.1495e+00 -3.0484e+00 2.1211e-01 -3.1157e-01 -2.8261e-01 7.8126e-01 2.5314e+00 1.6669e+01 -1.3618e-01 -7.9442e-02 -1.5179e+00 2.5446e+00 -1.3042e-01 6.5601e-01 -4.9019e-01 -7.2218e-02 -1.9516e-01 -2.3290e+00 4.1142e-02 -6.5624e-01 -1.0581e+00 -2.9545e-01 -7.9452e-02 -1.3289e-02 -2.1288e+00 -1.3405e+00 -3.6371e-02 -8.8579e-02 5.1811e-02 3.4412e+00 -4.2988e-01 6.2509e-01 -4.2621e-02 -6.7749e-02 3.2659e-01 -1.4951e-01 4.5324e-01 -6.9082e-02 -5.6010e-02 -2.8691e-01 -1.6767e-02 -2.9807e-01 1.4449e+00 -1.4113e-01 -2.7084e-02 1.2613e+00 -3.3144e-01 -1.1127e-01
-2.4172e-01 1.2596e+00 1.1936e-01 -5.2489e-02 1.3303e-01 7.3460e-02 -1.2709e+00 -1.0236e+00 -2.0925e+00 -3.9742e+00 -1.7969e+00 -1.3618e-01 1.5837e+01 -1.6531e-01 -2.2663e-01 -9.7393e-02 -5.4068e-01 -1.0262e+00 1.7406e+00 -2.6856e-01 3.7540e-01 -1.2058e-01 -2.8652e-01 -5.8328e-01 -9.3458e-01 -2.5994e-01 1.6684e-02 9.3977e-02 -4.1245e-01 -9.7971e-01 -1.2887e-01 -4.4851e-01 3.2798e-01 4.2753e+00 7.8833e-01 8.1194e-01 -1.4367e-01 -1.1374e-01 -6.8126e-02 3.9686e+00 -2.5945e-02 1.8301e-01 7.8601e-02 -6.7470e-02 -4.6648e-01 4.5380e-01 -5.2580e-02 -7.5032e-02 2.5375e-01 1.2858e+00 -2.7234e-02 -2.3499e-01
-7.3065e-01 5.6646e-01 -4.4770e-01 -5.3857e-01 -4.0792e-01 -2.9029e-01 -4.7706e-01 -4.0230e-01 -4.3543e-01 -7.4894e-01 4.4548e-01 -7.9442e-02 -1.6531e-01 1.2161e+01 -3.0766e-01 -4.1094e-02 5.0981e-02 -7.9403e-01 -4.1420e-01 8.2864e-02 -5.0023e-01 -6.9337e-01 -4.9298e-02 -5.3680e-01 3.8897e-01 -1.1575e-01 -5.1008e-01 1.2615e+00 -5.5373e-01 -1.0748e+00 -1.6994e-01 -4.8393e-01 -2.3888e-01 3.6031e-01 3.0444e-01 -1.3301e+00 1.2613e+00 -2.1308e-02 -6.7956e-02 9.7570e-02 -8.0582e-02 -4.5484e-02 -3.0051e-02 -6.4440e-03 -9.9097e-02 -1.6893e+00 1.7124e+00 -1.3002e-01 -4.3419e-02 -1.9434e-02 -7.5080e-01 -2.7048e-01
7.5184e+00 -8.1730e-01 -1.0863e+01 7.3076e-02 8.0486e-01 2.3728e+00 1.3208e-01 -8.6600e-01 -2.6287e-01 -1.8684e+00 1.6416e+01 -1.5179e+00 -2.2663e-01 -3.0766e-01 4.0224e+01 -1.0803e+00 -1.9627e-01 -2.2608e-02 -8.7097e-01 -3.3851e-01 -1.6988e-01 8.9994e-01 -3.4602e-02 -1.1745e+00 1.5732e+00 -9.4039e-01 5.1769e+00 -6.1709e-02 6.4942e+00 7.3156e+00 -6.6833e-02 -1.0150e-01 -2.6973e+00 3.7261e-01 3.0521e+00 -1.0815e+00 1.5732e+00 -2.5960e-01 3.4555e-01 6.4230e-02 1.9225e-02 -5.4029e-02 1.4947e-01 -8.6568e-01 -4.8354e-01 -1.6033e+00 -5.5402e-01 1.5226e-01 -3.7470e-01 -7.7397e-02 -1.1274e+00 8.0241e-02
-1.0103e+00 4.5000e-02 -6.2050e-01 1.9246e-01 -2.2084e+00 -3.3903e+00 2.5926e-01 8.4421e-01 -1.5517e-01 3.3982e-01 6.4815e-01 2.5446e+00 -9.7393e-02 -4.1094e-02 -1.0803e+00 1.3827e+01 -1.7496e-01 -2.9689e+00 -3.6698e-01 -3.1844e-02 -4.3199e-02 -2.3071e+00 -8.4953e-02 -3.2191e-01 -1.1333e+00 -2.1029e-01 -2.2130e+00 -1.2022e-01 -1.6694e+00 -1.5694e+00 -3.9502e-02 -4.8532e-02 -3.4627e-01 1.8688e+00 -3.2875e-01 6.1358e-02 -2.8038e-02 -1.8619e-01 -3.7840e-02 -4.3190e-02 -4.1640e-02 9.1891e-02 1.2646e-02 -1.7982e-02 -7.3274e-02 -4.3658e-01 -5.0357e-02 -1.2994e-01 1.5394e-01 -1.3368e-01 5.9190e-03 -1.6573e-02
-1.2403e+00 7.6097e-01 -2.2794e-01 -3.3264e+00 3.1636e-01 -3.5967e+00 4.7807e+00 1.5683e+01 1.2116e-01 5.2334e-01 -1.4756e+00 -1.3042e-01 -5.4068e-01 5.0981e-02 -1.9627e-01 -1.7496e-01 3.2139e+01 1.3864e+01 4.0981e-01 -4.4169e-01 -3.3688e-01 9.1270e-02 -7.3167e-01 -1.8861e+00 -1.1485e+00 -5.6828e-01 7.1836e-01 -1.3075e+01 2.1288e-02 -2.2067e+00 -1.9609e-01 -9.2786e+00 2.6311e-01 -6.5330e-01 -2.4017e-01 1.2510e+01 -1.0192e-01 -2.6797e-01 -2.7664e-01 6.2014e-01 1.3737e+00 -5.9140e-01 -9.1388e-02 -2.1233e-01 5.4328e-02 1.0213e+01 -4.9073e-01 -2.6544e-01 -8.7525e-02 -4.6841e-01 -1.4346e+00 2.4394e-01
-1.7053e+00 1.4224e+00 -3.8274e-02 1.9104e+01 1.1384e+01 -1.7855e+00 6.2006e+00 1.4338e+01 2.7788e+00 -1.9523e+00 1.4524e+00 6.5601e-01 -1.0262e+00 -7.9403e-01 -2.2608e-02 -2.9689e+00 1.3864e+01 6.7298e+01 -2.4341e+00 -4.4754e-01 2.5626e+00 1.5195e+01 -1.1283e+00 -3.1920e+00 -7.4006e+00 -4.8864e-02 1.2412e+01 -1.3031e+01 -5.5278e-01 1.7750e+01 1.9557e+00 4.7515e+00 -1.7510e-01 -1.0899e+00 -1.6524e-01 1.2667e+01 -9.7369e-02 5.1024e-02 -1.1042e+00 -1.0965e+00 -6.8944e-01 -2.3305e+00 -1.2130e-01 -2.9443e-01 -8.1523e-01 1.1354e+01 -3.2318e-01 -1.2048e+00 -1.6500e-01 -5.3845e-01 -3.3925e-01 -9.2653e-02
-1.8257e+00 8.6280e-01 1.8882e+00 -1.2428e+00 -1.0211e+00 1.6206e+00 -2.8268e+00 -6.0169e-01 -3.4904e-01 -1.9183e+00 -9.3655e-01 -4.9019e-01 1.7406e+00 -4.1420e-01 -8.7097e-01 -3.6698e-01 4.0981e-01 -2.4341e+00 2.7390e+01 -3.0697e-01 1.2909e-01 -9.1500e-01 -3.7593e-01 9.8672e-01 2.5122e+00 6.0434e-01 -4.9420e-01 -1.6445e+00 -1.2484e+00 9.3915e-01 -3.6855e-03 -1.9381e+00 2.1744e+00 2.4704e+00 -1.4457e-01 1.3043e+00 7.2249e-02 -2.6350e-01 -1.8351e-01 1.6747e+00 -1.4327e-01 -7.0169e-02 -7.3885e-02 4.2010e-01 6.7669e-02 5.7408e+00 -1.5569e-01 7.1896e-01 -7.2739e-02 -3.5296e-01 -4.7658e-01 -1.0642e+00
-2.5905e+00 -4.5203e+00 1.0553e+00 -9.4890e-02 1.4481e-01 1.1123e-01 -1.4535e+00 -4.2681e-01 3.9061e+00 2.3506e+00 -6.2100e-01 -7.2218e-02 -2.6856e-01 8.2864e-02 -3.3851e-01 -3.1844e-02 -4.4169e-01 -4.4754e-01 -3.0697e-01 1.2980e+01 -2.9613e-01 -3.1020e-01 -1.0860e-01 -4.2922e-01 4.4029e+00 -7.4908e-02 -1.2786e+00 -2.5480e+00 -1.0659e+00 -1.5619e+00 -1.4002e-01 -6.2786e-01 -2.1950e-01 -1.8841e-01 8.5655e-02 3.2632e+00 2.1379e-01 6.8437e-02 -7.2728e-02 -1.8613e-01 -4.4054e-02 -3.8730e-02 -4.3569e-02 6.1406e-02 1.4173e+00 2.3798e+00 -2.3924e-02 -1.3276e-01 -4.8158e-02 1.5212e-02 -3.5974e-01 1.3402e-03
-1.4255e+00 -8.7141e+00 1.2374e-01 -2.0323e+00 -4.5218e-01 -1.2578e+00 -4.1160e-01 1.1904e+01 1.3318e+00 -1.9269e+00 -3.7817e+00 -1.9516e-01 3.7540e-01 -5.0023e-01 -1.6988e-01 -4.3199e-02 -3.3688e-01 2.5626e+00 1.2909e-01 -2.9613e-01 2.3841e+01 -1.3859e+00 -9.7754e-02 1.2802e+00 -1.3432e+00 2.3663e+00 -1.5142e+00 -1.5244e+00 -2.3812e-01 -2.5466e+00 -5.9184e-02 1.4347e+00 1.8094e-01 -8.0090e-01 -3.0470e-01 2.1719e+00 -1.9580e-01 -9.3222e-02 -1.6349e-01 9.3324e-02 -9.3615e-02 -1.8010e-01 8.2272e-01 -3.6080e-02 3.6452e-01 3.4311e+00 4.5506e-01 8.2377e-02 -1.1180e-01 -8.9437e-02 5.5808e-02 -1.6055e-01
-1.3086e+00 1.2961e+00 7.0359e-01 1.2009e+01 1.6537e+01 1.3948e+01 -3.9603e-01 -2.9720e+00 -2.9853e+00 -4.7511e-01 1.5321e+00 -2.3290e+00 -1.2058e-01 -6.9337e-01 8.9994e-01 -2.3071e+00 9.1270e-02 1.5195e+01 -9.1500e-01 -3.1020e-01 -1.3859e+00 6.0152e+01 -1.1015e+00 -7.7560e+00 -3.1523e+00 -1.6067e+00 2.2090e+01 2.6307e+00 1.7265e+00 2.5895e+01 -2.9422e-02 1.3078e+00 1.3339e+00 -2.8012e-02 -3.3118e-02 1.8709e+00 -4.2706e-01 2.9137e-01 -3.2838e-01 -2.3835e-01 -2.6223e-01 -6.7424e-01 -1.0786e-01 -1.9149e+00 -1.7884e+00 3.7747e-01 -4.3896e-01 -2.3015e-01 -1.6503e-01 3.9939e-01 1.2501e+00 -2.0195e-01
-1.0908e+00 5.3664e-01 7.8755e-02 7.4611e-01 -1.0884e+00 -2.8137e+00 4.6527e-01 -2.7412e-01 -2.9577e-02 -1.1285e+00 7.6588e-01 4.1142e-02 -2.8652e-01 -4.9298e-02 -3.4602e-02 -8.4953e-02 -7.3167e-01 -1.1283e+00 -3.7593e-01 -1.0860e-01 -9.7754e-02 -1.1015e+00 1.9022e+01 2.2509e-01 -1.1331e+00 7.3744e-02 -1.5975e+00 3.5211e-01 -6.7548e-01 1.8385e+00 1.3908e-01 3.9148e+00 1.6789e-01 3.2449e-01 -4.8079e-02 2.0843e-01 -9.8621e-02 -1.0631e-01 -1.9518e-01 -8.6481e-02 -1.2329e-01 -5.1052e-01 -3.8402e-03 -1.1543e-01 4.7328e-01 -1.3018e+00 -1.3279e-01 -1.8445e-01 -1.2483e-01 -1.3438e-01 1.1356e-01 -4.7349e-01
-6.8159e+00 2.6955e+00 2.5804e-01 -1.8238e+00 8.1930e-01 8.9026e+00 -1.1082e+01 -3.2903e+00 5.4754e+00 -1.0842e+00 -7.9856e+00 -6.5624e-01 -5.8328e-01 -5.3680e-01 -1.1745e+00 -3.2191e-01 -1.8861e+00 -3.1920e+00 9.8672e-01 -4.2922e-01 1.2802e+00 -7.7560e+00 2.2509e-01 5.0199e+01 -3.5367e+00 -4.9399e-01 -6.5257e+00 -4.0101e+00 -2.0349e+00 -2.5429e+00 -1.5935e-01 -4.4621e+00 -3.8051e-01 -1.5932e+00 -5.4485e-01 -3.9229e-01 6.2937e-01 -4.2539e-01 -2.0820e-01 -2.7713e-01 -1.0580e-01 1.2357e-01 -2.4154e-01 1.5768e+00 -1.3136e+00 6.7406e+00 -5.2656e-01 -2.4047e-01 4.2573e-02 -1.3640e-01 -2.4535e-01 -3.3973e-01
1.5335e+01 -1.8828e+01 -4.2173e+00 -4.7647e+00 -2.2027e+00 3.5073e+00 -6.9998e+00 -4.2446e+00 1.1231e+01 1.1463e+01 -2.1305e+00 -1.0581e+00 -9.3458e-01 3.8897e-01 1.5732e+00 -1.1333e+00 -1.1485e+00 -7.4006e+00 2.5122e+00 4.4029e+00 -1.3432e+00 -3.1523e+00 -1.1331e+00 -3.5367e+00 7.5970e+01 -9.0954e-01 -5.6759e-01 -1.7110e+01 4.2996e+00 2.2853e+00 -2.2699e-01 -5.7515e+00 -2.3840e+00 -2.9726e+00 -1.0073e+00 1.6694e+01 -3.5537e-01 3.1269e+00 5.8614e-02 -8.7149e-01 1.6739e+00 -5.8739e-01 -1.4490e-01 -8.6609e-01 -2.6818e-01 1.3210e+01 -7.3660e-01 8.6404e-01 4.5562e-01 1.5988e-02 -2.6118e+00 -4.2970e-01
-1.8154e+00 9.4436e-01 -4.3525e-02 -1.8581e+00 -4.9328e-01 -1.1390e+00 -2.4509e-01 2.3673e+00 7.2958e-01 3.1281e-01 -1.1927e+00 -2.9545e-01 -2.5994e-01 -1.1575e-01 -9.4039e-01 -2.1029e-01 -5.6828e-01 -4.8864e-02 6.0434e-01 -7.4908e-02 2.3663e+00 -1.6067e+00 7.3744e-02 -4.9399e-01 -9.0954e-01 1.7464e+01 -8.5550e-01 -1.3331e+00 9.6500e-01 -1.5094e+00 -1.0294e-01 1.9557e-02 -4.6701e-01 -3.6894e-01 -1.9434e-01 1.9326e+00 -1.4422e-02 -2.6143e-02 -8.5489e-02 2.7167e-02 -1.0121e-01 6.2146e-01 -6.2276e-02 8.0637e-01 -1.9865e-01 1.3033e+00 3.9066e-02 8.4674e-01 -4.0246e-02 -1.3434e-01 1.9304e-02 -7.1398e-03
6.1089e+00 -8.7937e+00 -1.2383e+01 6.7468e+00 1.4570e+01 9.9603e+00 9.4224e-01 -2.7669e+00 -7.6898e-01 6.9900e+00 -7.3337e+00 -7.9452e-02 1.6684e-02 -5.1008e-01 5.1769e+00 -2.2130e+00 7.1836e-01 1.2412e+01 -4.9420e-01 -1.2786e+00 -1.5142e+00 2.2090e+01 -1.5975e+00 -6.5257e+00 -5.6759e-01 -8.5550e-01 7.6837e+01 -1.1356e+00 1.2490e+01 3.5481e+01 1.3655e-01 2.5089e+00 -5.3519e+00 -1.8472e+00 1.0934e+00 -1.0385e+01 -4.9372e-01 5.1873e-01 1.9301e-01 -4.6182e-01 2.2543e-01 -8.5607e-01 9.7050e-02 -3.1308e+00 3.8173e+00 5.3160e+00 -1.6201e+00 -3.6024e-01 6.4596e-01 -3.2101e-02 2.6466e+00 -1.0054e+00
-5.5114e+00 7.7845e+00 -2.8296e-02 3.0402e+00 -7.4201e-01 2.5732e+00 4.3201e+00 -1.4368e+01 -1.2685e+01 7.5696e+00 -1.0524e+01 -1.3289e-02 9.3977e-02 1.2615e+00 -6.1709e-02 -1.2022e-01 -1.3075e+01 -1.3031e+01 -1.6445e+00 -2.5480e+00 -1.5244e+00 2.6307e+00 3.5211e-01 -4.0101e+00 -1.7110e+01 -1.3331e+00 -1.1356e+00 5.7777e+01 -1.7763e+00 -2.8953e+00 -1.4141e+00 1.5490e+01 -2.0569e+00 -6.1910e-01 -8.3860e-03 -4.3342e+01 -5.9816e-02 -5.9993e-02 5.1570e-01 -8.7012e-01 2.1494e-01 5.3199e-01 -9.6180e-03 -7.1014e-01 -1.9222e+00 -4.3978e+01 5.1613e-01 -4.5477e-01 -7.1277e-01 3.3162e-01 4.7519e+00 -3.1396e-01
8.1701e+00 -3.1852e-02 -1.4657e+01 -3.7620e-01 4.3064e-01 -1.8263e+00 -2.9266e+00 -1.4558e+00 -5.6117e-03 -7.6850e-01 -1.4275e+01 -2.1288e+00 -4.1245e-01 -5.5373e-01 6.4942e+00 -1.6694e+00 2.1288e-02 -5.5278e-01 -1.2484e+00 -1.0659e+00 -2.3812e-01 1.7265e+00 -6.7548e-01 -2.0349e+00 4.2996e+00 9.6500e-01 1.2490e+01 -1.7763e+00 5.2739e+01 1.6345e+01 1.8362e-01 -1.3447e+00 -4.2901e+00 -4.8761e+00 -1.4615e+00 1.2804e+00 -2.7097e-01 -2.4787e-02 -3.3870e-01 -3.7067e-03 1.6950e-02 -1.0495e-01 1.1728e-01 -1.3874e+00 6.8150e-01 -1.1844e-01 -1.1941e+00 -1.3476e-01 -4.1326e-01 -3.5453e-01 4.4421e-02 -6.3726e-02
2.5273e+00 -1.4372e+00 -1.7098e+01 1.5989e+01 1.4297e+01 8.4995e+00 4.0850e-02 -3.1968e+00 -2.9201e+00 3.5944e+00 -9.2779e+00 -1.3405e+00 -9.7971e-01 -1.0748e+00 7.3156e+00 -1.5694e+00 -2.2067e+00 1.7750e+01 9.3915e-01 -1.5619e+00 -2.5466e+00 2.5895e+01 1.8385e+00 -2.5429e+00 2.2853e+00 -1.5094e+00 3.5481e+01 -2.8953e+00 1.6345e+01 9.0176e+01 -1.1318e-01 7.6686e+00 -8.4414e-01 1.7081e+00 2.1466e-01 4.7488e+00 -4.5089e-01 4.9108e-01 -6.6903e-01 5.6487e-03 -4.2481e-01 -1.5503e+00 -1.2360e-01 -2.8434e+00 -6.0382e-01 3.2857e+00 -1.3360e+00 -4.0564e-01 -7.8439e-01 -2.4732e-01 6.1885e-01 4.0542e-02
-2.5737e-01 4.6881e-01 2.2732e-01 -7.8190e-02 1.6383e-01 -5.3820e-02 -7.6239e-01 -3.3466e-01 -8.2077e-01 -1.4949e+00 2.1424e+00 -3.6371e-02 -1.2887e-01 -1.6994e-01 -6.6833e-02 -3.9502e-02 -1.9609e-01 1.9557e+00 -3.6855e-03 -1.4002e-01 -5.9184e-02 -2.9422e-02 1.3908e-01 -1.5935e-01 -2.2699e-01 -1.0294e-01 1.3655e-01 -1.4141e+00 1.8362e-01 -1.1318e-01 7.4192e+00 -2.3940e-01 1.9208e-02 -8.9084e-02 -5.2411e-02 -1.3759e+00 3.6446e-02 3.1507e-01 -4.8114e-02 -1.7751e-02 -4.4105e-02 -4.7360e-02 1.6550e-02 -6.1294e-02 -1.7017e-01 -6.5903e-01 -5.3117e-02 -6.8746e-02 -2.4878e-02 -6.4524e-02 -1.3099e-01 5.0202e-02
-5.3671e-01 8.6105e-01 -1.3829e-01 1.1378e+01 2.2671e+00 1.0239e+01 1.3317e+01 -5.2364e+00 -6.5910e+00 4.7520e+00 -2.6473e+00 -8.8579e-02 -4.4851e-01 -4.8393e-01 -1.0150e-01 -4.8532e-02 -9.2786e+00 4.7515e+00 -1.9381e+00 -6.2786e-01 1.4347e+00 1.3078e+00 3.9148e+00 -4.4621e+00 -5.7515e+00 1.9557e-02 2.5089e+00 1.5490e+01 -1.3447e+00 7.6686e+00 -2.3940e-01 6.8141e+01 -3.5140e-01 1.9818e-01 -3.9328e-01 -1.3674e+01 -1.8062e-01 7.5676e-01 -1.8564e+00 -4.4006e-02 -1.2218e+00 -5.0454e+00 1.8234e-01 3.5633e-02 -5.7952e-01 -1.7355e+01 1.4404e+00 5.3681e-01 -3.6648e-01 7.9672e-01 3.2795e-01 2.2938e-02
-1.4261e+00 3.5022e+00 4.5924e+00 -1.9839e-01 6.2463e-01 3.9886e-01 5.0886e-01 -6.1064e-01 -9.9761e-01 -1.2859e+00 9.4942e+00 5.1811e-02 3.2798e-01 -2.3888e-01 -2.6973e+00 -3.4627e-01 2.6311e-01 -1.7510e-01 2.1744e+00 -2.1950e-01 1.8094e-01 1.3339e+00 1.6789e-01 -3.8051e-01 -2.3840e+00 -4.6701e-01 -5.3519e+00 -2.0569e+00 -4.2901e+00 -8.4414e-01 1.9208e-02 -3.5140e-01 3.0921e+01 7.4110e+00 -2.6621e-01 4.1060e+00 -1.5072e-01 -1.7273e-01 -6.7327e-02 2.6984e-01 -5.7042e-02 4.0557e-02 -2.2273e-01 -2.2714e-01 -1.3838e+00 1.9823e+00 -3.1934e-01 1.8506e-01 -2.3294e-01 -7.3483e-02 -2.4182e-01 -1.7684e-01
2.4218e+00 1.3917e+00 2.2083e+00 -1.2852e+00 -6.3469e-01 1.2381e+00 -2.0995e-01 -1.5335e+00 -1.3994e+00 -1.7398e+00 3.2631e+00 3.4412e+00 4.2753e+00 3.6031e-01 3.7261e-01 1.8688e+00 -6.5330e-01 -1.0899e+00 2.4704e+00 -1.8841e-01 -8.0090e-01 -2.8012e-02 3.2449e-01 -1.5932e+00 -2.9726e+00 -3.6894e-01 -1.8472e+00 -6.1910e-01 -4.8761e+00 1.7081e+00 -8.9084e-02 1.9818e-01 7.4110e+00 3.4044e+01 4.5567e+00 9.7843e-01 -2.2409e-01 -3.6804e-01 -7.8542e-02 3.7452e+00 -1.3544e-01 4.0832e-01 -7.7257e-02 -7.4269e-01 -5.1615e-01 7.7704e-02 1.1872e+00 1.0375e+00 -2.0218e-01 1.2404e+00 -3.9057e-02 -7.4973e-01
2.4893e+00 -1.4569e-01 -1.2421e-01 -2.4342e-02 -1.8007e-01 -1.6260e-01 4.6454e-02 -4.3696e-01 -2.2606e-01 7.2719e-02 1.4608e+00 -4.2988e-01 7.8833e-01 3.0444e-01 3.0521e+00 -3.2875e-01 -2.4017e-01 -1.6524e-01 -1.4457e-01 8.5655e-02 -3.0470e-01 -3.3118e-02 -4.8079e-02 -5.4485e-01 -1.0073e+00 -1.9434e-01 1.0934e+00 -8.3860e-03 -1.4615e+00 2.1466e-01 -5.2411e-02 -3.9328e-01 -2.6621e-01 4.5567e+00 1.1901e+01 -7.9918e-02 -5.6128e-02 -1.4867e-01 6.2791e-02 -1.5965e-01 -9.9005e-03 -1.5783e-02 -3.0192e-02 -2.6859e-01 -1.3815e-01 9.6235e-03 -1.5315e-01 4.3914e-02 -4.2635e-02 -1.9766e-01 1.1674e-02 -3.9047e-02
3.3055e+00 9.4523e+00 -8.8292e-01 -2.1035e+00 2.7675e+00 -4.3971e+00 -1.9723e+00 1.3210e+01 1.0404e+01 -1.4320e+01 9.1193e+00 6.2509e-01 8.1194e-01 -1.3301e+00 -1.0815e+00 6.1358e-02 1.2510e+01 1.2667e+01 1.3043e+00 3.2632e+00 2.1719e+00 1.8709e+00 2.0843e-01 -3.9229e-01 1.6694e+01 1.9326e+00 -1.0385e+01 -4.3342e+01 1.2804e+00 4.7488e+00 -1.3759e+00 -1.3674e+01 4.1060e+00 9.7843e-01 -7.9918e-02 9.9692e+01 -2.5868e+00 -1.5072e-01 -7.4649e-01 1.4731e+00 -8.5619e-01 -7.3633e-01 1.2261e-01 5.4064e-01 -6.9770e-01 6.0166e+01 -9.6775e-01 7.4311e-01 -1.7286e-01 -6.5527e-01 1.4428e+01 2.3448e+00
1.1764e-01 -1.1271e+00 -2.1027e-01 1.3675e-01 6.9736e-01 2.0595e+00 -1.0458e-01 2.1074e-01 5.5182e-01 5.1856e-01 -1.3767e-01 -4.2621e-02 -1.4367e-01 1.2613e+00 1.5732e+00 -2.8038e-02 -1.0192e-01 -9.7369e-02 7.2249e-02 2.1379e-01 -1.9580e-01 -4.2706e-01 -9.8621e-02 6.2937e-01 -3.5537e-01 -1.4422e-02 -4.9372e-01 -5.9816e-02 -2.7097e-01 -4.5089e-01 3.6446e-02 -1.8062e-01 -1.5072e-01 -2.2409e-01 -5.6128e-02 -2.5868e+00 8.6389e+00 -2.1966e-02 -5.7616e-02 -1.3814e-01 -7.1570e-02 -4.0282e-02 1.9575e-02 -4.2255e-02 -3.5465e-01 -1.5053e+00 5.1228e-01 -9.6137e-03 8.3786e-02 1.2162e-01 -2.2834e+00 2.4164e-01
-1.0918e+00 2.6174e-01 -1.5948e-01 2.4276e-01 1.4166e-01 1.4804e-01 4.3780e-01 -3.9407e-01 -1.7670e-01 -4.3652e-02 3.0383e+00 -6.7749e-02 -1.1374e-01 -2.1308e-02 -2.5960e-01 -1.8619e-01 -2.6797e-01 5.1024e-02 -2.6350e-01 6.8437e-02 -9.3222e-02 2.9137e-01 -1.0631e-01 -4.2539e-01 3.1269e+00 -2.6143e-02 5.1873e-01 -5.9993e-02 -2.4787e-02 4.9108e-01 3.1507e-01 7.5676e-01 -1.7273e-01 -3.6804e-01 -1.4867e-01 -1.5072e-01 -2.1966e-02 8.9044e+00 -2.0577e-02 -5.9622e-02 -2.1521e-02 -5.2202e-02 2.0818e-01 -1.3731e-01 2.4728e-01 -8.0629e-01 -1.3981e-01 -6.5183e-02 4.4044e-02 -1.8074e-01 6.6637e-03 -2.0168e-02
1.6653e-01 3.7029e-01 4.3886e-02 -1.1348e+00 3.9142e-02 -6.3710e-01 -1.5030e-01 -5.4390e-01 5.1569e-01 -9.6785e-01 -7.1745e-02 3.2659e-01 -6.8126e-02 -6.7956e-02 3.4555e-01 -3.7840e-02 -2.7664e-01 -1.1042e+00 -1.8351e-01 -7.2728e-02 -1.6349e-01 -3.2838e-01 -1.9518e-01 -2.0820e-01 5.8614e-02 -8.5489e-02 1.9301e-01 5.1570e-01 -3.3870e-01 -6.6903e-01 -4.8114e-02 -1.8564e+00 -6.7327e-02 -7.8542e-02 6.2791e-02 -7.4649e-01 -5.7616e-02 -2.0577e-02 8.3575e+00 -3.3174e-02 4.6131e-01 -1.6192e-01 -3.4721e-02 -4.1320e-02 -5.5190e-02 -5.9650e-01 3.6120e-01 -8.7006e-02 -2.6511e-02 -3.0244e-02 4.0760e-02 -3.8832e-01
-5.8274e-01 1.1327e+00 -2.8984e-02 -1.7170e-01 -7.6523e-02 -2.5375e-01 -3.9265e-01 6.5517e-02 -1.1889e+00 -1.8787e+00 -1.4501e+00 -1.4951e-01 3.9686e+00 9.7570e-02 6.4230e-02 -4.3190e-02 6.2014e-01 -1.0965e+00 1.6747e+00 -1.8613e-01 9.3324e-02 -2.3835e-01 -8.6481e-02 -2.7713e-01 -8.7149e-01 2.7167e-02 -4.6182e-01 -8.7012e-01 -3.7067e-03 5.6487e-03 -1.7751e-02 -4.4006e-02 2.6984e-01 3.7452e+00 -1.5965e-01 1.4731e+00 -1.3814e-01 -5.9622e-02 -3.3174e-02 1.0564e+01 1.9812e-03 3.6134e-02 2.8670e-02 -1.7369e-02 -3.1884e-01 9.4433e-01 2.5029e-02 -8.7967e-02 -6.9309e-02 -8.7365e-02 3.7078e-03 1.2137e-01
5.6818e-02 -5.3628e-01 -8.4803e-02 -6.7449e-01 -1.7663e-01 -5.3854e-01 1.9033e-01 -4.9134e-01 8.0858e-03 7.2728e-01 -2.0399e-01 4.5324e-01 -2.5945e-02 -8.0582e-02 1.9225e-02 -4.1640e-02 1.3737e+00 -6.8944e-01 -1.4327e-01 -4.4054e-02 -9.3615e-02 -2.6223e-01 -1.2329e-01 -1.0580e-01 1.6739e+00 -1.0121e-01 2.2543e-01 2.1494e-01 1.6950e-02 -4.2481e-01 -4.4105e-02 -1.2218e+00 -5.7042e-02 -1.3544e-01 -9.9005e-03 -8.5619e-01 -7.1570e-02 -2.1521e-02 4.6131e-01 1.9812e-03 7.2996e+00 -9.5866e-02 -2.7989e-02 -2.8164e-02 -8.9264e-02 -5.4954e-01 -1.2329e-02 -1.7529e-02 -1.0569e-02 -8.8153e-02 -4.8682e-01 1.0415e-01
-2.7547e-01 -2.5538e-01 2.5633e-01 -2.2060e+00 -5.4450e-02 -2.3305e+00 -5.2381e-01 -4.0643e-01 -3.4993e-01 2.3861e-01 -1.3410e-01 -6.9082e-02 1.8301e-01 -4.5484e-02 -5.4029e-02 9.1891e-02 -5.9140e-01 -2.3305e+00 -7.0169e-02 -3.8730e-02 -1.8010e-01 -6.7424e-01 -5.1052e-01 1.2357e-01 -5.8739e-01 6.2146e-01 -8.5607e-01 5.3199e-01 -1.0495e-01 -1.5503e+00 -4.7360e-02 -5.0454e+00 4.0557e-02 4.0832e-01 -1.5783e-02 -7.3633e-01 -4.0282e-02 -5.2202e-02 -1.6192e-01 3.6134e-02 -9.5866e-02 1.1047e+01 -2.4974e-02 -4.2999e-02 -1.0123e-01 -9.1147e-01 1.0804e-01 -1.2458e-01 -5.1266e-02 -1.4262e-01 -2.1398e-01 2.3873e-02
9.5596e-02 -4.7988e-01 2.6696e-01 5.2651e-02 3.0377e-01 -2.1701e-02 6.1482e-02 6.3517e-01 -2.1553e-01 8.0267e-02 -6.4777e-02 -5.6010e-02 7.8601e-02 -3.0051e-02 1.4947e-01 1.2646e-02 -9.1388e-02 -1.2130e-01 -7.3885e-02 -4.3569e-02 8.2272e-01 -1.0786e-01 -3.8402e-03 -2.4154e-01 -1.4490e-01 -6.2276e-02 9.7050e-02 -9.6180e-03 1.1728e-01 -1.2360e-01 1.6550e-02 1.8234e-01 -2.2273e-01 -7.7257e-02 -3.0192e-02 1.2261e-01 1.9575e-02 2.0818e-01 -3.4721e-02 2.8670e-02 -2.7989e-02 -2.4974e-02 5.7272e+00 9.3832e-03 -1.6925e-01 5.1314e-02 -1.0532e-01 -2.5279e-02 -2.1223e-02 -3.6955e-02 -3.4937e-02 1.6145e-01
-1.3569e+00 9.9611e-02 6.4750e-01 -1.4076e-01 -1.5847e+00 -1.1241e+00 -2.9958e-01 6.2159e-01 -3.6328e-01 6.9875e-02 5.7561e-01 -2.8691e-01 -6.7470e-02 -6.4440e-03 -8.6568e-01 -1.7982e-02 -2.1233e-01 -2.9443e-01 4.2010e-01 6.1406e-02 -3.6080e-02 -1.9149e+00 -1.1543e-01 1.5768e+00 -8.6609e-01 8.0637e-01 -3.1308e+00 -7.1014e-01 -1.3874e+00 -2.8434e+00 -6.1294e-02 3.5633e-02 -2.2714e-01 -7.4269e-01 -2.6859e-01 5.4064e-01 -4.2255e-02 -1.3731e-01 -4.1320e-02 -1.7369e-02 -2.8164e-02 -4.2999e-02 9.3832e-03 1.2203e+01 -8.0359e-02 2.6397e+00 -1.3978e-01 -5.2882e-02 -4.3366e-02 -1.5453e-01 -3.0159e-01 -1.1563e-02
3.8775e+00 -6.9554e-01 1.8279e+00 -3.3824e-01 -7.6426e-01 -5.3117e-01 -9.3407e-01 -1.2648e-01 -8.2598e-01 3.1555e-01 8.2753e+00 -1.6767e-02 -4.6648e-01 -9.9097e-02 -4.8354e-01 -7.3274e-02 5.4328e-02 -8.1523e-01 6.7669e-02 1.4173e+00 3.6452e-01 -1.7884e+00 4.7328e-01 -1.3136e+00 -2.6818e-01 -1.9865e-01 3.8173e+00 -1.9222e+00 6.8150e-01 -6.0382e-01 -1.7017e-01 -5.7952e-01 -1.3838e+00 -5.1615e-01 -1.3815e-01 -6.9770e-01 -3.5465e-01 2.4728e-01 -5.5190e-02 -3.1884e-01 -8.9264e-02 -1.0123e-01 -1.6925e-01 -8.0359e-02 2.7319e+01 -7.6842e+00 3.3385e-01 -1.2047e-01 2.1355e-01 -1.3308e-01 2.0813e-01 6.7690e-01
5.3396e+00 -4.6969e+00 6.2378e-01 -2.8791e+00 2.9412e+00 -3.8026e+00 -4.5182e+00 1.0343e+01 1.3433e+01 -5.0933e+00 -6.5238e+00 -2.9807e-01 4.5380e-01 -1.6893e+00 -1.6033e+00 -4.3658e-01 1.0213e+01 1.1354e+01 5.7408e+00 2.3798e+00 3.4311e+00 3.7747e-01 -1.3018e+00 6.7406e+00 1.3210e+01 1.3033e+00 5.3160e+00 -4.3978e+01 -1.1844e-01 3.2857e+00 -6.5903e-01 -1.7355e+01 1.9823e+00 7.7704e-02 9.6235e-03 6.0166e+01 -1.5053e+00 -8.0629e-01 -5.9650e-01 9.4433e-01 -5.4954e-01 -9.1147e-01 5.1314e-02 2.6397e+00 -7.6842e+00 1.0378e+02 -1.5017e+00 4.9621e-01 2.2411e-01 -8.4554e-01 2.0293e+01 1.1015e+00
1.0305e+00 5.8453e-01 1.2322e+00 -2.3238e-02 -2.0902e-01 -5.9827e-01 1.9481e-01 -1.2897e-01 3.8329e-01 -3.9955e-01 2.9246e+00 1.4449e+00 -5.2580e-02 1.7124e+00 -5.5402e-01 -5.0357e-02 -4.9073e-01 -3.2318e-01 -1.5569e-01 -2.3924e-02 4.5506e-01 -4.3896e-01 -1.3279e-01 -5.2656e-01 -7.3660e-01 3.9066e-02 -1.6201e+00 5.1613e-01 -1.1941e+00 -1.3360e+00 -5.3117e-02 1.4404e+00 -3.1934e-01 1.1872e+00 -1.5315e-01 -9.6775e-01 5.1228e-01 -1.3981e-01 3.6120e-01 2.5029e-02 -1.2329e-02 1.0804e-01 -1.0532e-01 -1.3978e-01 3.3385e-01 -1.5017e+00 1.3051e+01 -9.5449e-02 -4.5034e-02 1.8523e+00 -2.1971e-01 2.4899e-02
-1.6198e-01 5.2986e-02 -2.4299e-01 -9.6658e-01 -6.9248e-02 1.7373e+00 1.1267e+00 -4.6098e-01 -4.8342e-01 3.0637e-01 -3.5415e-01 -1.4113e-01 -7.5032e-02 -1.3002e-01 1.5226e-01 -1.2994e-01 -2.6544e-01 -1.2048e+00 7.1896e-01 -1.3276e-01 8.2377e-02 -2.3015e-01 -1.8445e-01 -2.4047e-01 8.6404e-01 8.4674e-01 -3.6024e-01 -4.5477e-01 -1.3476e-01 -4.0564e-01 -6.8746e-02 5.3681e-01 1.8506e-01 1.0375e+00 4.3914e-02 7.4311e-01 -9.6137e-03 -6.5183e-02 -8.7006e-02 -8.7967e-02 -1.7529e-02 -1.2458e-01 -2.5279e-02 -5.2882e-02 -1.2047e-01 4.9621e-01 -9.5449e-02 1.0217e+01 -1.8059e-02 -5.0410e-02 1.0135e-01 -1.4070e-01
2.3334e-01 -3.6254e-01 4.6066e-01 -6.0516e-02 -5.6310e-02 -1.5924e-01 -1.6145e-01 -1.0077e-01 1.2293e-01 1.4256e-01 3.2731e-02 -2.7084e-02 2.5375e-01 -4.3419e-02 -3.7470e-01 1.5394e-01 -8.7525e-02 -1.6500e-01 -7.2739e-02 -4.8158e-02 -1.1180e-01 -1.6503e-01 -1.2483e-01 4.2573e-02 4.5562e-01 -4.0246e-02 6.4596e-01 -7.1277e-01 -4.1326e-01 -7.8439e-01 -2.4878e-02 -3.6648e-01 -2.3294e-01 -2.0218e-01 -4.2635e-02 -1.7286e-01 8.3786e-02 4.4044e-02 -2.6511e-02 -6.9309e-02 -1.0569e-02 -5.1266e-02 -2.1223e-02 -4.3366e-02 2.1355e-01 2.2411e-01 -4.5034e-02 -1.8059e-02 5.8595e+00 -5.2704e-02 -6.4677e-01 -2.8034e-02
7.0608e-01 -1.5684e-01 -1.9579e-01 -9.1731e-02 -2.0583e-01 2.4674e-01 2.8408e-01 1.0535e+00 -3.8363e-01 -6.7100e-01 1.1202e+00 1.2613e+00 1.2858e+00 -1.9434e-02 -7.7397e-02 -1.3368e-01 -4.6841e-01 -5.3845e-01 -3.5296e-01 1.5212e-02 -8.9437e-02 3.9939e-01 -1.3438e-01 -1.3640e-01 1.5988e-02 -1.3434e-01 -3.2101e-02 3.3162e-01 -3.5453e-01 -2.4732e-01 -6.4524e-02 7.9672e-01 -7.3483e-02 1.2404e+00 -1.9766e-01 -6.5527e-01 1.2162e-01 -1.8074e-01 -3.0244e-02 -8.7365e-02 -8.8153e-02 -1.4262e-01 -3.6955e-02 -1.5453e-01 -1.3308e-01 -8.4554e-01 1.8523e+00 -5.0410e-02 -5.2704e-02 1.2451e+01 -8.8708e-02 6.3835e-01
-1.4115e-01 9.4239e+00 -1.1927e+00 5.2552e-01 3.6079e-01 -9.0147e-01 -4.0077e-01 -3.8391e+00 -5.7614e-01 -6.0599e+00 4.0175e+00 -3.3144e-01 -2.7234e-02 -7.5080e-01 -1.1274e+00 5.9190e-03 -1.4346e+00 -3.3925e-01 -4.7658e-01 -3.5974e-01 5.5808e-02 1.2501e+00 1.1356e-01 -2.4535e-01 -2.6118e+00 1.9304e-02 2.6466e+00 4.7519e+00 4.4421e-02 6.1885e-01 -1.3099e-01 3.2795e-01 -2.4182e-01 -3.9057e-02 1.1674e-02 1.4428e+01 -2.2834e+00 6.6637e-03 4.0760e-02 3.7078e-03 -4.8682e-01 -2.1398e-01 -3.4937e-02 -3.0159e-01 2.0813e-01 2.0293e+01 -2.1971e-01 1.0135e-01 -6.4677e-01 -8.8708e-02 2.8118e+01 8.4372e-01
-1.4669e+00 3.4316e+00 3.8964e-01 -1.8840e-01 -2.0950e+00 3.8489e-02 -7.8116e-01 2.4943e+00 -1.8285e-01 1.0908e+01 4.8075e-02 -1.1127e-01 -2.3499e-01 -2.7048e-01 8.0241e-02 -1.6573e-02 2.4394e-01 -9.2653e-02 -1.0642e+00 1.3402e-03 -1.6055e-01 -2.0195e-01 -4.7349e-01 -3.3973e-01 -4.2970e-01 -7.1398e-03 -1.0054e+00 -3.1396e-01 -6.3726e-02 4.0542e-02 5.0202e-02 2.2938e-02 -1.7684e-01 -7.4973e-01 -3.9047e-02 2.3448e+00 2.4164e-01 -2.0168e-02 -3.8832e-01 1.2137e-01 1.0415e-01 2.3873e-02 1.6145e-01 -1.1563e-02 6.7690e-01 1.1015e+00 2.4899e-02 -1.4070e-01 -2.8034e-02 6.3835e-01 8.4372e-01 1.6416e+01
