5.1485e+01 1.5285e+00 -2.0623e+01 7.7265e+00 1.1214e+01 -1.7216e+00 1.0048e+01 -3.0457e-01 -5.3082e-01 5.9014e-01 -3.8017e-01 -1.0092e+00 -1.0295e+00 4.5199e-02 5.9094e-02 1.4886e+00 1.2385e+00 8.6230e-01 -7.5365e-02 -4.5231e+00 2.0749e+00 7.6440e-01 -2.8463e-01 -4.3538e+00 -5.6545e-01 -4.1963e+00 1.3612e+00 3.4950e-01 1.0180e+00 -2.5971e+00 2.3518e-01 -5.6899e-01 -4.9313e-01 1.2139e+00 2.7560e-01 -1.0025e+01 2.5104e-01 -4.8737e+00 3.5283e-01 1.3123e-01 -3.3361e-01 1.0446e-01 -1.8994e-01 -1.6039e-01 -2.2968e+00 -5.4586e-01 -1.1956e+00 -1.2430e+00 2.2717e-03 -4.6640e-01 -8.0164e-02 -4.1202e-01
1.5285e+00 5.6336e+01 7.2172e+00 4.2741e-01 3.1003e+00 -1.8542e+01 -2.0781e+00 6.6589e-01 -2.0231e-02 -2.5308e-01 -6.4122e+00 -6.5605e+00 -2.5105e+00 3.7585e-01 4.1653e-01 -1.6520e+00 1.0656e+01 -3.6850e-01 -1.1449e-01 -2.1155e+00 7.2741e-01 2.3233e-01 -5.7846e-01 7.0322e-01 -1.0322e+00 -5.2949e-01 1.7097e+01 -1.7574e+00 -7.1483e-01 -1.0945e+01 3.8523e-01 2.1707e+00 -3.7028e-01 -1.7111e-01 -1.1088e-01 -1.8982e+00 1.0845e+00 -3.3344e-01 7.9183e-02 -5.9604e-01 2.1123e-01 -2.9949e-02 -2.6945e-01 1.6634e+00 -3.8451e-02 9.6873e-01 -4.9085e-02 -1.3069e-01 -2.5993e-01 1.0043e-01 -1.3186e-01 1.7144e+00
-2.0623e+01 7.2172e+00 9.2849e+01 6.5112e+00 -3.0176e+00 -2.8725e+00 -1.6002e+01 -2.5064e+00 4.1203e+00 -4.6823e+00 -5.8987e-01 -2.0682e+01 7.2296e+00 -4.9583e-01 -2.6477e+00 -5.6098e+00 9.0297e-01 -3.9034e+00 8.2183e-02 -5.7380e+00 -1.5301e+00 -2.4297e-01 -6.6477e-01 -4.0397e+00 -3.4433e+00 1.5833e+01 3.4234e+00 -6.1971e+00 -5.2879e+00 -1.4821e+01 1.4713e+00 1.7587e+00 -4.7379e-01 -8.5018e-01 1.6227e+00 7.0523e+00 -1.7736e-01 4.2597e+00 -1.0144e+00 -1.8642e+00 -1.8796e-02 1.9998e-02 -7.0103e-01 5.1922e-01 1.2596e+00 -1.8980e+00 2.2820e-01 -5.4228e-01 2.4108e-02 -1.3099e-01 7.5473e-02 2.0130e-01
7.7265e+00 4.2741e-01 6.5112e+00 7.9605e+01 -5.3584e+00 -8.9433e-01 5.5398e+00 -1.1867e+01 -1.2429e+01 -1.1407e+01 -1.7922e+00 -9.5035e+00 -2.5110e+00 1.3404e+00 -2.3559e+00 -9.2704e-01 -1.6815e+00 -8.9095e+00 -1.5482e-01 3.0212e+00 -5.8233e-03 2.5648e-01 -3.7196e+00 -1.2014e+00 -5.8664e-02 -4.3548e+00 2.5504e-01 -4.5904e-01 -1.8834e+00 -5.3469e+00 3.1499e-01 4.3481e-01 -2.0805e-02 -5.1813e-02 9.5050e-03 -4.9810e-01 -9.5931e-01 -2.1729e+00 -1.7349e+00 -7.5001e-01 -1.9299e-01 7.9647e-02 -1.6209e+00 -1.2613e-01 -8.9610e-01 -2.2115e+00 -7.3333e-01 -1.2066e+00 1.1798e-01 3.8175e-01 -1.7729e-01 3.1412e-01
1.1214e+01 3.1003e+00 -3.0176e+00 -5.3584e+00 6.3870e+01 -4.6090e+00 2.2519e+00 -6.3601e+00 -4.3295e+00 -6.2580e+00 -1.0305e+00 1.4509e+01 1.5481e+00 -1.5862e-01 5.7229e-01 5.4973e+00 -1.6421e-01 -5.1237e+00 -4.3663e-01 -3.5871e+00 -2.1621e+00 2.0213e-01 2.8684e+00 -4.0481e-01 -3.0390e+00 -1.5033e+00 1.0445e+00 -9.9448e+00 -7.2976e+00 9.1787e+00 -1.3511e+00 2.9220e-01 -8.5628e-01 -1.3552e+00 -7.5092e-01 -8.9909e+00 -2.1407e-01 -4.4420e-01 2.2033e-01 -8.1931e-01 -9.7592e-02 2.6316e-02 -4.2312e-01 1.1588e-01 -1.4397e+00 -9.1685e-01 -6.6912e-02 -9.2084e-01 2.5677e-02 -4.8214e-01 -4.5062e-01 8.2031e-01
-1.7216e+00 -1.8542e+01 -2.8725e+00 -8.9433e-01 -4.6090e+00 4.9979e+01 1.4105e+00 7.7854e-01 -7.0532e-01 -9.1911e-01 -4.0443e+00 -2.4935e+00 2.9952e+00 -3.9952e-01 -4.4118e-01 -8.2351e-01 -8.1084e+00 -3.3462e-01 -8.1570e-01 5.4377e+00 -8.3131e-01 -2.3994e-01 7.0895e-01 -5.6177e-01 -5.4207e-02 -1.1213e+00 -1.0999e+01 2.7328e+00 4.7835e+00 1.0669e+01 1.2753e-01 -3.8798e+00 1.0908e+00 8.3189e-01 -2.5864e-02 -1.0438e+00 -2.0761e-01 -3.6458e-01 1.0214e+00 1.0981e+00 5.5343e-02 1.1336e-01 7.8885e-02 -1.2409e-01 -2.7259e-01 -6.6301e-01 1.8477e-01 1.9567e-01 -2.3727e-01 -1.4705e-01 -8.6454e-01 -4.0855e+00
1.0048e+01 -2.0781e+00 -1.6002e+01 5.5398e+00 2.2519e+00 1.4105e+00 4.0443e+01 5.0603e-01 -1.0417e-01 4.8520e-01 -9.3904e-01 -6.5170e-01 -1.8949e+00 -4.2978e-01 2.1974e-01 3.8147e-01 -6.9705e-02 4.1439e-01 2.2001e-01 1.9359e-01 -2.1826e+00 -2.4024e-01 -2.2708e+00 3.8077e-01 3.5972e-01 -3.2095e+00 -5.3822e-01 -9.0266e-02 5.3733e-01 1.9073e+00 -3.2269e-01 7.7690e-01 4.6492e-01 1.9233e+00 -1.8357e+00 -1.1207e+00 6.2268e-02 -3.0746e+00 -3.8405e-01 3.8891e-01 -3.6392e-01 -1.4173e-01 -1.9183e-01 1.2294e-01 4.8305e-02 -2.2482e-01 -1.1664e+00 -5.3592e-01 -7.3216e-02 -3.8355e-02 2.0858e-01 8.6724e-01
-3.0457e-01 6.6589e-01 -2.5064e+00 -1.1867e+01 -6.3601e+00 7.7854e-01 5.0603e-01 6.4434e+01 3.1223e+01 3.4302e+01 3.1316e-01 -4.0405e-01 1.5884e+00 -1.0043e+00 1.0840e+00 -1.2316e+00 -3.0186e-01 3.4897e+01 -5.0026e+00 -7.9957e+00 -2.9494e-01 4.9119e-01 -5.0402e-01 -2.1155e+00 1.7414e-01 -4.5225e+00 -2.3658e+00 4.2529e+00 6.7477e-01 -4.8111e-02 -9.6391e-01 -3.9404e+00 -4.4371e-01 -1.7077e-02 -8.7099e-01 -8.7024e-01 -9.8913e-01 -1.5099e+00 1.0435e+00 1.2809e+00 4.9293e-01 -1.9570e-01 8.8457e-01 4.1298e-02 5.3428e-01 8.6723e+00 3.1199e-01 3.4515e-01 -3.1933e-02 1.9706e-02 -5.1011e+00 -2.3191e+00
-5.3082e-01 -2.0231e-02 4.1203e+00 -1.2429e+01 -4.3295e+00 -7.0532e-01 -1.0417e-01 3.1223e+01 4.5202e+01 2.8408e+01 1.9791e-01 2.0836e+00 2.0488e-01 -1.9408e-01 1.2600e+00 -7.0647e-01 -1.2106e-01 2.7841e+01 -6.2831e-01 -8.2913e+00 -3.7200e+00 -2.0858e-01 -9.8450e-02 -3.6480e+00 8.7209e-02 3.7190e+00 2.0796e+00 -1.2816e-01 7.9573e-01 1.5914e+00 -2.2070e-01 -5.8155e-01 -6.8782e-01 -1.3789e-01 -1.5436e-01 4.6548e-01 -6.3557e-01 1.5030e+00 1.1998e+00 -1.3664e-01 4.5220e-01 -1.2473e-01 8.6472e-01 -4.1977e-02 2.8972e-01 6.8113e+00 -1.0167e-01 -1.2283e-01 -5.6460e-02 -1.2655e-01 -6.6306e-01 -6.0821e-01
5.9014e-01 -2.5308e-01 -4.6823e+00 -1.1407e+01 -6.2580e+00 -9.1911e-01 4.8520e-01 3.4302e+01 2.8408e+01 4.2144e+01 -1.8432e+00 8.7696e-01 1.0357e+00 -7.2773e-01 1.9926e+00 2.7502e-01 3.6250e-02 3.3152e+01 3.8049e-01 -7.7866e+00 1.1129e-01 1.3280e-02 8.2550e-03 -3.5402e+00 6.0172e-02 -5.9277e+00 -2.2611e+00 5.5172e-01 7.7879e-01 1.1118e+00 -8.5680e-01 -5.7257e-02 -4.0833e-01 6.0614e-02 -9.0877e-03 4.8313e-03 -9.1949e-01 -1.2724e+00 -8.4400e-01 -1.6070e+00 5.2654e-01 -1.5148e-01 1.1215e+00 -5.1613e-02 2.7956e-01 8.5564e+00 -9.5514e-01 4.0886e-01 -3.2619e-02 -3.3304e-02 3.8056e-01 -6.9295e-02
-3.8017e-01 -6.4122e+00 -5.8987e-01 -1.7922e+00 -1.0305e+00 -4.0443e+00 -9.3904e-01 3.1316e-01 1.9791e-01 -1.8432e+00 2.5242e+01 6.0472e-01 -2.6608e+00 1.7960e-02 3.6978e-01 1.0546e-01 -2.3461e+00 7.9460e-01 9.7855e-02 -1.8398e+00 -3.2249e-01 -1.0931e-01 5.2514e-01 1.1823e+00 -2.8520e-01 -5.1937e-01 -3.6412e+00 1.8026e+00 -6.7175e-01 -2.6350e+00 -1.4845e-01 2.6950e-01 3.4757e-02 -2.1816e-01 5.1509e-02 -6.6522e-01 -1.8240e-01 -7.2178e-01 -5.1631e-02 1.1893e+00 -9.7115e-02 -6.7158e-02 -2.8331e-01 -3.1855e-02 4.3377e-02 -4.0471e-01 8.8613e-01 -3.2334e-01 -1.3962e-01 -7.0209e-02 9.4400e-02 2.7329e-01
-1.0092e+00 -6.5605e+00 -2.0682e+01 -9.5035e+00 1.4509e+01 -2.4935e+00 -6.5170e-01 -4.0405e-01 2.0836e+00 8.7696e-01 6.0472e-01 7.0109e+01 -2.0784e-01 3.7046e-01 -2.4662e+00 6.4372e+00 -1.3576e+00 1.4102e+00 7.0892e-02 -3.7969e+00 -1.9199e+00 -3.8322e-01 5.3221e+00 -2.9380e+00 -1.8063e+00 -2.0299e+00 -2.0328e+00 -3.5059e+00 -4.2728e+00 1.8160e+01 -1.0632e+00 -1.5068e+00 -1.6500e-01 -5.9724e-01 -5.3160e-01 3.3866e+00 2.2008e-01 -2.4228e+00 1.3267e+00 9.0748e-01 -2.4575e-01 9.8222e-02 -4.0072e-01 -4.5659e-01 -1.1110e+00 -8.0829e-01 4.4141e-01 -1.2376e+00 -1.0243e-01 -1.3794e-01 6.4123e-02 2.5345e-01
-1.0295e+00 -2.5105e+00 7.2296e+00 -2.5110e+00 1.5481e+00 2.9952e+00 -1.8949e+00 1.5884e+00 2.0488e-01 1.0357e+00 -2.6608e+00 -2.0784e-01 5.6886e+01 1.1547e-01 6.6091e+00 4.1533e+00 -1.8262e+00 1.3989e+00 1.8204e-01 -3.6596e+00 -8.7364e-01 -3.0263e-01 -8.1993e-01 -2.4925e+00 -4.3742e-01 6.4270e+00 -4.2644e-01 -1.4562e+00 -8.9324e-01 -6.4144e+00 -1.1967e+00 -5.4804e-01 1.4720e+00 -4.4960e-01 -2.2494e-01 -1.4908e+00 1.3891e+00 4.5588e+00 9.9750e-01 -1.1184e-01 -9.2510e-02 -9.9476e-02 -2.9656e-01 -2.2279e-01 -3.0338e-01 -9.7138e-01 -1.1176e-01 3.5263e-01 -2.7167e-01 -3.1386e-01 1.7748e-01 -7.5242e-01
4.5199e-02 3.7585e-01 -4.9583e-01 1.3404e+00 -1.5862e-01 -3.9952e-01 -4.2978e-01 -1.0043e+00 -1.9408e-01 -7.2773e-01 1.7960e-02 3.7046e-01 1.1547e-01 1.0953e+01 9.8077e-01 5.8110e-01 -1.4941e-01 -6.3023e-01 -5.2617e-01 -3.3395e-01 4.1542e-01 -1.2542e-01 1.1245e-01 7.0373e-01 -3.9051e-02 -2.1308e-01 -2.5916e-01 -1.7920e-01 -1.5273e-01 -4.3123e-01 4.3899e-02 -3.6466e-01 -5.1919e-02 8.6175e-02 -8.4658e-02 -1.9135e-01 -1.2797e-01 -9.8537e-02 -9.8329e-02 -1.3371e-01 -5.3017e-02 -1.5067e-02 1.6570e-01 -7.3154e-02 -5.0540e-02 8.0686e-02 -9.1903e-03 -7.3237e-02 -1.9713e-02 -8.7549e-02 -5.5805e-01 -4.5121e-01
5.9094e-02 4.1653e-01 -2.6477e+00 -2.3559e+00 5.7229e-01 -4.4118e-01 2.1974e-01 1.0840e+00 1.2600e+00 1.9926e+00 3.6978e-01 -2.4662e+00 6.6091e+00 9.8077e-01 3.0318e+01 -1.0959e+00 -2.9061e-01 2.4105e+00 -1.3007e+00 -1.2561e+00 4.4908e-01 -2.5288e-01 1.1866e-01 -3.0531e-01 1.1474e+00 -1.4686e+00 -6.8701e-01 -3.7354e-01 -6.0305e-01 -1.1993e+00 -2.9005e-03 -1.1067e-01 -3.6267e-01 -9.0709e-02 3.6242e-01 -1.0154e+00 9.7639e-01 -8.1041e-02 -4.5709e-01 -4.0722e-01 -4.8873e-02 4.2613e-03 -3.6196e-01 -5.3374e-02 -1.5335e-01 7.7634e-01 -9.8512e-02 5.0528e-01 -1.7920e-02 7.0394e-01 -2.6089e-01 -3.4070e-01
1.4886e+00 -1.6520e+00 -5.6098e+00 -9.2704e-01 5.4973e+00 -8.2351e-01 3.8147e-01 -1.2316e+00 -7.0647e-01 2.7502e-01 1.0546e-01 6.4372e+00 4.1533e+00 5.8110e-01 -1.0959e+00 2.8044e+01 1.0922e-01 -1.1873e+00 -1.1495e+00 -3.6251e-01 -7.0476e-01 2.2065e+00 -3.2445e-01 -9.2758e-01 -1.9866e-01 3.1268e+00 -2.2070e-01 -1.5657e+00 -9.2880e-01 -3.2228e+00 -1.5451e-01 -3.2401e+00 9.5412e-01 -1.3000e-01 -2.1871e-01 -1.7425e+00 6.2372e-02 1.7514e+00 4.9328e-02 1.6865e+00 1.0236e-01 2.0411e-01 1.0821e+00 -8.1587e-03 -1.9876e-01 -2.5598e-01 -7.4755e-02 -3.7277e-01 -3.5615e-02 -2.1084e-01 -1.2027e+00 -9.6458e-01
1.2385e+00 1.0656e+01 9.0297e-01 -1.6815e+00 -1.6421e-01 -8.1084e+00 -6.9705e-02 -3.0186e-01 -1.2106e-01 3.6250e-02 -2.3461e+00 -1.3576e+00 -1.8262e+00 -1.4941e-01 -2.9061e-01 1.0922e-01 2.9828e+01 -3.5450e-01 -1.7566e-02 -2.7086e+00 1.5595e+00 -1.4403e-01 -5.0865e-01 -1.1628e+00 -6.0961e-02 3.7238e+00 1.4481e+01 -2.9505e-01 -3.2682e-01 -4.8889e+00 5.8279e-01 1.7169e+00 2.9269e-01 -1.8344e-01 5.7760e-03 -2.3608e-01 -6.8838e-01 -3.0395e-01 6.6992e-01 -3.6157e-01 -1.2103e-01 -9.5943e-02 5.9213e-02 -1.3813e-01 -2.2346e-01 3.2073e-02 1.1506e-01 -2.5887e-01 -5.4293e-02 9.7834e-02 -2.2432e-02 1.6848e+00
8.6230e-01 -3.6850e-01 -3.9034e+00 -8.9095e+00 -5.1237e+00 -3.3462e-01 4.1439e-01 3.4897e+01 2.7841e+01 3.3152e+01 7.9460e-01 1.4102e+00 1.3989e+00 -6.3023e-01 2.4105e+00 -1.1873e+00 -3.5450e-01 5.6401e+01 1.9533e+00 -1.5740e+01 4.9217e-01 1.0189e+00 1.6956e-01 -2.0006e+00 1.0001e-01 -5.8728e+00 -2.1064e+00 -9.8442e-01 1.4040e+00 2.2835e+00 -8.3371e-01 -1.0135e+00 -4.2521e-01 1.3875e-01 -2.7152e-01 1.7779e-01 -1.2154e+00 7.7860e-02 -8.9076e-01 -6.0145e-01 3.3767e-01 -1.0313e-01 1.0916e+00 1.4316e-02 4.5884e-01 8.8271e+00 -1.4671e-01 1.1388e+00 -1.4994e-02 -6.1960e-02 1.9090e+00 -1.0848e+00
-7.5365e-02 -1.1449e-01 8.2183e-02 -1.5482e-01 -4.3663e-01 -8.1570e-01 2.2001e-01 -5.0026e+00 -6.2831e-01 3.8049e-01 9.7855e-02 7.0892e-02 1.8204e-01 -5.2617e-01 -1.3007e+00 -1.1495e+00 -1.7566e-02 1.9533e+00 2.6358e+01 -1.6420e+00 -1.2624e-01 -1.0637e+00 -2.2476e-01 -1.2969e-01 -1.0029e+00 -6.0884e-01 -5.2731e-01 -2.3570e+00 1.0047e-01 -3.6787e-01 5.8956e-02 4.0478e+00 -2.0867e-01 -9.3375e-02 -9.1968e-01 -2.9839e-01 -3.7777e-01 8.4304e-02 -7.1381e-01 -1.8674e+00 -2.1352e-02 4.7738e-02 -3.2222e-01 9.9597e-03 -6.4596e-02 -3.1124e-01 -4.0151e-01 5.3084e-02 3.1847e-02 -1.5784e-01 2.4627e+01 2.1038e+00
-4.5231e+00 -2.1155e+00 -5.7380e+00 3.0212e+00 -3.5871e+00 5.4377e+00 1.9359e-01 -7.9957e+00 -8.2913e+00 -7.7866e+00 -1.8398e+00 -3.7969e+00 -3.6596e+00 -3.3395e-01 -1.2561e+00 -3.6251e-01 -2.7086e+00 -1.5740e+01 -1.6420e+00 5.3223e+01 -9.2321e-01 -3.6570e-01 -8.5504e-01 2.6534e+00 5.4821e+00 -1.4625e+00 -3.5458e+00 4.4416e+00 -2.3623e+00 3.4980e+00 -8.9403e-01 8.1167e-01 6.4871e-01 2.6629e+00 -1.8753e-01 -7.0373e-01 -4.3102e-01 -1.8446e+00 -6.2887e-01 2.8040e+00 -1.3961e-01 2.8479e-01 -5.2319e-01 -2.5207e-01 -5.8490e-01 -2.3824e+00 -1.5383e-01 -1.7580e-01 -1.2274e-01 1.5878e-01 -1.6668e+00 6.8952e-01
2.0749e+00 7.2741e-01 -1.5301e+00 -5.8233e-03 -2.1621e+00 -8.3131e-01 -2.1826e+00 -2.9494e-01 -3.7200e+00 1.1129e-01 -3.2249e-01 -1.9199e+00 -8.7364e-01 4.1542e-01 4.4908e-01 -7.0476e-01 1.5595e+00 4.9217e-01 -1.2624e-01 -9.2321e-01 1.9320e+01 9.1455e-02 2.0525e-01 -1.1212e+00 -2.2817e-01 -8.5089e-01 1.1824e+00 -5.0309e-01 -5.4665e-01 -1.6348e+00 -1.4126e-01 1.7026e-01 1.2204e-01 -2.4709e-01 4.1362e-02 9.2330e-01 1.4714e-01 -8.4600e-01 -8.1876e-02 -3.1799e-01 -1.1597e-01 5.4735e-03 -4.8279e-02 -6.9953e-02 4.3113e-01 8.3995e-01 -9.9867e-02 5.3776e-01 -4.6088e-02 -2.7803e-02 -1.3216e-01 1.2660e-01
7.6440e-01 2.3233e-01 -2.4297e-01 2.5648e-01 2.0213e-01 -2.3994e-01 -2.4024e-01 4.9119e-01 -2.0858e-01 1.3280e-02 -1.0931e-01 -3.8322e-01 -3.0263e-01 -1.2542e-01 -2.5288e-01 2.2065e+00 -1.4403e-01 1.0189e+00 -1.0637e+00 -3.6570e-01 9.1455e-02 1.1023e+01 2.2069e-01 -5.9245e-01 -1.4910e-01 1.0856e-01 -2.1103e-01 -1.6920e-01 2.0147e-01 -4.1898e-01 6.3913e-01 -1.3433e+00 2.1930e-02 2.0031e-02 -1.1784e-01 -7.5523e-02 -1.9449e-02 -1.6574e-01 1.4497e-02 1.1259e+00 -2.7867e-02 1.4094e-01 -1.0445e-01 -2.8624e-02 2.1020e-02 9.5419e-02 -5.0121e-02 -1.1649e-01 -2.0042e-02 -2.3835e-02 -1.1017e+00 -4.1867e-01
-2.8463e-01 -5.7846e-01 -6.6477e-01 -3.7196e+00 2.8684e+00 7.0895e-01 -2.2708e+00 -5.0402e-01 -9.8450e-02 8.2550e-03 5.2514e-01 5.3221e+00 -8.1993e-01 1.1245e-01 1.1866e-01 -3.2445e-01 -5.0865e-01 1.6956e-01 -2.2476e-01 -8.5504e-01 2.0525e-01 2.2069e-01 1.5443e+01 1.7307e+00 -1.8262e-01 -6.4560e-01 -7.8320e-01 -4.5956e-01 -5.6875e-01 8.3969e-01 -3.2553e-01 2.6190e-01 -1.8080e-01 -2.8820e-01 -1.9445e-01 -2.6622e-01 2.3558e-01 -6.4747e-01 1.2527e+00 -5.4257e-02 -3.0823e-02 -4.2821e-02 3.1345e-02 -8.4239e-02 1.1233e+00 3.7929e-01 -6.1422e-02 -2.1481e-01 -4.2532e-02 2.6813e-02 -2.3804e-01 2.0333e-01
-4.3538e+00 7.0322e-01 -4.0397e+00 -1.2014e+00 -4.0481e-01 -5.6177e-01 3.8077e-01 -2.1155e+00 -3.6480e+00 -3.5402e+00 1.1823e+00 -2.9380e+00 -2.4925e+00 7.0373e-01 -3.0531e-01 -9.2758e-01 -1.1628e+00 -2.0006e+00 -1.2969e-01 2.6534e+00 -1.1212e+00 -5.9245e-01 1.7307e+00 5.5361e+01 -2.2361e-01 -4.8464e+00 -7.1556e-01 -8.8132e-03 7.0815e+00 9.4846e+00 -6.5631e-01 3.0057e-01 2.0580e-01 2.3983e-01 4.6854e-02 -1.1882e-01 -4.9051e-01 4.1401e+00 -6.5623e-01 7.1764e-01 1.8555e-02 -8.8367e-04 -1.4259e+00 2.4820e-01 6.0678e-01 -3.5452e+00 7.0221e-01 -8.0112e-01 -8.9071e-02 2.4093e-01 -1.6332e-01 2.3426e-01
-5.6545e-01 -1.0322e+00 -3.4433e+00 -5.8664e-02 -3.0390e+00 -5.4207e-02 3.5972e-01 1.7414e-01 8.7209e-02 6.0172e-02 -2.8520e-01 -1.8063e+00 -4.3742e-01 -3.9051e-02 1.1474e+00 -1.9866e-01 -6.0961e-02 1.0001e-01 -1.0029e+00 5.4821e+00 -2.2817e-01 -1.4910e-01 -1.8262e-01 -2.2361e-01 1.3648e+01 8.9116e-01 1.5157e+00 4.8418e+00 -4.6657e-01 -9.7024e-01 -1.2038e-01 -4.3775e-01 -9.1825e-02 6.2374e-02 -1.5479e-01 -8.0149e-01 1.3307e+00 -1.7006e-01 -2.3390e-01 -9.5859e-02 4.5724e-02 -4.7332e-02 -7.9502e-02 -1.1070e-01 -1.3685e-01 -1.1523e-01 -4.2919e-02 3.0135e-01 -2.1367e-02 -8.1889e-02 8.7104e-02 -4.5183e-01
-4.1963e+00 -5.2949e-01 1.5833e+01 -4.3548e+00 -1.5033e+00 -1.1213e+00 -3.2095e+00 -4.5225e+00 3.7190e+00 -5.9277e+00 -5.1937e-01 -2.0299e+00 6.4270e+00 -2.1308e-01 -1.4686e+00 3.1268e+00 3.7238e+00 -5.8728e+00 -6.0884e-01 -1.4625e+00 -8.5089e-01 1.0856e-01 -6.4560e-01 -4.8464e+00 8.9116e-01 4.5267e+01 4.7237e+00 2.6727e-01 -1.2042e+00 -2.4437e+00 -6.5807e-02 -2.0393e+00 -4.1303e-01 -3.7961e-01 -5.0337e-02 -5.3955e-01 -7.3423e-01 1.3167e+01 -7.0551e-01 4.5044e-01 2.6956e-01 -1.1087e-01 -4.6242e-01 -9.3002e-02 -3.5493e-01 -2.3109e+00 -1.7315e-01 -6.9997e-01 6.9444e-02 -4.6190e-01 -6.5852e-01 -1.2609e+00
1.3612e+00 1.7097e+01 3.4234e+00 2.5504e-01 1.0445e+00 -1.0999e+01 -5.3822e-01 -2.3658e+00 2.0796e+00 -2.2611e+00 -3.6412e+00 -2.0328e+00 -4.2644e-01 -2.5916e-01 -6.8701e-01 -2.2070e-01 1.4481e+01 -2.1064e+00 -5.2731e-01 -3.5458e+00 1.1824e+00 -2.1103e-01 -7.8320e-01 -7.1556e-01 1.5157e+00 4.7237e+00 4.0441e+01 -5.5129e-01 -2.1582e-01 -9.1099e+00 2.9262e-01 2.0505e+00 -2.2558e-01 -3.6798e-03 -9.9411e-02 -4.1237e-01 -1.2928e+00 -2.9772e-01 1.7426e-01 -5.7660e-01 -4.0788e-03 7.0654e-02 -2.4897e-01 -2.0112e-01 3.1006e-02 -1.4419e-01 1.5512e-02 -1.0308e-01 -2.4430e-01 -1.5188e-01 -5.4254e-01 1.9328e+00
3.4950e-01 -1.7574e+00 -6.1971e+00 -4.5904e-01 -9.9448e+00 2.7328e+00 -9.0266e-02 4.2529e+00 -1.2816e-01 5.5172e-01 1.8026e+00 -3.5059e+00 -1.4562e+00 -1.7920e-01 -3.7354e-01 -1.5657e+00 -2.9505e-01 -9.8442e-01 -2.3570e+00 4.4416e+00 -5.0309e-01 -1.6920e-01 -4.5956e-01 -8.8132e-03 4.8418e+00 2.6727e-01 -5.5129e-01 2.9401e+01 2.7888e+00 -2.7180e+00 -2.1312e-01 -2.1833e+00 -2.6838e-01 -2.4441e-01 -7.6145e-02 -1.7814e+00 -2.0103e-01 4.6424e-01 -4.9410e-01 1.0042e+00 1.1989e-01 -5.7878e-02 -1.2677e-01 -1.1004e-01 -2.0939e-01 -2.6581e-01 3.2447e-01 3.7657e-01 1.4110e-02 -2.0947e-01 -2.2913e+00 -7.8172e-01
1.0180e+00 -7.1483e-01 -5.2879e+00 -1.8834e+00 -7.2976e+00 4.7835e+00 5.3733e-01 6.7477e-01 7.9573e-01 7.7879e-01 -6.7175e-01 -4.2728e+00 -8.9324e-01 -1.5273e-01 -6.0305e-01 -9.2880e-01 -3.2682e-01 1.4040e+00 1.0047e-01 -2.3623e+00 -5.4665e-01 2.0147e-01 -5.6875e-01 7.0815e+00 -4.6657e-01 -1.2042e+00 -2.1582e-01 2.7888e+00 2.8217e+01 6.7836e+00 -5.3867e-01 -1.3131e+00 -2.2785e-01 3.3950e-01 -8.1282e-02 -9.8406e-01 -8.2241e-02 5.9136e+00 -1.9723e-01 -9.2276e-01 -3.4138e-03 2.3793e-01 -4.3040e-01 -2.0709e-01 -3.7020e-01 4.5509e-01 -6.2196e-02 -5.3586e-01 -9.0287e-03 -1.2279e-01 9.4628e-02 -1.4317e+00
-2.5971e+00 -1.0945e+01 -1.4821e+01 -5.3469e+00 9.1787e+00 1.0669e+01 1.9073e+00 -4.8111e-02 1.5914e+00 1.1118e+00 -2.6350e+00 1.8160e+01 -6.4144e+00 -4.3123e-01 -1.1993e+00 -3.2228e+00 -4.8889e+00 2.2835e+00 -3.6787e-01 3.4980e+00 -1.6348e+00 -4.1898e-01 8.3969e-01 9.4846e+00 -9.7024e-01 -2.4437e+00 -9.1099e+00 -2.7180e+00 6.7836e+00 6.7758e+01 4.9909e-01 1.7701e+00 -3.8341e-01 3.2232e-01 -2.2558e-01 -3.2699e+00 -1.7328e-01 6.8273e+00 2.1076e-01 -1.1244e+00 -8.0618e-03 -1.9291e-01 -5.9594e-01 -5.3056e-01 -9.6601e-01 -9.4435e-01 -1.4329e-01 -8.2769e-01 -9.5157e-02 1.9069e-01 -3.9185e-01 1.2629e+00
2.3518e-01 3.8523e-01 1.4713e+00 3.1499e-01 -1.3511e+00 1.2753e-01 -3.2269e-01 -9.6391e-01 -2.2070e-01 -8.5680e-01 -1.4845e-01 -1.0632e+00 -1.1967e+00 4.3899e-02 -2.9005e-03 -1.5451e-01 5.8279e-01 -8.3371e-01 5.8956e-02 -8.9403e-01 -1.4126e-01 6.3913e-01 -3.2553e-01 -6.5631e-01 -1.2038e-01 -6.5807e-02 2.9262e-01 -2.1312e-01 -5.3867e-01 4.9909e-01 1.5928e+01 1.3394e-01 -1.9423e-01 -1.3538e-01 -1.2262e-01 -1.7901e-01 1.6647e+00 -2.9400e-03 -2.4329e-01 -1.0967e-01 -8.0874e-02 -1.9004e-02 -1.2477e-01 -8.3924e-02 -6.6217e-02 -5.4486e-01 5.1595e-01 -1.1416e-01 3.1412e-02 -1.0088e-01 5.3593e-02 1.2404e-01
-5.6899e-01 2.1707e+00 1.7587e+00 4.3481e-01 2.9220e-01 -3.8798e+00 7.7690e-01 -3.9404e+00 -5.8155e-01 -5.7257e-02 2.6950e-01 -1.5068e+00 -5.4804e-01 -3.6466e-01 -1.1067e-01 -3.2401e+00 1.7169e+00 -1.0135e+00 4.0478e+00 8.1167e-01 1.7026e-01 -1.3433e+00 2.6190e-01 3.0057e-01 -4.3775e-01 -2.0393e+00 2.0505e+00 -2.1833e+00 -1.3131e+00 1.7701e+00 1.3394e-01 3.1588e+01 -5.7573e-01 4.1011e-02 2.4832e+00 6.1758e-01 -2.4854e-01 1.2875e-01 -1.6285e-01 -3.5707e+00 1.3322e-02 3.1160e-02 -1.1753e-01 -1.1327e+00 -2.4983e-01 -5.8253e-01 -3.0902e-01 1.2667e-01 1.1857e-01 5.0883e-02 3.6776e+00 2.6444e+01
-4.9313e-01 -3.7028e-01 -4.7379e-01 -2.0805e-02 -8.5628e-01 1.0908e+00 4.6492e-01 -4.4371e-01 -6.8782e-01 -4.0833e-01 3.4757e-02 -1.6500e-01 1.4720e+00 -5.1919e-02 -3.6267e-01 9.5412e-01 2.9269e-01 -4.2521e-01 -2.0867e-01 6.4871e-01 1.2204e-01 2.1930e-02 -1.8080e-01 2.0580e-01 -9.1825e-02 -4.1303e-01 -2.2558e-01 -2.6838e-01 -2.2785e-01 -3.8341e-01 -1.9423e-01 -5.7573e-01 1.2095e+01 -1.1574e-01 -5.9616e-02 7.4573e-01 -2.2357e-01 -3.3828e-01 1.7183e+00 2.5341e-01 6.1103e-01 -3.1812e-02 -9.4159e-02 -5.1113e-02 9.4201e-01 5.2318e-01 2.2737e-03 -1.0378e-01 -1.6093e-02 -1.7741e-01 -2.1097e-01 -2.1536e-01
1.2139e+00 -1.7111e-01 -8.5018e-01 -5.1813e-02 -1.3552e+00 8.3189e-01 1.9233e+00 -1.7077e-02 -1.3789e-01 6.0614e-02 -2.1816e-01 -5.9724e-01 -4.4960e-01 8.6175e-02 -9.0709e-02 -1.3000e-01 -1.8344e-01 1.3875e-01 -9.3375e-02 2.6629e+00 -2.4709e-01 2.0031e-02 -2.8820e-01 2.3983e-01 6.2374e-02 -3.7961e-01 -3.6798e-03 -2.4441e-01 3.3950e-01 3.2232e-01 -1.3538e-01 4.1011e-02 -1.1574e-01 1.1216e+01 -1.4363e-01 -1.0443e-01 -4.2637e-03 -4.1798e-01 -3.2187e-02 3.3367e+00 -3.6579e-02 -2.4314e-02 -4.1594e-02 -6.9428e-02 -5.8281e-02 -2.2408e-01 -1.0143e-01 -2.5464e-02 8.4250e-03 2.2830e-01 -9.1426e-02 1.7655e-01
2.7560e-01 -1.1088e-01 1.6227e+00 9.5050e-03 -7.5092e-01 -2.5864e-02 -1.8357e+00 -8.7099e-01 -1.5436e-01 -9.0877e-03 5.1509e-02 -5.3160e-01 -2.2494e-01 -8.4658e-02 3.6242e-01 -2.1871e-01 5.7760e-03 -2.7152e-01 -9.1968e-01 -1.8753e-01 4.1362e-02 -1.1784e-01 -1.9445e-01 4.6854e-02 -1.5479e-01 -5.0337e-02 -9.9411e-02 -7.6145e-02 -8.1282e-02 -2.2558e-01 -1.2262e-01 2.4832e+00 -5.9616e-02 -1.4363e-01 8.9611e+00 7.5156e-02 -6.5138e-02 -1.4192e-01 -2.0206e-01 -2.1191e-01 -2.7699e-02 5.1548e-02 -9.6763e-02 -3.6673e-02 -4.3651e-02 1.9814e-02 -3.4015e-02 7.1788e-02 -1.2550e-02 -3.7424e-02 -9.5287e-01 2.4148e+00
-1.0025e+01 -1.8982e+00 7.0523e+00 -4.9810e-01 -8.9909e+00 -1.0438e+00 -1.1207e+00 -8.7024e-01 4.6548e-01 4.8313e-03 -6.6522e-01 3.3866e+00 -1.4908e+00 -1.9135e-01 -1.0154e+00 -1.7425e+00 -2.3608e-01 1.7779e-01 -2.9839e-01 -7.0373e-01 9.2330e-01 -7.5523e-02 -2.6622e-01 -1.1882e-01 -8.0149e-01 -5.3955e-01 -4.1237e-01 -1.7814e+00 -9.8406e-01 -3.2699e+00 -1.7901e-01 6.1758e-01 7.4573e-01 -1.0443e-01 7.5156e-02 2.4487e+01 -9.4392e-03 -2.7293e-01 7.0857e-02 -6.4583e-01 -3.1685e-02 1.7075e-01 -8.6753e-02 -1.8763e-01 1.8084e+00 4.1089e-02 -2.1725e-02 1.3089e+00 -3.6358e-02 -7.0268e-02 -3.0088e-01 2.6754e-01
2.5104e-01 1.0845e+00 -1.7736e-01 -9.5931e-01 -2.1407e-01 -2.0761e-01 6.2268e-02 -9.8913e-01 -6.3557e-01 -9.1949e-01 -1.8240e-01 2.2008e-01 1.3891e+00 -1.2797e-01 9.7639e-01 6.2372e-02 -6.8838e-01 -1.2154e+00 -3.7777e-01 -4.3102e-01 1.4714e-01 -1.9449e-02 2.3558e-01 -4.9051e-01 1.3307e+00 -7.3423e-01 -1.2928e+00 -2.0103e-01 -8.2241e-02 -1.7328e-01 1.6647e+00 -2.4854e-01 -2.2357e-01 -4.2637e-03 -6.5138e-02 -9.4392e-03 1.3355e+01 -2.7059e-01 -2.9764e-01 3.9795e-01 -4.1793e-02 -3.9264e-02 -9.0513e-02 -3.1184e-02 -4.8434e-02 -4.7236e-01 3.2196e-02 5.0209e-01 -4.6358e-02 -2.1560e-01 1.1602e+00 -3.4187e-01
-4.8737e+00 -3.3344e-01 4.2597e+00 -2.1729e+00 -4.4420e-01 -3.6458e-01 -3.0746e+00 -1.5099e+00 1.5030e+00 -1.2724e+00 -7.2178e-01 -2.4228e+00 4.5588e+00 -9.8537e-02 -8.1041e-02 1.7514e+00 -3.0395e-01 7.7860e-02 8.4304e-02 -1.8446e+00 -8.4600e-01 -1.6574e-01 -6.4747e-01 4.1401e+00 -1.7006e-01 1.3167e+01 -2.9772e-01 4.6424e-01 5.9136e+00 6.8273e+00 -2.9400e-03 1.2875e-01 -3.3828e-01 -4.1798e-01 -1.4192e-01 -2.7293e-01 -2.7059e-01 3.5318e+01 -3.9579e-01 -4.8632e-01 -1.3950e-01 -4.2633e-02 -7.8631e-01 9.2204e-02 1.2256e-01 -1.1415e+00 -2.2777e-01 3.2897e-01 1.4697e-01 2.2885e+00 7.6797e-02 9.1080e-02
3.5283e-01 7.9183e-02 -1.0144e+00 -1.7349e+00 2.2033e-01 1.0214e+00 -3.8405e-01 1.0435e+00 1.1998e+00 -8.4400e-01 -5.1631e-02 1.3267e+00 9.9750e-01 -9.8329e-02 -4.5709e-01 4.9328e-02 6.6992e-01 -8.9076e-01 -7.1381e-01 -6.2887e-01 -8.1876e-02 1.4497e-02 1.2527e+00 -6.5623e-01 -2.3390e-01 -7.0551e-01 1.7426e-01 -4.9410e-01 -1.9723e-01 2.1076e-01 -2.4329e-01 -1.6285e-01 1.7183e+00 -3.2187e-02 -2.0206e-01 7.0857e-02 -2.9764e-01 -3.9579e-01 1.6078e+01 3.4064e-01 -8.1938e-02 -3.7915e-02 -1.3971e-01 -6.2620e-02 4.2754e-01 1.1083e-03 -6.4473e-02 -1.2075e-01 -3.6340e-02 -1.3620e-01 -7.7534e-01 -6.9099e-02
1.3123e-01 -5.9604e-01 -1.8642e+00 -7.5001e-01 -8.1931e-01 1.0981e+00 3.8891e-01 1.2809e+00 -1.3664e-01 -1.6070e+00 1.1893e+00 9.0748e-01 -1.1184e-01 -1.3371e-01 -4.0722e-01 1.6865e+00 -3.6157e-01 -6.0145e-01 -1.8674e+00 2.8040e+00 -3.1799e-01 1.1259e+00 -5.4257e-02 7.1764e-01 -9.5859e-02 4.5044e-01 -5.7660e-01 1.0042e+00 -9.2276e-01 -1.1244e+00 -1.0967e-01 -3.5707e+00 2.5341e-01 3.3367e+00 -2.1191e-01 -6.4583e-01 3.9795e-01 -4.8632e-01 3.4064e-01 1.9119e+01 -4.1953e-02 -6.7564e-02 -6.8610e-02 -1.3910e-01 -2.8853e-02 3.2947e-01 1.7264e+00 -2.0480e-01 2.0128e-01 1.6215e-01 -1.9094e+00 1.7785e+00
-3.3361e-01 2.1123e-01 -1.8796e-02 -1.9299e-01 -9.7592e-02 5.5343e-02 -3.6392e-01 4.9293e-01 4.5220e-01 5.2654e-01 -9.7115e-02 -2.4575e-01 -9.2510e-02 -5.3017e-02 -4.8873e-02 1.0236e-01 -1.2103e-01 3.3767e-01 -2.1352e-02 -1.3961e-01 -1.1597e-01 -2.7867e-02 -3.0823e-02 1.8555e-02 4.5724e-02 2.6956e-01 -4.0788e-03 1.1989e-01 -3.4138e-03 -8.0618e-03 -8.0874e-02 1.3322e-02 6.1103e-01 -3.6579e-02 -2.7699e-02 -3.1685e-02 -4.1793e-02 -1.3950e-01 -8.1938e-02 -4.1953e-02 5.3304e+00 -3.7333e-04 3.9998e-03 -1.0642e-02 7.0532e-03 1.3157e+00 -4.0609e-02 -2.6625e-02 -1.2047e-02 -1.3484e-02 -2.7281e-02 7.4995e-03
1.0446e-01 -2.9949e-02 1.9998e-02 7.9647e-02 2.6316e-02 1.1336e-01 -1.4173e-01 -1.9570e-01 -1.2473e-01 -1.5148e-01 -6.7158e-02 9.8222e-02 -9.9476e-02 -1.5067e-02 4.2613e-03 2.0411e-01 -9.5943e-02 -1.0313e-01 4.7738e-02 2.8479e-01 5.4735e-03 1.4094e-01 -4.2821e-02 -8.8367e-04 -4.7332e-02 -1.1087e-01 7.0654e-02 -5.7878e-02 2.3793e-01 -1.9291e-01 -1.9004e-02 3.1160e-02 -3.1812e-02 -2.4314e-02 5.1548e-02 1.7075e-01 -3.9264e-02 -4.2633e-02 -3.7915e-02 -6.7564e-02 -3.7333e-04 4.0808e+00 8.0882e-03 -2.1414e-02 -3.1893e-02 -4.7212e-02 -1.4501e-02 -4.8959e-02 -8.2213e-03 -4.6272e-03 2.4852e-01 1.8599e-02
-1.8994e-01 -2.6945e-01 -7.0103e-01 -1.6209e+00 -4.2312e-01 7.8885e-02 -1.9183e-01 8.8457e-01 8.6472e-01 1.1215e+00 -2.8331e-01 -4.0072e-01 -2.9656e-01 1.6570e-01 -3.6196e-01 1.0821e+00 5.9213e-02 1.0916e+00 -3.2222e-01 -5.2319e-01 -4.8279e-02 -1.0445e-01 3.1345e-02 -1.4259e+00 -7.9502e-02 -4.6242e-01 -2.4897e-01 -1.2677e-01 -4.3040e-01 -5.9594e-01 -1.2477e-01 -1.1753e-01 -9.4159e-02 -4.1594e-02 -9.6763e-02 -8.6753e-02 -9.0513e-02 -7.8631e-01 -1.3971e-01 -6.8610e-02 3.9998e-03 8.0882e-03 1.2653e+01 -8.5152e-02 -1.1688e-01 -6.9339e-01 -9.7345e-03 -3.0926e-01 -2.0212e-02 -3.0672e-02 -3.4223e-01 -1.2778e-01
-1.6039e-01 1.6634e+00 5.1922e-01 -1.2613e-01 1.1588e-01 -1.2409e-01 1.2294e-01 4.1298e-02 -4.1977e-02 -5.1613e-02 -3.1855e-02 -4.5659e-01 -2.2279e-01 -7.3154e-02 -5.3374e-02 -8.1587e-03 -1.3813e-01 1.4316e-02 9.9597e-03 -2.5207e-01 -6.9953e-02 -2.8624e-02 -8.4239e-02 2.4820e-01 -1.1070e-01 -9.3002e-02 -2.0112e-01 -1.1004e-01 -2.0709e-01 -5.3056e-01 -8.3924e-02 -1.1327e+00 -5.1113e-02 -6.9428e-02 -3.6673e-02 -1.8763e-01 -3.1184e-02 9.2204e-02 -6.2620e-02 -1.3910e-01 -1.0642e-02 -2.1414e-02 -8.5152e-02 7.3565e+00 1.1215e-01 7.3665e-02 -1.2632e-02 2.7815e-02 -6.4772e-03 -5.3921e-02 7.8890e-03 -1.1899e+00
-2.2968e+00 -3.8451e-02 1.2596e+00 -8.9610e-01 -1.4397e+00 -2.7259e-01 4.8305e-02 5.3428e-01 2.8972e-01 2.7956e-01 4.3377e-02 -1.1110e+00 -3.0338e-01 -5.0540e-02 -1.5335e-01 -1.9876e-01 -2.2346e-01 4.5884e-01 -6.4596e-02 -5.8490e-01 4.3113e-01 2.1020e-02 1.1233e+00 6.0678e-01 -1.3685e-01 -3.5493e-01 3.1006e-02 -2.0939e-01 -3.7020e-01 -9.6601e-01 -6.6217e-02 -2.4983e-01 9.4201e-01 -5.8281e-02 -4.3651e-02 1.8084e+00 -4.8434e-02 1.2256e-01 4.2754e-01 -2.8853e-02 7.0532e-03 -3.1893e-02 -1.1688e-01 1.1215e-01 9.5297e+00 1.5300e+00 1.2041e-02 -1.0372e-01 -8.4682e-03 -3.3094e-02 -7.4754e-02 8.3688e-01
-5.4586e-01 9.6873e-01 -1.8980e+00 -2.2115e+00 -9.1685e-01 -6.6301e-01 -2.2482e-01 8.6723e+00 6.8113e+00 8.5564e+00 -4.0471e-01 -8.0829e-01 -9.7138e-01 8.0686e-02 7.7634e-01 -2.5598e-01 3.2073e-02 8.8271e+00 -3.1124e-01 -2.3824e+00 8.3995e-01 9.5419e-02 3.7929e-01 -3.5452e+00 -1.1523e-01 -2.3109e+00 -1.4419e-01 -2.6581e-01 4.5509e-01 -9.4435e-01 -5.4486e-01 -5.8253e-01 5.2318e-01 -2.2408e-01 1.9814e-02 4.1089e-02 -4.7236e-01 -1.1415e+00 1.1083e-03 3.2947e-01 1.3157e+00 -4.7212e-02 -6.9339e-01 7.3665e-02 1.5300e+00 3.0848e+01 -5.8449e-02 -5.7115e-01 -5.4803e-02 -3.3304e-01 -3.2631e-01 -5.3255e-01
-1.1956e+00 -4.9085e-02 2.2820e-01 -7.3333e-01 -6.6912e-02 1.8477e-01 -1.1664e+00 3.1199e-01 -1.0167e-01 -9.5514e-01 8.8613e-01 4.4141e-01 -1.1176e-01 -9.1903e-03 -9.8512e-02 -7.4755e-02 1.1506e-01 -1.4671e-01 -4.0151e-01 -1.5383e-01 -9.9867e-02 -5.0121e-02 -6.1422e-02 7.0221e-01 -4.2919e-02 -1.7315e-01 1.5512e-02 3.2447e-01 -6.2196e-02 -1.4329e-01 5.1595e-01 -3.0902e-01 2.2737e-03 -1.0143e-01 -3.4015e-02 -2.1725e-02 3.2196e-02 -2.2777e-01 -6.4473e-02 1.7264e+00 -4.0609e-02 -1.4501e-02 -9.7345e-03 -1.2632e-02 1.2041e-02 -5.8449e-02 5.9671e+00 -5.1850e-02 2.8812e-02 -1.5196e-02 -4.0693e-01 1.1415e-01
-1.2430e+00 -1.3069e-01 -5.4228e-01 -1.2066e+00 -9.2084e-01 1.9567e-01 -5.3592e-01 3.4515e-01 -1.2283e-01 4.0886e-01 -3.2334e-01 -1.2376e+00 3.5263e-01 -7.3237e-02 5.0528e-01 -3.7277e-01 -2.5887e-01 1.1388e+00 5.3084e-02 -1.7580e-01 5.3776e-01 -1.1649e-01 -2.1481e-01 -8.0112e-01 3.0135e-01 -6.9997e-01 -1.0308e-01 3.7657e-01 -5.3586e-01 -8.2769e-01 -1.1416e-01 1.2667e-01 -1.0378e-01 -2.5464e-02 7.1788e-02 1.3089e+00 5.0209e-01 3.2897e-01 -1.2075e-01 -2.0480e-01 -2.6625e-02 -4.8959e-02 -3.0926e-01 2.7815e-02 -1.0372e-01 -5.7115e-01 -5.1850e-02 1.3933e+01 2.1631e-02 -6.1685e-02 4.8796e-02 8.3521e-02
2.2717e-03 -2.5993e-01 2.4108e-02 1.1798e-01 2.5677e-02 -2.3727e-01 -7.3216e-02 -3.1933e-02 -5.6460e-02 -3.2619e-02 -1.3962e-01 -1.0243e-01 -2.7167e-01 -1.9713e-02 -1.7920e-02 -3.5615e-02 -5.4293e-02 -1.4994e-02 3.1847e-02 -1.2274e-01 -4.6088e-02 -2.0042e-02 -4.2532e-02 -8.9071e-02 -2.1367e-02 6.9444e-02 -2.4430e-01 1.4110e-02 -9.0287e-03 -9.5157e-02 3.1412e-02 1.1857e-01 -1.6093e-02 8.4250e-03 -1.2550e-02 -3.6358e-02 -4.6358e-02 1.4697e-01 -3.6340e-02 2.0128e-01 -1.2047e-02 -8.2213e-03 -2.0212e-02 -6.4772e-03 -8.4682e-03 -5.4803e-02 2.8812e-02 2.1631e-02 3.8060e+00 -5.6068e-03 3.0624e-02 1.1975e-01
-4.6640e-01 1.0043e-01 -1.3099e-01 3.8175e-01 -4.8214e-01 -1.4705e-01 -3.8355e-02 1.9706e-02 -1.2655e-01 -3.3304e-02 -7.0209e-02 -1.3794e-01 -3.1386e-01 -8.7549e-02 7.0394e-01 -2.1084e-01 9.7834e-02 -6.1960e-02 -1.5784e-01 1.5878e-01 -2.7803e-02 -2.3835e-02 2.6813e-02 2.4093e-01 -8.1889e-02 -4.6190e-01 -1.5188e-01 -2.0947e-01 -1.2279e-01 1.9069e-01 -1.0088e-01 5.0883e-02 -1.7741e-01 2.2830e-01 -3.7424e-02 -7.0268e-02 -2.1560e-01 2.2885e+00 -1.3620e-01 1.6215e-01 -1.3484e-02 -4.6272e-03 -3.0672e-02 -5.3921e-02 -3.3094e-02 -3.3304e-01 -1.5196e-02 -6.1685e-02 -5.6068e-03 8.8183e+00 -1.6076e-01 3.8017e-02
-8.0164e-02 -1.3186e-01 7.5473e-02 -1.7729e-01 -4.5062e-01 -8.6454e-01 2.0858e-01 -5.1011e+00 -6.6306e-01 3.8056e-01 9.4400e-02 6.4123e-02 1.7748e-01 -5.5805e-01 -2.6089e-01 -1.2027e+00 -2.2432e-02 1.9090e+00 2.4627e+01 -1.6668e+00 -1.3216e-01 -1.1017e+00 -2.3804e-01 -1.6332e-01 8.7104e-02 -6.5852e-01 -5.4254e-01 -2.2913e+00 9.4628e-02 -3.9185e-01 5.3593e-02 3.6776e+00 -2.1097e-01 -9.1426e-02 -9.5287e-01 -3.0088e-01 1.1602e+00 7.6797e-02 -7.7534e-01 -1.9094e+00 -2.7281e-02 2.4852e-01 -3.4223e-01 7.8890e-03 -7.4754e-02 -3.2631e-01 -4.0693e-01 4.8796e-02 3.0624e-02 -1.6076e-01 2.5745e+01 1.6838e+00
-4.1202e-01 1.7144e+00 2.0130e-01 3.1412e-01 8.2031e-01 -4.0855e+00 8.6724e-01 -2.3191e+00 -6.0821e-01 -6.9295e-02 2.7329e-01 2.5345e-01 -7.5242e-01 -4.5121e-01 -3.4070e-01 -9.6458e-01 1.6848e+00 -1.0848e+00 2.1038e+00 6.8952e-01 1.2660e-01 -4.1867e-01 2.0333e-01 2.3426e-01 -4.5183e-01 -1.2609e+00 1.9328e+00 -7.8172e-01 -1.4317e+00 1.2629e+00 1.2404e-01 2.6444e+01 -2.1536e-01 1.7655e-01 2.4148e+00 2.6754e-01 -3.4187e-01 9.1080e-02 -6.9099e-02 1.7785e+00 7.4995e-03 1.8599e-02 -1.2778e-01 -1.1899e+00 8.3688e-01 -5.3255e-01 1.1415e-01 8.3521e-02 1.1975e-01 3.8017e-02 1.6838e+00 2.8885e+01
