1.3558e+02 -8.4384e+00 1.0642e+01 -3.0591e+01 9.3948e-01 1.8546e+01 -1.8157e+01 -2.4523e+01 -8.2958e+00 -2.1505e+01 2.5931e+00 -1.3965e+00 3.2800e+00 -1.7766e-01 -3.3697e-01 1.1984e+00 -7.1972e+00 -2.1675e+01 1.7496e+00 -4.6771e+00 -1.7284e+01 -2.4748e-01 -1.0712e+00 -1.7570e+01 -9.2845e+00 -1.9371e+01 -6.5900e-01 -5.5042e+00 -4.4340e-01 -3.7260e-01 -1.6794e+00 -6.6570e+00 -7.0039e-01 -2.0052e+00 2.9472e-01 3.8031e-02 -9.4826e-01 -6.5240e+00 -4.9739e+00 1.8835e+00 3.0223e-01 -2.1027e+00 2.8410e+00 8.8377e-01 -1.5716e+00 9.7894e+00 -7.9033e-01 -1.2943e+00 2.5519e-01 -5.8352e-01 7.9313e-01 1.9191e-01
-8.4384e+00 3.9612e+01 9.8472e-02 -4.2353e+00 -2.8373e+00 1.0443e-01 -3.3027e+00 -1.3760e+00 -6.5578e-01 -1.5387e-01 -4.1833e+00 -2.5472e+00 -2.7159e-01 -6.3982e-01 -4.6889e-02 7.6928e-01 -2.9568e-01 9.7342e-01 -1.7749e+00 -5.2194e-01 -2.4609e+00 -1.6299e-02 4.5976e-01 -4.1240e+00 6.4883e-04 1.1481e+01 -2.9166e+00 -1.6411e+00 5.8768e-01 -4.5588e-01 9.5256e-01 9.9739e-01 -8.3721e-01 -2.3788e+00 2.4144e+00 -1.6789e-01 1.7278e-01 -7.6113e-01 -1.0051e+00 -5.7895e-01 1.1745e-01 2.1750e+00 -1.9676e+00 -5.8618e-02 -3.0216e-01 -3.5180e-01 3.2573e-02 6.6952e-01 -2.2589e-01 -4.6401e-01 -2.6782e+00 -1.2612e-01
1.0642e+01 9.8472e-02 8.2875e+01 -2.2216e+01 -1.6044e-01 5.1780e+01 -6.9044e-02 -2.5597e+01 -1.2555e-01 -2.6570e+01 -6.5055e+00 -4.8182e+00 1.6440e-01 7.8624e+00 -4.9526e-02 6.0113e-01 4.2621e+00 -2.2482e+01 -2.4346e+00 -3.9893e+00 -8.0486e+00 5.6317e+00 -2.1687e-01 -2.5214e+01 1.1177e+00 2.2789e-01 -1.1902e-01 5.1933e-01 -4.1336e+00 -1.3876e+00 -1.3198e+00 4.3359e+00 -1.6476e+00 -1.9369e+00 -6.7402e+00 -9.9649e-01 -4.6396e-01 -1.3759e+00 1.1463e+00 -8.0827e-01 -2.6177e-03 -2.6754e+00 -1.9013e-01 -1.0684e-01 -5.8296e-02 -1.5656e+00 -6.2225e-01 -1.0069e-01 1.9162e+00 1.8567e-01 -1.6022e-01 6.2286e-01
-3.0591e+01 -4.2353e+00 -2.2216e+01 1.2585e+02 -2.9572e+00 -6.5134e+01 -1.7331e+01 2.7805e+01 3.9430e-01 2.8011e+01 1.1663e+01 -2.4095e+01 2.9671e+00 -6.9429e-01 5.5018e-01 -5.9347e-01 -7.0255e-01 3.5905e+01 -1.7771e+01 -1.5174e+00 -2.1703e+00 -1.6184e+00 -1.0176e+00 2.1758e+01 -2.1143e-01 -1.2516e+00 1.3293e+01 -1.2354e+00 -3.8528e+00 1.0819e+00 -2.0663e+01 -5.7131e+00 5.2754e-01 -8.8606e+00 -5.8190e+00 1.1160e+00 -4.5857e-01 -2.0679e+00 -2.4731e+01 -4.0461e+00 -8.9785e-01 -1.3590e-01 3.2983e-01 -1.0797e-01 -4.5514e-01 1.1760e-01 -8.1843e-01 1.2811e+00 -4.9525e-01 3.9198e-01 -2.8638e+00 -3.2880e-01
9.3948e-01 -2.8373e+00 -1.6044e-01 -2.9572e+00 2.4036e+01 1.6538e+00 -2.7090e+00 -2.5572e-01 1.3902e+00 -4.1850e-01 2.0983e+00 2.6682e+00 -6.2308e-02 -6.7427e-02 -2.3908e-02 6.1222e-03 -7.3521e-02 -3.8377e-01 -2.8663e-01 4.2150e-02 -1.1224e+00 5.5765e-02 -3.4268e+00 -7.5491e-01 -1.2408e+00 -1.5077e+00 5.7683e-01 -2.7326e-01 2.6473e+00 -9.1372e-01 4.1815e-01 -8.9455e-01 -3.2823e-01 5.7135e+00 5.7849e-01 -5.3783e-03 -4.9564e-01 -3.0640e-01 2.9659e+00 -6.2554e-02 6.1234e-02 -6.6714e-01 -6.7177e-02 1.2913e-01 -2.6922e-01 -6.4730e-01 4.5938e-01 -3.5789e-02 -2.8868e-01 -9.2443e-02 2.1882e+01 -2.3707e+00
1.8546e+01 1.0443e-01 5.1780e+01 -6.5134e+01 1.6538e+00 1.2265e+02 2.0543e+01 -3.1965e+01 -2.8096e+00 -3.7728e+01 -1.1338e+01 4.1639e+00 -6.6289e+00 -3.0457e+00 -1.4483e+00 9.5565e-03 5.1021e+00 -3.8226e+01 3.8828e+00 -3.6834e+00 -1.0119e+01 -1.1298e+00 1.6908e+00 -5.3371e+01 -2.8197e+00 9.6592e-01 1.5846e+01 -2.8490e+00 -3.2022e+00 3.6028e-01 5.6029e+00 9.3267e+00 -2.1322e+00 7.8767e+00 9.8578e+00 -6.7934e-01 1.5238e+00 -1.3941e+00 8.4153e+00 1.7629e-02 2.0523e-01 7.8994e-02 -7.9947e-01 -7.6484e-02 1.9211e-01 -1.5827e+00 -6.1819e-01 1.1069e-01 1.0524e+00 -1.5199e-01 1.5194e+00 -1.9058e+00
-1.8157e+01 -3.3027e+00 -6.9044e-02 -1.7331e+01 -2.7090e+00 2.0543e+01 9.1758e+01 -1.1261e+01 -9.1118e+00 -9.8604e+00 -7.3046e+00 1.7543e+01 -5.3297e+00 -1.5566e+00 -2.7522e-01 -1.1705e+00 -4.6494e+00 -1.4288e+01 1.0514e+01 2.2060e+00 8.0074e+00 -4.0126e-01 5.5854e+00 -1.3306e+01 2.2723e+00 1.6197e+00 1.8417e+00 -1.0301e+00 3.6293e+00 -1.1188e+00 1.3610e+01 -1.6922e+00 3.1961e+00 -5.6551e+00 2.5890e+00 -9.9091e-01 1.0334e+01 2.7625e-01 1.5407e+01 1.5048e+00 -7.3246e-01 9.9816e-01 2.4388e-01 -1.8634e-01 2.3820e-01 -7.1574e-01 5.3161e-01 4.3588e-01 3.1000e-01 1.6760e-01 -1.4889e+00 1.4801e+00
-2.4523e+01 -1.3760e+00 -2.5597e+01 2.7805e+01 -2.5572e-01 -3.1965e+01 -1.1261e+01 7.5324e+01 2.2513e+00 5.1319e+01 2.2796e+00 3.8713e+00 -5.8384e+00 -3.8383e+00 -4.8418e-01 -9.3786e-01 7.9801e+00 4.3669e+01 -2.1745e+00 -1.4896e-01 1.0232e+01 -2.2035e+00 -5.0150e-02 4.2979e+01 -3.9575e-01 3.2163e+00 3.3362e+00 -1.1698e+00 1.8209e-01 -3.8380e-03 1.7441e-02 4.3293e+00 8.6711e-01 1.2638e+00 7.4512e+00 -2.9104e-01 -2.0449e+00 -1.2233e+00 -9.0654e-01 1.5281e-01 2.4980e-01 1.2605e+00 2.5651e-01 -1.8784e-01 1.3967e-01 -1.7675e-01 -2.1258e-02 2.0185e-02 -2.1182e+00 -1.4279e-01 -2.6393e-01 -6.9105e-01
-8.2958e+00 -6.5578e-01 -1.2555e-01 3.9430e-01 1.3902e+00 -2.8096e+00 -9.1118e+00 2.2513e+00 4.3689e+01 1.1546e+00 -5.3483e-01 -3.1309e+00 2.0379e+00 2.0719e+00 -1.1068e+00 -3.8497e-01 4.3878e-02 9.2517e-01 -4.3191e-01 -5.9042e+00 -5.0605e-01 5.7853e-01 -1.1725e+00 -1.2324e+00 1.3781e+01 -2.0116e-01 -4.1449e-01 1.3851e+00 -1.8966e+00 -6.6511e-01 -6.4490e-01 2.2663e-01 1.0206e+00 2.5341e+01 6.9380e-01 -1.7885e-01 -9.1220e+00 -2.2367e-01 -1.3876e+01 -1.9868e-01 1.2627e-01 -2.2088e-01 3.5971e-01 -1.9088e-01 3.2649e-02 -6.9455e+00 -5.7904e-01 -7.3151e-02 1.5073e-01 -7.8175e-02 1.2949e+00 5.5011e+00
-2.1505e+01 -1.5387e-01 -2.6570e+01 2.8011e+01 -4.1850e-01 -3.7728e+01 -9.8604e+00 5.1319e+01 1.1546e+00 6.8647e+01 2.1325e+00 4.8906e+00 -1.5666e+00 -2.0568e-02 -4.4309e-01 -1.3155e+00 2.7313e-01 4.7438e+01 -1.5283e+00 1.5510e-01 1.0216e+01 -2.8455e+00 1.8508e-01 4.5613e+01 -4.6476e-01 1.8249e+00 1.9306e+00 -7.3664e-01 1.5735e-01 3.4562e-02 3.4085e+00 -1.1225e+00 1.1414e+00 -3.6832e+00 7.6610e+00 -1.0639e-01 -1.7753e+00 -1.0641e+00 -5.1100e+00 1.0517e-01 3.0523e-01 2.0215e+00 3.3155e-02 -1.5064e-01 1.6709e-01 2.0688e-01 1.4750e-01 -1.8864e-01 -3.5765e-01 1.4916e-01 -4.6842e-01 -4.5877e-01
2.5931e+00 -4.1833e+00 -6.5055e+00 1.1663e+01 2.0983e+00 -1.1338e+01 -7.3046e+00 2.2796e+00 -5.3483e-01 2.1325e+00 4.4609e+01 -4.0790e+00 -4.1962e-01 1.3358e+00 2.3054e+00 -3.8796e-01 -1.5551e+00 3.8948e+00 -1.1922e+00 -9.6553e-01 4.3394e+00 -2.1041e-01 -6.0116e-01 7.8316e+00 -5.0324e-01 -4.1910e+00 -2.2767e+00 -3.3079e+00 1.6636e+00 1.1868e+00 -4.3783e+00 -1.8997e+00 -5.3703e-01 3.4912e+00 3.7598e+00 -4.0728e-01 -4.3677e-01 -7.8021e-01 -2.7740e-01 -4.0088e-01 -1.8735e-01 -5.5479e-01 5.6116e+00 -1.0122e-01 -1.8206e-01 -3.8849e-01 -3.2173e-02 -2.9212e-01 -1.4685e-01 -2.5443e-01 1.9512e+00 -9.0564e-01
-1.3965e+00 -2.5472e+00 -4.8182e+00 -2.4095e+01 2.6682e+00 4.1639e+00 1.7543e+01 3.8713e+00 -3.1309e+00 4.8906e+00 -4.0790e+00 6.6418e+01 -1.7264e+00 -5.1912e-01 -3.9649e-01 -1.8629e+00 -2.1517e+00 -6.9230e+00 3.4969e+01 4.3897e+00 3.0449e+01 -1.8285e-01 -7.0344e-01 2.6675e+01 -1.2461e+00 -6.4316e+00 -1.9403e+01 -4.3911e+00 -1.7577e+00 -7.9078e-01 3.0489e+01 -1.7540e+00 -5.4137e-01 -8.3642e+00 5.2085e+00 -5.4365e-01 -3.6739e-01 -3.8096e+00 2.1267e+01 6.4187e+00 -1.2783e-02 1.0154e+00 -2.4819e-01 -1.3795e-01 3.7691e-01 -2.0966e-01 1.5728e+00 -5.1421e-01 -2.5345e-01 6.5447e-01 2.5227e+00 -2.1252e+00
3.2800e+00 -2.7159e-01 1.6440e-01 2.9671e+00 -6.2308e-02 -6.6289e+00 -5.3297e+00 -5.8384e+00 2.0379e+00 -1.5666e+00 -4.1962e-01 -1.7264e+00 3.6627e+01 2.1531e+00 -3.0640e-01 -3.3695e-01 -1.7583e+00 -4.0154e+00 5.1791e+00 -8.6327e-01 -4.6665e+00 -9.8012e-01 1.0309e+00 -1.9775e+00 5.5462e-01 -1.3245e+00 -2.9546e+00 4.8180e+00 3.0519e-01 6.1756e-02 -7.5647e-01 -2.7833e-01 -6.2623e-01 -8.1980e-01 -4.4100e+00 -4.8757e-01 -1.3054e+00 -1.2269e+00 4.7110e+00 3.7856e-01 -1.4046e-01 1.4894e+00 8.1977e-02 -1.1680e-01 3.6894e-02 -4.5586e-01 2.5417e-01 -1.4112e-01 1.0627e+00 -8.9374e-02 -8.4114e-02 1.1205e-01
-1.7766e-01 -6.3982e-01 7.8624e+00 -6.9429e-01 -6.7427e-02 -3.0457e+00 -1.5566e+00 -3.8383e+00 2.0719e+00 -2.0568e-02 1.3358e+00 -5.1912e-01 2.1531e+00 2.2435e+01 -5.7070e-02 1.8948e-01 -6.3370e-01 -3.2509e+00 -8.0616e-01 -7.4279e-01 7.0242e+00 7.5651e+00 -1.4970e-01 -2.5492e+00 5.7045e-01 -6.9350e-01 -1.0396e-01 -1.1822e+00 -2.3527e-01 -1.3611e-01 -5.7300e-02 -7.3698e-01 -1.7953e-01 -2.5143e+00 7.2538e-02 -4.2444e-01 -9.3995e-01 -3.6609e-01 -2.7398e+00 -1.0222e-02 -7.9729e-02 -2.9211e-01 1.5426e+00 -9.7198e-02 -2.3009e-01 -2.1745e-01 2.3508e-01 -9.3543e-03 9.2390e-01 4.3933e-02 -3.3358e-02 6.0128e-02
-3.3697e-01 -4.6889e-02 -4.9526e-02 5.5018e-01 -2.3908e-02 -1.4483e+00 -2.7522e-01 -4.8418e-01 -1.1068e+00 -4.4309e-01 2.3054e+00 -3.9649e-01 -3.0640e-01 -5.7070e-02 8.5657e+00 -6.6597e-02 8.3873e-01 -5.5280e-01 -5.1567e-01 1.6953e-03 -9.4036e-01 -1.1399e-01 -1.3069e-01 -1.4644e-01 -1.4336e-01 -3.7056e-01 -6.8186e-01 -4.4062e-01 -1.9874e-01 -4.1795e-02 -2.6026e-01 -3.0479e-01 -1.5728e-01 -1.3767e+00 -1.8653e-02 -1.1737e-01 -1.8536e-01 -6.7732e-02 1.2217e+00 -9.9539e-02 -1.3331e-02 -1.7156e-01 -1.0738e-02 -2.4446e-02 -1.0089e-02 4.6186e-02 7.7265e-01 -1.7812e-02 -3.8776e-02 -3.3654e-02 -3.9803e-03 -4.5020e-02
1.1984e+00 7.6928e-01 6.0113e-01 -5.9347e-01 6.1222e-03 9.5565e-03 -1.1705e+00 -9.3786e-01 -3.8497e-01 -1.3155e+00 -3.8796e-01 -1.8629e+00 -3.3695e-01 1.8948e-01 -6.6597e-02 1.1606e+01 -2.6720e-01 9.9005e-02 -1.5877e+00 1.9180e-01 -2.3892e+00 -7.3866e-02 -1.0274e-01 -3.2872e+00 1.1607e-02 1.4749e-01 1.8382e+00 -8.8335e-01 -3.3212e-01 -4.3256e-02 -2.2547e-01 -3.3016e-01 -1.0299e-01 -1.3485e-01 2.1693e-01 -7.2222e-02 -1.2688e-01 -5.9591e-01 -1.0666e+00 -7.5316e-01 -4.5121e-02 -3.5254e-01 -5.0679e-02 -2.5642e-03 1.9896e-01 -1.0991e-01 2.1343e-01 -2.2694e-01 -1.9297e-03 -4.1005e-02 7.1915e-03 -6.2265e-02
-7.1972e+00 -2.9568e-01 4.2621e+00 -7.0255e-01 -7.3521e-02 5.1021e+00 -4.6494e+00 7.9801e+00 4.3878e-02 2.7313e-01 -1.5551e+00 -2.1517e+00 -1.7583e+00 -6.3370e-01 8.3873e-01 -2.6720e-01 4.6910e+01 -1.6693e+01 -2.1673e+00 -5.9392e-01 -1.0828e+01 -9.9858e-01 1.1152e-01 -1.4493e+01 1.0006e-01 -2.1112e+00 2.3355e+00 -8.0588e-02 -8.0203e-01 2.0393e-01 -2.8477e+00 2.1866e+01 5.1777e-01 4.9648e+00 -4.5861e+00 -8.2981e-01 -5.8759e-01 3.5068e+00 1.8509e+01 -1.2076e-01 -1.3803e-01 -3.8665e-01 1.7157e-01 -6.9147e-02 1.4541e+00 -2.3738e-01 -2.1821e-01 -5.8873e-02 -6.4517e-01 -2.3806e-01 -7.5521e-02 2.5635e-01
-2.1675e+01 9.7342e-01 -2.2482e+01 3.5905e+01 -3.8377e-01 -3.8226e+01 -1.4288e+01 4.3669e+01 9.2517e-01 4.7438e+01 3.8948e+00 -6.9230e+00 -4.0154e+00 -3.2509e+00 -5.5280e-01 9.9005e-02 -1.6693e+01 8.9930e+01 -1.4077e+01 4.5772e-01 1.0805e+01 -2.6104e+00 1.5818e-01 5.8425e+01 -7.8568e-01 6.5489e+00 6.6434e+00 1.2966e+00 6.3732e-01 -2.2218e-02 -8.0330e+00 -1.4595e+01 4.8538e-01 -9.9857e+00 1.0516e+01 4.3410e-01 -9.7620e-01 9.3868e-01 -2.7988e+01 -6.8598e+00 2.1456e-01 1.1027e+00 2.1018e-01 -1.5196e-01 -1.5624e+00 5.3518e-01 2.3342e-01 5.6686e-01 -1.6781e+00 4.2205e-01 -3.9019e-01 -5.2536e-01
1.7496e+00 -1.7749e+00 -2.4346e+00 -1.7771e+01 -2.8663e-01 3.8828e+00 1.0514e+01 -2.1745e+00 -4.3191e-01 -1.5283e+00 -1.1922e+00 3.4969e+01 5.1791e+00 -8.0616e-01 -5.1567e-01 -1.5877e+00 -2.1673e+00 -1.4077e+01 5.4921e+01 -6.0618e-01 2.8345e+01 -6.2275e-01 -1.6780e-01 2.0916e+01 -9.0654e-01 -5.0088e+00 -2.1473e+01 -5.4361e+00 -1.0405e+00 -3.7814e-01 2.9620e+01 -1.6560e+00 -5.3734e-01 -1.0043e+01 3.9931e+00 -6.9981e-01 -5.7230e-01 -3.1153e+00 3.4145e+01 7.0057e+00 8.8119e-02 -8.3857e-01 -2.8170e-02 8.0450e-04 1.7704e-01 2.1775e-01 1.3993e+00 -3.4861e-01 -1.2687e-01 -3.1166e-01 -3.2994e-01 -1.0321e+00
-4.6771e+00 -5.2194e-01 -3.9893e+00 -1.5174e+00 4.2150e-02 -3.6834e+00 2.2060e+00 -1.4896e-01 -5.9042e+00 1.5510e-01 -9.6553e-01 4.3897e+00 -8.6327e-01 -7.4279e-01 1.6953e-03 1.9180e-01 -5.9392e-01 4.5772e-01 -6.0618e-01 2.8629e+01 -8.8395e-01 -2.4824e-01 5.0693e-01 2.4950e+00 9.3553e-01 -7.4112e-01 -1.1694e+00 -9.7363e-02 3.8260e+00 -4.3326e-01 -3.1441e-01 -5.9290e-01 -4.8533e-01 -3.3898e-01 -3.3778e+00 -2.3751e-02 -1.1264e+00 -4.3603e-01 1.3824e+00 -1.0966e-01 -1.3507e-01 8.8163e-03 7.7186e-01 -6.0126e-02 -2.2200e-01 -3.6007e-01 2.6863e-01 -8.2733e-02 1.3685e-01 -1.8191e-01 -2.4784e-02 2.9458e-01
-1.7284e+01 -2.4609e+00 -8.0486e+00 -2.1703e+00 -1.1224e+00 -1.0119e+01 8.0074e+00 1.0232e+01 -5.0605e-01 1.0216e+01 4.3394e+00 3.0449e+01 -4.6665e+00 7.0242e+00 -9.4036e-01 -2.3892e+00 -1.0828e+01 1.0805e+01 2.8345e+01 -8.8395e-01 1.0827e+02 8.6493e+00 3.9854e-01 5.7593e+01 -2.0618e+00 5.1735e+00 -3.4023e+01 3.8702e+00 -2.4102e+00 1.2579e+00 3.3047e+01 -4.6610e+00 -1.4931e+00 -1.7266e+01 2.1770e+01 5.4606e-01 -2.8717e-01 1.1758e+01 1.7215e+01 6.4413e+00 -4.7387e-01 -3.0628e+00 -5.5017e-01 -4.0768e-02 -8.6545e-01 9.1070e-01 -6.5962e-01 -7.1396e-01 -6.0291e-01 4.9456e-01 -1.2272e+00 -1.6410e+00
-2.4748e-01 -1.6299e-02 5.6317e+00 -1.6184e+00 5.5765e-02 -1.1298e+00 -4.0126e-01 -2.2035e+00 5.7853e-01 -2.8455e+00 -2.1041e-01 -1.8285e-01 -9.8012e-01 7.5651e+00 -1.1399e-01 -7.3866e-02 -9.9858e-01 -2.6104e+00 -6.2275e-01 -2.4824e-01 8.6493e+00 1.4669e+01 -2.3347e-02 -2.4335e+00 -5.3952e-02 -1.2094e-01 -4.5312e-01 3.4664e-01 -1.5232e-01 -9.2906e-02 5.5052e-01 -5.8806e-01 -3.6973e-01 -5.0410e+00 9.7780e-02 -3.7538e-01 -5.8499e-01 -4.6736e-01 -1.9044e+00 -2.6877e-02 -5.5111e-02 -3.5420e-01 -4.4776e-02 -6.7406e-02 -1.2671e-01 -1.8269e-01 -1.2966e-02 -1.5094e-02 -4.2077e-01 -2.1172e-02 5.4284e-02 -1.3215e-01
-1.0712e+00 4.5976e-01 -2.1687e-01 -1.0176e+00 -3.4268e+00 1.6908e+00 5.5854e+00 -5.0150e-02 -1.1725e+00 1.8508e-01 -6.0116e-01 -7.0344e-01 1.0309e+00 -1.4970e-01 -1.3069e-01 -1.0274e-01 1.1152e-01 1.5818e-01 -1.6780e-01 5.0693e-01 3.9854e-01 -2.3347e-02 1.5824e+01 -3.1234e-01 1.6936e+00 -6.4499e-01 -1.6719e-01 -2.4089e-01 -8.3868e-01 -3.2567e-01 -1.8816e-01 1.7278e+00 -2.7771e-01 -2.5074e+00 -4.4980e-01 8.7554e-02 4.4579e-02 -1.5592e-01 -1.5439e+00 -1.1077e-01 -2.1109e-02 3.6918e+00 -7.3192e-02 -1.4280e-01 -2.2948e-01 -3.7344e-01 -1.9706e-01 1.2630e-01 -7.7886e-02 2.5799e-02 -1.8058e+00 1.1758e+00
-1.7570e+01 -4.1240e+00 -2.5214e+01 2.1758e+01 -7.5491e-01 -5.3371e+01 -1.3306e+01 4.2979e+01 -1.2324e+00 4.5613e+01 7.8316e+00 2.6675e+01 -1.9775e+00 -2.5492e+00 -1.4644e-01 -3.2872e+00 -1.4493e+01 5.8425e+01 2.0916e+01 2.4950e+00 5.7593e+01 -2.4335e+00 -3.1234e-01 1.3838e+02 -1.2056e+00 1.1342e+01 -4.5614e+01 5.8445e+00 5.0926e-01 -4.0587e-02 2.5416e+01 -1.2874e+01 -8.2685e-03 -4.7388e+00 -2.3281e+00 9.0257e-01 -1.8931e+00 7.6932e+00 1.3176e+00 5.4139e+00 -2.1487e-02 1.1109e+00 3.3672e+00 -1.8142e-01 -1.6370e+00 5.2799e-01 -5.4793e-03 -1.1137e+00 -1.6967e+00 7.7992e-01 -8.0959e-01 -1.6068e+00
-9.2845e+00 6.4883e-04 1.1177e+00 -2.1143e-01 -1.2408e+00 -2.8197e+00 2.2723e+00 -3.9575e-01 1.3781e+01 -4.6476e-01 -5.0324e-01 -1.2461e+00 5.5462e-01 5.7045e-01 -1.4336e-01 1.1607e-02 1.0006e-01 -7.8568e-01 -9.0654e-01 9.3553e-01 -2.0618e+00 -5.3952e-02 1.6936e+00 -1.2056e+00 2.8139e+01 3.1832e-01 -9.6475e-01 5.6290e-01 -2.4083e+00 -1.2764e+00 -6.4297e-01 3.0892e-01 6.4868e-01 9.7958e+00 -1.3630e-01 1.1642e-01 -3.5114e-01 -4.3570e-02 1.1960e+00 -4.5391e-02 -6.0262e-02 -4.6288e-01 1.5405e-01 -3.2449e-01 -1.7772e-01 -9.9747e+00 4.9575e-02 -1.0850e-01 -2.8888e-02 -1.2842e-01 -1.3144e+00 1.5491e+01
-1.9371e+01 1.1481e+01 2.2789e-01 -1.2516e+00 -1.5077e+00 9.6592e-01 1.6197e+00 3.2163e+00 -2.0116e-01 1.8249e+00 -4.1910e+00 -6.4316e+00 -1.3245e+00 -6.9350e-01 -3.7056e-01 1.4749e-01 -2.1112e+00 6.5489e+00 -5.0088e+00 -7.4112e-01 5.1735e+00 -1.2094e-01 -6.4499e-01 1.1342e+01 3.1832e-01 6.2366e+01 -5.1331e+00 1.0213e+01 -2.0311e+00 -8.2889e-01 -9.4323e+00 2.5283e+00 -7.6233e-01 4.8670e+00 -3.1368e-01 -2.0203e-01 8.0087e-02 1.3206e+01 -8.0835e+00 -8.7240e-01 -1.6751e-01 2.1274e-01 -1.6826e+00 1.1230e-01 -3.0586e-01 5.9641e-02 1.4397e-02 4.4446e-01 -3.3931e-01 1.1999e-01 -1.3822e+00 6.9098e-02
-6.5900e-01 -2.9166e+00 -1.1902e-01 1.3293e+01 5.7683e-01 1.5846e+01 1.8417e+00 3.3362e+00 -4.1449e-01 1.9306e+00 -2.2767e+00 -1.9403e+01 -2.9546e+00 -1.0396e-01 -6.8186e-01 1.8382e+00 2.3355e+00 6.6434e+00 -2.1473e+01 -1.1694e+00 -3.4023e+01 -4.5312e-01 -1.6719e-01 -4.5614e+01 -9.6475e-01 -5.1331e+00 8.2940e+01 -5.2903e+00 1.3705e+00 2.3894e+00 -3.0345e+01 5.2996e-01 1.7164e-01 -1.2251e+01 1.4724e+01 1.9011e-01 1.7734e+00 -7.9690e+00 -2.7506e+01 -4.9326e+00 -4.2699e-01 -4.4514e-01 5.2504e-01 -8.9276e-02 -7.2745e-02 -7.0326e-01 5.7779e-02 1.1128e+00 -9.3902e-03 -2.4231e-01 5.6004e-01 8.7859e-01
-5.5042e+00 -1.6411e+00 5.1933e-01 -1.2354e+00 -2.7326e-01 -2.8490e+00 -1.0301e+00 -1.1698e+00 1.3851e+00 -7.3664e-01 -3.3079e+00 -4.3911e+00 4.8180e+00 -1.1822e+00 -4.4062e-01 -8.8335e-01 -8.0588e-02 1.2966e+00 -5.4361e+00 -9.7363e-02 3.8702e+00 3.4664e-01 -2.4089e-01 5.8445e+00 5.6290e-01 1.0213e+01 -5.2903e+00 5.3630e+01 -2.3393e-01 1.9276e+00 -7.4854e+00 4.8330e-01 -6.5730e-01 3.2391e+00 -1.1938e+01 2.7878e+00 -1.3122e+00 9.9538e+00 -8.1806e+00 -2.7432e-01 -2.7912e-01 5.6514e-01 -1.0597e+00 -1.4900e-01 -3.9393e-01 -6.9233e-01 -6.2343e-02 -6.2334e-01 -3.3315e-01 -2.7842e-01 -2.7438e-01 5.8671e-02
-4.4340e-01 5.8768e-01 -4.1336e+00 -3.8528e+00 2.6473e+00 -3.2022e+00 3.6293e+00 1.8209e-01 -1.8966e+00 1.5735e-01 1.6636e+00 -1.7577e+00 3.0519e-01 -2.3527e-01 -1.9874e-01 -3.3212e-01 -8.0203e-01 6.3732e-01 -1.0405e+00 3.8260e+00 -2.4102e+00 -1.5232e-01 -8.3868e-01 5.0926e-01 -2.4083e+00 -2.0311e+00 1.3705e+00 -2.3393e-01 2.7683e+01 1.8854e+00 3.9670e-01 -7.2034e-01 2.0158e-01 4.3986e+00 -2.2329e+00 -1.6314e-01 2.2376e+00 -9.7454e-01 -2.3687e+00 -5.2613e-01 -1.2691e-01 -7.3083e-01 6.9182e-01 1.1675e+00 -3.0973e-01 -5.0021e-01 -1.8726e-01 -2.6506e-01 1.1262e-01 -1.3892e-01 2.4797e+00 -8.5438e-01
-3.7260e-01 -4.5588e-01 -1.3876e+00 1.0819e+00 -9.1372e-01 3.6028e-01 -1.1188e+00 -3.8380e-03 -6.6511e-01 3.4562e-02 1.1868e+00 -7.9078e-01 6.1756e-02 -1.3611e-01 -4.1795e-02 -4.3256e-02 2.0393e-01 -2.2218e-02 -3.7814e-01 -4.3326e-01 1.2579e+00 -9.2906e-02 -3.2567e-01 -4.0587e-02 -1.2764e+00 -8.2889e-01 2.3894e+00 1.9276e+00 1.8854e+00 1.1797e+01 -5.2901e-01 2.7500e-01 -9.4837e-02 -7.9190e-02 -1.4002e+00 3.1310e-03 2.9605e+00 -1.3521e-01 -8.9355e-01 -1.0074e-01 -5.2311e-02 -1.2420e-01 -1.0148e-01 3.9280e-03 -8.2742e-02 -1.6904e-01 -8.6226e-02 -5.0231e-02 2.3576e-01 -9.5510e-02 -9.9883e-01 1.2487e+00
-1.6794e+00 9.5256e-01 -1.3198e+00 -2.0663e+01 4.1815e-01 5.6029e+00 1.3610e+01 1.7441e-02 -6.4490e-01 3.4085e+00 -4.3783e+00 3.0489e+01 -7.5647e-01 -5.7300e-02 -2.6026e-01 -2.2547e-01 -2.8477e+00 -8.0330e+00 2.9620e+01 -3.1441e-01 3.3047e+01 5.5052e-01 -1.8816e-01 2.5416e+01 -6.4297e-01 -9.4323e+00 -3.0345e+01 -7.4854e+00 3.9670e-01 -5.2901e-01 6.3627e+01 -2.1422e+00 -5.0070e-01 -7.4445e+00 1.6572e+01 -8.3522e-01 3.1987e-01 -4.0894e+00 3.6443e+01 7.2196e+00 1.2779e-02 5.8171e-01 -9.7559e-01 5.3114e-02 3.8727e-01 1.8247e-01 -2.1798e-01 -6.8434e-01 2.1538e-01 3.4004e-01 4.1537e-01 -6.7272e-01
-6.6570e+00 9.9739e-01 4.3359e+00 -5.7131e+00 -8.9455e-01 9.3267e+00 -1.6922e+00 4.3293e+00 2.2663e-01 -1.1225e+00 -1.8997e+00 -1.7540e+00 -2.7833e-01 -7.3698e-01 -3.0479e-01 -3.3016e-01 2.1866e+01 -1.4595e+01 -1.6560e+00 -5.9290e-01 -4.6610e+00 -5.8806e-01 1.7278e+00 -1.2874e+01 3.0892e-01 2.5283e+00 5.2996e-01 4.8330e-01 -7.2034e-01 2.7500e-01 -2.1422e+00 4.5008e+01 1.0027e-01 4.7632e+00 -3.0809e+00 5.8372e-01 -5.5553e-01 5.0584e+00 2.0267e+01 7.8550e-01 -1.1934e-01 -7.5125e-01 -1.1354e-01 -3.2386e-02 2.5743e+00 -3.7751e-01 -4.6163e-01 -1.7918e-02 -1.5441e-01 7.0541e-01 -9.6411e-01 2.5236e-01
-7.0039e-01 -8.3721e-01 -1.6476e+00 5.2754e-01 -3.2823e-01 -2.1322e+00 3.1961e+00 8.6711e-01 1.0206e+00 1.1414e+00 -5.3703e-01 -5.4137e-01 -6.2623e-01 -1.7953e-01 -1.5728e-01 -1.0299e-01 5.1777e-01 4.8538e-01 -5.3734e-01 -4.8533e-01 -1.4931e+00 -3.6973e-01 -2.7771e-01 -8.2685e-03 6.4868e-01 -7.6233e-01 1.7164e-01 -6.5730e-01 2.0158e-01 -9.4837e-02 -5.0070e-01 1.0027e-01 1.9072e+01 -1.9887e+00 -1.5869e-01 -2.5934e-01 3.2161e+00 -4.5199e-01 1.9832e+00 6.0923e-02 1.2836e+00 -4.3437e-01 -1.8788e-01 -8.1453e-02 3.1750e-01 -5.0674e-01 -1.6026e-01 -2.0620e-02 6.0971e-01 -8.6515e-02 -3.9123e-01 2.2842e-01
-2.0052e+00 -2.3788e+00 -1.9369e+00 -8.8606e+00 5.7135e+00 7.8767e+00 -5.6551e+00 1.2638e+00 2.5341e+01 -3.6832e+00 3.4912e+00 -8.3642e+00 -8.1980e-01 -2.5143e+00 -1.3767e+00 -1.3485e-01 4.9648e+00 -9.9857e+00 -1.0043e+01 -3.3898e-01 -1.7266e+01 -5.0410e+00 -2.5074e+00 -4.7388e+00 9.7958e+00 4.8670e+00 -1.2251e+01 3.2391e+00 4.3986e+00 -7.9190e-02 -7.4445e+00 4.7632e+00 -1.9887e+00 1.3130e+02 -3.0244e+01 2.0689e+00 -1.1864e+01 -9.7371e-01 -3.3199e+01 -5.2414e-01 1.4736e-01 2.5776e-01 1.0042e+00 6.2880e-01 4.7701e-01 -7.5588e+00 -1.2991e+00 -6.9855e-02 8.8834e-01 -6.3307e-01 5.2541e+00 8.3715e-01
2.9472e-01 2.4144e+00 -6.7402e+00 -5.8190e+00 5.7849e-01 9.8578e+00 2.5890e+00 7.4512e+00 6.9380e-01 7.6610e+00 3.7598e+00 5.2085e+00 -4.4100e+00 7.2538e-02 -1.8653e-02 2.1693e-01 -4.5861e+00 1.0516e+01 3.9931e+00 -3.3778e+00 2.1770e+01 9.7780e-02 -4.4980e-01 -2.3281e+00 -1.3630e-01 -3.1368e-01 1.4724e+01 -1.1938e+01 -2.2329e+00 -1.4002e+00 1.6572e+01 -3.0809e+00 -1.5869e-01 -3.0244e+01 7.5710e+01 -1.2825e+00 -3.5665e-01 4.1020e+00 1.7002e-01 2.7567e-01 1.7594e-01 -2.0988e-01 -2.4397e-02 3.4817e-03 -7.5667e-02 -2.6284e-01 -4.9008e-01 8.5615e-02 -7.1363e-02 6.6092e-01 5.5213e-01 -3.3141e-01
3.8031e-02 -1.6789e-01 -9.9649e-01 1.1160e+00 -5.3783e-03 -6.7934e-01 -9.9091e-01 -2.9104e-01 -1.7885e-01 -1.0639e-01 -4.0728e-01 -5.4365e-01 -4.8757e-01 -4.2444e-01 -1.1737e-01 -7.2222e-02 -8.2981e-01 4.3410e-01 -6.9981e-01 -2.3751e-02 5.4606e-01 -3.7538e-01 8.7554e-02 9.0257e-01 1.1642e-01 -2.0203e-01 1.9011e-01 2.7878e+00 -1.6314e-01 3.1310e-03 -8.3522e-01 5.8372e-01 -2.5934e-01 2.0689e+00 -1.2825e+00 1.4452e+01 -1.0832e-01 -1.8074e-01 -7.0914e-01 -9.7667e-02 -3.8932e-02 -6.1476e-02 4.2597e-02 -5.6150e-02 -1.6871e-01 3.6069e-01 -1.1252e-01 -8.6561e-02 -2.8310e-02 -7.5768e-02 -9.7828e-03 3.9038e-02
-9.4826e-01 1.7278e-01 -4.6396e-01 -4.5857e-01 -4.9564e-01 1.5238e+00 1.0334e+01 -2.0449e+00 -9.1220e+00 -1.7753e+00 -4.3677e-01 -3.6739e-01 -1.3054e+00 -9.3995e-01 -1.8536e-01 -1.2688e-01 -5.8759e-01 -9.7620e-01 -5.7230e-01 -1.1264e+00 -2.8717e-01 -5.8499e-01 4.4579e-02 -1.8931e+00 -3.5114e-01 8.0087e-02 1.7734e+00 -1.3122e+00 2.2376e+00 2.9605e+00 3.1987e-01 -5.5553e-01 3.2161e+00 -1.1864e+01 -3.5665e-01 -1.0832e-01 2.5208e+01 -6.3999e-01 1.0918e+01 -5.7140e-02 -1.1470e-01 -6.0606e-01 -2.4862e-01 -9.1170e-02 1.3120e-02 -1.1293e+00 -1.1471e-01 -2.7469e-02 -2.6486e-02 6.8349e-02 -5.2477e-01 1.9337e+00
-6.5240e+00 -7.6113e-01 -1.3759e+00 -2.0679e+00 -3.0640e-01 -1.3941e+00 2.7625e-01 -1.2233e+00 -2.2367e-01 -1.0641e+00 -7.8021e-01 -3.8096e+00 -1.2269e+00 -3.6609e-01 -6.7732e-02 -5.9591e-01 3.5068e+00 9.3868e-01 -3.1153e+00 -4.3603e-01 1.1758e+01 -4.6736e-01 -1.5592e-01 7.6932e+00 -4.3570e-02 1.3206e+01 -7.9690e+00 9.9538e+00 -9.7454e-01 -1.3521e-01 -4.0894e+00 5.0584e+00 -4.5199e-01 -9.7371e-01 4.1020e+00 -1.8074e-01 -6.3999e-01 3.1484e+01 -4.7503e+00 -9.7787e-01 -1.5140e-01 -9.9612e-01 3.7274e-01 -6.9582e-02 -2.0529e-01 -2.5951e-01 9.1310e-02 -4.9161e-01 -3.0582e-01 1.2509e-01 -3.0441e-01 -2.0761e-01
-4.9739e+00 -1.0051e+00 1.1463e+00 -2.4731e+01 2.9659e+00 8.4153e+00 1.5407e+01 -9.0654e-01 -1.3876e+01 -5.1100e+00 -2.7740e-01 2.1267e+01 4.7110e+00 -2.7398e+00 1.2217e+00 -1.0666e+00 1.8509e+01 -2.7988e+01 3.4145e+01 1.3824e+00 1.7215e+01 -1.9044e+00 -1.5439e+00 1.3176e+00 1.1960e+00 -8.0835e+00 -2.7506e+01 -8.1806e+00 -2.3687e+00 -8.9355e-01 3.6443e+01 2.0267e+01 1.9832e+00 -3.3199e+01 1.7002e-01 -7.0914e-01 1.0918e+01 -4.7503e+00 1.3456e+02 8.8440e+00 -5.6226e-01 -2.0248e+00 -1.5949e+00 -5.4560e-01 1.3697e+00 -3.8508e+00 8.3048e-03 -6.7718e-01 -1.5527e+00 -5.1468e-01 2.4304e+00 -2.6690e+00
1.8835e+00 -5.7895e-01 -8.0827e-01 -4.0461e+00 -6.2554e-02 1.7629e-02 1.5048e+00 1.5281e-01 -1.9868e-01 1.0517e-01 -4.0088e-01 6.4187e+00 3.7856e-01 -1.0222e-02 -9.9539e-02 -7.5316e-01 -1.2076e-01 -6.8598e+00 7.0057e+00 -1.0966e-01 6.4413e+00 -2.6877e-02 -1.1077e-01 5.4139e+00 -4.5391e-02 -8.7240e-01 -4.9326e+00 -2.7432e-01 -5.2613e-01 -1.0074e-01 7.2196e+00 7.8550e-01 6.0923e-02 -5.2414e-01 2.7567e-01 -9.7667e-02 -5.7140e-02 -9.7787e-01 8.8440e+00 1.4847e+01 -1.1210e-01 -3.7538e-01 -2.3951e-02 -1.3051e-02 -1.5357e-01 -6.2058e-02 -5.2381e-02 -4.0972e-01 -5.0567e-02 2.4913e-02 -5.4475e-02 -6.2089e-02
3.0223e-01 1.1745e-01 -2.6177e-03 -8.9785e-01 6.1234e-02 2.0523e-01 -7.3246e-01 2.4980e-01 1.2627e-01 3.0523e-01 -1.8735e-01 -1.2783e-02 -1.4046e-01 -7.9729e-02 -1.3331e-02 -4.5121e-02 -1.3803e-01 2.1456e-01 8.8119e-02 -1.3507e-01 -4.7387e-01 -5.5111e-02 -2.1109e-02 -2.1487e-02 -6.0262e-02 -1.6751e-01 -4.2699e-01 -2.7912e-01 -1.2691e-01 -5.2311e-02 1.2779e-02 -1.1934e-01 1.2836e+00 1.4736e-01 1.7594e-01 -3.8932e-02 -1.1470e-01 -1.5140e-01 -5.6226e-01 -1.1210e-01 5.5981e+00 -1.3451e-01 -2.9764e-02 3.3317e-02 -4.0166e-02 1.1901e-01 -3.5179e-02 -5.3182e-02 -5.1171e-02 -3.5976e-02 5.4758e-02 1.3790e-02
-2.1027e+00 2.1750e+00 -2.6754e+00 -1.3590e-01 -6.6714e-01 7.8994e-02 9.9816e-01 1.2605e+00 -2.2088e-01 2.0215e+00 -5.5479e-01 1.0154e+00 1.4894e+00 -2.9211e-01 -1.7156e-01 -3.5254e-01 -3.8665e-01 1.1027e+00 -8.3857e-01 8.8163e-03 -3.0628e+00 -3.5420e-01 3.6918e+00 1.1109e+00 -4.6288e-01 2.1274e-01 -4.4514e-01 5.6514e-01 -7.3083e-01 -1.2420e-01 5.8171e-01 -7.5125e-01 -4.3437e-01 2.5776e-01 -2.0988e-01 -6.1476e-02 -6.0606e-01 -9.9612e-01 -2.0248e+00 -3.7538e-01 -1.3451e-01 2.4679e+01 -1.6932e-01 -1.3122e-01 -1.8466e-01 -4.6374e-01 -1.9713e-01 -1.2546e-01 -2.1743e-01 -3.9208e-02 1.6920e+00 -9.1207e-01
2.8410e+00 -1.9676e+00 -1.9013e-01 3.2983e-01 -6.7177e-02 -7.9947e-01 2.4388e-01 2.5651e-01 3.5971e-01 3.3155e-02 5.6116e+00 -2.4819e-01 8.1977e-02 1.5426e+00 -1.0738e-02 -5.0679e-02 1.7157e-01 2.1018e-01 -2.8170e-02 7.7186e-01 -5.5017e-01 -4.4776e-02 -7.3192e-02 3.3672e+00 1.5405e-01 -1.6826e+00 5.2504e-01 -1.0597e+00 6.9182e-01 -1.0148e-01 -9.7559e-01 -1.1354e-01 -1.8788e-01 1.0042e+00 -2.4397e-02 4.2597e-02 -2.4862e-01 3.7274e-01 -1.5949e+00 -2.3951e-02 -2.9764e-02 -1.6932e-01 1.1738e+01 -2.0253e-02 -7.1795e-02 -8.4031e-02 1.2485e-01 -3.9376e-02 -1.3083e-01 -2.2090e-02 -6.6992e-02 1.0553e-01
8.8377e-01 -5.8618e-02 -1.0684e-01 -1.0797e-01 1.2913e-01 -7.6484e-02 -1.8634e-01 -1.8784e-01 -1.9088e-01 -1.5064e-01 -1.0122e-01 -1.3795e-01 -1.1680e-01 -9.7198e-02 -2.4446e-02 -2.5642e-03 -6.9147e-02 -1.5196e-01 8.0450e-04 -6.0126e-02 -4.0768e-02 -6.7406e-02 -1.4280e-01 -1.8142e-01 -3.2449e-01 1.1230e-01 -8.9276e-02 -1.4900e-01 1.1675e+00 3.9280e-03 5.3114e-02 -3.2386e-02 -8.1453e-02 6.2880e-01 3.4817e-03 -5.6150e-02 -9.1170e-02 -6.9582e-02 -5.4560e-01 -1.3051e-02 3.3317e-02 -1.3122e-01 -2.0253e-02 4.6922e+00 -5.4366e-02 6.9494e-01 -2.2514e-02 -1.2311e-02 -2.8788e-02 4.3968e-03 1.1760e-01 -4.6180e-01
-1.5716e+00 -3.0216e-01 -5.8296e-02 -4.5514e-01 -2.6922e-01 1.9211e-01 2.3820e-01 1.3967e-01 3.2649e-02 1.6709e-01 -1.8206e-01 3.7691e-01 3.6894e-02 -2.3009e-01 -1.0089e-02 1.9896e-01 1.4541e+00 -1.5624e+00 1.7704e-01 -2.2200e-01 -8.6545e-01 -1.2671e-01 -2.2948e-01 -1.6370e+00 -1.7772e-01 -3.0586e-01 -7.2745e-02 -3.9393e-01 -3.0973e-01 -8.2742e-02 3.8727e-01 2.5743e+00 3.1750e-01 4.7701e-01 -7.5667e-02 -1.6871e-01 1.3120e-02 -2.0529e-01 1.3697e+00 -1.5357e-01 -4.0166e-02 -1.8466e-01 -7.1795e-02 -5.4366e-02 1.2078e+01 -5.0552e-02 -1.8514e-02 1.5981e-02 4.3913e-01 -5.4485e-02 -2.8018e-01 -2.0056e-01
9.7894e+00 -3.5180e-01 -1.5656e+00 1.1760e-01 -6.4730e-01 -1.5827e+00 -7.1574e-01 -1.7675e-01 -6.9455e+00 2.0688e-01 -3.8849e-01 -2.0966e-01 -4.5586e-01 -2.1745e-01 4.6186e-02 -1.0991e-01 -2.3738e-01 5.3518e-01 2.1775e-01 -3.6007e-01 9.1070e-01 -1.8269e-01 -3.7344e-01 5.2799e-01 -9.9747e+00 5.9641e-02 -7.0326e-01 -6.9233e-01 -5.0021e-01 -1.6904e-01 1.8247e-01 -3.7751e-01 -5.0674e-01 -7.5588e+00 -2.6284e-01 3.6069e-01 -1.1293e+00 -2.5951e-01 -3.8508e+00 -6.2058e-02 1.1901e-01 -4.6374e-01 -8.4031e-02 6.9494e-01 -5.0552e-02 1.9360e+01 -2.0934e-01 1.5938e-01 3.9691e-01 8.8709e-02 -6.7105e-01 2.7542e+00
-7.9033e-01 3.2573e-02 -6.2225e-01 -8.1843e-01 4.5938e-01 -6.1819e-01 5.3161e-01 -2.1258e-02 -5.7904e-01 1.4750e-01 -3.2173e-02 1.5728e+00 2.5417e-01 2.3508e-01 7.7265e-01 2.1343e-01 -2.1821e-01 2.3342e-01 1.3993e+00 2.6863e-01 -6.5962e-01 -1.2966e-02 -1.9706e-01 -5.4793e-03 4.9575e-02 1.4397e-02 5.7779e-02 -6.2343e-02 -1.8726e-01 -8.6226e-02 -2.1798e-01 -4.6163e-01 -1.6026e-01 -1.2991e+00 -4.9008e-01 -1.1252e-01 -1.1471e-01 9.1310e-02 8.3048e-03 -5.2381e-02 -3.5179e-02 -1.9713e-01 1.2485e-01 -2.2514e-02 -1.8514e-02 -2.0934e-01 8.6025e+00 -3.0747e-02 -1.7939e-02 -2.4146e-02 4.3090e-01 -1.4688e-01
-1.2943e+00 6.6952e-01 -1.0069e-01 1.2811e+00 -3.5789e-02 1.1069e-01 4.3588e-01 2.0185e-02 -7.3151e-02 -1.8864e-01 -2.9212e-01 -5.1421e-01 -1.4112e-01 -9.3543e-03 -1.7812e-02 -2.2694e-01 -5.8873e-02 5.6686e-01 -3.4861e-01 -8.2733e-02 -7.1396e-01 -1.5094e-02 1.2630e-01 -1.1137e+00 -1.0850e-01 4.4446e-01 1.1128e+00 -6.2334e-01 -2.6506e-01 -5.0231e-02 -6.8434e-01 -1.7918e-02 -2.0620e-02 -6.9855e-02 8.5615e-02 -8.6561e-02 -2.7469e-02 -4.9161e-01 -6.7718e-01 -4.0972e-01 -5.3182e-02 -1.2546e-01 -3.9376e-02 -1.2311e-02 1.5981e-02 1.5938e-01 -3.0747e-02 7.4165e+00 2.8714e-02 -2.7750e-02 4.4271e-01 1.1094e-02
2.5519e-01 -2.2589e-01 1.9162e+00 -4.9525e-01 -2.8868e-01 1.0524e+00 3.1000e-01 -2.1182e+00 1.5073e-01 -3.5765e-01 -1.4685e-01 -2.5345e-01 1.0627e+00 9.2390e-01 -3.8776e-02 -1.9297e-03 -6.4517e-01 -1.6781e+00 -1.2687e-01 1.3685e-01 -6.0291e-01 -4.2077e-01 -7.7886e-02 -1.6967e+00 -2.8888e-02 -3.3931e-01 -9.3902e-03 -3.3315e-01 1.1262e-01 2.3576e-01 2.1538e-01 -1.5441e-01 6.0971e-01 8.8834e-01 -7.1363e-02 -2.8310e-02 -2.6486e-02 -3.0582e-01 -1.5527e+00 -5.0567e-02 -5.1171e-02 -2.1743e-01 -1.3083e-01 -2.8788e-02 4.3913e-01 3.9691e-01 -1.7939e-02 2.8714e-02 1.1702e+01 -5.4498e-02 -3.0703e-01 2.9235e-01
-5.8352e-01 -4.6401e-01 1.8567e-01 3.9198e-01 -9.2443e-02 -1.5199e-01 1.6760e-01 -1.4279e-01 -7.8175e-02 1.4916e-01 -2.5443e-01 6.5447e-01 -8.9374e-02 4.3933e-02 -3.3654e-02 -4.1005e-02 -2.3806e-01 4.2205e-01 -3.1166e-01 -1.8191e-01 4.9456e-01 -2.1172e-02 2.5799e-02 7.7992e-01 -1.2842e-01 1.1999e-01 -2.4231e-01 -2.7842e-01 -1.3892e-01 -9.5510e-02 3.4004e-01 7.0541e-01 -8.6515e-02 -6.3307e-01 6.6092e-01 -7.5768e-02 6.8349e-02 1.2509e-01 -5.1468e-01 2.4913e-02 -3.5976e-02 -3.9208e-02 -2.2090e-02 4.3968e-03 -5.4485e-02 8.8709e-02 -2.4146e-02 -2.7750e-02 -5.4498e-02 6.9414e+00 -9.6095e-02 -1.5690e-02
7.9313e-01 -2.6782e+00 -1.6022e-01 -2.8638e+00 2.1882e+01 1.5194e+00 -1.4889e+00 -2.6393e-01 1.2949e+00 -4.6842e-01 1.9512e+00 2.5227e+00 -8.4114e-02 -3.3358e-02 -3.9803e-03 7.1915e-03 -7.5521e-02 -3.9019e-01 -3.2994e-01 -2.4784e-02 -1.2272e+00 5.4284e-02 -1.8058e+00 -8.0959e-01 -1.3144e+00 -1.3822e+00 5.6004e-01 -2.7438e-01 2.4797e+00 -9.9883e-01 4.1537e-01 -9.6411e-01 -3.9123e-01 5.2541e+00 5.5213e-01 -9.7828e-03 -5.2477e-01 -3.0441e-01 2.4304e+00 -5.4475e-02 5.4758e-02 1.6920e+00 -6.6992e-02 1.1760e-01 -2.8018e-01 -6.7105e-01 4.3090e-01 4.4271e-01 -3.0703e-01 -9.6095e-02 2.3685e+01 -2.4930e+00
1.9191e-01 -1.2612e-01 6.2286e-01 -3.2880e-01 -2.3707e+00 -1.9058e+00 1.4801e+00 -6.9105e-01 5.5011e+00 -4.5877e-01 -9.0564e-01 -2.1252e+00 1.1205e-01 6.0128e-02 -4.5020e-02 -6.2265e-02 2.5635e-01 -5.2536e-01 -1.0321e+00 2.9458e-01 -1.6410e+00 -1.3215e-01 1.1758e+00 -1.6068e+00 1.5491e+01 6.9098e-02 8.7859e-01 5.8671e-02 -8.5438e-01 1.2487e+00 -6.7272e-01 2.5236e-01 2.2842e-01 8.3715e-01 -3.3141e-01 3.9038e-02 1.9337e+00 -2.0761e-01 -2.6690e+00 -6.2089e-02 1.3790e-02 -9.1207e-01 1.0553e-01 -4.6180e-01 -2.0056e-01 2.7542e+00 -1.4688e-01 1.1094e-02 2.9235e-01 -1.5690e-02 -2.4930e+00 1.9845e+01
