1.0851e+02 -8.2900e+01 -7.0250e+01 4.2889e+00 -6.2970e+01 -1.4019e+01 6.2785e+01 9.3293e+00 9.8181e-01 -2.3042e+01 6.8023e-01 -2.8075e-01 -2.1494e+01 7.4257e-02 -2.5291e-01 1.2459e+00 -3.5208e-01 -5.7529e+01 5.3495e+00 -8.0510e-01 -5.7362e+01 -1.1003e+00 -3.4971e-01 -8.2025e-01 1.5756e-01 -7.0451e-01 -7.6608e-01 -3.3621e+00 -6.3954e+00 1.0332e+00 -1.3033e+00 -1.9460e+00 1.7363e+01 -3.3763e+00 5.4941e+01 1.9101e+00 -2.3164e+00 5.6072e-01 -6.8958e-01 -7.5467e-01 6.6976e-01 3.6885e+00 4.2773e-01 1.9595e-01 -1.1081e+00 -4.4815e-01 -8.4745e-01 -4.8974e+01 -5.2548e-01 7.0308e-02 -3.3059e+00 4.0297e+00
-8.2900e+01 1.3335e+02 6.7551e+01 -8.0093e+00 7.2779e+01 1.4170e+01 -6.2569e+01 -1.1854e+01 -1.9648e+00 2.1030e+01 1.7550e+00 1.4177e+00 2.0367e+01 -2.1147e-01 -2.7731e-01 -1.2424e+00 1.8353e-01 6.1184e+01 -2.6696e+00 8.2246e-01 5.9669e+01 1.0760e+00 -1.2938e+00 2.0676e-01 -7.7434e-02 6.9823e-01 1.7764e+00 1.4337e+00 8.5890e+00 1.5200e-02 5.7362e-01 1.7534e+00 -1.7801e+01 3.2138e+00 -5.7180e+01 -1.8412e+00 8.5552e+00 -4.0909e-01 7.1127e-01 -1.7696e-01 1.3449e+00 -3.7588e+00 -5.3175e-02 -2.1903e-01 2.0170e+00 4.2491e-01 1.0534e+00 4.9211e+01 -8.5770e-01 -4.8404e-01 2.1002e+00 -3.1152e+00
-7.0250e+01 6.7551e+01 1.0617e+02 1.3753e+00 5.7487e+01 -2.8751e+00 -5.4746e+01 -1.3752e+01 -6.4444e+00 6.3328e+00 2.3686e+00 7.3749e-01 9.7943e+00 -1.9246e-01 -7.2252e-02 -2.4327e+00 3.6654e-01 4.5788e+01 2.1064e+00 -1.7833e-01 4.8044e+01 3.2211e-01 1.0507e+00 4.8969e+00 -4.1050e-01 5.9335e-01 2.1932e-01 9.7932e+00 4.4890e+00 2.2431e-01 4.6225e-01 1.4420e+00 -2.2414e+01 3.0629e+00 -4.5566e+01 3.4684e+00 1.6923e+00 -3.4996e+00 2.5163e-01 1.5573e+00 -1.0381e+00 2.1893e+00 3.2141e-01 -3.3724e-01 1.1490e+00 -1.3330e-01 9.2170e-01 4.0719e+01 -8.6709e-02 -2.0233e-01 6.5602e+00 -3.1913e+00
4.2889e+00 -8.0093e+00 1.3753e+00 7.8146e+01 -5.8985e+00 -6.5170e+00 5.1296e+00 -1.2263e+00 4.3268e+00 -7.3359e+00 -9.6998e-01 1.1872e+00 -3.8817e+00 -1.9620e+01 -6.7273e-02 6.7738e+00 -8.7896e-01 -9.1051e+00 4.4003e+00 1.7020e+01 -8.8003e+00 -1.5926e+00 -4.6738e-01 1.4500e+01 -8.6918e-01 -1.3078e-01 -5.6189e-01 -2.4190e+00 1.2063e+01 2.0708e+00 -1.3026e+00 -7.1880e-01 -1.3651e+01 -4.6654e+00 1.6309e+01 -2.0795e+00 3.7421e+00 4.6906e-02 -2.6729e-01 1.3543e+01 -4.8477e+00 6.8210e+00 -5.3535e-02 -6.8663e-02 3.8289e-01 -1.2159e-01 -1.2300e+00 -3.9592e+00 1.5169e-01 6.3658e-01 -1.7580e+00 -6.5795e-01
-6.2970e+01 7.2779e+01 5.7487e+01 -5.8985e+00 1.0228e+02 8.7815e+00 -6.1894e+01 -1.1640e+01 -9.1603e-01 3.9879e+01 6.8316e+00 -4.6792e-01 2.2150e+01 -4.9294e-01 -6.7225e-02 -4.4366e+00 4.5950e-01 5.1461e+01 -2.4189e+00 1.0182e+00 4.8618e+01 4.0779e-01 -2.1636e+00 -1.3578e-01 9.0734e-02 -2.7477e-01 -8.4274e-01 -4.1422e+00 3.7231e+00 -1.0127e+00 6.6588e-01 1.3520e-01 -1.5382e+01 5.3895e+00 -4.6003e+01 -2.3121e+00 -4.1570e-01 -6.1939e-01 6.0157e-01 4.8594e-01 -7.2489e-01 -2.9623e+00 -2.3437e-01 -2.8827e-01 2.0598e+00 6.3664e-01 7.6428e-01 3.9673e+01 2.1890e-01 -4.5517e-01 -1.6843e+00 -4.6697e+00
-1.4019e+01 1.4170e+01 -2.8751e+00 -6.5170e+00 8.7815e+00 6.8109e+01 -1.0086e+01 -7.2096e+00 -3.8662e+00 1.9280e+01 -2.6601e-01 -4.3340e-01 2.1720e+01 3.5648e-01 1.1081e-01 5.1746e+00 -1.0787e+00 4.3924e+00 -5.3109e+00 6.4844e-01 7.4618e+00 -3.1374e-01 1.7237e+00 -2.5804e+00 -2.3499e-01 -1.2162e+00 2.4025e-02 -3.8420e+00 3.4135e+00 1.7200e-01 -7.5151e-01 6.0756e-01 6.5547e+00 6.7837e-01 -9.4520e+00 -2.2638e+00 -1.0940e+00 3.5700e+00 1.3606e+00 -6.8364e-01 -4.6603e-03 -5.0425e+00 -3.8590e-01 -2.1396e-01 1.3257e+00 -2.8718e-01 -2.0308e-02 7.4714e+00 -3.3037e-01 1.6125e-03 -8.3661e-01 -8.7128e-01
6.2785e+01 -6.2569e+01 -5.4746e+01 5.1296e+00 -6.1894e+01 -1.0086e+01 1.0488e+02 1.1690e+01 -1.9381e+01 -2.7499e+01 1.3147e+00 -2.5596e-01 -3.2805e+01 1.8462e+00 -8.8536e-02 2.8955e-01 -3.5216e-01 -7.5612e+01 1.2380e+00 -1.0031e+00 -7.3661e+01 -2.5530e+00 1.0107e-01 -2.3761e+00 1.3175e-01 -2.1596e-01 -4.3642e-01 -1.9247e+00 -7.5999e+00 4.1483e-04 -1.2172e+00 -3.3640e+00 2.7824e+01 -2.0799e+00 6.6489e+01 2.2388e-01 -3.3077e+00 3.7811e-01 -6.7911e-01 -1.6323e-02 1.5722e+00 2.1955e+00 -2.3026e-01 3.8306e-01 -1.7536e+00 1.3581e+00 -1.5627e+00 -5.9356e+01 -4.8470e-01 9.2069e-01 -2.3847e+00 1.4982e+01
9.3293e+00 -1.1854e+01 -1.3752e+01 -1.2263e+00 -1.1640e+01 -7.2096e+00 1.1690e+01 2.5417e+01 -7.4780e-01 -1.1338e+01 -8.2997e-01 4.9203e-02 1.2493e+01 1.7914e-01 -1.2383e-01 -4.5234e-01 1.1186e-02 -1.3282e+01 -6.8622e-01 -3.6809e-01 -8.6077e+00 6.5351e-02 -6.9148e-01 -5.1566e-01 9.8012e-03 1.4043e-01 -7.1848e-02 -8.8832e-03 -1.7897e+00 3.7087e-02 4.8349e-01 -1.0211e-01 -1.9073e+00 -2.6860e-01 1.0471e+01 -3.9155e-01 -5.2399e+00 -9.4645e-02 -6.5727e-02 -1.8515e-01 -1.6463e-01 -1.5728e-01 -5.6711e-02 -7.5956e-02 -3.8607e-01 1.0546e+00 -8.7402e-02 -9.8840e+00 7.8304e-01 -1.4479e-01 -6.1230e-02 1.3218e+00
9.8181e-01 -1.9648e+00 -6.4444e+00 4.3268e+00 -9.1603e-01 -3.8662e+00 -1.9381e+01 -7.4780e-01 1.1707e+02 5.0759e+00 -4.3807e+00 -4.0583e-01 1.2524e+01 7.0104e+00 7.6761e-02 9.8354e+00 3.1098e-02 1.8880e+01 -2.8436e+00 -1.3302e+01 2.0913e+01 3.6398e+00 -1.5261e+00 -1.1039e+01 -1.2731e+00 -3.1824e-01 -1.0936e+00 5.8972e-01 -1.4635e+01 3.2396e+00 -1.2499e-01 7.6826e-01 -3.7046e+00 -5.6345e+00 -2.2109e+01 1.8672e+00 1.2758e+00 -7.5884e-01 -3.7254e-01 -7.7751e+00 5.1976e+00 2.4775e+00 -5.5749e-01 1.0219e+00 -5.5387e-01 -7.2313e-02 7.3602e-02 6.6122e+00 3.8693e-01 -9.1517e-02 5.9518e-01 -3.7717e+00
-2.3042e+01 2.1030e+01 6.3328e+00 -7.3359e+00 3.9879e+01 1.9280e+01 -2.7499e+01 -1.1338e+01 5.0759e+00 6.6897e+01 -2.9175e-01 -3.3299e-01 3.6907e+00 3.0048e-01 5.6243e-02 -5.2149e-01 3.0601e-01 2.1102e+01 -6.6143e+00 1.4782e+00 2.1013e+01 5.4974e-02 -2.3294e+00 -4.4460e+00 1.7091e-01 -6.1285e-01 -1.0816e+00 -8.8090e-01 6.8993e-01 3.3086e-01 -4.2970e-01 9.1492e-02 7.0886e+00 1.1398e-01 -1.9017e+01 -5.0987e+00 3.8655e+00 -2.4466e-01 2.6527e-01 -1.1619e+00 -1.0133e-01 -5.4323e+00 3.8759e-02 -2.7092e-01 8.4250e-01 -1.1589e+00 1.1607e-01 2.0534e+01 -9.2586e-02 -3.4919e-01 -1.2218e+00 -6.2902e-01
6.8023e-01 1.7550e+00 2.3686e+00 -9.6998e-01 6.8316e+00 -2.6601e-01 1.3147e+00 -8.2997e-01 -4.3807e+00 -2.9175e-01 3.2497e+01 -2.9282e-01 9.3246e-01 -6.0078e-01 -2.6527e-02 -2.1212e+00 -1.2811e-01 -6.9233e-01 -1.5897e-01 3.7756e+00 -2.9711e+00 -1.0704e-01 -3.5459e-01 3.0698e+00 -3.3557e-01 -2.5067e-01 8.7361e-01 -5.0103e+00 3.8805e+00 -1.1135e+00 -2.8438e-01 -6.9612e-02 -4.6458e+00 2.3596e+00 2.5128e-01 1.5153e-01 -1.6559e+00 -4.9063e-01 -2.7807e-02 -8.0021e-01 -1.4753e-01 4.3895e-01 2.0915e-01 -1.4848e-01 -3.9070e-01 -8.6267e-03 -2.3128e-01 3.4648e+00 -3.1596e-01 -2.0328e-01 -2.4395e+00 -1.0083e+00
-2.8075e-01 1.4177e+00 7.3749e-01 1.1872e+00 -4.6792e-01 -4.3340e-01 -2.5596e-01 4.9203e-02 -4.0583e-01 -3.3299e-01 -2.9282e-01 1.1865e+01 9.4903e-02 -5.4710e-01 -1.3362e-01 -1.5639e+00 -7.2650e-02 -1.6869e+00 2.6443e-01 8.1649e-01 -1.4834e+00 -1.0565e-01 -6.1009e-02 -4.1928e-01 -7.0978e-02 1.7421e-01 1.8678e-01 6.1197e-01 -3.4990e-01 -4.1085e-01 -5.3958e-02 -3.8460e-02 9.2037e-03 -2.7800e-01 2.1577e-01 -4.0080e-02 -1.4092e+00 -2.7751e-01 -1.7477e-02 -1.9631e-01 -2.7278e-01 2.5914e-02 -2.9605e-02 7.5194e-02 -4.9687e-02 -2.3748e-02 -1.3587e-01 -6.0538e-01 -2.6915e-02 4.3378e-01 1.7477e-01 -8.2422e-01
-2.1494e+01 2.0367e+01 9.7943e+00 -3.8817e+00 2.2150e+01 2.1720e+01 -3.2805e+01 1.2493e+01 1.2524e+01 3.6907e+00 9.3246e-01 9.4903e-02 9.2575e+01 -3.7830e+00 -1.3197e-02 -3.5871e+00 1.2851e+00 3.8860e+01 -3.5354e+00 -1.6030e-01 4.3990e+01 1.6735e+00 -2.0498e+00 2.4870e+00 5.2784e-01 -4.5879e-01 -4.1501e-01 8.9465e-02 4.3567e+00 -5.4176e-01 6.0508e-01 3.0066e+00 -3.3510e+01 -2.5527e+00 -3.0265e+01 1.2072e+00 -1.1974e+00 -1.7210e-01 2.0869e+00 -5.2316e-01 -8.0391e-01 1.3875e+00 -5.4869e-02 -4.0498e-01 1.5683e+00 2.8062e-01 1.0641e+00 2.7037e+01 -9.5894e-02 -6.2503e-01 7.4392e-02 -4.7834e+00
7.4257e-02 -2.1147e-01 -1.9246e-01 -1.9620e+01 -4.9294e-01 3.5648e-01 1.8462e+00 1.7914e-01 7.0104e+00 3.0048e-01 -6.0078e-01 -5.4710e-01 -3.7830e+00 5.3122e+01 -2.4614e-01 -6.3731e+00 -8.0601e-01 -3.3341e+00 2.6040e-03 -1.9697e+00 -3.5513e+00 1.7753e+00 -8.7933e-01 5.9104e+00 -7.0726e-01 -1.4674e-01 -4.5823e-01 3.9737e-01 -5.7011e+00 -2.8956e+00 -1.1628e+00 -9.2482e-01 7.7448e+00 -2.3321e+00 -6.7273e+00 -6.6880e-01 -2.0078e+00 3.4919e-02 4.7299e-01 -3.6377e+00 6.3336e+00 -1.6883e+00 -2.0244e-01 -1.1080e-01 -1.1028e-01 -2.0349e-01 4.4739e-02 -3.7963e+00 -1.3857e-01 -3.6266e-01 3.5716e-01 6.3315e-01
-2.5291e-01 -2.7731e-01 -7.2252e-02 -6.7273e-02 -6.7225e-02 1.1081e-01 -8.8536e-02 -1.2383e-01 7.6761e-02 5.6243e-02 -2.6527e-02 -1.3362e-01 -1.3197e-02 -2.4614e-01 7.6413e+00 1.4791e+00 5.2395e-02 8.7329e-02 -4.3136e-02 -8.7101e-02 3.3999e-02 -6.2922e-02 8.1292e-02 -3.6050e-01 4.6079e-02 -1.1781e-02 -1.2959e-01 9.4297e-03 -3.1089e-01 -1.5057e-01 -1.0839e-01 1.7726e-01 1.0875e-01 -1.3603e-01 -4.4024e-01 1.4307e-02 -2.1914e-01 -5.1673e-02 -5.6331e-02 1.9452e-02 2.8485e-01 -5.9746e-02 -1.7593e-02 -4.7827e-02 1.8411e-02 -1.8061e-02 -5.7996e-02 -1.5014e-01 -5.8237e-02 -7.5742e-02 -3.0913e-02 -1.9173e-01
1.2459e+00 -1.2424e+00 -2.4327e+00 6.7738e+00 -4.4366e+00 5.1746e+00 2.8955e-01 -4.5234e-01 9.8354e+00 -5.2149e-01 -2.1212e+00 -1.5639e+00 -3.5871e+00 -6.3731e+00 1.4791e+00 4.8326e+01 -9.7399e-01 -2.4367e+00 1.7392e-01 -2.6324e+00 -2.2207e+00 -1.5690e-01 1.7973e+00 -4.3503e+00 -5.9313e-01 -2.2792e-01 -9.0816e-01 4.9452e-01 -1.6120e+00 9.5825e+00 1.0597e+00 -1.4865e-01 1.0169e-01 -2.3929e+00 -3.3998e+00 -1.1007e+00 -1.8798e+00 6.3780e-01 -3.2344e-01 3.9500e-01 2.1142e+00 -2.6913e-01 -3.7328e-01 -3.0241e-01 -1.0333e+00 9.5707e-02 -1.5305e-01 -2.5044e+00 4.5872e-03 1.0210e+00 2.4650e-01 -3.2462e-02
-3.5208e-01 1.8353e-01 3.6654e-01 -8.7896e-01 4.5950e-01 -1.0787e+00 -3.5216e-01 1.1186e-02 3.1098e-02 3.0601e-01 -1.2811e-01 -7.2650e-02 1.2851e+00 -8.0601e-01 5.2395e-02 -9.7399e-01 1.1720e+01 -5.8688e-02 -1.8944e-01 -8.9941e-01 4.0570e-01 -1.1699e-01 -1.3089e-01 -4.6741e-01 -1.0337e-01 -6.3278e-02 -1.3454e-01 9.0033e-04 -3.5204e-01 3.9975e-01 -5.4628e-02 -8.5490e-02 3.7205e-01 -3.5423e-01 6.0135e-01 3.6848e-01 2.9568e-01 -6.8620e-03 3.9233e-02 -7.3992e-02 -3.5097e-01 -1.5768e-01 -4.4084e-02 -3.4633e-03 -1.7035e-01 -4.5238e-02 5.8688e-02 -3.7725e-01 -2.6777e-02 -7.2889e-02 3.1941e-02 -1.4307e-01
-5.7529e+01 6.1184e+01 4.5788e+01 -9.1051e+00 5.1461e+01 4.3924e+00 -7.5612e+01 -1.3282e+01 1.8880e+01 2.1102e+01 -6.9233e-01 -1.6869e+00 3.8860e+01 -3.3341e+00 8.7329e-02 -2.4367e+00 -5.8688e-02 1.2210e+02 -1.1360e+00 1.1651e+00 9.9310e+01 1.6355e+00 -1.0824e+00 3.5837e-01 -2.7927e-01 1.4927e-01 9.7794e-01 5.0443e+00 4.1083e+00 -2.3366e-01 4.2790e-02 2.8544e+00 -3.8679e+01 5.0695e-01 -7.9565e+01 -1.1974e+00 1.5429e+01 -1.4937e+00 1.8959e+00 -1.7033e+00 -4.0917e-01 -9.7625e-02 1.9415e-01 1.4934e-01 1.1281e+00 3.2940e-01 2.6183e+00 7.9329e+01 1.6925e-01 -1.1558e+00 2.4043e+00 1.9658e+00
5.3495e+00 -2.6696e+00 2.1064e+00 4.4003e+00 -2.4189e+00 -5.3109e+00 1.2380e+00 -6.8622e-01 -2.8436e+00 -6.6143e+00 -1.5897e-01 2.6443e-01 -3.5354e+00 2.6040e-03 -4.3136e-02 1.7392e-01 -1.8944e-01 -1.1360e+00 1.3271e+01 -6.8732e-01 -9.8527e-01 -8.5926e-02 -2.0271e-01 4.3883e+00 -6.2942e-02 5.4992e-01 -5.2124e-02 -5.0792e-02 -6.8562e-01 6.2269e-01 -2.2866e-01 -6.1443e-02 -2.8569e+00 -3.0398e-01 1.1542e+00 -6.0264e-01 4.0725e-01 1.1116e-02 -1.8706e-01 -2.3016e-01 -1.0488e-01 4.4552e+00 -4.1860e-02 -1.7187e-02 -2.5733e-01 -1.2153e-01 -1.1680e-01 -1.1628e+00 -6.3990e-02 -1.0764e-01 -5.4403e-02 3.3101e-01
-8.0510e-01 8.2246e-01 -1.7833e-01 1.7020e+01 1.0182e+00 6.4844e-01 -1.0031e+00 -3.6809e-01 -1.3302e+01 1.4782e+00 3.7756e+00 8.1649e-01 -1.6030e-01 -1.9697e+00 -8.7101e-02 -2.6324e+00 -8.9941e-01 1.1651e+00 -6.8732e-01 6.6014e+01 2.6725e+00 -1.1989e+00 -8.8170e-01 2.8466e+01 -8.1198e-01 -2.7339e-01 1.2508e+00 -8.8616e-01 2.1714e+01 -3.8307e+00 -7.0453e-01 -1.5491e+00 -1.6760e+01 -2.6958e+00 2.9423e+00 -2.3982e+00 2.8662e+00 1.0639e+00 -3.9541e-01 1.4549e+01 -4.3407e+00 -1.9616e+00 1.7007e-01 3.9644e-01 -8.9832e-02 3.5880e-02 -1.2886e+00 6.3167e+00 -4.9447e-02 -6.6235e-01 -9.2243e-01 4.6249e-01
-5.7362e+01 5.9669e+01 4.8044e+01 -8.8003e+00 4.8618e+01 7.4618e+00 -7.3661e+01 -8.6077e+00 2.0913e+01 2.1013e+01 -2.9711e+00 -1.4834e+00 4.3990e+01 -3.5513e+00 3.3999e-02 -2.2207e+00 4.0570e-01 9.9310e+01 -9.8527e-01 2.6725e+00 1.2985e+02 1.6686e+00 -2.7687e+00 2.4217e+00 -1.0980e-01 6.3992e-01 1.1953e+00 4.3257e+00 5.5791e+00 7.4702e-01 9.1603e-01 3.1522e+00 -4.6075e+01 9.3445e-01 -8.2297e+01 -2.6829e-01 1.4325e+01 -1.7651e+00 1.1937e+00 -9.6446e-01 -1.6092e+00 2.3657e-02 5.6667e-03 -4.8946e-01 1.2563e+00 6.4732e-01 9.8546e-01 7.9944e+01 1.7009e-01 -6.3878e-01 1.3791e+00 1.6020e+00
-1.1003e+00 1.0760e+00 3.2211e-01 -1.5926e+00 4.0779e-01 -3.1374e-01 -2.5530e+00 6.5351e-02 3.6398e+00 5.4974e-02 -1.0704e-01 -1.0565e-01 1.6735e+00 1.7753e+00 -6.2922e-02 -1.5690e-01 -1.1699e-01 1.6355e+00 -8.5926e-02 -1.1989e+00 1.6686e+00 1.7365e+01 -1.8267e-01 -8.7560e-01 -1.7307e-01 6.4055e-01 5.2834e-01 -7.7347e-01 9.1469e-01 5.4612e-02 -1.4856e-01 -2.3565e-01 -2.8974e-01 -5.7157e-02 -4.5821e+00 -1.1486e-01 -2.8232e+00 -1.0653e-01 -1.2532e-01 -6.5333e-01 2.1213e+00 5.2645e-01 -4.1118e-02 1.7136e-01 -2.9160e-02 4.3482e-02 1.7984e+00 1.8920e+00 -2.8663e-03 -1.0012e-01 -7.7577e-01 1.7868e-01
-3.4971e-01 -1.2938e+00 1.0507e+00 -4.6738e-01 -2.1636e+00 1.7237e+00 1.0107e-01 -6.9148e-01 -1.5261e+00 -2.3294e+00 -3.5459e-01 -6.1009e-02 -2.0498e+00 -8.7933e-01 8.1292e-02 1.7973e+00 -1.3089e-01 -1.0824e+00 -2.0271e-01 -8.8170e-01 -2.7687e+00 -1.8267e-01 1.3691e+01 -6.4071e-01 -1.1308e-01 -4.9373e-02 -4.1081e-02 1.1238e-01 -9.3615e-01 -1.1306e-01 -2.3565e-01 -1.9817e-03 5.2502e-01 -8.6658e-02 1.0163e+00 -3.1051e-01 2.9656e-01 -6.6857e-02 -1.1197e-01 -5.1960e-01 4.0933e-01 -1.4498e-01 -4.0803e-02 -1.0539e-01 -1.7776e-01 -1.2860e-01 1.2798e-01 -1.1509e+00 2.8360e-01 -8.3728e-02 8.1716e-02 3.0843e-03
-8.2025e-01 2.0676e-01 4.8969e+00 1.4500e+01 -1.3578e-01 -2.5804e+00 -2.3761e+00 -5.1566e-01 -1.1039e+01 -4.4460e+00 3.0698e+00 -4.1928e-01 2.4870e+00 5.9104e+00 -3.6050e-01 -4.3503e+00 -4.6741e-01 3.5837e-01 4.3883e+00 2.8466e+01 2.4217e+00 -8.7560e-01 -6.4071e-01 5.9269e+01 -7.7975e-01 -3.2571e-01 7.1814e-01 -1.1150e+00 2.4123e+01 -2.8402e+00 -1.0356e+00 -1.0509e+00 -2.0422e+01 -2.4976e+00 2.8057e+00 -1.8461e+00 2.0051e+00 7.2933e-01 -2.8922e-01 1.0538e+01 -3.6068e+00 4.1040e+00 2.5198e-01 3.7480e-01 5.2612e-01 -8.8466e-02 -1.0019e+00 5.0863e+00 -1.6903e-01 -6.9235e-01 -1.1991e+00 3.7606e-01
1.5756e-01 -7.7434e-02 -4.1050e-01 -8.6918e-01 9.0734e-02 -2.3499e-01 1.3175e-01 9.8012e-03 -1.2731e+00 1.7091e-01 -3.3557e-01 -7.0978e-02 5.2784e-01 -7.0726e-01 4.6079e-02 -5.9313e-01 -1.0337e-01 -2.7927e-01 -6.2942e-02 -8.1198e-01 -1.0980e-01 -1.7307e-01 -1.1308e-01 -7.7975e-01 1.0159e+01 3.1033e-02 -1.1320e-01 8.6656e-02 -9.2339e-01 -1.6591e-01 -4.6985e-02 -1.3556e-01 1.0345e+00 -3.1105e-01 1.0096e-01 -1.9367e-01 4.6001e-01 -5.2056e-02 1.6540e-01 -7.0939e-01 -1.7597e-01 4.9959e-01 -2.4151e-02 -3.7135e-02 -3.8025e-03 -3.7761e-02 -1.3416e-01 7.7855e-03 -1.1354e-02 -7.8118e-02 4.4961e-02 6.3667e-02
-7.0451e-01 6.9823e-01 5.9335e-01 -1.3078e-01 -2.7477e-01 -1.2162e+00 -2.1596e-01 1.4043e-01 -3.1824e-01 -6.1285e-01 -2.5067e-01 1.7421e-01 -4.5879e-01 -1.4674e-01 -1.1781e-02 -2.2792e-01 -6.3278e-02 1.4927e-01 5.4992e-01 -2.7339e-01 6.3992e-01 6.4055e-01 -4.9373e-02 -3.2571e-01 3.1033e-02 8.6424e+00 2.1811e+00 1.4465e-01 -2.4164e-01 1.2278e-01 4.0660e-01 8.1946e-02 -3.3554e-01 -1.7802e-01 -1.5109e-01 -1.3134e-01 1.3117e-01 -1.0470e-01 -4.6526e-02 1.0697e-01 -1.0305e-01 -1.0266e-01 -1.4651e-02 -3.0346e-02 6.8485e-02 -3.7097e-02 -9.5258e-02 4.0388e-01 -7.7784e-02 -6.1525e-02 1.0867e-02 2.4860e-01
-7.6608e-01 1.7764e+00 2.1932e-01 -5.6189e-01 -8.4274e-01 2.4025e-02 -4.3642e-01 -7.1848e-02 -1.0936e+00 -1.0816e+00 8.7361e-01 1.8678e-01 -4.1501e-01 -4.5823e-01 -1.2959e-01 -9.0816e-01 -1.3454e-01 9.7794e-01 -5.2124e-02 1.2508e+00 1.1953e+00 5.2834e-01 -4.1081e-02 7.1814e-01 -1.1320e-01 2.1811e+00 1.5128e+01 9.8967e-02 7.8261e-01 2.0743e-01 -2.0005e-01 3.5235e-02 -1.2707e+00 1.7834e-01 -1.1394e+00 2.5295e-01 1.0027e-01 -1.5703e-01 -8.5856e-02 -1.2285e-01 -2.2164e-01 -1.0178e-01 2.5964e-01 -5.0608e-02 -2.6246e-02 5.1002e-01 -1.6417e-01 2.0320e+00 -8.1862e-02 -1.2094e-01 -3.3820e-02 4.6939e-01
-3.3621e+00 1.4337e+00 9.7932e+00 -2.4190e+00 -4.1422e+00 -3.8420e+00 -1.9247e+00 -8.8832e-03 5.8972e-01 -8.8090e-01 -5.0103e+00 6.1197e-01 8.9465e-02 3.9737e-01 9.4297e-03 4.9452e-01 9.0033e-04 5.0443e+00 -5.0792e-02 -8.8616e-01 4.3257e+00 -7.7347e-01 1.1238e-01 -1.1150e+00 8.6656e-02 1.4465e-01 9.8967e-02 2.6695e+01 -7.4791e-01 -4.1084e-01 -1.6653e-01 -2.0593e-02 -1.9690e-01 -4.0055e+00 -2.1521e+00 1.2864e-01 8.1270e+00 -3.4491e+00 5.4287e-02 -5.4219e-01 -1.3616e+00 -7.6381e-01 2.6457e-02 1.3288e-02 -6.8599e-02 -2.2420e-01 1.5369e-01 1.8733e+00 -1.9762e-01 1.8369e-01 1.7825e+01 -6.9893e-02
-6.3954e+00 8.5890e+00 4.4890e+00 1.2063e+01 3.7231e+00 3.4135e+00 -7.5999e+00 -1.7897e+00 -1.4635e+01 6.8993e-01 3.8805e+00 -3.4990e-01 4.3567e+00 -5.7011e+00 -3.1089e-01 -1.6120e+00 -3.5204e-01 4.1083e+00 -6.8562e-01 2.1714e+01 5.5791e+00 9.1469e-01 -9.3615e-01 2.4123e+01 -9.2339e-01 -2.4164e-01 7.8261e-01 -7.4791e-01 5.7464e+01 -1.6057e+00 -7.3261e-01 -9.6046e-01 -2.1332e+01 -1.7666e+00 -2.8390e+00 -2.1595e+00 2.6356e+00 1.6177e-01 -7.9044e-01 1.3614e+01 -1.9875e+00 -1.4704e+00 4.2498e-01 -3.5412e-01 1.3395e-01 -2.1297e-01 -9.5321e-01 1.1394e+01 -1.3231e-01 7.0075e-02 -5.5944e-01 -2.0265e-02
1.0332e+00 1.5200e-02 2.2431e-01 2.0708e+00 -1.0127e+00 1.7200e-01 4.1483e-04 3.7087e-02 3.2396e+00 3.3086e-01 -1.1135e+00 -4.1085e-01 -5.4176e-01 -2.8956e+00 -1.5057e-01 9.5825e+00 3.9975e-01 -2.3366e-01 6.2269e-01 -3.8307e+00 7.4702e-01 5.4612e-02 -1.1306e-01 -2.8402e+00 -1.6591e-01 1.2278e-01 2.0743e-01 -4.1084e-01 -1.6057e+00 2.9073e+01 -3.8731e-01 -2.7058e-01 -4.9001e+00 -7.1223e-01 1.7775e+00 -4.8797e-02 1.2545e+00 -3.1142e-01 1.1797e+00 -8.7721e-01 -1.6064e+00 -4.8836e-01 -9.9337e-02 -1.0911e-01 -3.0420e-01 6.5178e-01 -3.0798e-01 7.2291e-01 1.3034e-01 4.1287e-03 -1.5087e-01 6.1249e-01
-1.3033e+00 5.7362e-01 4.6225e-01 -1.3026e+00 6.6588e-01 -7.5151e-01 -1.2172e+00 4.8349e-01 -1.2499e-01 -4.2970e-01 -2.8438e-01 -5.3958e-02 6.0508e-01 -1.1628e+00 -1.0839e-01 1.0597e+00 -5.4628e-02 4.2790e-02 -2.2866e-01 -7.0453e-01 9.1603e-01 -1.4856e-01 -2.3565e-01 -1.0356e+00 -4.6985e-02 4.0660e-01 -2.0005e-01 -1.6653e-01 -7.3261e-01 -3.8731e-01 1.6384e+01 2.9459e+00 -9.8944e-01 4.3818e-01 -2.2641e+00 1.6523e+00 -1.0215e+00 -9.6928e-02 -2.3544e-01 4.9437e-01 4.3593e-01 -3.6645e-01 1.8804e-01 9.1783e-02 1.1257e-01 -3.9956e-02 -4.1743e-02 8.1978e-01 -1.3247e-01 -1.2629e-01 -1.9776e-01 -2.3019e-01
-1.9460e+00 1.7534e+00 1.4420e+00 -7.1880e-01 1.3520e-01 6.0756e-01 -3.3640e+00 -1.0211e-01 7.6826e-01 9.1492e-02 -6.9612e-02 -3.8460e-02 3.0066e+00 -9.2482e-01 1.7726e-01 -1.4865e-01 -8.5490e-02 2.8544e+00 -6.1443e-02 -1.5491e+00 3.1522e+00 -2.3565e-01 -1.9817e-03 -1.0509e+00 -1.3556e-01 8.1946e-02 3.5235e-02 -2.0593e-02 -9.6046e-01 -2.7058e-01 2.9459e+00 1.6308e+01 -1.3745e+00 -5.2806e-01 -2.3348e+00 6.1085e+00 -1.0796e-01 -7.3095e-02 -1.9082e-01 -1.5226e-01 -2.7618e-01 -3.8105e-01 -3.0185e-02 8.5195e-02 -2.4625e-01 -3.3971e-02 -4.4047e-01 2.2719e+00 -1.0692e-01 -9.5811e-02 -6.1095e-02 -1.4684e-01
1.7363e+01 -1.7801e+01 -2.2414e+01 -1.3651e+01 -1.5382e+01 6.5547e+00 2.7824e+01 -1.9073e+00 -3.7046e+00 7.0886e+00 -4.6458e+00 9.2037e-03 -3.3510e+01 7.7448e+00 1.0875e-01 1.0169e-01 3.7205e-01 -3.8679e+01 -2.8569e+00 -1.6760e+01 -4.6075e+01 -2.8974e-01 5.2502e-01 -2.0422e+01 1.0345e+00 -3.3554e-01 -1.2707e+00 -1.9690e-01 -2.1332e+01 -4.9001e+00 -9.8944e-01 -1.3745e+00 9.3409e+01 -4.5981e+00 3.8718e+01 -5.5985e+00 1.2982e+00 4.8107e-01 -3.9708e-01 -1.2599e+01 2.1358e+00 -4.6127e+00 -6.0614e-01 4.3333e-01 9.5988e-01 -4.9173e-01 -6.0835e-01 -4.8074e+01 -4.5253e-01 1.0267e+00 -7.9299e-01 -1.9944e+00
-3.3763e+00 3.2138e+00 3.0629e+00 -4.6654e+00 5.3895e+00 6.7837e-01 -2.0799e+00 -2.6860e-01 -5.6345e+00 1.1398e-01 2.3596e+00 -2.7800e-01 -2.5527e+00 -2.3321e+00 -1.3603e-01 -2.3929e+00 -3.5423e-01 5.0695e-01 -3.0398e-01 -2.6958e+00 9.3445e-01 -5.7157e-02 -8.6658e-02 -2.4976e+00 -3.1105e-01 -1.7802e-01 1.7834e-01 -4.0055e+00 -1.7666e+00 -7.1223e-01 4.3818e-01 -5.2806e-01 -4.5981e+00 2.9492e+01 -3.4023e+00 1.1731e+00 -6.9577e+00 -3.8317e-01 -3.1358e-01 -1.8787e-01 -1.0020e+00 1.1789e-01 -2.9612e-02 -7.7310e-02 -4.9901e-01 1.2916e-01 -3.9772e-01 3.1483e+00 -7.5048e-02 -9.9957e-02 8.3589e-01 -8.7573e-01
5.4941e+01 -5.7180e+01 -4.5566e+01 1.6309e+01 -4.6003e+01 -9.4520e+00 6.6489e+01 1.0471e+01 -2.2109e+01 -1.9017e+01 2.5128e-01 2.1577e-01 -3.0265e+01 -6.7273e+00 -4.4024e-01 -3.3998e+00 6.0135e-01 -7.9565e+01 1.1542e+00 2.9423e+00 -8.2297e+01 -4.5821e+00 1.0163e+00 2.8057e+00 1.0096e-01 -1.5109e-01 -1.1394e+00 -2.1521e+00 -2.8390e+00 1.7775e+00 -2.2641e+00 -2.3348e+00 3.8718e+01 -3.4023e+00 1.3708e+02 -1.5500e+00 9.8057e+00 -4.4351e-01 -1.2308e+00 2.3744e+00 -1.6092e+01 1.4769e+00 -2.0877e-01 7.1510e-01 -9.1305e-01 -1.6666e-01 -1.8274e+00 -8.3760e+01 -3.6314e-01 -1.1655e+00 -2.1882e+00 -3.5952e+00
1.9101e+00 -1.8412e+00 3.4684e+00 -2.0795e+00 -2.3121e+00 -2.2638e+00 2.2388e-01 -3.9155e-01 1.8672e+00 -5.0987e+00 1.5153e-01 -4.0080e-02 1.2072e+00 -6.6880e-01 1.4307e-02 -1.1007e+00 3.6848e-01 -1.1974e+00 -6.0264e-01 -2.3982e+00 -2.6829e-01 -1.1486e-01 -3.1051e-01 -1.8461e+00 -1.9367e-01 -1.3134e-01 2.5295e-01 1.2864e-01 -2.1595e+00 -4.8797e-02 1.6523e+00 6.1085e+00 -5.5985e+00 1.1731e+00 -1.5500e+00 2.9512e+01 -1.6437e+00 -1.6633e-01 -3.6628e-01 8.2769e-01 -4.3905e-02 -5.5450e-01 2.8104e-01 3.8947e-02 -4.9693e-01 -1.4162e-01 -6.0600e-01 1.3923e+00 4.2811e-01 -2.3481e-01 1.1243e-01 -4.2206e-02
-2.3164e+00 8.5552e+00 1.6923e+00 3.7421e+00 -4.1570e-01 -1.0940e+00 -3.3077e+00 -5.2399e+00 1.2758e+00 3.8655e+00 -1.6559e+00 -1.4092e+00 -1.1974e+00 -2.0078e+00 -2.1914e-01 -1.8798e+00 2.9568e-01 1.5429e+01 4.0725e-01 2.8662e+00 1.4325e+01 -2.8232e+00 2.9656e-01 2.0051e+00 4.6001e-01 1.3117e-01 1.0027e-01 8.1270e+00 2.6356e+00 1.2545e+00 -1.0215e+00 -1.0796e-01 1.2982e+00 -6.9577e+00 9.8057e+00 -1.6437e+00 5.2912e+01 -2.2474e+00 3.4498e-01 1.0014e+00 -7.2070e+00 3.7705e-01 8.7775e-02 -5.8057e-02 3.1075e-01 1.2830e-01 2.4952e-01 1.0282e+01 -2.6447e-01 -1.8911e+00 4.3504e+00 6.6591e+00
5.6072e-01 -4.0909e-01 -3.4996e+00 4.6906e-02 -6.1939e-01 3.5700e+00 3.7811e-01 -9.4645e-02 -7.5884e-01 -2.4466e-01 -4.9063e-01 -2.7751e-01 -1.7210e-01 3.4919e-02 -5.1673e-02 6.3780e-01 -6.8620e-03 -1.4937e+00 1.1116e-02 1.0639e+00 -1.7651e+00 -1.0653e-01 -6.6857e-02 7.2933e-01 -5.2056e-02 -1.0470e-01 -1.5703e-01 -3.4491e+00 1.6177e-01 -3.1142e-01 -9.6928e-02 -7.3095e-02 4.8107e-01 -3.8317e-01 -4.4351e-01 -1.6633e-01 -2.2474e+00 1.1160e+01 -6.8751e-02 -1.6273e-01 -1.6794e-01 -1.1915e-01 -3.6769e-02 6.5557e-02 3.0653e-01 -2.6516e-02 -1.1352e-01 -1.4770e+00 -3.7412e-02 -1.2975e-01 1.4761e+00 -1.2692e+00
-6.8958e-01 7.1127e-01 2.5163e-01 -2.6729e-01 6.0157e-01 1.3606e+00 -6.7911e-01 -6.5727e-02 -3.7254e-01 2.6527e-01 -2.7807e-02 -1.7477e-02 2.0869e+00 4.7299e-01 -5.6331e-02 -3.2344e-01 3.9233e-02 1.8959e+00 -1.8706e-01 -3.9541e-01 1.1937e+00 -1.2532e-01 -1.1197e-01 -2.8922e-01 1.6540e-01 -4.6526e-02 -8.5856e-02 5.4287e-02 -7.9044e-01 1.1797e+00 -2.3544e-01 -1.9082e-01 -3.9708e-01 -3.1358e-01 -1.2308e+00 -3.6628e-01 3.4498e-01 -6.8751e-02 1.2172e+01 -4.7192e-01 -3.4711e-01 -1.1912e-01 -4.4754e-02 -5.9683e-02 1.3386e-02 -2.9151e-02 -1.3565e-01 8.5895e-01 -9.1065e-02 -7.1900e-02 4.3894e-02 -2.7050e-03
-7.5467e-01 -1.7696e-01 1.5573e+00 1.3543e+01 4.8594e-01 -6.8364e-01 -1.6323e-02 -1.8515e-01 -7.7751e+00 -1.1619e+00 -8.0021e-01 -1.9631e-01 -5.2316e-01 -3.6377e+00 1.9452e-02 3.9500e-01 -7.3992e-02 -1.7033e+00 -2.3016e-01 1.4549e+01 -9.6446e-01 -6.5333e-01 -5.1960e-01 1.0538e+01 -7.0939e-01 1.0697e-01 -1.2285e-01 -5.4219e-01 1.3614e+01 -8.7721e-01 4.9437e-01 -1.5226e-01 -1.2599e+01 -1.8787e-01 2.3744e+00 8.2769e-01 1.0014e+00 -1.6273e-01 -4.7192e-01 2.8177e+01 -7.3120e-01 -9.5399e-01 5.7937e-02 -5.0503e-02 4.7344e-01 -8.3788e-03 -5.6350e-01 -1.9855e+00 -8.6818e-02 -3.1156e-01 -1.3827e-01 -3.1144e-02
6.6976e-01 1.3449e+00 -1.0381e+00 -4.8477e+00 -7.2489e-01 -4.6603e-03 1.5722e+00 -1.6463e-01 5.1976e+00 -1.0133e-01 -1.4753e-01 -2.7278e-01 -8.0391e-01 6.3336e+00 2.8485e-01 2.1142e+00 -3.5097e-01 -4.0917e-01 -1.0488e-01 -4.3407e+00 -1.6092e+00 2.1213e+00 4.0933e-01 -3.6068e+00 -1.7597e-01 -1.0305e-01 -2.2164e-01 -1.3616e+00 -1.9875e+00 -1.6064e+00 4.3593e-01 -2.7618e-01 2.1358e+00 -1.0020e+00 -1.6092e+01 -4.3905e-02 -7.2070e+00 -1.6794e-01 -3.4711e-01 -7.3120e-01 2.6044e+01 -4.6756e-01 6.4406e-01 -2.4526e-01 -2.9110e-01 -6.9904e-02 1.1204e+00 -9.0647e-01 -1.2118e-01 -1.3119e-01 -1.6079e+00 1.4416e+00
3.6885e+00 -3.7588e+00 2.1893e+00 6.8210e+00 -2.9623e+00 -5.0425e+00 2.1955e+00 -1.5728e-01 2.4775e+00 -5.4323e+00 4.3895e-01 2.5914e-02 1.3875e+00 -1.6883e+00 -5.9746e-02 -2.6913e-01 -1.5768e-01 -9.7625e-02 4.4552e+00 -1.9616e+00 2.3657e-02 5.2645e-01 -1.4498e-01 4.1040e+00 4.9959e-01 -1.0266e-01 -1.0178e-01 -7.6381e-01 -1.4704e+00 -4.8836e-01 -3.6645e-01 -3.8105e-01 -4.6127e+00 1.1789e-01 1.4769e+00 -5.5450e-01 3.7705e-01 -1.1915e-01 -1.1912e-01 -9.5399e-01 -4.6756e-01 2.0707e+01 -4.9194e-02 -7.4094e-02 -2.6765e-01 -5.8884e-02 -5.9775e-01 -2.2962e+00 -1.1485e-01 -7.3199e-02 -1.9518e-02 -1.3157e+00
4.2773e-01 -5.3175e-02 3.2141e-01 -5.3535e-02 -2.3437e-01 -3.8590e-01 -2.3026e-01 -5.6711e-02 -5.5749e-01 3.8759e-02 2.0915e-01 -2.9605e-02 -5.4869e-02 -2.0244e-01 -1.7593e-02 -3.7328e-01 -4.4084e-02 1.9415e-01 -4.1860e-02 1.7007e-01 5.6667e-03 -4.1118e-02 -4.0803e-02 2.5198e-01 -2.4151e-02 -1.4651e-02 2.5964e-01 2.6457e-02 4.2498e-01 -9.9337e-02 1.8804e-01 -3.0185e-02 -6.0614e-01 -2.9612e-02 -2.0877e-01 2.8104e-01 8.7775e-02 -3.6769e-02 -4.4754e-02 5.7937e-02 6.4406e-01 -4.9194e-02 4.8717e+00 1.5489e-02 -7.5235e-02 -3.1107e-02 6.0027e-03 3.8329e-01 -6.9397e-03 -4.2532e-02 3.1465e-03 -4.7587e-02
1.9595e-01 -2.1903e-01 -3.3724e-01 -6.8663e-02 -2.8827e-01 -2.1396e-01 3.8306e-01 -7.5956e-02 1.0219e+00 -2.7092e-01 -1.4848e-01 7.5194e-02 -4.0498e-01 -1.1080e-01 -4.7827e-02 -3.0241e-01 -3.4633e-03 1.4934e-01 -1.7187e-02 3.9644e-01 -4.8946e-01 1.7136e-01 -1.0539e-01 3.7480e-01 -3.7135e-02 -3.0346e-02 -5.0608e-02 1.3288e-02 -3.5412e-01 -1.0911e-01 9.1783e-02 8.5195e-02 4.3333e-01 -7.7310e-02 7.1510e-01 3.8947e-02 -5.8057e-02 6.5557e-02 -5.9683e-02 -5.0503e-02 -2.4526e-01 -7.4094e-02 1.5489e-02 6.5963e+00 4.7409e-02 -2.4650e-02 1.6088e-02 -6.6178e-01 -1.0687e-02 -4.5873e-02 -2.8417e-03 8.3274e-02
-1.1081e+00 2.0170e+00 1.1490e+00 3.8289e-01 2.0598e+00 1.3257e+00 -1.7536e+00 -3.8607e-01 -5.5387e-01 8.4250e-01 -3.9070e-01 -4.9687e-02 1.5683e+00 -1.1028e-01 1.8411e-02 -1.0333e+00 -1.7035e-01 1.1281e+00 -2.5733e-01 -8.9832e-02 1.2563e+00 -2.9160e-02 -1.7776e-01 5.2612e-01 -3.8025e-03 6.8485e-02 -2.6246e-02 -6.8599e-02 1.3395e-01 -3.0420e-01 1.1257e-01 -2.4625e-01 9.5988e-01 -4.9901e-01 -9.1305e-01 -4.9693e-01 3.1075e-01 3.0653e-01 1.3386e-02 4.7344e-01 -2.9110e-01 -2.6765e-01 -7.5235e-02 4.7409e-02 1.4890e+01 -1.5923e-01 -1.2691e-01 7.5475e-01 -9.1762e-02 -1.6017e-01 1.1797e-01 1.4976e-01
-4.4815e-01 4.2491e-01 -1.3330e-01 -1.2159e-01 6.3664e-01 -2.8718e-01 1.3581e+00 1.0546e+00 -7.2313e-02 -1.1589e+00 -8.6267e-03 -2.3748e-02 2.8062e-01 -2.0349e-01 -1.8061e-02 9.5707e-02 -4.5238e-02 3.2940e-01 -1.2153e-01 3.5880e-02 6.4732e-01 4.3482e-02 -1.2860e-01 -8.8466e-02 -3.7761e-02 -3.7097e-02 5.1002e-01 -2.2420e-01 -2.1297e-01 6.5178e-01 -3.9956e-02 -3.3971e-02 -4.9173e-01 1.2916e-01 -1.6666e-01 -1.4162e-01 1.2830e-01 -2.6516e-02 -2.9151e-02 -8.3788e-03 -6.9904e-02 -5.8884e-02 -3.1107e-02 -2.4650e-02 -1.5923e-01 7.8253e+00 -3.7998e-02 -5.0029e-02 -3.9043e-02 2.1170e-01 2.7650e-04 1.2030e+00
-8.4745e-01 1.0534e+00 9.2170e-01 -1.2300e+00 7.6428e-01 -2.0308e-02 -1.5627e+00 -8.7402e-02 7.3602e-02 1.1607e-01 -2.3128e-01 -1.3587e-01 1.0641e+00 4.4739e-02 -5.7996e-02 -1.5305e-01 5.8688e-02 2.6183e+00 -1.1680e-01 -1.2886e+00 9.8546e-01 1.7984e+00 1.2798e-01 -1.0019e+00 -1.3416e-01 -9.5258e-02 -1.6417e-01 1.5369e-01 -9.5321e-01 -3.0798e-01 -4.1743e-02 -4.4047e-01 -6.0835e-01 -3.9772e-01 -1.8274e+00 -6.0600e-01 2.4952e-01 -1.1352e-01 -1.3565e-01 -5.6350e-01 1.1204e+00 -5.9775e-01 6.0027e-03 1.6088e-02 -1.2691e-01 -3.7998e-02 1.5972e+01 9.3336e-01 -6.4072e-02 -5.3698e-02 1.5428e-02 2.2583e-01
-4.8974e+01 4.9211e+01 4.0719e+01 -3.9592e+00 3.9673e+01 7.4714e+00 -5.9356e+01 -9.8840e+00 6.6122e+00 2.0534e+01 3.4648e+00 -6.0538e-01 2.7037e+01 -3.7963e+00 -1.5014e-01 -2.5044e+00 -3.7725e-01 7.9329e+01 -1.1628e+00 6.3167e+00 7.9944e+01 1.8920e+00 -1.1509e+00 5.0863e+00 7.7855e-03 4.0388e-01 2.0320e+00 1.8733e+00 1.1394e+01 7.2291e-01 8.1978e-01 2.2719e+00 -4.8074e+01 3.1483e+00 -8.3760e+01 1.3923e+00 1.0282e+01 -1.4770e+00 8.5895e-01 -1.9855e+00 -9.0647e-01 -2.2962e+00 3.8329e-01 -6.6178e-01 7.5475e-01 -5.0029e-02 9.3336e-01 1.1973e+02 3.8585e-01 2.0241e-01 -1.2445e-03 2.0757e+01
-5.2548e-01 -8.5770e-01 -8.6709e-02 1.5169e-01 2.1890e-01 -3.3037e-01 -4.8470e-01 7.8304e-01 3.8693e-01 -9.2586e-02 -3.1596e-01 -2.6915e-02 -9.5894e-02 -1.3857e-01 -5.8237e-02 4.5872e-03 -2.6777e-02 1.6925e-01 -6.3990e-02 -4.9447e-02 1.7009e-01 -2.8663e-03 2.8360e-01 -1.6903e-01 -1.1354e-02 -7.7784e-02 -8.1862e-02 -1.9762e-01 -1.3231e-01 1.3034e-01 -1.3247e-01 -1.0692e-01 -4.5253e-01 -7.5048e-02 -3.6314e-01 4.2811e-01 -2.6447e-01 -3.7412e-02 -9.1065e-02 -8.6818e-02 -1.2118e-01 -1.1485e-01 -6.9397e-03 -1.0687e-02 -9.1762e-02 -3.9043e-02 -6.4072e-02 3.8585e-01 8.2510e+00 -3.6017e-02 -1.8669e-01 1.5737e-01
7.0308e-02 -4.8404e-01 -2.0233e-01 6.3658e-01 -4.5517e-01 1.6125e-03 9.2069e-01 -1.4479e-01 -9.1517e-02 -3.4919e-01 -2.0328e-01 4.3378e-01 -6.2503e-01 -3.6266e-01 -7.5742e-02 1.0210e+00 -7.2889e-02 -1.1558e+00 -1.0764e-01 -6.6235e-01 -6.3878e-01 -1.0012e-01 -8.3728e-02 -6.9235e-01 -7.8118e-02 -6.1525e-02 -1.2094e-01 1.8369e-01 7.0075e-02 4.1287e-03 -1.2629e-01 -9.5811e-02 1.0267e+00 -9.9957e-02 -1.1655e+00 -2.3481e-01 -1.8911e+00 -1.2975e-01 -7.1900e-02 -3.1156e-01 -1.3119e-01 -7.3199e-02 -4.2532e-02 -4.5873e-02 -1.6017e-01 2.1170e-01 -5.3698e-02 2.0241e-01 -3.6017e-02 9.4601e+00 3.5178e-02 -6.2728e-02
-3.3059e+00 2.1002e+00 6.5602e+00 -1.7580e+00 -1.6843e+00 -8.3661e-01 -2.3847e+00 -6.1230e-02 5.9518e-01 -1.2218e+00 -2.4395e+00 1.7477e-01 7.4392e-02 3.5716e-01 -3.0913e-02 2.4650e-01 3.1941e-02 2.4043e+00 -5.4403e-02 -9.2243e-01 1.3791e+00 -7.7577e-01 8.1716e-02 -1.1991e+00 4.4961e-02 1.0867e-02 -3.3820e-02 1.7825e+01 -5.5944e-01 -1.5087e-01 -1.9776e-01 -6.1095e-02 -7.9299e-01 8.3589e-01 -2.1882e+00 1.1243e-01 4.3504e+00 1.4761e+00 4.3894e-02 -1.3827e-01 -1.6079e+00 -1.9518e-02 3.1465e-03 -2.8417e-03 1.1797e-01 2.7650e-04 1.5428e-02 -1.2445e-03 -1.8669e-01 3.5178e-02 1.9932e+01 -2.3963e+00
4.0297e+00 -3.1152e+00 -3.1913e+00 -6.5795e-01 -4.6697e+00 -8.7128e-01 1.4982e+01 1.3218e+00 -3.7717e+00 -6.2902e-01 -1.0083e+00 -8.2422e-01 -4.7834e+00 6.3315e-01 -1.9173e-01 -3.2462e-02 -1.4307e-01 1.9658e+00 3.3101e-01 4.6249e-01 1.6020e+00 1.7868e-01 3.0843e-03 3.7606e-01 6.3667e-02 2.4860e-01 4.6939e-01 -6.9893e-02 -2.0265e-02 6.1249e-01 -2.3019e-01 -1.4684e-01 -1.9944e+00 -8.7573e-01 -3.5952e+00 -4.2206e-02 6.6591e+00 -1.2692e+00 -2.7050e-03 -3.1144e-02 1.4416e+00 -1.3157e+00 -4.7587e-02 8.3274e-02 1.4976e-01 1.2030e+00 2.2583e-01 2.0757e+01 1.5737e-01 -6.2728e-02 -2.3963e+00 3.4457e+01
