1.7095e+01 8.8056e-02 2.5798e-02 2.1005e+00 1.2425e+00 9.3891e-01 1.6765e+00 -3.0905e+00 -3.3848e-01 -5.3675e-01 2.0487e-01 -6.1584e-01 -3.8546e-01 4.7314e-02 6.8030e-02 5.8764e-01 4.8465e-02 -4.6658e-01 -3.9670e-01 2.7511e-02 -4.5105e-01 -1.1815e+00 7.8714e-02 -4.0624e-01 4.1132e-01 -1.6618e-02 1.5573e-01 3.3220e-02 3.7963e-02 -5.6745e-01 8.2289e-02 -8.7922e-01 7.0886e-02 3.1135e-02 1.8330e-01 2.1772e-02 3.5610e-01 1.9686e-02 -2.9418e-01 9.7952e-02 3.8661e-02 -3.5102e-01 4.1818e-02 1.7614e-02 -9.3490e-01 7.3011e-02 8.1866e-01 9.3150e-02 1.0067e-02 2.6070e-03 1.8489e+00 1.1082e+01
8.8056e-02 3.6559e+01 -3.6666e-01 2.1580e-01 -6.3577e-01 6.7142e-01 2.6216e-01 -1.4966e+01 5.7266e+00 -1.6236e+01 -1.4517e+00 -2.2352e+00 2.0210e+01 6.4241e+00 -1.5586e+00 1.5042e+01 1.1942e+00 -1.0031e+00 -4.3616e+00 1.6993e+01 7.0116e-01 4.3633e+00 -4.2586e+00 1.8017e+01 -4.4986e+00 -2.7863e-01 -3.3541e+00 -1.2985e-01 -7.5632e-01 -3.0895e+00 -4.4529e+00 6.5941e+00 -3.2808e+00 -2.2385e+00 -2.2277e+00 2.4624e-01 1.1640e+01 -5.3037e-02 -5.6172e+00 8.5126e-01 1.0349e+00 1.2678e-01 -3.0699e-02 -2.1856e-01 -1.7306e-01 -4.9075e-01 -1.0175e-01 -8.7129e-02 -3.3440e-01 -6.7762e-01 1.4602e-01 -2.8652e-02
2.5798e-02 -3.6666e-01 4.3468e+01 -7.2104e-02 -8.7660e-02 2.3037e-02 2.7149e+01 2.3748e-01 -1.1112e+01 -9.1096e+00 -5.5044e+00 -6.9895e-01 -2.2273e+00 1.2539e-01 -1.2076e+00 5.6612e-01 -1.2987e+00 5.3415e-01 8.1065e-02 -5.0727e+00 3.8557e-01 1.6287e-01 -7.9067e-01 -1.0253e-01 -6.3536e-01 3.7795e-01 -7.7222e-01 -5.2442e+00 -4.2864e-01 -2.0297e+00 4.1130e-01 -2.0068e+00 -9.2248e-02 -6.4832e-02 5.5943e+00 -2.0340e-01 -2.5958e-02 1.2570e+00 -2.2215e+00 4.7233e-02 -4.2100e-01 -5.8800e-04 5.5862e-01 -1.0688e-01 2.2580e+00 7.9379e-02 -1.2486e-01 -1.8546e+00 -7.5697e-01 -3.2327e-01 -8.4856e-02 -9.1895e-02
2.1005e+00 2.1580e-01 -7.2104e-02 1.7680e+01 -1.9715e-01 2.0776e+00 4.5880e-01 -2.9122e+00 -6.0470e-01 9.1020e-01 1.2564e-01 -4.2288e-01 -4.0957e-01 7.7756e-02 -1.0749e-01 -7.3786e-01 4.3665e-02 1.1180e-01 2.1516e-01 -2.1045e+00 -1.9572e-03 1.9642e+00 1.7912e-01 1.1336e-01 2.2730e-01 1.4760e-02 -2.6338e-01 -1.4769e-02 6.4405e-02 1.4637e+00 -1.3942e-01 -7.9570e-02 -3.0838e-01 -5.4411e-01 2.1484e-01 2.3247e-03 -5.1504e-01 -4.6148e-02 -1.0334e-02 -3.0864e-02 -5.9840e-02 -1.0653e+00 -1.4110e-01 -2.3392e-01 -1.1239e-01 6.6313e-02 -4.7417e-01 4.8808e-02 -2.4926e-01 -2.3217e-02 1.4892e+01 1.6811e+00
1.2425e+00 -6.3577e-01 -8.7660e-02 -1.9715e-01 5.4877e+01 8.9610e+00 -1.4937e+01 -4.7432e-02 3.8947e+00 2.8355e+00 1.2321e+00 7.9502e-02 -1.6350e+00 -1.4100e-01 5.1911e-01 2.1330e+00 5.6996e-01 -6.8160e-01 -8.9197e-01 1.5992e+00 6.4005e-01 -4.3073e+00 8.8654e-02 2.5334e-01 -2.2133e+00 2.2652e-01 -1.5997e+00 -1.8581e+00 2.5310e-01 5.0991e-01 -2.2183e+00 7.3420e-01 -1.3512e+00 -1.1229e+00 -4.6945e-01 2.9297e-01 1.6974e+00 -1.9911e+00 -1.2642e+00 2.8620e-01 2.5293e-01 -4.7586e-01 1.6032e-01 2.5155e-01 3.9125e-01 7.0220e-01 -1.2207e-02 1.1070e-02 -1.8005e+00 2.4347e-01 -2.3632e-01 2.2085e+00
9.3891e-01 6.7142e-01 2.3037e-02 2.0776e+00 8.9610e+00 4.3349e+01 -5.6819e+00 -3.3110e-01 -4.6289e+00 2.8440e+00 -9.2133e-01 6.0480e-01 2.9698e+00 3.1271e-01 1.0050e+00 1.4146e+00 2.3807e-01 3.2039e-01 2.2131e-01 2.3215e+00 2.8294e-01 -2.1436e+00 6.9990e-01 -2.7577e-01 1.6574e+00 -1.7087e-03 7.9694e-01 2.2038e-01 7.4971e-01 2.4431e-01 -1.7452e+00 -6.3758e-01 7.1437e-01 1.4245e+00 5.2982e-01 -1.3827e-02 -1.8166e+00 6.3155e-02 -1.3536e-01 5.9417e-02 1.5544e-01 -1.5867e-01 2.6904e-01 5.4011e-02 -1.2267e-01 3.3968e-02 -6.9543e-02 -1.6281e-01 -6.3886e-02 3.9829e-01 1.7524e+00 4.8853e-01
1.6765e+00 2.6216e-01 2.7149e+01 4.5880e-01 -1.4937e+01 -5.6819e+00 7.0248e+01 7.4589e-01 -1.1656e+01 -1.2543e+01 -7.1509e+00 -2.9542e-01 3.4220e+00 5.7003e-02 -2.1217e+00 1.9457e-01 -2.3011e+00 1.9553e+00 -5.8964e-02 -6.7858e+00 1.9289e-01 -8.9402e-01 -4.7620e-02 -3.6204e-01 -9.3998e-01 1.1676e-01 3.5101e+00 -5.1280e+00 -3.4692e-01 1.1060e+00 -1.0513e-01 1.0239e+00 1.2391e+00 -2.4978e-01 4.6481e+00 -5.8445e-01 4.1485e-01 6.3053e-01 -4.2624e+00 -3.2881e-01 -2.0078e-01 -7.8062e-02 5.2046e-01 -2.8706e-01 1.6998e+00 5.2250e+00 1.6695e+00 1.0759e-01 1.2452e+00 7.7751e-02 4.3873e-01 1.4947e+00
-3.0905e+00 -1.4966e+01 2.3748e-01 -2.9122e+00 -4.7432e-02 -3.3110e-01 7.4589e-01 8.3290e+01 -1.6678e+01 7.5206e+00 1.2356e+01 5.7861e+00 -2.0650e+01 -4.0666e+00 1.2321e+00 -1.5637e+01 3.7917e-01 1.7573e+00 9.9963e+00 -1.5860e+01 -1.3092e+00 -2.5322e+00 1.3050e+01 -1.3380e+01 2.6547e+00 3.0753e-01 5.3091e+00 -1.2667e+00 -3.6280e+00 1.5783e+00 7.4159e+00 -5.6003e+00 4.9255e+00 8.2492e+00 2.5935e+00 -1.3559e+00 -1.9101e+00 -2.4437e-01 1.5374e+01 -4.8473e-01 -8.6389e-01 -4.5301e-01 -2.6383e-01 2.3433e+00 -6.6487e-03 6.0881e-01 -5.0116e-01 -1.7704e-01 2.9058e-01 -3.8640e-01 -3.0885e+00 -3.1092e+00
-3.3848e-01 5.7266e+00 -1.1112e+01 -6.0470e-01 3.8947e+00 -4.6289e+00 -1.1656e+01 -1.6678e+01 1.0865e+02 -5.0515e+01 -1.2635e+01 3.4087e+00 1.7279e+01 2.1311e+00 -4.6697e+00 2.1904e+01 3.8202e-01 -3.3392e+00 -8.3569e+00 1.4970e+01 -3.6177e+00 2.6318e+00 -1.9073e+01 2.1720e+00 -5.1362e+00 -1.5470e+00 -8.7829e+00 4.9862e+00 -4.5874e+00 -3.7398e+00 6.2593e+00 7.2132e-02 -6.0544e+00 5.1033e-01 -7.1580e+00 2.4493e-01 -6.6100e+00 -1.1724e+00 8.4625e+00 -2.1665e+00 -3.6916e-01 5.2366e-01 -3.4745e-01 2.5713e+00 5.2825e-02 -1.9016e+00 1.9016e-01 8.8242e-03 -1.2519e-01 -4.9440e+00 -4.3447e-01 4.5191e-02
-5.3675e-01 -1.6236e+01 -9.1096e+00 9.1020e-01 2.8355e+00 2.8440e+00 -1.2543e+01 7.5206e+00 -5.0515e+01 1.1137e+02 1.1625e+01 4.1493e+00 -1.8920e+01 -4.0443e+00 2.5649e+00 -2.4375e+01 1.6252e+00 -5.5818e+00 4.1908e-01 -1.6533e+01 -3.2892e+00 -1.1410e+01 1.2071e+01 -1.2860e+01 2.8688e+01 -9.5206e-01 1.7202e+00 -1.9983e+00 6.8807e+00 2.2635e+01 -7.8707e+00 -5.4594e+00 4.9337e+00 -4.8206e+00 3.7379e+00 -1.1607e+00 -9.3409e+00 -7.2679e-01 -9.7986e+00 -2.9026e-01 9.5329e-01 -6.6128e-01 2.2518e-01 -3.5407e+00 2.0373e-02 2.4655e-01 -3.6176e-01 -5.8962e-01 -2.1518e-01 3.3470e+00 5.5718e-01 -4.9882e-02
2.0487e-01 -1.4517e+00 -5.5044e+00 1.2564e-01 1.2321e+00 -9.2133e-01 -7.1509e+00 1.2356e+01 -1.2635e+01 1.1625e+01 4.2223e+01 -9.4211e-01 -5.5287e+00 -8.1500e-01 -1.3457e+00 7.7516e+00 1.0732e+00 -1.9735e+00 -2.0746e+00 5.6976e-01 -5.5387e-01 -1.9251e+00 -2.5441e+00 -2.2793e+00 -3.4052e+00 2.3797e+00 1.4457e-01 -8.6092e-01 -9.3029e-01 -3.8691e+00 -4.3387e+00 -1.8125e-02 -2.0922e+00 -2.1310e+00 -3.0559e+00 -1.3866e-01 -3.6177e+00 -5.4960e-01 5.9483e+00 -3.0275e-01 1.0246e-01 -9.1566e-02 -2.1001e-01 -5.7499e-01 -7.0188e-01 -3.7755e-01 -9.0408e-02 -3.4164e-02 -3.4432e-01 -9.5165e-01 7.1950e-02 -1.8742e-02
-6.1584e-01 -2.2352e+00 -6.9895e-01 -4.2288e-01 7.9502e-02 6.0480e-01 -2.9542e-01 5.7861e+00 3.4087e+00 4.1493e+00 -9.4211e-01 2.5828e+01 -1.6627e+00 -9.6979e-01 -3.7821e-01 -3.1674e+00 -5.8236e-01 -1.3123e+00 -2.5498e+00 -3.3880e+00 3.2810e-02 -2.5733e+00 -4.1178e-01 -2.4814e+00 1.0396e+01 9.6073e-01 -9.2573e-01 -3.1150e-01 -6.8999e-01 1.1022e+01 -1.8113e+00 -1.3993e+00 1.6696e+00 -9.6389e-01 1.0096e+01 -2.5063e-01 -4.9914e+00 -3.0376e-01 -2.7110e+00 -2.5958e-02 -2.8081e-01 -1.5285e-01 -1.0135e-01 5.2406e-02 -1.4578e-01 -6.8416e-02 -1.0738e-01 8.4401e-02 -2.6864e-01 -8.5252e-02 -4.8816e-01 -7.1184e-01
-3.8546e-01 2.0210e+01 -2.2273e+00 -4.0957e-01 -1.6350e+00 2.9698e+00 3.4220e+00 -2.0650e+01 1.7279e+01 -1.8920e+01 -5.5287e+00 -1.6627e+00 8.1693e+01 6.3430e+00 8.2124e+00 4.8667e+01 3.4344e-01 -3.1356e+00 -5.6700e+00 2.7273e+01 -1.9323e+00 4.0968e+00 -5.9854e+00 1.7237e+01 -1.1068e+01 -8.8793e-01 -1.1696e-01 2.0037e-01 7.5434e+00 -8.9638e+00 -7.3712e+00 7.3647e+00 4.4512e-01 -7.0929e+00 -2.8557e+00 1.9361e-01 1.3345e+01 -6.4314e-01 -8.7390e+00 -7.7725e-01 5.2875e-01 -2.0173e-01 -9.9948e-02 1.8603e-01 -6.8431e-01 -1.0442e+00 -2.4638e-01 1.6615e+00 -4.0254e-01 -2.3034e+00 -6.1582e-01 -4.3745e-01
4.7314e-02 6.4241e+00 1.2539e-01 7.7756e-02 -1.4100e-01 3.1271e-01 5.7003e-02 -4.0666e+00 2.1311e+00 -4.0443e+00 -8.1500e-01 -9.6979e-01 6.3430e+00 1.3593e+01 -2.5858e-01 4.3743e+00 -2.4410e-01 -5.4219e-01 -2.0293e+00 5.6017e+00 2.7477e-01 5.9723e+00 -1.6047e+00 6.9843e+00 5.9223e-01 -1.8009e-01 -6.1701e-01 1.4866e-01 -4.1017e-01 -3.0547e-01 -1.9080e+00 7.2943e+00 -1.0415e+00 -1.0012e+00 -1.3024e+00 -1.6691e-01 4.2889e+00 -5.8165e-02 -2.0842e+00 -5.6882e-02 5.9881e-01 2.2654e-01 -6.3417e-02 -4.4016e-01 -6.6869e-02 6.9219e-01 -2.3720e-02 -6.9981e-02 -1.1709e-01 -1.3982e-01 5.6416e-02 5.5689e-02
6.8030e-02 -1.5586e+00 -1.2076e+00 -1.0749e-01 5.1911e-01 1.0050e+00 -2.1217e+00 1.2321e+00 -4.6697e+00 2.5649e+00 -1.3457e+00 -3.7821e-01 8.2124e+00 -2.5858e-01 2.9175e+01 4.3155e+00 2.3756e-01 2.2756e-01 -9.1637e-01 3.9918e+00 -1.0006e-01 -7.5108e-01 -1.2047e+00 -2.6161e-01 -2.3857e+00 -8.9471e-02 -1.2699e+00 -3.9856e-01 9.3093e+00 -2.9553e+00 1.6455e+00 -6.0860e-01 -1.2576e+00 6.4530e-01 1.2226e+00 -1.7612e-01 2.4396e+00 -2.0369e-01 6.8217e-01 -2.5591e-01 -3.4798e-01 -1.9419e-01 3.1127e-01 -3.0975e-01 -1.5423e-01 -4.6935e-01 2.3686e-01 -2.0137e-01 -2.6682e-03 2.7231e+00 -6.2642e-02 -2.9071e-02
5.8764e-01 1.5042e+01 5.6612e-01 -7.3786e-01 2.1330e+00 1.4146e+00 1.9457e-01 -1.5637e+01 2.1904e+01 -2.4375e+01 7.7516e+00 -3.1674e+00 4.8667e+01 4.3743e+00 4.3155e+00 8.9577e+01 2.8515e-01 8.0986e-01 -1.0732e+01 4.4971e+01 -2.9385e+00 1.1411e+01 -9.5436e+00 1.2172e+01 -1.7241e+01 3.7841e-02 -2.2290e+00 3.5960e-01 6.4741e+00 -1.8300e+01 -1.6780e+01 5.0337e+00 -3.4680e+00 -1.1681e+01 -5.7706e+00 -3.8099e-01 2.1002e+01 -8.2080e-01 -7.6666e+00 -1.3352e+00 -2.1565e-01 4.5701e-01 -1.7244e-01 -1.1058e+00 -4.1911e-01 -1.2619e+00 1.9770e-01 -5.4812e-01 -6.0879e-01 -3.3684e+00 -3.7081e-01 3.5938e-03
4.8465e-02 1.1942e+00 -1.2987e+00 4.3665e-02 5.6996e-01 2.3807e-01 -2.3011e+00 3.7917e-01 3.8202e-01 1.6252e+00 1.0732e+00 -5.8236e-01 3.4344e-01 -2.4410e-01 2.3756e-01 2.8515e-01 1.6930e+01 -2.3807e-01 -4.1091e-01 1.4889e-01 -2.5449e-01 -4.8338e-01 -3.3868e-01 1.8858e+00 7.0268e-01 1.4738e+00 -4.1434e-01 -2.2809e-01 -2.6882e-01 3.3853e-01 -1.3093e-01 -2.7603e-01 -2.7840e-01 -3.6680e-02 -1.6647e+00 -8.7435e-02 4.4865e-01 7.8373e-02 4.6617e-01 -1.1732e-01 1.4612e+00 -7.7536e-02 -8.8291e-02 7.4381e-01 -3.4648e-01 -2.4651e-01 2.2712e-01 -3.4507e-01 -1.9854e-01 -2.0285e-01 3.7857e-02 -5.5607e-02
-4.6658e-01 -1.0031e+00 5.3415e-01 1.1180e-01 -6.8160e-01 3.2039e-01 1.9553e+00 1.7573e+00 -3.3392e+00 -5.5818e+00 -1.9735e+00 -1.3123e+00 -3.1356e+00 -5.4219e-01 2.2756e-01 8.0986e-01 -2.3807e-01 3.4734e+01 -1.4167e+00 2.5409e+00 1.1800e+01 4.5613e+00 -9.4737e-01 4.1220e+00 -3.2649e+00 -1.2355e+00 1.2462e+00 -5.0158e-01 -4.3514e-02 -3.3203e+00 5.5213e-01 -1.5631e+00 -1.2672e+00 -7.4714e-01 1.1037e+01 2.2233e-01 1.2087e+00 -3.5196e-01 -7.5448e-01 -2.8671e-01 -3.0306e-01 4.6671e-02 -2.3186e-01 -3.0784e-01 -2.6101e-01 -2.2372e-01 3.2936e-02 -2.4337e-01 -2.2738e-01 -8.2227e-01 9.9203e-02 -4.0481e-02
-3.9670e-01 -4.3616e+00 8.1065e-02 2.1516e-01 -8.9197e-01 2.2131e-01 -5.8964e-02 9.9963e+00 -8.3569e+00 4.1908e-01 -2.0746e+00 -2.5498e+00 -5.6700e+00 -2.0293e+00 -9.1637e-01 -1.0732e+01 -4.1091e-01 -1.4167e+00 2.7954e+01 -6.6572e+00 -1.7212e-01 -3.7570e+00 1.0476e+01 -4.1088e+00 -3.0709e+00 -8.7042e-02 1.1627e+01 -4.6008e-01 -7.1140e-01 -2.3666e+00 5.5476e+00 -9.1478e-01 1.0291e+01 7.6611e+00 -3.3031e+00 -1.8640e-01 3.3905e+00 7.5713e-01 5.2413e+00 -1.1241e-01 -4.9516e-01 -1.1906e-01 -7.8737e-02 -7.5923e-01 7.2068e-02 7.8842e-01 -1.4815e-01 1.7575e-01 -2.3259e-01 1.1502e-01 1.1523e-01 -6.9868e-02
2.7511e-02 1.6993e+01 -5.0727e+00 -2.1045e+00 1.5992e+00 2.3215e+00 -6.7858e+00 -1.5860e+01 1.4970e+01 -1.6533e+01 5.6976e-01 -3.3880e+00 2.7273e+01 5.6017e+00 3.9918e+00 4.4971e+01 1.4889e-01 2.5409e+00 -6.6572e+00 7.7737e+01 -1.0700e+00 1.3230e+01 -5.3997e+00 1.5496e+01 -1.0706e+01 6.2924e-01 -3.9413e+00 -9.0506e-01 5.2818e+00 -1.1996e+01 -1.0910e+01 1.0459e+01 -3.8393e+00 -6.9227e+00 -6.4380e+00 3.2323e-02 2.9654e+01 -7.0205e-01 -8.4737e+00 -2.1448e-01 -2.2167e-01 3.7077e-01 -3.2040e-01 -8.0381e-01 -7.6166e-01 -8.8100e-01 4.4812e-01 -6.5874e-01 -7.8182e-01 -1.8805e+00 -1.8637e+00 -3.4816e-01
-4.5105e-01 7.0116e-01 3.8557e-01 -1.9572e-03 6.4005e-01 2.8294e-01 1.9289e-01 -1.3092e+00 -3.6177e+00 -3.2892e+00 -5.5387e-01 3.2810e-02 -1.9323e+00 2.7477e-01 -1.0006e-01 -2.9385e+00 -2.5449e-01 1.1800e+01 -1.7212e-01 -1.0700e+00 2.1077e+01 -3.9630e-01 -3.5406e-01 5.3776e+00 -2.4452e+00 -6.0409e-01 1.8744e+00 -3.9919e-01 -5.1522e-01 3.8660e-01 -1.9930e+00 -5.3636e-01 -4.0359e-01 -4.8361e-01 3.9447e+00 -6.5691e-02 -2.1185e+00 4.9554e-02 8.5877e-01 -2.3166e-01 -2.0922e-01 -9.7115e-02 -5.9986e-02 -8.8156e-02 -5.6030e-02 -2.0119e-01 3.6623e-02 1.4982e-01 -1.4758e-01 -7.6658e-01 -3.0014e-02 -3.7486e-02
-1.1815e+00 4.3633e+00 1.6287e-01 1.9642e+00 -4.3073e+00 -2.1436e+00 -8.9402e-01 -2.5322e+00 2.6318e+00 -1.1410e+01 -1.9251e+00 -2.5733e+00 4.0968e+00 5.9723e+00 -7.5108e-01 1.1411e+01 -4.8338e-01 4.5613e+00 -3.7570e+00 1.3230e+01 -3.9630e-01 3.6476e+01 -2.7732e+00 5.1595e+00 -3.3577e+00 1.1343e+00 -6.2186e-01 -4.9820e-01 -5.6667e-01 1.4865e+00 -3.7370e+00 4.6772e+00 -6.0441e-01 -2.1787e+00 -3.0407e+00 -2.3181e-01 8.5313e+00 -2.4188e-01 -3.9294e+00 -1.0956e-01 -2.4192e-01 3.2830e-01 5.8021e-02 -6.6598e-01 5.7481e-02 -3.5746e-01 -1.7231e-01 1.0025e-01 -2.2171e-01 -3.2388e-01 1.9626e+00 -1.3063e+00
7.8714e-02 -4.2586e+00 -7.9067e-01 1.7912e-01 8.8654e-02 6.9990e-01 -4.7620e-02 1.3050e+01 -1.9073e+01 1.2071e+01 -2.5441e+00 -4.1178e-01 -5.9854e+00 -1.6047e+00 -1.2047e+00 -9.5436e+00 -3.3868e-01 -9.4737e-01 1.0476e+01 -5.3997e+00 -3.5406e-01 -2.7732e+00 3.1722e+01 -3.7122e+00 -3.5750e+00 4.7282e-02 1.1411e+01 -6.2634e-01 -1.0564e+00 -3.7596e+00 -5.4520e+00 -6.1264e-01 1.0514e+01 -3.0030e+00 -2.9955e+00 -2.1770e-01 1.6519e+01 -2.7143e-01 -3.9578e+00 1.0667e-02 -4.4813e-01 -2.8483e-04 1.6497e-02 -1.0492e+00 -1.4351e-01 6.4729e-01 -1.5736e-01 -5.1299e-02 -2.0444e-01 -1.5983e-01 6.6300e-02 1.2682e-02
-4.0624e-01 1.8017e+01 -1.0253e-01 1.1336e-01 2.5334e-01 -2.7577e-01 -3.6204e-01 -1.3380e+01 2.1720e+00 -1.2860e+01 -2.2793e+00 -2.4814e+00 1.7237e+01 6.9843e+00 -2.6161e-01 1.2172e+01 1.8858e+00 4.1220e+00 -4.1088e+00 1.5496e+01 5.3776e+00 5.1595e+00 -3.7122e+00 3.7009e+01 -4.3599e+00 -4.6089e-01 -5.2704e-01 -1.8036e-01 -3.8860e-01 -2.5743e+00 -5.5278e+00 9.4156e+00 -3.2823e+00 -2.8494e+00 -3.3933e+00 -2.6766e-01 1.1261e+01 -3.4280e-01 -4.2343e+00 -3.0313e-01 -6.4585e-03 1.4120e-01 -1.4951e-01 -6.6949e-02 1.0208e-01 4.8506e-02 -1.1645e-01 -2.1347e-01 -3.5114e-01 -1.6094e-02 8.9098e-02 -3.0255e-02
4.1132e-01 -4.4986e+00 -6.3536e-01 2.2730e-01 -2.2133e+00 1.6574e+00 -9.3998e-01 2.6547e+00 -5.1362e+00 2.8688e+01 -3.4052e+00 1.0396e+01 -1.1068e+01 5.9223e-01 -2.3857e+00 -1.7241e+01 7.0268e-01 -3.2649e+00 -3.0709e+00 -1.0706e+01 -2.4452e+00 -3.3577e+00 -3.5750e+00 -4.3599e+00 6.2580e+01 -2.3479e-01 -3.8284e+00 4.9535e-02 -1.2887e+00 4.3694e+01 -7.2713e+00 -2.6942e+00 9.4537e-01 3.2522e+00 7.7300e+00 -3.8347e-01 -1.4338e+01 7.7093e-02 -6.1852e+00 -6.5783e-01 1.4884e+00 -3.3392e-02 2.9170e-01 -9.4854e-01 1.3127e-01 1.1174e+00 -1.4544e-01 2.8724e-01 -3.8498e-01 4.7164e+00 2.8175e-01 -4.0667e-03
-1.6618e-02 -2.7863e-01 3.7795e-01 1.4760e-02 2.2652e-01 -1.7087e-03 1.1676e-01 3.0753e-01 -1.5470e+00 -9.5206e-01 2.3797e+00 9.6073e-01 -8.8793e-01 -1.8009e-01 -8.9471e-02 3.7841e-02 1.4738e+00 -1.2355e+00 -8.7042e-02 6.2924e-01 -6.0409e-01 1.1343e+00 4.7282e-02 -4.6089e-01 -2.3479e-01 1.6415e+01 -1.9289e-02 -4.0709e-01 -1.9829e-01 -3.7220e-01 -5.3205e-01 1.5881e+00 5.2359e-02 -1.7724e-01 -2.1916e+00 -8.2341e-02 1.3934e-01 -3.7851e-01 2.2245e+00 -2.6028e-02 1.5573e+00 -5.1475e-02 -4.9235e-02 3.5384e-02 -5.6194e-02 3.2571e-02 -4.9616e-02 5.9910e-02 -1.7828e-01 4.1331e-01 3.3662e-03 -5.8533e-02
1.5573e-01 -3.3541e+00 -7.7222e-01 -2.6338e-01 -1.5997e+00 7.9694e-01 3.5101e+00 5.3091e+00 -8.7829e+00 1.7202e+00 1.4457e-01 -9.2573e-01 -1.1696e-01 -6.1701e-01 -1.2699e+00 -2.2290e+00 -4.1434e-01 1.2462e+00 1.1627e+01 -3.9413e+00 1.8744e+00 -6.2186e-01 1.1411e+01 -5.2704e-01 -3.8284e+00 -1.9289e-02 3.6151e+01 -4.8513e-01 -1.2934e+00 -2.9542e+00 -5.8359e+00 2.4880e+00 1.8987e+01 -2.9615e+00 -2.6405e+00 -3.8447e-02 1.3576e+01 -2.1991e-01 -4.6855e+00 -2.5507e-01 -6.3932e-01 -1.9805e-01 -1.0795e-01 -8.8010e-01 -2.4488e-01 2.9109e+00 -1.3286e-01 -1.5379e-01 1.8426e+00 -7.1013e-01 -2.8948e-01 -6.2267e-04
3.3220e-02 -1.2985e-01 -5.2442e+00 -1.4769e-02 -1.8581e+00 2.2038e-01 -5.1280e+00 -1.2667e+00 4.9862e+00 -1.9983e+00 -8.6092e-01 -3.1150e-01 2.0037e-01 1.4866e-01 -3.9856e-01 3.5960e-01 -2.2809e-01 -5.0158e-01 -4.6008e-01 -9.0506e-01 -3.9919e-01 -4.9820e-01 -6.2634e-01 -1.8036e-01 4.9535e-02 -4.0709e-01 -4.8513e-01 1.9742e+01 9.6709e-01 1.6474e-01 -4.5472e-01 -4.6065e-01 -4.2821e-01 -3.0041e-01 1.2758e+00 1.4774e-01 -1.4129e+00 2.3907e+00 3.2841e+00 -4.3889e-02 -2.4687e-01 -6.6515e-02 -8.1056e-02 5.2712e-01 -7.7024e-02 -2.6958e-01 -9.7600e-04 -1.3722e-01 -6.0393e-02 -3.4338e-01 -7.5347e-02 1.6827e-01
3.7963e-02 -7.5632e-01 -4.2864e-01 6.4405e-02 2.5310e-01 7.4971e-01 -3.4692e-01 -3.6280e+00 -4.5874e+00 6.8807e+00 -9.3029e-01 -6.8999e-01 7.5434e+00 -4.1017e-01 9.3093e+00 6.4741e+00 -2.6882e-01 -4.3514e-02 -7.1140e-01 5.2818e+00 -5.1522e-01 -5.6667e-01 -1.0564e+00 -3.8860e-01 -1.2887e+00 -1.9829e-01 -1.2934e+00 9.6709e-01 1.8209e+01 -1.3871e+00 -2.5244e+00 -4.5946e-01 -8.2300e-01 -1.2093e+00 -1.2301e+00 -1.4875e-01 4.6954e+00 -1.5795e-01 -8.1004e-01 -1.6958e-01 -1.7305e-01 -1.0155e-01 2.9039e-01 -4.0036e-01 -2.1183e-02 -5.7488e-02 -2.6417e-02 3.9297e-02 -6.7452e-02 -4.2994e-01 2.0889e-02 2.3160e-03
-5.6745e-01 -3.0895e+00 -2.0297e+00 1.4637e+00 5.0991e-01 2.4431e-01 1.1060e+00 1.5783e+00 -3.7398e+00 2.2635e+01 -3.8691e+00 1.1022e+01 -8.9638e+00 -3.0547e-01 -2.9553e+00 -1.8300e+01 3.3853e-01 -3.3203e+00 -2.3666e+00 -1.1996e+01 3.8660e-01 1.4865e+00 -3.7596e+00 -2.5743e+00 4.3694e+01 -3.7220e-01 -2.9542e+00 1.6474e-01 -1.3871e+00 6.8121e+01 -8.1702e+00 -1.7533e+00 -9.7535e-02 2.6900e+00 6.0578e+00 -2.6989e-01 -1.8557e+01 2.6961e-01 -6.0712e+00 -7.8848e-01 -3.0094e-01 1.6439e-01 2.1459e-01 -9.4525e-01 -9.7560e-02 1.6976e-01 -1.0066e-01 2.3669e+00 -2.0001e-01 4.5763e+00 1.2800e+00 -1.0151e+00
8.2289e-02 -4.4529e+00 4.1130e-01 -1.3942e-01 -2.2183e+00 -1.7452e+00 -1.0513e-01 7.4159e+00 6.2593e+00 -7.8707e+00 -4.3387e+00 -1.8113e+00 -7.3712e+00 -1.9080e+00 1.6455e+00 -1.6780e+01 -1.3093e-01 5.5213e-01 5.5476e+00 -1.0910e+01 -1.9930e+00 -3.7370e+00 -5.4520e+00 -5.5278e+00 -7.2713e+00 -5.3205e-01 -5.8359e+00 -4.5472e-01 -2.5244e+00 -8.1702e+00 6.6642e+01 -1.0018e+00 -3.7029e+00 1.7724e+01 6.1238e+00 -8.5577e-02 -2.3011e+01 -4.6027e-02 2.5381e+01 2.4408e-01 6.4097e-01 1.6162e-01 -2.7463e-01 5.0408e+00 -1.5854e-02 -8.1272e-01 5.3248e-02 -1.2465e-01 -3.8365e-01 -4.1007e-01 -3.1891e-01 -4.9245e-02
-8.7922e-01 6.5941e+00 -2.0068e+00 -7.9570e-02 7.3420e-01 -6.3758e-01 1.0239e+00 -5.6003e+00 7.2132e-02 -5.4594e+00 -1.8125e-02 -1.3993e+00 7.3647e+00 7.2943e+00 -6.0860e-01 5.0337e+00 -2.7603e-01 -1.5631e+00 -9.1478e-01 1.0459e+01 -5.3636e-01 4.6772e+00 -6.1264e-01 9.4156e+00 -2.6942e+00 1.5881e+00 2.4880e+00 -4.6065e-01 -4.5946e-01 -1.7533e+00 -1.0018e+00 3.6181e+01 -1.7360e+00 -9.9601e-01 -2.4642e+00 -1.8488e-01 4.1460e+00 6.8722e-02 -2.6968e+00 -1.7008e-01 6.9387e-01 8.8343e-02 -1.9759e-01 -4.1833e-01 -3.3358e-01 1.7059e+00 -1.7871e-01 -2.3452e-01 1.5507e-01 -3.3221e-01 -1.6821e-01 -9.9958e-01
7.0886e-02 -3.2808e+00 -9.2248e-02 -3.0838e-01 -1.3512e+00 7.1437e-01 1.2391e+00 4.9255e+00 -6.0544e+00 4.9337e+00 -2.0922e+00 1.6696e+00 4.4512e-01 -1.0415e+00 -1.2576e+00 -3.4680e+00 -2.7840e-01 -1.2672e+00 1.0291e+01 -3.8393e+00 -4.0359e-01 -6.0441e-01 1.0514e+01 -3.2823e+00 9.4537e-01 5.2359e-02 1.8987e+01 -4.2821e-01 -8.2300e-01 -9.7535e-02 -3.7029e+00 -1.7360e+00 3.3026e+01 -2.4122e+00 4.8713e-01 -5.1212e-02 9.8979e+00 -2.1878e-01 -3.8795e+00 -1.8484e-01 -5.0651e-01 -1.9726e-02 -1.3057e-01 -7.4775e-01 -8.6152e-02 5.8792e-01 -1.0309e-01 -8.3625e-02 -1.9087e-01 -4.1714e-01 -3.5550e-01 -1.0792e-02
3.1135e-02 -2.2385e+00 -6.4832e-02 -5.4411e-01 -1.1229e+00 1.4245e+00 -2.4978e-01 8.2492e+00 5.1033e-01 -4.8206e+00 -2.1310e+00 -9.6389e-01 -7.0929e+00 -1.0012e+00 6.4530e-01 -1.1681e+01 -3.6680e-02 -7.4714e-01 7.6611e+00 -6.9227e+00 -4.8361e-01 -2.1787e+00 -3.0030e+00 -2.8494e+00 3.2522e+00 -1.7724e-01 -2.9615e+00 -3.0041e-01 -1.2093e+00 2.6900e+00 1.7724e+01 -9.9601e-01 -2.4122e+00 3.6932e+01 -2.1472e+00 -3.2227e-01 -1.1676e+01 1.4751e+00 1.9459e+01 1.2683e+00 -6.2036e-01 -1.6185e-01 -9.5245e-02 1.0513e+00 3.6297e-02 -3.7108e-01 6.7896e-02 5.5793e-02 -7.4537e-02 6.5339e+00 -6.7636e-01 -2.1210e-01
1.8330e-01 -2.2277e+00 5.5943e+00 2.1484e-01 -4.6945e-01 5.2982e-01 4.6481e+00 2.5935e+00 -7.1580e+00 3.7379e+00 -3.0559e+00 1.0096e+01 -2.8557e+00 -1.3024e+00 1.2226e+00 -5.7706e+00 -1.6647e+00 1.1037e+01 -3.3031e+00 -6.4380e+00 3.9447e+00 -3.0407e+00 -2.9955e+00 -3.3933e+00 7.7300e+00 -2.1916e+00 -2.6405e+00 1.2758e+00 -1.2301e+00 6.0578e+00 6.1238e+00 -2.4642e+00 4.8713e-01 -2.1472e+00 7.1341e+01 6.0558e-01 -8.7121e+00 3.2565e+00 -1.6396e+00 4.8870e-01 1.4361e+00 9.3557e-03 -9.2697e-02 -9.7191e-01 -7.0964e-01 -4.8754e-01 6.7433e-01 -7.2972e-01 -3.3697e-01 1.2750e+00 1.9274e-01 5.1524e-01
2.1772e-02 2.4624e-01 -2.0340e-01 2.3247e-03 2.9297e-01 -1.3827e-02 -5.8445e-01 -1.3559e+00 2.4493e-01 -1.1607e+00 -1.3866e-01 -2.5063e-01 1.9361e-01 -1.6691e-01 -1.7612e-01 -3.8099e-01 -8.7435e-02 2.2233e-01 -1.8640e-01 3.2323e-02 -6.5691e-02 -2.3181e-01 -2.1770e-01 -2.6766e-01 -3.8347e-01 -8.2341e-02 -3.8447e-02 1.4774e-01 -1.4875e-01 -2.6989e-01 -8.5577e-02 -1.8488e-01 -5.1212e-02 -3.2227e-01 6.0558e-01 7.9294e+00 -7.8403e-01 1.4046e-02 -7.2383e-01 1.7167e-01 5.0950e-01 -8.3283e-03 -3.0178e-02 -1.8104e-01 -6.5786e-02 -1.1845e-01 -3.7335e-02 5.9583e-04 -7.3931e-02 -1.3988e-01 -6.2445e-03 -2.2253e-03
3.5610e-01 1.1640e+01 -2.5958e-02 -5.1504e-01 1.6974e+00 -1.8166e+00 4.1485e-01 -1.9101e+00 -6.6100e+00 -9.3409e+00 -3.6177e+00 -4.9914e+00 1.3345e+01 4.2889e+00 2.4396e+00 2.1002e+01 4.4865e-01 1.2087e+00 3.3905e+00 2.9654e+01 -2.1185e+00 8.5313e+00 1.6519e+01 1.1261e+01 -1.4338e+01 1.3934e-01 1.3576e+01 -1.4129e+00 4.6954e+00 -1.8557e+01 -2.3011e+01 4.1460e+00 9.8979e+00 -1.1676e+01 -8.7121e+00 -7.8403e-01 8.7897e+01 -6.8969e-01 -1.6014e+01 2.0560e+00 3.2972e-01 5.7020e-01 2.3767e-01 -2.4184e+00 -5.4648e-01 1.9858e+00 1.8664e-01 -3.9958e-01 -6.8603e-01 -4.3107e+00 -2.0541e-01 -6.2347e-02
1.9686e-02 -5.3037e-02 1.2570e+00 -4.6148e-02 -1.9911e+00 6.3155e-02 6.3053e-01 -2.4437e-01 -1.1724e+00 -7.2679e-01 -5.4960e-01 -3.0376e-01 -6.4314e-01 -5.8165e-02 -2.0369e-01 -8.2080e-01 7.8373e-02 -3.5196e-01 7.5713e-01 -7.0205e-01 4.9554e-02 -2.4188e-01 -2.7143e-01 -3.4280e-01 7.7093e-02 -3.7851e-01 -2.1991e-01 2.3907e+00 -1.5795e-01 2.6961e-01 -4.6027e-02 6.8722e-02 -2.1878e-01 1.4751e+00 3.2565e+00 1.4046e-02 -6.8969e-01 1.5368e+01 4.4832e+00 -4.4727e-02 -1.2152e-01 -8.2168e-02 1.3825e-01 2.4898e-03 -2.4117e-01 -9.9202e-02 -2.8821e-02 1.0522e-01 -1.3411e-01 5.0836e-01 -8.2787e-02 -5.7850e-04
-2.9418e-01 -5.6172e+00 -2.2215e+00 -1.0334e-02 -1.2642e+00 -1.3536e-01 -4.2624e+00 1.5374e+01 8.4625e+00 -9.7986e+00 5.9483e+00 -2.7110e+00 -8.7390e+00 -2.0842e+00 6.8217e-01 -7.6666e+00 4.6617e-01 -7.5448e-01 5.2413e+00 -8.4737e+00 8.5877e-01 -3.9294e+00 -3.9578e+00 -4.2343e+00 -6.1852e+00 2.2245e+00 -4.6855e+00 3.2841e+00 -8.1004e-01 -6.0712e+00 2.5381e+01 -2.6968e+00 -3.8795e+00 1.9459e+01 -1.6396e+00 -7.2383e-01 -1.6014e+01 4.4832e+00 6.2362e+01 -2.2659e-01 -1.0365e+00 -1.6585e-01 -2.3394e-01 4.5117e+00 -2.6853e-01 -1.1775e+00 4.6873e-02 -4.5311e-02 5.8444e-01 -5.5667e-01 -1.3986e-01 -4.6736e-01
9.7952e-02 8.5126e-01 4.7233e-02 -3.0864e-02 2.8620e-01 5.9417e-02 -3.2881e-01 -4.8473e-01 -2.1665e+00 -2.9026e-01 -3.0275e-01 -2.5958e-02 -7.7725e-01 -5.6882e-02 -2.5591e-01 -1.3352e+00 -1.1732e-01 -2.8671e-01 -1.1241e-01 -2.1448e-01 -2.3166e-01 -1.0956e-01 1.0667e-02 -3.0313e-01 -6.5783e-01 -2.6028e-02 -2.5507e-01 -4.3889e-02 -1.6958e-01 -7.8848e-01 2.4408e-01 -1.7008e-01 -1.8484e-01 1.2683e+00 4.8870e-01 1.7167e-01 2.0560e+00 -4.4727e-02 -2.2659e-01 8.6237e+00 -8.8500e-02 -3.3529e-02 -4.3080e-02 -4.2233e-02 -9.5288e-02 -5.9103e-02 -3.8400e-02 -2.8514e-02 -2.7389e-02 -2.0273e-01 -3.2015e-02 3.7047e-03
3.8661e-02 1.0349e+00 -4.2100e-01 -5.9840e-02 2.5293e-01 1.5544e-01 -2.0078e-01 -8.6389e-01 -3.6916e-01 9.5329e-01 1.0246e-01 -2.8081e-01 5.2875e-01 5.9881e-01 -3.4798e-01 -2.1565e-01 1.4612e+00 -3.0306e-01 -4.9516e-01 -2.2167e-01 -2.0922e-01 -2.4192e-01 -4.4813e-01 -6.4585e-03 1.4884e+00 1.5573e+00 -6.3932e-01 -2.4687e-01 -1.7305e-01 -3.0094e-01 6.4097e-01 6.9387e-01 -5.0651e-01 -6.2036e-01 1.4361e+00 5.0950e-01 3.2972e-01 -1.2152e-01 -1.0365e+00 -8.8500e-02 1.1358e+01 2.7749e-02 -2.6742e-02 -2.5170e-01 -7.8458e-02 1.6056e+00 -3.4506e-02 -5.4025e-02 -2.0657e-02 -1.4520e-01 -9.4444e-02 -1.6055e-02
-3.5102e-01 1.2678e-01 -5.8800e-04 -1.0653e+00 -4.7586e-01 -1.5867e-01 -7.8062e-02 -4.5301e-01 5.2366e-01 -6.6128e-01 -9.1566e-02 -1.5285e-01 -2.0173e-01 2.2654e-01 -1.9419e-01 4.5701e-01 -7.7536e-02 4.6671e-02 -1.1906e-01 3.7077e-01 -9.7115e-02 3.2830e-01 -2.8483e-04 1.4120e-01 -3.3392e-02 -5.1475e-02 -1.9805e-01 -6.6515e-02 -1.0155e-01 1.6439e-01 1.6162e-01 8.8343e-02 -1.9726e-02 -1.6185e-01 9.3557e-03 -8.3283e-03 5.7020e-01 -8.2168e-02 -1.6585e-01 -3.3529e-02 2.7749e-02 8.6755e+00 1.2381e-01 -4.1630e-02 -3.5750e-02 -7.9861e-02 -4.7805e-02 -3.3702e-02 -4.1975e-02 5.4848e-01 2.7781e+00 -3.7800e-01
4.1818e-02 -3.0699e-02 5.5862e-01 -1.4110e-01 1.6032e-01 2.6904e-01 5.2046e-01 -2.6383e-01 -3.4745e-01 2.2518e-01 -2.1001e-01 -1.0135e-01 -9.9948e-02 -6.3417e-02 3.1127e-01 -1.7244e-01 -8.8291e-02 -2.3186e-01 -7.8737e-02 -3.2040e-01 -5.9986e-02 5.8021e-02 1.6497e-02 -1.4951e-01 2.9170e-01 -4.9235e-02 -1.0795e-01 -8.1056e-02 2.9039e-01 2.1459e-01 -2.7463e-01 -1.9759e-01 -1.3057e-01 -9.5245e-02 -9.2697e-02 -3.0178e-02 2.3767e-01 1.3825e-01 -2.3394e-01 -4.3080e-02 -2.6742e-02 1.2381e-01 7.1348e+00 4.8847e-02 -1.4232e-01 2.2754e-01 -1.0828e-02 -4.0217e-02 4.4472e-01 2.4319e-01 -6.5653e-03 1.0159e-02
1.7614e-02 -2.1856e-01 -1.0688e-01 -2.3392e-01 2.5155e-01 5.4011e-02 -2.8706e-01 2.3433e+00 2.5713e+00 -3.5407e+00 -5.7499e-01 5.2406e-02 1.8603e-01 -4.4016e-01 -3.0975e-01 -1.1058e+00 7.4381e-01 -3.0784e-01 -7.5923e-01 -8.0381e-01 -8.8156e-02 -6.6598e-01 -1.0492e+00 -6.6949e-02 -9.4854e-01 3.5384e-02 -8.8010e-01 5.2712e-01 -4.0036e-01 -9.4525e-01 5.0408e+00 -4.1833e-01 -7.4775e-01 1.0513e+00 -9.7191e-01 -1.8104e-01 -2.4184e+00 2.4898e-03 4.5117e+00 -4.2233e-02 -2.5170e-01 -4.1630e-02 4.8847e-02 1.1766e+01 -1.0470e-01 -2.2305e-01 -5.7721e-02 -2.8274e-02 -7.5145e-02 -1.5258e-01 -2.8156e-01 6.5843e-03
-9.3490e-01 -1.7306e-01 2.2580e+00 -1.1239e-01 3.9125e-01 -1.2267e-01 1.6998e+00 -6.6487e-03 5.2825e-02 2.0373e-02 -7.0188e-01 -1.4578e-01 -6.8431e-01 -6.6869e-02 -1.5423e-01 -4.1911e-01 -3.4648e-01 -2.6101e-01 7.2068e-02 -7.6166e-01 -5.6030e-02 5.7481e-02 -1.4351e-01 1.0208e-01 1.3127e-01 -5.6194e-02 -2.4488e-01 -7.7024e-02 -2.1183e-02 -9.7560e-02 -1.5854e-02 -3.3358e-01 -8.6152e-02 3.6297e-02 -7.0964e-01 -6.5786e-02 -5.4648e-01 -2.4117e-01 -2.6853e-01 -9.5288e-02 -7.8458e-02 -3.5750e-02 -1.4232e-01 -1.0470e-01 1.4180e+01 -5.3507e-02 -2.4565e-02 -1.7346e-01 -1.6074e-01 6.4462e-01 -1.5953e-01 -7.4556e-02
7.3011e-02 -4.9075e-01 7.9379e-02 6.6313e-02 7.0220e-01 3.3968e-02 5.2250e+00 6.0881e-01 -1.9016e+00 2.4655e-01 -3.7755e-01 -6.8416e-02 -1.0442e+00 6.9219e-01 -4.6935e-01 -1.2619e+00 -2.4651e-01 -2.2372e-01 7.8842e-01 -8.8100e-01 -2.0119e-01 -3.5746e-01 6.4729e-01 4.8506e-02 1.1174e+00 3.2571e-02 2.9109e+00 -2.6958e-01 -5.7488e-02 1.6976e-01 -8.1272e-01 1.7059e+00 5.8792e-01 -3.7108e-01 -4.8754e-01 -1.1845e-01 1.9858e+00 -9.9202e-02 -1.1775e+00 -5.9103e-02 1.6056e+00 -7.9861e-02 2.2754e-01 -2.2305e-01 -5.3507e-02 1.5248e+01 -4.7131e-02 -5.8379e-02 -1.0894e-01 -1.0938e-01 4.4009e-02 1.2788e-02
8.1866e-01 -1.0175e-01 -1.2486e-01 -4.7417e-01 -1.2207e-02 -6.9543e-02 1.6695e+00 -5.0116e-01 1.9016e-01 -3.6176e-01 -9.0408e-02 -1.0738e-01 -2.4638e-01 -2.3720e-02 2.3686e-01 1.9770e-01 2.2712e-01 3.2936e-02 -1.4815e-01 4.4812e-01 3.6623e-02 -1.7231e-01 -1.5736e-01 -1.1645e-01 -1.4544e-01 -4.9616e-02 -1.3286e-01 -9.7600e-04 -2.6417e-02 -1.0066e-01 5.3248e-02 -1.7871e-01 -1.0309e-01 6.7896e-02 6.7433e-01 -3.7335e-02 1.8664e-01 -2.8821e-02 4.6873e-02 -3.8400e-02 -3.4506e-02 -4.7805e-02 -1.0828e-02 -5.7721e-02 -2.4565e-02 -4.7131e-02 6.8946e+00 -4.0839e-02 4.7722e-02 -4.0726e-02 3.5689e-01 7.7857e-01
9.3150e-02 -8.7129e-02 -1.8546e+00 4.8808e-02 1.1070e-02 -1.6281e-01 1.0759e-01 -1.7704e-01 8.8242e-03 -5.8962e-01 -3.4164e-02 8.4401e-02 1.6615e+00 -6.9981e-02 -2.0137e-01 -5.4812e-01 -3.4507e-01 -2.4337e-01 1.7575e-01 -6.5874e-01 1.4982e-01 1.0025e-01 -5.1299e-02 -2.1347e-01 2.8724e-01 5.9910e-02 -1.5379e-01 -1.3722e-01 3.9297e-02 2.3669e+00 -1.2465e-01 -2.3452e-01 -8.3625e-02 5.5793e-02 -7.2972e-01 5.9583e-04 -3.9958e-01 1.0522e-01 -4.5311e-02 -2.8514e-02 -5.4025e-02 -3.3702e-02 -4.0217e-02 -2.8274e-02 -1.7346e-01 -5.8379e-02 -4.0839e-02 9.6350e+00 -1.0867e-01 -3.4973e-02 4.1511e-02 5.7474e-02
1.0067e-02 -3.3440e-01 -7.5697e-01 -2.4926e-01 -1.8005e+00 -6.3886e-02 1.2452e+00 2.9058e-01 -1.2519e-01 -2.1518e-01 -3.4432e-01 -2.6864e-01 -4.0254e-01 -1.1709e-01 -2.6682e-03 -6.0879e-01 -1.9854e-01 -2.2738e-01 -2.3259e-01 -7.8182e-01 -1.4758e-01 -2.2171e-01 -2.0444e-01 -3.5114e-01 -3.8498e-01 -1.7828e-01 1.8426e+00 -6.0393e-02 -6.7452e-02 -2.0001e-01 -3.8365e-01 1.5507e-01 -1.9087e-01 -7.4537e-02 -3.3697e-01 -7.3931e-02 -6.8603e-01 -1.3411e-01 5.8444e-01 -2.7389e-02 -2.0657e-02 -4.1975e-02 4.4472e-01 -7.5145e-02 -1.6074e-01 -1.0894e-01 4.7722e-02 -1.0867e-01 9.4579e+00 -8.5202e-02 -2.7648e-01 -2.8666e-02
2.6070e-03 -6.7762e-01 -3.2327e-01 -2.3217e-02 2.4347e-01 3.9829e-01 7.7751e-02 -3.8640e-01 -4.9440e+00 3.3470e+00 -9.5165e-01 -8.5252e-02 -2.3034e+00 -1.3982e-01 2.7231e+00 -3.3684e+00 -2.0285e-01 -8.2227e-01 1.1502e-01 -1.8805e+00 -7.6658e-01 -3.2388e-01 -1.5983e-01 -1.6094e-02 4.7164e+00 4.1331e-01 -7.1013e-01 -3.4338e-01 -4.2994e-01 4.5763e+00 -4.1007e-01 -3.3221e-01 -4.1714e-01 6.5339e+00 1.2750e+00 -1.3988e-01 -4.3107e+00 5.0836e-01 -5.5667e-01 -2.0273e-01 -1.4520e-01 5.4848e-01 2.4319e-01 -1.5258e-01 6.4462e-01 -1.0938e-01 -4.0726e-02 -3.4973e-02 -8.5202e-02 2.0386e+01 3.8173e-01 -1.1502e-02
1.8489e+00 1.4602e-01 -8.4856e-02 1.4892e+01 -2.3632e-01 1.7524e+00 4.3873e-01 -3.0885e+00 -4.3447e-01 5.5718e-01 7.1950e-02 -4.8816e-01 -6.1582e-01 5.6416e-02 -6.2642e-02 -3.7081e-01 3.7857e-02 9.9203e-02 1.1523e-01 -1.8637e+00 -3.0014e-02 1.9626e+00 6.6300e-02 8.9098e-02 2.8175e-01 3.3662e-03 -2.8948e-01 -7.5347e-02 2.0889e-02 1.2800e+00 -3.1891e-01 -1.6821e-01 -3.5550e-01 -6.7636e-01 1.9274e-01 -6.2445e-03 -2.0541e-01 -8.2787e-02 -1.3986e-01 -3.2015e-02 -9.4444e-02 2.7781e+00 -6.5653e-03 -2.8156e-01 -1.5953e-01 4.4009e-02 3.5689e-01 4.1511e-02 -2.7648e-01 3.8173e-01 1.7909e+01 1.3952e+00
1.1082e+01 -2.8652e-02 -9.1895e-02 1.6811e+00 2.2085e+00 4.8853e-01 1.4947e+00 -3.1092e+00 4.5191e-02 -4.9882e-02 -1.8742e-02 -7.1184e-01 -4.3745e-01 5.5689e-02 -2.9071e-02 3.5938e-03 -5.5607e-02 -4.0481e-02 -6.9868e-02 -3.4816e-01 -3.7486e-02 -1.3063e+00 1.2682e-02 -3.0255e-02 -4.0667e-03 -5.8533e-02 -6.2267e-04 1.6827e-01 2.3160e-03 -1.0151e+00 -4.9245e-02 -9.9958e-01 -1.0792e-02 -2.1210e-01 5.1524e-01 -2.2253e-03 -6.2347e-02 -5.7850e-04 -4.6736e-01 3.7047e-03 -1.6055e-02 -3.7800e-01 1.0159e-02 6.5843e-03 -7.4556e-02 1.2788e-02 7.7857e-01 5.7474e-02 -2.8666e-02 -1.1502e-02 1.3952e+00 1.2026e+01
