2.1012e+01 -2.9523e+00 1.8950e-01 -5.5862e-01 -4.6888e+00 3.3535e+00 4.5508e-01 -3.7656e+00 5.7889e-02 2.0263e-01 -1.1649e-01 -2.6972e-01 -8.0240e-02 1.6937e+00 -1.8393e-01 4.3957e+00 3.7409e+00 9.6550e-01 -4.0234e+00 -1.5410e-01 1.1121e-01 -2.2685e+00 4.4780e-01 6.4698e-01 -4.5530e-01 -5.9576e-01 2.4578e-01 -1.0090e+00 -4.3201e-02 1.3140e+00 -1.1395e+00 2.3488e+00 2.7166e+00 1.9285e-01 1.6996e-01 3.1696e+00 1.2843e-01 -2.1300e-01 -1.1640e+00 1.0164e+00 -3.6156e-01 -1.6457e-01 -2.5890e-01 -7.2234e-02 -4.6807e-03 -7.9543e-02 -1.5084e-01 -7.1083e-02 -1.0238e-01 -1.7926e-01 4.1389e-01 -4.3090e-02
-2.9523e+00 5.7023e+01 -5.3771e+00 4.6915e+00 1.1289e-02 -2.2158e+00 -1.8136e+00 1.0606e+01 1.3192e+00 6.2951e-01 -8.4501e-01 -2.1361e+00 -2.8538e-03 3.8483e-01 1.6574e-01 -1.2164e+01 -3.1686e+00 -1.3945e+01 3.9414e+00 -1.4281e+00 7.1616e+00 2.8516e+00 -2.9560e-01 -8.9306e+00 -9.6197e-02 4.8822e+00 1.7731e+01 -5.1502e-01 3.1654e-01 -2.0826e+00 -5.2556e-01 1.3254e+01 8.2712e-01 -4.7305e+00 -2.0807e+01 9.5040e+00 -8.2525e+00 -3.7105e-02 -1.2016e+00 1.9856e+00 1.3577e+00 -2.7901e-01 -1.1619e-01 -9.3712e-02 5.4192e-02 -2.4602e-01 2.8327e-01 -4.2046e-01 -2.9490e-01 2.0891e+00 -3.1522e-01 -4.1451e-02
1.8950e-01 -5.3771e+00 1.0769e+02 -1.2362e+01 -2.7986e-01 2.8666e+00 -9.5606e+00 1.6464e+00 5.7784e+00 -3.8816e-01 9.1468e-02 5.3487e+01 -5.0611e+00 6.0695e+00 3.4389e-01 1.2004e+00 1.5390e+00 -7.2455e+00 5.4827e+00 5.9174e-01 -4.0725e+01 -1.3158e+01 -2.5287e-01 3.3201e+00 2.9059e-01 2.6853e+01 -1.4562e+00 -1.2932e+00 -2.0597e+00 5.8523e-01 -6.3495e+00 -9.6468e+00 -4.2499e-01 7.5390e-01 9.1517e+00 -1.0201e+01 3.3049e-01 -3.4457e-01 1.6480e+00 -1.4885e+00 -4.3359e-01 3.3674e-01 -2.1648e-01 -5.8902e-01 1.2627e-01 -8.3202e-01 2.6344e+00 -2.5646e-01 2.3169e-02 -3.3192e+00 -5.3181e+00 -2.9708e+00
-5.5862e-01 4.6915e+00 -1.2362e+01 9.1496e+01 -4.0529e+00 -1.2645e+01 -1.6660e+01 2.3748e+00 -6.4022e-01 -2.1740e+00 -2.9252e+00 6.4913e+00 -2.9662e-01 -7.0589e+00 -1.6046e-01 6.5661e+00 -6.4844e-01 1.0625e+01 -8.0186e+00 -6.0322e-01 -6.3032e+00 -1.3788e+01 -4.3955e-01 -1.3920e+01 -2.0064e+00 -3.1789e+00 1.8593e+00 -2.2814e+00 7.9577e-02 4.9716e-01 4.0333e+00 1.5103e+01 1.4995e-01 2.4173e+00 1.2570e+01 2.2259e+01 3.7013e+00 -4.9839e-01 -8.8371e+00 2.0677e+00 2.2545e+00 -3.3046e-01 2.8328e-01 -8.1576e-01 -1.1380e-02 -1.5648e+00 -2.8466e+00 3.2344e+00 4.9812e-01 -2.9318e+00 -3.3081e-01 -5.1673e-01
-4.6888e+00 1.1289e-02 -2.7986e-01 -4.0529e+00 6.4551e+01 -1.5732e+01 -4.4589e-01 2.4014e+00 1.3620e-01 -6.4130e+00 -1.4539e+00 6.0813e+00 -2.9171e-01 1.1194e+01 -5.6043e-01 -2.9734e+00 -1.0729e+01 -1.7796e+00 1.5915e+01 -6.7231e-01 -2.9696e+00 2.0019e+01 4.6863e-02 -2.5152e-01 6.6876e+00 3.8074e+00 -2.0884e+00 -1.8817e+00 -1.6767e-01 2.0452e+00 -6.6706e-01 -1.3445e+01 7.0167e+00 2.2951e+00 -3.0644e+00 -1.1914e+01 -1.2515e+00 -1.5791e+00 3.8766e+00 -1.0196e+01 1.0009e+00 -3.3374e-01 -2.1968e-01 1.1797e-01 -9.8126e-02 -9.3761e-01 7.0625e+00 -6.8711e-01 2.3311e-01 -1.7173e+00 -2.1971e-02 -7.1587e-02
3.3535e+00 -2.2158e+00 2.8666e+00 -1.2645e+01 -1.5732e+01 7.4386e+01 -1.8788e+00 1.1007e-01 1.5707e-01 2.7069e+01 7.6431e+00 1.3396e+01 -4.1727e-01 6.6117e-01 -2.0069e-01 -3.0625e+00 6.4591e+00 2.3718e+00 -3.2031e+01 -1.1662e+00 -2.6372e+00 -3.6767e+00 -4.0718e+00 2.3863e+01 -5.8829e+00 5.9596e+00 -1.0493e+01 -1.0258e+00 -5.0302e-02 -1.1951e+00 -2.0030e+00 7.9846e+00 -8.3573e-01 -3.3588e+00 1.0783e+01 1.1098e+01 -1.9622e+00 -4.0869e-01 -6.1651e+00 1.5104e+01 -1.5628e+00 -6.1210e-01 -4.0065e-01 -3.1581e-01 -1.2743e-01 -8.2297e-02 2.9312e-01 1.4636e+00 -1.3753e-01 -2.9143e+00 -4.0661e+00 2.9323e-02
4.5508e-01 -1.8136e+00 -9.5606e+00 -1.6660e+01 -4.4589e-01 -1.8788e+00 3.3853e+01 -1.7762e+00 -1.9350e+00 1.8569e-01 -4.0498e-01 -2.8325e+00 -4.2740e-01 -2.5963e+00 -1.2402e-01 -2.0863e+00 -7.7709e-01 -6.5180e+00 8.8712e+00 -3.8539e-01 8.2504e+00 1.2378e+01 -1.2825e+00 -1.7088e+00 -3.7992e-01 -2.4024e+00 1.1567e-02 3.7022e+00 4.8309e+00 -1.8041e-01 -2.0944e+00 -8.6944e+00 -5.1739e-01 -1.3949e+00 -5.9474e+00 -6.7206e+00 -7.6936e-01 -7.4772e-02 -1.1926e+00 -6.6480e-01 4.0930e-01 -5.5715e-01 -3.6328e-01 -1.1315e-01 -3.8710e-02 1.5657e+00 -2.6584e-01 -3.3475e-01 5.1632e-01 4.1748e+00 -1.7319e+00 -1.5241e+00
-3.7656e+00 1.0606e+01 1.6464e+00 2.3748e+00 2.4014e+00 1.1007e-01 -1.7762e+00 4.9372e+01 3.7201e-01 2.1062e+00 2.6839e-01 6.8425e+00 -8.7800e-01 -7.6855e+00 -2.1168e-01 -7.7164e+00 -1.7538e+00 -1.2104e+01 3.3052e+01 -3.9548e-01 7.3075e-01 -2.1580e+00 -4.5429e-01 -5.7522e+00 1.5622e+00 5.5110e+00 1.0408e+01 -9.5067e+00 -2.2404e-01 -1.5410e+00 -2.6864e+00 -1.6951e+01 -2.8066e+00 -4.1338e+00 -9.1203e+00 -1.0401e+01 -5.1926e+00 8.3997e-01 -3.6025e+00 -1.5348e+00 3.7682e-01 -4.1782e-01 2.8253e-01 5.7646e-01 3.1416e-01 -1.0431e-01 8.6773e-01 1.4619e-01 -1.6397e-01 5.1588e-01 -4.7067e-01 1.9092e-02
5.7889e-02 1.3192e+00 5.7784e+00 -6.4022e-01 1.3620e-01 1.5707e-01 -1.9350e+00 3.7201e-01 2.5365e+01 -9.9338e-02 -1.2036e-01 -1.0877e+00 -4.7389e+00 -2.9491e-01 7.6060e-02 -1.6281e+00 -1.4242e+00 -2.0943e+00 1.8725e-01 5.2096e-01 3.8187e+00 -1.8779e-02 3.8185e+00 -1.0543e-01 -1.0874e-01 1.9682e-01 -1.1979e+00 2.4212e-01 -1.3482e+00 -8.9308e-02 -1.4988e-01 -4.2698e-02 1.1417e+00 -1.2599e+00 -1.0574e+00 -1.4079e+00 -1.1297e+00 9.8431e-02 2.2013e-01 1.1176e-02 -1.0901e-01 -4.0015e-01 2.8142e-02 -2.8679e-01 -6.3979e-02 5.5495e-03 4.7155e-02 3.6490e-02 -1.7389e-01 1.3457e-01 -1.0206e+00 4.9857e+00
2.0263e-01 6.2951e-01 -3.8816e-01 -2.1740e+00 -6.4130e+00 2.7069e+01 1.8569e-01 2.1062e+00 -9.9338e-02 4.3020e+01 -1.0524e-01 3.7689e+00 -4.5719e-01 5.0516e+00 -5.4940e-02 -9.2801e-01 6.4193e+00 -2.1279e+00 -2.3634e+01 1.0994e+00 -1.1701e+00 -2.8216e+00 1.2151e-01 -1.0629e+00 -5.1479e+00 3.1286e+00 -1.3622e+00 3.6409e-01 -1.2292e-01 -6.8264e-01 -1.0273e+00 1.1774e+01 -6.4374e+00 -2.9006e+00 -2.5296e+00 1.2607e+01 -3.9780e-02 -9.7205e-01 -5.7905e+00 1.6907e+01 7.2107e-02 -4.8984e-01 -1.2011e+00 -1.5765e-01 -6.7348e-02 -4.9490e-03 7.2585e-01 -7.3993e-02 3.4737e-03 -2.3802e+00 2.8279e-02 1.6030e-01
-1.1649e-01 -8.4501e-01 9.1468e-02 -2.9252e+00 -1.4539e+00 7.6431e+00 -4.0498e-01 2.6839e-01 -1.2036e-01 -1.0524e-01 1.6096e+01 3.1744e+00 -6.1898e-02 -8.2120e-01 -1.6363e-01 -8.1221e-01 -6.1770e-01 4.2090e+00 -1.1869e+00 -1.1160e-01 -1.0106e+00 -1.2468e+00 7.7091e-02 7.6165e+00 -1.6427e-01 6.2051e-01 -2.7678e+00 3.5574e-01 -2.0541e-02 -5.2801e-02 1.4684e+00 -7.4885e-01 -2.1965e-01 -2.1750e-01 5.3718e-01 -4.4163e-01 -4.6905e-01 4.6373e-02 2.5393e+00 8.0914e-02 -4.2140e-01 -1.6183e-01 -1.3353e-01 -1.6606e-01 -3.1402e-02 -1.3678e-01 -1.2920e-01 -2.5586e-01 -1.4425e-02 -1.7403e-01 3.9293e-01 -6.0222e-02
-2.6972e-01 -2.1361e+00 5.3487e+01 6.4913e+00 6.0813e+00 1.3396e+01 -2.8325e+00 6.8425e+00 -1.0877e+00 3.7689e+00 3.1744e+00 1.3592e+02 -2.8038e+00 -1.2481e+01 -1.0855e+00 7.2529e+00 2.1338e+00 -2.0461e+01 1.4649e+01 -6.3752e-01 -3.7321e+01 -6.0433e+00 5.6892e+00 1.3476e+01 -3.0240e+00 3.3127e+01 -3.6494e+01 -2.7968e+00 7.3996e-01 1.9049e+00 -6.0162e+00 -3.2610e+01 2.1021e+00 3.7356e+00 2.9073e+01 -9.4785e+00 5.6170e+00 -1.6200e+00 -2.0090e+01 2.1217e+00 1.9983e+00 1.8321e+00 2.2172e-01 -4.7981e-01 1.4168e-01 -5.4343e+00 3.6690e+00 1.7528e+00 3.5512e-01 -2.2266e+00 4.1778e+00 4.7510e+00
-8.0240e-02 -2.8538e-03 -5.0611e+00 -2.9662e-01 -2.9171e-01 -4.1727e-01 -4.2740e-01 -8.7800e-01 -4.7389e+00 -4.5719e-01 -6.1898e-02 -2.8038e+00 2.2031e+01 -9.7254e-01 -1.1193e-01 2.3518e-01 -2.8896e-01 1.0729e+00 -9.6729e-01 -4.6209e-01 -3.4501e+00 -3.2498e-01 -1.5347e+00 -3.3685e-01 1.7511e-02 -1.3327e+00 1.0179e+00 -2.0499e-01 -1.2283e+00 -9.7361e-02 -2.3557e-01 3.0016e+00 -7.4703e-01 3.5415e-01 3.4082e-01 1.8015e+00 -2.4815e-01 -1.3659e-01 -3.2514e-01 4.3934e-02 -1.1296e-01 1.1145e+00 1.0402e-01 -2.8601e-01 -3.9041e-02 -2.2578e-01 -1.4979e-01 8.4188e-02 -4.7156e-02 -1.5448e-01 1.3239e+01 -4.7138e+00
1.6937e+00 3.8483e-01 6.0695e+00 -7.0589e+00 1.1194e+01 6.6117e-01 -2.5963e+00 -7.6855e+00 -2.9491e-01 5.0516e+00 -8.2120e-01 -1.2481e+01 -9.7254e-01 6.3539e+01 1.5434e+00 -3.2099e+00 -2.1776e+00 1.5376e+01 -1.2768e+01 -8.8233e-01 -5.2487e+00 -3.7605e+00 -5.4709e+00 -2.8253e+00 -1.0033e+00 2.6007e+00 4.7070e+00 8.5241e-01 2.3279e-01 1.8473e+00 -1.4958e+00 1.7195e+01 8.8260e-01 -2.2680e+00 -1.0135e+01 -2.4860e+00 -2.4839e+00 5.6944e-01 1.7530e+01 -4.2355e+00 -1.0172e+00 -7.7245e-01 6.2815e-01 7.5142e-01 -2.2865e-01 -9.6782e-01 8.3050e+00 -6.8387e-01 2.4754e-01 -9.1627e-01 -5.8633e+00 -3.2593e-01
-1.8393e-01 1.6574e-01 3.4389e-01 -1.6046e-01 -5.6043e-01 -2.0069e-01 -1.2402e-01 -2.1168e-01 7.6060e-02 -5.4940e-02 -1.6363e-01 -1.0855e+00 -1.1193e-01 1.5434e+00 7.8678e+00 -3.7136e-01 -2.3931e-01 1.5081e+00 -7.0194e-01 2.5107e-02 -4.0664e-01 -3.8932e-01 -1.0723e-01 -4.7465e-01 -1.5939e-01 4.1239e-01 6.1059e-02 -4.3376e-01 -2.1473e-02 -4.7662e-02 1.1622e+00 8.1687e-01 -1.6788e-01 7.7373e-03 -8.5607e-01 -1.2805e+00 -3.6311e-02 -2.2288e-02 2.2635e+00 -2.8598e-01 -7.4569e-02 -4.2920e-02 -3.4443e-02 -4.0394e-02 3.3001e-02 -4.7586e-02 3.8008e-02 1.0022e-01 -8.4117e-03 -5.8989e-02 -1.6243e-01 -5.9045e-02
4.3957e+00 -1.2164e+01 1.2004e+00 6.5661e+00 -2.9734e+00 -3.0625e+00 -2.0863e+00 -7.7164e+00 -1.6281e+00 -9.2801e-01 -8.1221e-01 7.2529e+00 2.3518e-01 -3.2099e+00 -3.7136e-01 4.3628e+01 9.8186e+00 2.7477e+01 -8.8965e+00 -6.8576e-01 -1.9024e+00 -1.0950e+00 -1.4047e-02 3.8996e+00 -1.1085e+00 -6.4593e+00 -2.1543e+01 -2.1606e+00 -3.1604e-01 4.0752e+00 -2.9264e+00 -9.9675e+00 -1.0442e+00 1.3613e+01 1.8998e+01 -8.9374e+00 1.4916e+01 1.0331e-01 -2.0185e+00 5.5135e-01 1.5118e+00 -3.2043e-01 2.2356e-01 -1.8789e-01 -1.0496e-02 7.0260e-02 1.8604e-01 -1.4775e-01 -2.1442e-01 -7.4057e-01 4.5914e-01 -7.0688e-01
3.7409e+00 -3.1686e+00 1.5390e+00 -6.4844e-01 -1.0729e+01 6.4591e+00 -7.7709e-01 -1.7538e+00 -1.4242e+00 6.4193e+00 -6.1770e-01 2.1338e+00 -2.8896e-01 -2.1776e+00 -2.3931e-01 9.8186e+00 3.8616e+01 5.7979e+00 -8.2946e+00 -5.9686e-01 -3.2737e-01 -6.7037e+00 5.1996e-01 -5.6775e-01 -1.7104e+00 1.6052e+00 -6.7902e+00 -1.8791e+00 2.2429e-01 -5.4777e-01 -2.5215e+00 -1.3431e+00 -1.7420e+00 6.2970e+00 6.2268e+00 -1.2291e-01 7.1953e+00 -7.0983e-01 -2.8425e+00 4.8344e+00 -7.6031e-01 -2.3817e-01 -5.9646e-01 -2.4273e-01 -4.7519e-02 -1.8734e-01 -1.7728e-01 1.8291e-01 -1.0112e-01 -8.5950e-01 4.5256e-01 -3.3044e-02
9.6550e-01 -1.3945e+01 -7.2455e+00 1.0625e+01 -1.7796e+00 2.3718e+00 -6.5180e+00 -1.2104e+01 -2.0943e+00 -2.1279e+00 4.2090e+00 -2.0461e+01 1.0729e+00 1.5376e+01 1.5081e+00 2.7477e+01 5.7979e+00 7.7430e+01 -1.9322e+01 -1.2408e-01 -4.6320e+00 -3.2728e+00 -5.5316e+00 4.9157e+00 -1.4447e+00 -4.9540e+00 -6.3814e+00 -2.8806e+00 -2.7838e-01 3.5489e+00 4.5305e+00 1.5170e+01 -2.3875e+00 1.1135e+01 1.0060e+01 -1.4217e+00 1.1590e+01 6.7627e-01 9.2364e+00 -3.2117e+00 6.0330e-01 -1.1430e+00 5.4491e-01 -3.1349e-01 -2.1406e-01 2.0707e-02 1.1235e+00 -2.1000e-01 -2.6909e-01 -1.8574e+00 -5.4398e+00 -3.4682e-01
-4.0234e+00 3.9414e+00 5.4827e+00 -8.0186e+00 1.5915e+01 -3.2031e+01 8.8712e+00 3.3052e+01 1.8725e-01 -2.3634e+01 -1.1869e+00 1.4649e+01 -9.6729e-01 -1.2768e+01 -7.0194e-01 -8.8965e+00 -8.2946e+00 -1.9322e+01 1.0330e+02 2.9678e-01 -1.4365e+00 5.8398e+00 3.1699e+00 -8.4586e+00 6.8182e+00 2.3124e+00 1.7604e+01 -3.8415e+00 1.7519e-01 -1.3833e+00 -5.3968e+00 -4.8243e+01 1.1365e+00 -1.2070e+00 -1.7386e+01 -3.9030e+01 -6.9074e+00 1.0737e+00 -1.0483e+00 -2.3082e+01 -6.8407e-01 -7.4694e-01 2.8140e-01 5.0894e-01 4.9601e-01 -7.3092e-01 -1.1935e-01 -3.6942e-01 -3.1701e-01 3.0472e+00 2.9571e+00 -3.9768e-01
-1.5410e-01 -1.4281e+00 5.9174e-01 -6.0322e-01 -6.7231e-01 -1.1662e+00 -3.8539e-01 -3.9548e-01 5.2096e-01 1.0994e+00 -1.1160e-01 -6.3752e-01 -4.6209e-01 -8.8233e-01 2.5107e-02 -6.8576e-01 -5.9686e-01 -1.2408e-01 2.9678e-01 1.2666e+01 -2.6977e-01 -5.7914e-01 1.6824e-02 5.3918e-01 -3.1070e-01 1.3180e-01 -1.7631e+00 -3.8300e-01 -2.6756e-01 2.8645e-03 -7.3043e-01 -1.0786e+00 -4.9869e-01 -7.2075e-01 1.1142e+00 -3.5201e-01 -7.8874e-01 5.7886e-01 2.1266e-01 -1.4278e+00 -7.1771e-02 1.0229e-01 -1.1513e-01 -7.6344e-02 -3.7543e-02 -3.9487e-02 -1.0916e-01 1.4751e-01 -5.1186e-02 -1.6927e-01 -4.3142e-01 -6.0190e-01
1.1121e-01 7.1616e+00 -4.0725e+01 -6.3032e+00 -2.9696e+00 -2.6372e+00 8.2504e+00 7.3075e-01 3.8187e+00 -1.1701e+00 -1.0106e+00 -3.7321e+01 -3.4501e+00 -5.2487e+00 -4.0664e-01 -1.9024e+00 -3.2737e-01 -4.6320e+00 -1.4365e+00 -2.6977e-01 8.1307e+01 1.2436e+01 -1.6983e-01 -2.4835e+00 -9.9638e-02 -4.3700e+01 -9.0641e+00 1.0422e+00 -1.3154e+00 -4.4596e-02 -1.4974e+00 -9.6497e+00 1.8170e+00 -1.0214e+00 -1.0743e+01 -6.9380e+00 -5.1791e-01 1.7932e-01 -1.0319e+00 -3.3184e-01 -5.0471e-01 1.6346e+00 -3.0071e-01 -8.1905e-01 -1.1292e-01 8.2169e+00 -2.4849e+00 -6.1808e-01 -2.6177e-01 4.7377e+00 -3.4182e+00 1.1567e+01
-2.2685e+00 2.8516e+00 -1.3158e+01 -1.3788e+01 2.0019e+01 -3.6767e+00 1.2378e+01 -2.1580e+00 -1.8779e-02 -2.8216e+00 -1.2468e+00 -6.0433e+00 -3.2498e-01 -3.7605e+00 -3.8932e-01 -1.0950e+00 -6.7037e+00 -3.2728e+00 5.8398e+00 -5.7914e-01 1.2436e+01 5.4270e+01 -1.0553e+00 -2.2182e+00 -2.2698e+00 -6.6700e-01 -8.1631e+00 3.2018e+00 -9.0798e-02 3.3595e-01 -1.6840e+00 -5.9418e+00 6.6189e+00 -1.2190e+00 -3.6013e+00 -3.1027e+00 7.0947e-01 -9.0566e-01 3.0800e+00 -1.5609e+00 -5.7623e-02 -6.5311e-01 -1.5431e-01 1.4617e-01 1.5229e-01 -2.3353e-01 -2.2431e-01 -3.9894e-01 2.0862e-01 4.0108e+00 -1.2108e+00 -2.5429e-01
4.4780e-01 -2.9560e-01 -2.5287e-01 -4.3955e-01 4.6863e-02 -4.0718e+00 -1.2825e+00 -4.5429e-01 3.8185e+00 1.2151e-01 7.7091e-02 5.6892e+00 -1.5347e+00 -5.4709e+00 -1.0723e-01 -1.4047e-02 5.1996e-01 -5.5316e+00 3.1699e+00 1.6824e-02 -1.6983e-01 -1.0553e+00 2.2367e+01 -1.5010e-01 4.3031e-01 2.7488e+00 -1.2688e+00 -1.6094e-01 -1.8589e-01 5.7739e-02 9.1900e-01 -3.4205e+00 -1.3453e+00 4.2026e-01 3.0561e-01 -3.3947e+00 7.8050e-01 6.1233e-01 5.1196e-01 7.3862e-01 1.0609e-01 -5.1109e-02 7.1777e-02 -2.6455e-02 6.1981e-02 7.1733e-02 -1.0747e+00 -7.4336e-02 7.4402e-03 7.8011e-02 1.9645e+01 3.3718e+00
6.4698e-01 -8.9306e+00 3.3201e+00 -1.3920e+01 -2.5152e-01 2.3863e+01 -1.7088e+00 -5.7522e+00 -1.0543e-01 -1.0629e+00 7.6165e+00 1.3476e+01 -3.3685e-01 -2.8253e+00 -4.7465e-01 3.8996e+00 -5.6775e-01 4.9157e+00 -8.4586e+00 5.3918e-01 -2.4835e+00 -2.2182e+00 -1.5010e-01 4.8575e+01 -1.5352e+00 -4.4307e+00 -1.8519e+01 -1.4348e+00 -6.7468e-02 9.7234e-01 -2.1821e+00 -1.3075e+01 6.6704e-01 1.9610e+00 2.2476e+01 -8.2201e+00 8.0906e-01 -3.8455e-01 -2.6047e-02 -7.1974e-01 5.1908e-01 -1.3078e-01 -3.5858e-01 -3.8538e-01 -1.0446e-01 -3.5697e-01 -4.9659e-01 -1.0174e+00 -2.3531e-01 -7.5189e-01 -6.9539e-02 -7.0309e-02
-4.5530e-01 -9.6197e-02 2.9059e-01 -2.0064e+00 6.6876e+00 -5.8829e+00 -3.7992e-01 1.5622e+00 -1.0874e-01 -5.1479e+00 -1.6427e-01 -3.0240e+00 1.7511e-02 -1.0033e+00 -1.5939e-01 -1.1085e+00 -1.7104e+00 -1.4447e+00 6.8182e+00 -3.1070e-01 -9.9638e-02 -2.2698e+00 4.3031e-01 -1.5352e+00 2.7392e+01 8.8900e-01 -4.1983e-01 -8.1308e-01 -8.2745e-02 -3.1307e-01 -1.3592e-01 -1.0373e+01 4.5500e-01 3.6238e+00 1.7047e+00 -8.3002e+00 -8.0870e-01 -3.7144e-01 -1.5421e+00 -9.7225e-01 -4.5718e-01 -2.6390e-01 -9.1107e-02 -1.5035e-01 -9.7645e-02 -1.4083e-01 1.6916e-01 -2.7919e-01 -2.2192e-03 -6.0151e-01 3.8834e-01 1.2225e-02
-5.9576e-01 4.8822e+00 2.6853e+01 -3.1789e+00 3.8074e+00 5.9596e+00 -2.4024e+00 5.5110e+00 1.9682e-01 3.1286e+00 6.2051e-01 3.3127e+01 -1.3327e+00 2.6007e+00 4.1239e-01 -6.4593e+00 1.6052e+00 -4.9540e+00 2.3124e+00 1.3180e-01 -4.3700e+01 -6.6700e-01 2.7488e+00 -4.4307e+00 8.8900e-01 7.6524e+01 1.1383e+01 4.7542e-02 -3.0024e-01 -1.1429e+00 -1.7849e+00 5.3607e-02 9.3280e-01 -2.8547e+00 4.3757e+00 -1.5419e+00 -2.4620e+00 -1.1091e-01 1.1309e+00 2.5244e+00 3.0056e-01 6.9082e-03 2.3997e-01 1.2446e+00 6.1654e-02 -8.7056e+00 2.5740e+00 3.8395e-01 8.5030e-03 -2.0914e+00 1.0805e+00 6.4874e+00
2.4578e-01 1.7731e+01 -1.4562e+00 1.8593e+00 -2.0884e+00 -1.0493e+01 1.1567e-02 1.0408e+01 -1.1979e+00 -1.3622e+00 -2.7678e+00 -3.6494e+01 1.0179e+00 4.7070e+00 6.1059e-02 -2.1543e+01 -6.7902e+00 -6.3814e+00 1.7604e+01 -1.7631e+00 -9.0641e+00 -8.1631e+00 -1.2688e+00 -1.8519e+01 -4.1983e-01 1.1383e+01 1.1041e+02 4.2946e+00 -5.5060e-01 -2.2774e+00 4.8618e+00 5.3292e+01 -3.5090e-01 -1.5098e+01 -5.7492e+01 3.8939e+01 -2.0419e+01 1.2675e+00 1.1214e+01 6.5194e-02 -9.9365e-01 -3.1953e+00 -7.5858e-01 4.1511e-01 1.7434e-01 -1.8451e+00 -6.3101e-01 -2.3119e+00 -4.3519e-01 -2.5908e+00 -2.0143e+00 2.4978e+00
-1.0090e+00 -5.1502e-01 -1.2932e+00 -2.2814e+00 -1.8817e+00 -1.0258e+00 3.7022e+00 -9.5067e+00 2.4212e-01 3.6409e-01 3.5574e-01 -2.7968e+00 -2.0499e-01 8.5241e-01 -4.3376e-01 -2.1606e+00 -1.8791e+00 -2.8806e+00 -3.8415e+00 -3.8300e-01 1.0422e+00 3.2018e+00 -1.6094e-01 -1.4348e+00 -8.1308e-01 4.7542e-02 4.2946e+00 4.0624e+01 -2.1082e-01 -1.7022e-01 1.6833e-01 8.5102e+00 3.1144e-01 -2.9788e+00 -5.2303e+00 3.3533e+00 -3.0559e+00 1.3578e+00 2.3702e+00 1.8803e+00 -2.7749e-01 -5.5368e-01 -2.9942e-01 -1.7150e-01 -1.9126e-01 -3.5677e-01 -5.4177e-01 -1.1963e-01 -3.4214e-02 1.2351e-01 -4.3019e-01 3.6167e-02
-4.3201e-02 3.1654e-01 -2.0597e+00 7.9577e-02 -1.6767e-01 -5.0302e-02 4.8309e+00 -2.2404e-01 -1.3482e+00 -1.2292e-01 -2.0541e-02 7.3996e-01 -1.2283e+00 2.3279e-01 -2.1473e-02 -3.1604e-01 2.2429e-01 -2.7838e-01 1.7519e-01 -2.6756e-01 -1.3154e+00 -9.0798e-02 -1.8589e-01 -6.7468e-02 -8.2745e-02 -3.0024e-01 -5.5060e-01 -2.1082e-01 1.5634e+01 -6.4725e-02 4.3953e-01 -3.7512e-01 -1.3708e-01 -1.8453e-01 -1.3766e-01 7.1621e-02 -1.2992e-01 1.1099e-01 -2.2229e-01 -1.2935e-02 -7.2286e-02 -2.1691e-01 -2.0993e-02 -2.0563e-01 -2.7457e-02 -7.4722e-02 1.5617e-02 -7.8213e-02 6.3427e-01 1.3607e-01 -1.3257e+00 -1.3760e+00
1.3140e+00 -2.0826e+00 5.8523e-01 4.9716e-01 2.0452e+00 -1.1951e+00 -1.8041e-01 -1.5410e+00 -8.9308e-02 -6.8264e-01 -5.2801e-02 1.9049e+00 -9.7361e-02 1.8473e+00 -4.7662e-02 4.0752e+00 -5.4777e-01 3.5489e+00 -1.3833e+00 2.8645e-03 -4.4596e-02 3.3595e-01 5.7739e-02 9.7234e-01 -3.1307e-01 -1.1429e+00 -2.2774e+00 -1.7022e-01 -6.4725e-02 1.0829e+01 -1.8919e-01 -2.6320e+00 2.0191e+00 -2.7894e-01 1.0738e+00 -2.3901e+00 -4.0584e-01 8.6262e-02 -3.1184e-01 1.3864e+00 -2.2161e-01 -6.7514e-02 -1.4094e-01 -6.8340e-02 -2.6333e-02 -1.1201e-01 2.1017e+00 -1.4176e-01 -7.4023e-02 2.5321e-01 4.7536e-02 -1.1002e-02
-1.1395e+00 -5.2556e-01 -6.3495e+00 4.0333e+00 -6.6706e-01 -2.0030e+00 -2.0944e+00 -2.6864e+00 -1.4988e-01 -1.0273e+00 1.4684e+00 -6.0162e+00 -2.3557e-01 -1.4958e+00 1.1622e+00 -2.9264e+00 -2.5215e+00 4.5305e+00 -5.3968e+00 -7.3043e-01 -1.4974e+00 -1.6840e+00 9.1900e-01 -2.1821e+00 -1.3592e-01 -1.7849e+00 4.8618e+00 1.6833e-01 4.3953e-01 -1.8919e-01 4.0471e+01 1.3471e+01 1.0014e+00 -2.6275e+00 -6.9787e+00 1.6501e+01 -2.7928e+00 1.2513e+00 -1.2404e+00 -2.3204e+00 -6.8635e-01 -3.5556e-01 8.2540e-01 -1.3204e-01 -6.6774e-02 6.9494e-01 -2.8891e-01 -9.9048e-03 -1.9070e-01 -8.5809e-01 8.3627e-01 -5.9007e-02
2.3488e+00 1.3254e+01 -9.6468e+00 1.5103e+01 -1.3445e+01 7.9846e+00 -8.6944e+00 -1.6951e+01 -4.2698e-02 1.1774e+01 -7.4885e-01 -3.2610e+01 3.0016e+00 1.7195e+01 8.1687e-01 -9.9675e+00 -1.3431e+00 1.5170e+01 -4.8243e+01 -1.0786e+00 -9.6497e+00 -5.9418e+00 -3.4205e+00 -1.3075e+01 -1.0373e+01 5.3607e-02 5.3292e+01 8.5102e+00 -3.7512e-01 -2.6320e+00 1.3471e+01 1.3908e+02 6.4786e+00 -1.4587e+01 -3.9811e+01 1.0225e+02 -1.2735e+01 -9.9433e-01 1.2554e+01 1.3032e+01 -3.7153e+00 -1.7883e+00 -8.2191e-01 -2.9551e-01 -4.5683e-01 -7.5526e-01 -1.0369e+00 -1.2248e+00 -7.1724e-01 -3.5706e+00 -2.9979e+00 -2.7569e-01
2.7166e+00 8.2712e-01 -4.2499e-01 1.4995e-01 7.0167e+00 -8.3573e-01 -5.1739e-01 -2.8066e+00 1.1417e+00 -6.4374e+00 -2.1965e-01 2.1021e+00 -7.4703e-01 8.8260e-01 -1.6788e-01 -1.0442e+00 -1.7420e+00 -2.3875e+00 1.1365e+00 -4.9869e-01 1.8170e+00 6.6189e+00 -1.3453e+00 6.6704e-01 4.5500e-01 9.3280e-01 -3.5090e-01 3.1144e-01 -1.3708e-01 2.0191e+00 1.0014e+00 6.4786e+00 3.2933e+01 -1.4417e+00 -2.9624e-01 7.2989e+00 -1.1885e+00 -6.0379e-01 5.4757e+00 -8.8187e+00 -2.5555e-01 -3.7191e-01 3.6565e-01 1.3840e-01 -6.4399e-02 -2.0942e-01 1.9451e+00 -1.2568e-01 -6.3880e-02 -6.0261e-01 -1.8450e+00 1.1818e+00
1.9285e-01 -4.7305e+00 7.5390e-01 2.4173e+00 2.2951e+00 -3.3588e+00 -1.3949e+00 -4.1338e+00 -1.2599e+00 -2.9006e+00 -2.1750e-01 3.7356e+00 3.5415e-01 -2.2680e+00 7.7373e-03 1.3613e+01 6.2970e+00 1.1135e+01 -1.2070e+00 -7.2075e-01 -1.0214e+00 -1.2190e+00 4.2026e-01 1.9610e+00 3.6238e+00 -2.8547e+00 -1.5098e+01 -2.9788e+00 -1.8453e-01 -2.7894e-01 -2.6275e+00 -1.4587e+01 -1.4417e+00 3.1959e+01 1.6148e+01 -1.2836e+01 1.9179e+01 4.4800e-02 -3.2477e+00 9.3788e-01 -2.3335e-01 -5.4726e-01 -4.3485e-01 -2.4671e-02 -7.9514e-02 -7.5133e-04 -2.1171e-01 2.6995e-02 -3.3315e-02 -6.0294e-01 7.4764e-01 -4.9279e-01
1.6996e-01 -2.0807e+01 9.1517e+00 1.2570e+01 -3.0644e+00 1.0783e+01 -5.9474e+00 -9.1203e+00 -1.0574e+00 -2.5296e+00 5.3718e-01 2.9073e+01 3.4082e-01 -1.0135e+01 -8.5607e-01 1.8998e+01 6.2268e+00 1.0060e+01 -1.7386e+01 1.1142e+00 -1.0743e+01 -3.6013e+00 3.0561e-01 2.2476e+01 1.7047e+00 4.3757e+00 -5.7492e+01 -5.2303e+00 -1.3766e-01 1.0738e+00 -6.9787e+00 -3.9811e+01 -2.9624e-01 1.6148e+01 1.0420e+02 -2.9462e+01 2.1515e+01 -1.1212e+00 -1.4156e+01 -2.8053e-01 2.9742e+00 1.8035e+00 6.1077e-01 -8.1943e-01 -2.0084e-01 -1.5518e+00 -1.5488e+00 -2.7165e+00 6.6369e-01 -2.1719e+00 2.0831e-01 -9.7072e-02
3.1696e+00 9.5040e+00 -1.0201e+01 2.2259e+01 -1.1914e+01 1.1098e+01 -6.7206e+00 -1.0401e+01 -1.4079e+00 1.2607e+01 -4.4163e-01 -9.4785e+00 1.8015e+00 -2.4860e+00 -1.2805e+00 -8.9374e+00 -1.2291e-01 -1.4217e+00 -3.9030e+01 -3.5201e-01 -6.9380e+00 -3.1027e+00 -3.3947e+00 -8.2201e+00 -8.3002e+00 -1.5419e+00 3.8939e+01 3.3533e+00 7.1621e-02 -2.3901e+00 1.6501e+01 1.0225e+02 7.2989e+00 -1.2836e+01 -2.9462e+01 1.3512e+02 -1.0044e+01 -2.3501e+00 -9.2070e+00 1.3713e+01 -4.1077e+00 -1.3354e+00 -1.3775e+00 -3.6617e-01 -2.7779e-01 -8.6345e-01 -2.4886e+00 -1.2115e+00 -6.9379e-01 -2.5860e+00 -3.0137e+00 -1.7377e-01
1.2843e-01 -8.2525e+00 3.3049e-01 3.7013e+00 -1.2515e+00 -1.9622e+00 -7.6936e-01 -5.1926e+00 -1.1297e+00 -3.9780e-02 -4.6905e-01 5.6170e+00 -2.4815e-01 -2.4839e+00 -3.6311e-02 1.4916e+01 7.1953e+00 1.1590e+01 -6.9074e+00 -7.8874e-01 -5.1791e-01 7.0947e-01 7.8050e-01 8.0906e-01 -8.0870e-01 -2.4620e+00 -2.0419e+01 -3.0559e+00 -1.2992e-01 -4.0584e-01 -2.7928e+00 -1.2735e+01 -1.1885e+00 1.9179e+01 2.1515e+01 -1.0044e+01 3.7665e+01 -7.1973e-02 -3.6169e+00 9.0138e-01 -5.3906e-01 -3.6181e-01 -1.2722e-01 -2.7514e-02 -7.6945e-02 -8.9481e-02 -2.2167e-01 -2.1147e-01 -1.3662e-01 -7.2541e-01 7.3914e-01 3.4516e-02
-2.1300e-01 -3.7105e-02 -3.4457e-01 -4.9839e-01 -1.5791e+00 -4.0869e-01 -7.4772e-02 8.3997e-01 9.8431e-02 -9.7205e-01 4.6373e-02 -1.6200e+00 -1.3659e-01 5.6944e-01 -2.2288e-02 1.0331e-01 -7.0983e-01 6.7627e-01 1.0737e+00 5.7886e-01 1.7932e-01 -9.0566e-01 6.1233e-01 -3.8455e-01 -3.7144e-01 -1.1091e-01 1.2675e+00 1.3578e+00 1.1099e-01 8.6262e-02 1.2513e+00 -9.9433e-01 -6.0379e-01 4.4800e-02 -1.1212e+00 -2.3501e+00 -7.1973e-02 1.3535e+01 -3.7552e-01 -1.2405e+00 -1.4635e-01 -1.0725e-01 1.4651e+00 -8.9469e-02 -3.0631e-02 -1.8555e-02 -1.7336e-01 -9.7917e-02 -3.9388e-02 -2.0428e-01 5.4554e-01 6.8571e-02
-1.1640e+00 -1.2016e+00 1.6480e+00 -8.8371e+00 3.8766e+00 -6.1651e+00 -1.1926e+00 -3.6025e+00 2.2013e-01 -5.7905e+00 2.5393e+00 -2.0090e+01 -3.2514e-01 1.7530e+01 2.2635e+00 -2.0185e+00 -2.8425e+00 9.2364e+00 -1.0483e+00 2.1266e-01 -1.0319e+00 3.0800e+00 5.1196e-01 -2.6047e-02 -1.5421e+00 1.1309e+00 1.1214e+01 2.3702e+00 -2.2229e-01 -3.1184e-01 -1.2404e+00 1.2554e+01 5.4757e+00 -3.2477e+00 -1.4156e+01 -9.2070e+00 -3.6169e+00 -3.7552e-01 5.1180e+01 -6.6600e+00 -1.1705e+00 -6.5590e-01 1.1617e+00 4.2151e-02 -1.6901e-02 -3.0356e-01 4.2813e-01 -2.7556e-01 -4.8206e-02 -7.4129e-01 4.4825e-01 9.7849e-02
1.0164e+00 1.9856e+00 -1.4885e+00 2.0677e+00 -1.0196e+01 1.5104e+01 -6.6480e-01 -1.5348e+00 1.1176e-02 1.6907e+01 8.0914e-02 2.1217e+00 4.3934e-02 -4.2355e+00 -2.8598e-01 5.5135e-01 4.8344e+00 -3.2117e+00 -2.3082e+01 -1.4278e+00 -3.3184e-01 -1.5609e+00 7.3862e-01 -7.1974e-01 -9.7225e-01 2.5244e+00 6.5194e-02 1.8803e+00 -1.2935e-02 1.3864e+00 -2.3204e+00 1.3032e+01 -8.8187e+00 9.3788e-01 -2.8053e-01 1.3713e+01 9.0138e-01 -1.2405e+00 -6.6600e+00 6.0440e+01 -3.0294e+00 2.9733e-02 -1.1853e+00 -1.3939e-01 1.2648e-01 -2.3601e-01 -1.3388e+00 -2.0904e-01 -4.9348e-01 -9.3701e-01 6.9777e-01 -2.1590e-01
-3.6156e-01 1.3577e+00 -4.3359e-01 2.2545e+00 1.0009e+00 -1.5628e+00 4.0930e-01 3.7682e-01 -1.0901e-01 7.2107e-02 -4.2140e-01 1.9983e+00 -1.1296e-01 -1.0172e+00 -7.4569e-02 1.5118e+00 -7.6031e-01 6.0330e-01 -6.8407e-01 -7.1771e-02 -5.0471e-01 -5.7623e-02 1.0609e-01 5.1908e-01 -4.5718e-01 3.0056e-01 -9.9365e-01 -2.7749e-01 -7.2286e-02 -2.2161e-01 -6.8635e-01 -3.7153e+00 -2.5555e-01 -2.3335e-01 2.9742e+00 -4.1077e+00 -5.3906e-01 -1.4635e-01 -1.1705e+00 -3.0294e+00 1.5787e+01 -1.0136e-01 -1.4864e-01 8.1472e-02 -4.2470e-02 -1.1296e-02 -7.4032e-02 -3.4878e-01 5.6307e-01 -2.7237e-01 6.8216e-02 4.0566e-02
-1.6457e-01 -2.7901e-01 3.3674e-01 -3.3046e-01 -3.3374e-01 -6.1210e-01 -5.5715e-01 -4.1782e-01 -4.0015e-01 -4.8984e-01 -1.6183e-01 1.8321e+00 1.1145e+00 -7.7245e-01 -4.2920e-02 -3.2043e-01 -2.3817e-01 -1.1430e+00 -7.4694e-01 1.0229e-01 1.6346e+00 -6.5311e-01 -5.1109e-02 -1.3078e-01 -2.6390e-01 6.9082e-03 -3.1953e+00 -5.5368e-01 -2.1691e-01 -6.7514e-02 -3.5556e-01 -1.7883e+00 -3.7191e-01 -5.4726e-01 1.8035e+00 -1.3354e+00 -3.6181e-01 -1.0725e-01 -6.5590e-01 2.9733e-02 -1.0136e-01 1.2176e+01 1.1587e-01 -9.7446e-02 -1.7329e-02 -5.8527e-02 -1.8066e-01 -1.4923e-01 -4.1432e-02 -1.0803e-01 1.1275e+00 -4.9187e-01
-2.5890e-01 -1.1619e-01 -2.1648e-01 2.8328e-01 -2.1968e-01 -4.0065e-01 -3.6328e-01 2.8253e-01 2.8142e-02 -1.2011e+00 -1.3353e-01 2.2172e-01 1.0402e-01 6.2815e-01 -3.4443e-02 2.2356e-01 -5.9646e-01 5.4491e-01 2.8140e-01 -1.1513e-01 -3.0071e-01 -1.5431e-01 7.1777e-02 -3.5858e-01 -9.1107e-02 2.3997e-01 -7.5858e-01 -2.9942e-01 -2.0993e-02 -1.4094e-01 8.2540e-01 -8.2191e-01 3.6565e-01 -4.3485e-01 6.1077e-01 -1.3775e+00 -1.2722e-01 1.4651e+00 1.1617e+00 -1.1853e+00 -1.4864e-01 1.1587e-01 9.3442e+00 -2.1691e-02 -7.4500e-04 8.3580e-03 -4.7163e-02 -6.3048e-02 -3.3780e-03 1.0406e-01 2.0860e-01 -3.2782e-02
-7.2234e-02 -9.3712e-02 -5.8902e-01 -8.1576e-01 1.1797e-01 -3.1581e-01 -1.1315e-01 5.7646e-01 -2.8679e-01 -1.5765e-01 -1.6606e-01 -4.7981e-01 -2.8601e-01 7.5142e-01 -4.0394e-02 -1.8789e-01 -2.4273e-01 -3.1349e-01 5.0894e-01 -7.6344e-02 -8.1905e-01 1.4617e-01 -2.6455e-02 -3.8538e-01 -1.5035e-01 1.2446e+00 4.1511e-01 -1.7150e-01 -2.0563e-01 -6.8340e-02 -1.3204e-01 -2.9551e-01 1.3840e-01 -2.4671e-02 -8.1943e-01 -3.6617e-01 -2.7514e-02 -8.9469e-02 4.2151e-02 -1.3939e-01 8.1472e-02 -9.7446e-02 -2.1691e-02 8.6078e+00 -2.6959e-02 -2.6144e-01 -7.0098e-02 -1.5705e-01 -3.8339e-02 -4.7997e-02 -2.6587e-01 4.7985e-01
-4.6807e-03 5.4192e-02 1.2627e-01 -1.1380e-02 -9.8126e-02 -1.2743e-01 -3.8710e-02 3.1416e-01 -6.3979e-02 -6.7348e-02 -3.1402e-02 1.4168e-01 -3.9041e-02 -2.2865e-01 3.3001e-02 -1.0496e-02 -4.7519e-02 -2.1406e-01 4.9601e-01 -3.7543e-02 -1.1292e-01 1.5229e-01 6.1981e-02 -1.0446e-01 -9.7645e-02 6.1654e-02 1.7434e-01 -1.9126e-01 -2.7457e-02 -2.6333e-02 -6.6774e-02 -4.5683e-01 -6.4399e-02 -7.9514e-02 -2.0084e-01 -2.7779e-01 -7.6945e-02 -3.0631e-02 -1.6901e-02 1.2648e-01 -4.2470e-02 -1.7329e-02 -7.4500e-04 -2.6959e-02 4.2685e+00 -2.7237e-02 -3.2167e-02 -2.6066e-02 -2.3029e-02 -4.0177e-02 2.6638e-02 -4.3603e-02
-7.9543e-02 -2.4602e-01 -8.3202e-01 -1.5648e+00 -9.3761e-01 -8.2297e-02 1.5657e+00 -1.0431e-01 5.5495e-03 -4.9490e-03 -1.3678e-01 -5.4343e+00 -2.2578e-01 -9.6782e-01 -4.7586e-02 7.0260e-02 -1.8734e-01 2.0707e-02 -7.3092e-01 -3.9487e-02 8.2169e+00 -2.3353e-01 7.1733e-02 -3.5697e-01 -1.4083e-01 -8.7056e+00 -1.8451e+00 -3.5677e-01 -7.4722e-02 -1.1201e-01 6.9494e-01 -7.5526e-01 -2.0942e-01 -7.5133e-04 -1.5518e+00 -8.6345e-01 -8.9481e-02 -1.8555e-02 -3.0356e-01 -2.3601e-01 -1.1296e-02 -5.8527e-02 8.3580e-03 -2.6144e-01 -2.7237e-02 1.7600e+01 -6.7800e-01 -3.6081e-01 -3.0142e-02 -1.6188e-01 -9.0377e-02 -9.9278e-02
-1.5084e-01 2.8327e-01 2.6344e+00 -2.8466e+00 7.0625e+00 2.9312e-01 -2.6584e-01 8.6773e-01 4.7155e-02 7.2585e-01 -1.2920e-01 3.6690e+00 -1.4979e-01 8.3050e+00 3.8008e-02 1.8604e-01 -1.7728e-01 1.1235e+00 -1.1935e-01 -1.0916e-01 -2.4849e+00 -2.2431e-01 -1.0747e+00 -4.9659e-01 1.6916e-01 2.5740e+00 -6.3101e-01 -5.4177e-01 1.5617e-02 2.1017e+00 -2.8891e-01 -1.0369e+00 1.9451e+00 -2.1171e-01 -1.5488e+00 -2.4886e+00 -2.2167e-01 -1.7336e-01 4.2813e-01 -1.3388e+00 -7.4032e-02 -1.8066e-01 -4.7163e-02 -7.0098e-02 -3.2167e-02 -6.7800e-01 1.5209e+01 -2.1720e-01 8.6350e-03 -1.4810e-01 -1.0681e+00 -2.1002e-02
-7.1083e-02 -4.2046e-01 -2.5646e-01 3.2344e+00 -6.8711e-01 1.4636e+00 -3.3475e-01 1.4619e-01 3.6490e-02 -7.3993e-02 -2.5586e-01 1.7528e+00 8.4188e-02 -6.8387e-01 1.0022e-01 -1.4775e-01 1.8291e-01 -2.1000e-01 -3.6942e-01 1.4751e-01 -6.1808e-01 -3.9894e-01 -7.4336e-02 -1.0174e+00 -2.7919e-01 3.8395e-01 -2.3119e+00 -1.1963e-01 -7.8213e-02 -1.4176e-01 -9.9048e-03 -1.2248e+00 -1.2568e-01 2.6995e-02 -2.7165e+00 -1.2115e+00 -2.1147e-01 -9.7917e-02 -2.7556e-01 -2.0904e-01 -3.4878e-01 -1.4923e-01 -6.3048e-02 -1.5705e-01 -2.6066e-02 -3.6081e-01 -2.1720e-01 1.3160e+01 -5.0515e-02 -3.7707e-02 -1.2387e-01 -7.0086e-02
-1.0238e-01 -2.9490e-01 2.3169e-02 4.9812e-01 2.3311e-01 -1.3753e-01 5.1632e-01 -1.6397e-01 -1.7389e-01 3.4737e-03 -1.4425e-02 3.5512e-01 -4.7156e-02 2.4754e-01 -8.4117e-03 -2.1442e-01 -1.0112e-01 -2.6909e-01 -3.1701e-01 -5.1186e-02 -2.6177e-01 2.0862e-01 7.4402e-03 -2.3531e-01 -2.2192e-03 8.5030e-03 -4.3519e-01 -3.4214e-02 6.3427e-01 -7.4023e-02 -1.9070e-01 -7.1724e-01 -6.3880e-02 -3.3315e-02 6.6369e-01 -6.9379e-01 -1.3662e-01 -3.9388e-02 -4.8206e-02 -4.9348e-01 5.6307e-01 -4.1432e-02 -3.3780e-03 -3.8339e-02 -2.3029e-02 -3.0142e-02 8.6350e-03 -5.0515e-02 5.3419e+00 -5.2639e-02 -7.9339e-02 -2.0133e-01
-1.7926e-01 2.0891e+00 -3.3192e+00 -2.9318e+00 -1.7173e+00 -2.9143e+00 4.1748e+00 5.1588e-01 1.3457e-01 -2.3802e+00 -1.7403e-01 -2.2266e+00 -1.5448e-01 -9.1627e-01 -5.8989e-02 -7.4057e-01 -8.5950e-01 -1.8574e+00 3.0472e+00 -1.6927e-01 4.7377e+00 4.0108e+00 7.8011e-02 -7.5189e-01 -6.0151e-01 -2.0914e+00 -2.5908e+00 1.2351e-01 1.3607e-01 2.5321e-01 -8.5809e-01 -3.5706e+00 -6.0261e-01 -6.0294e-01 -2.1719e+00 -2.5860e+00 -7.2541e-01 -2.0428e-01 -7.4129e-01 -9.3701e-01 -2.7237e-01 -1.0803e-01 1.0406e-01 -4.7997e-02 -4.0177e-02 -1.6188e-01 -1.4810e-01 -3.7707e-02 -5.2639e-02 1.6884e+01 -1.7960e-02 9.6097e-02
4.1389e-01 -3.1522e-01 -5.3181e+00 -3.3081e-01 -2.1971e-02 -4.0661e+00 -1.7319e+00 -4.7067e-01 -1.0206e+00 2.8279e-02 3.9293e-01 4.1778e+00 1.3239e+01 -5.8633e+00 -1.6243e-01 4.5914e-01 4.5256e-01 -5.4398e+00 2.9571e+00 -4.3142e-01 -3.4182e+00 -1.2108e+00 1.9645e+01 -6.9539e-02 3.8834e-01 1.0805e+00 -2.0143e+00 -4.3019e-01 -1.3257e+00 4.7536e-02 8.3627e-01 -2.9979e+00 -1.8450e+00 7.4764e-01 2.0831e-01 -3.0137e+00 7.3914e-01 5.4554e-01 4.4825e-01 6.9777e-01 6.8216e-02 1.1275e+00 2.0860e-01 -2.6587e-01 2.6638e-02 -9.0377e-02 -1.0681e+00 -1.2387e-01 -7.9339e-02 -1.7960e-02 3.3102e+01 -1.4063e+00
-4.3090e-02 -4.1451e-02 -2.9708e+00 -5.1673e-01 -7.1587e-02 2.9323e-02 -1.5241e+00 1.9092e-02 4.9857e+00 1.6030e-01 -6.0222e-02 4.7510e+00 -4.7138e+00 -3.2593e-01 -5.9045e-02 -7.0688e-01 -3.3044e-02 -3.4682e-01 -3.9768e-01 -6.0190e-01 1.1567e+01 -2.5429e-01 3.3718e+00 -7.0309e-02 1.2225e-02 6.4874e+00 2.4978e+00 3.6167e-02 -1.3760e+00 -1.1002e-02 -5.9007e-02 -2.7569e-01 1.1818e+00 -4.9279e-01 -9.7072e-02 -1.7377e-01 3.4516e-02 6.8571e-02 9.7849e-02 -2.1590e-01 4.0566e-02 -4.9187e-01 -3.2782e-02 4.7985e-01 -4.3603e-02 -9.9278e-02 -2.1002e-02 -7.0086e-02 -2.0133e-01 9.6097e-02 -1.4063e+00 1.8423e+01
