3.6195e+01 -5.7721e+00 -1.4125e+00 -6.5647e+00 -3.6575e+00 -3.2296e+00 -2.0124e+00 -6.8164e-01 -2.7524e+00 -1.4810e+00 -4.2210e-01 -6.4040e-01 8.6452e+00 1.7404e-01 -6.1354e-02 8.4740e+00 -1.2293e+00 -3.3862e-01 -7.0118e-01 -7.5458e-01 -7.1875e+00 -5.0147e-02 -4.1302e+00 -1.1077e-01 3.9385e-01 -1.9335e-01 2.8073e+00 2.6547e+00 5.5265e-01 2.9143e+00 -1.4180e-01 1.6537e+00 -4.1295e+00 1.0565e+00 8.9568e-01 -4.2624e-01 1.8955e+00 4.1199e-01 -5.2089e+00 -1.0432e+00 -9.0015e-02 7.7053e-02 1.6313e+00 -2.6914e-01 1.8986e-01 -1.1575e-01 4.1163e-02 3.6957e-01 6.3439e-02 -3.0131e-01 3.8250e-03 -4.9600e-01
-5.7721e+00 1.2643e+02 3.3667e+00 -4.8505e+00 8.6105e+00 7.5642e+00 1.4735e-01 2.2583e+00 -3.1020e+01 -7.7215e+01 2.4900e+01 3.3879e+01 -5.2016e+01 1.7126e-01 -2.5136e+00 -4.8606e+01 -9.9309e+00 8.8550e-02 -2.5081e+00 -9.4434e-01 1.8001e+01 -1.6358e+00 1.2963e+01 -1.2446e+00 -4.8956e+00 2.2900e-01 -2.4074e+00 -1.0917e+01 6.4392e+00 -6.5670e+00 -2.7702e+00 9.1212e+00 5.0987e+00 -2.0806e+00 -1.8611e-01 1.0780e+00 1.6057e+00 3.6743e+00 2.3870e+00 -1.7544e+01 -6.3866e-02 2.1026e+00 5.9719e+00 -1.2059e+00 1.1527e+00 -4.6258e-02 -6.1826e-01 -5.8830e-01 -7.0512e-01 -3.1220e+00 1.3986e-01 -5.3697e-01
-1.4125e+00 3.3667e+00 2.8402e+01 -1.0433e+00 4.1186e+00 2.7650e+00 2.9613e+00 4.0094e+00 -4.3839e+00 -2.8196e+00 1.3143e+00 5.1613e+00 -8.1996e+00 -2.1130e+00 -1.9524e-02 -8.4447e+00 -2.8706e+00 -6.0813e-01 -2.7020e-01 5.0286e-01 9.1046e-01 1.1024e+00 2.9660e+00 -1.6448e-01 1.7018e+00 6.4240e-01 -7.2767e-01 -9.7982e-01 -2.5762e+00 -2.4803e-01 1.4130e+00 -2.6415e-01 -5.2167e+00 -3.3154e-01 8.8242e-01 5.3908e-01 7.0804e-02 -2.3320e+00 1.4749e+00 3.4504e+00 -9.9929e-02 -2.4720e-01 5.2731e-01 3.2505e-01 -1.8763e-01 -2.6421e-01 -1.5704e-01 -2.4039e-01 -2.7191e-01 -4.2209e-01 -2.3895e+00 -2.5845e+00
-6.5647e+00 -4.8505e+00 -1.0433e+00 5.6018e+01 1.8179e+01 -5.7993e-01 -6.6773e-01 1.3480e-01 6.4323e+00 6.1163e+00 -4.3795e+00 -1.9377e-01 -1.6900e+01 -1.4787e-01 -6.9508e-01 -1.7395e+01 4.4081e-01 -3.4849e-01 2.4050e+00 -1.4198e+00 1.9615e+01 5.1896e-01 4.4430e-01 -1.0861e-01 -2.0333e+00 -1.2331e-01 -1.3475e+00 6.7444e-01 -7.9128e-01 1.5720e+00 -3.4627e+00 5.4016e-01 1.0204e+01 -5.0806e-01 -5.8751e-01 -2.5210e-01 -3.6487e+00 -2.6590e+00 4.7493e-01 4.1874e+00 2.6618e-02 -1.5448e-01 1.7067e+00 5.0107e+00 8.2041e-01 1.7490e-01 -1.3719e-01 -8.0476e-01 1.5082e-01 3.9588e-01 -2.9831e-01 -8.0737e-01
-3.6575e+00 8.6105e+00 4.1186e+00 1.8179e+01 9.5037e+01 -1.6261e+00 -2.5176e-01 1.2033e-01 -4.4092e+01 -2.5512e+01 9.5053e+00 5.7489e+00 -4.7013e+01 -3.0410e+00 -1.1649e+00 -4.0718e+01 2.7302e+00 2.0041e+00 5.3519e+00 -7.6420e-01 3.9796e+01 5.1811e+00 2.0970e+01 1.3119e+00 9.1814e-01 1.1389e-01 -4.7035e-01 -3.3816e+01 1.2727e+01 2.7611e+00 2.6102e-01 7.2891e+00 2.8022e+01 -3.5819e+00 2.2459e-01 -1.4219e+00 -1.8663e+00 3.5006e+00 4.8451e+00 -1.9149e+01 1.3412e-01 -8.9087e-03 -1.0314e+01 4.3404e+00 8.0882e-02 7.1446e-01 -9.0868e-01 1.1033e+00 -3.1843e+00 6.7192e-01 -2.3494e+00 -4.5721e+00
-3.2296e+00 7.5642e+00 2.7650e+00 -5.7993e-01 -1.6261e+00 6.2289e+01 3.2479e+01 -1.0466e+00 -2.1694e+00 -9.0691e+00 -4.3368e-01 4.0074e+00 -2.5253e+01 -4.7499e+00 -3.1111e+00 -2.0080e+01 -1.1385e+01 -1.4262e+00 6.1568e-01 -8.2607e-01 2.0103e+01 1.7112e+00 -5.3204e-01 -3.9939e-01 -4.0607e-02 -2.1445e+00 -4.6830e-01 -3.0508e+00 4.9355e+00 4.4703e+00 -2.7807e-01 6.3131e+00 1.1805e+01 -8.6408e-02 -9.2584e-02 -7.9533e-01 1.5396e-02 1.9451e+00 3.2857e-01 -8.1388e+00 -1.2678e-01 1.4537e-01 2.8045e+00 -3.4375e-02 -2.0671e+00 -3.6788e-01 -6.7580e-01 -2.3191e-01 4.1426e-01 3.3969e-01 -6.3085e+00 -1.1341e+00
-2.0124e+00 1.4735e-01 2.9613e+00 -6.6773e-01 -2.5176e-01 3.2479e+01 3.7570e+01 -6.2647e-01 4.3667e-01 4.7712e-01 -2.7337e-03 -2.3400e-01 -1.4567e+01 -4.4660e+00 -3.0068e+00 -1.1574e+01 -1.6558e-01 -1.5430e-02 5.4873e-02 -8.8248e-01 1.0948e+01 1.2461e-01 7.6231e-01 -3.2071e-01 1.4407e+00 -1.3164e+00 -7.0770e-03 -4.3149e+00 4.9317e-01 1.6745e-01 -2.0606e-01 -1.3546e-02 5.9281e+00 -4.8279e-01 -2.3469e-01 -6.3125e-01 5.2607e-02 -4.6448e-01 -1.0084e-01 -1.4929e-01 -1.6402e-01 -4.6088e-03 6.3720e-02 -9.1354e-02 -3.8560e-01 -5.5229e-01 -9.8320e-02 -3.0192e-01 1.2686e-01 9.5914e-02 -6.1744e+00 -4.1495e-01
-6.8164e-01 2.2583e+00 4.0094e+00 1.3480e-01 1.2033e-01 -1.0466e+00 -6.2647e-01 2.1790e+01 -1.2746e+01 2.4566e+00 1.0515e+01 1.2463e+01 -9.0540e+00 -1.4806e-01 -4.2365e-01 -1.1632e+01 -4.5817e+00 -4.0928e-01 2.5759e-01 -7.1337e-02 1.9320e+00 1.1969e-01 7.2239e+00 -1.1061e-01 1.1839e+00 -1.9422e-01 -7.0884e-01 -1.6774e-01 3.9308e+00 -1.7204e+00 3.2204e+00 3.6230e+00 3.3318e+00 1.7026e-01 -3.5973e-01 -4.5796e-01 4.8448e-02 -3.0988e+00 5.4578e+00 6.0686e-01 -6.2183e-02 -3.3018e-01 -5.0639e-01 2.7533e-02 -2.5000e-01 2.4172e-02 -1.0012e-01 -8.9054e-02 -1.0950e-01 -4.2820e-01 -2.4335e-01 -7.4238e-01
-2.7524e+00 -3.1020e+01 -4.3839e+00 6.4323e+00 -4.4092e+01 -2.1694e+00 4.3667e-01 -1.2746e+01 1.3244e+02 2.8432e+01 -4.5834e+01 -4.3632e+01 4.7238e+01 1.5082e-01 4.5628e-02 4.5831e+01 1.6120e+01 6.3574e-01 -5.5009e+00 -8.8434e-01 -2.8694e+01 -6.0744e+00 -2.3699e+01 -2.7489e+00 -3.9819e+00 -1.0536e+00 7.4106e-01 2.6487e+01 -3.4065e+01 -4.4567e+00 -6.4235e+00 -1.8013e+01 -4.5816e+01 3.0974e+00 -1.8343e-02 -3.7623e+00 -3.0418e+00 -2.1072e+00 -5.8767e+00 3.4404e+01 -3.6318e-01 9.5596e-01 1.7383e+01 1.6876e+00 -1.0258e+00 -1.2745e+00 -1.3694e-01 -4.9093e-01 2.6361e+00 -1.1211e+00 1.3215e-01 1.7262e-01
-1.4810e+00 -7.7215e+01 -2.8196e+00 6.1163e+00 -2.5512e+01 -9.0691e+00 4.7712e-01 2.4566e+00 2.8432e+01 1.7258e+02 6.1440e+00 -1.7921e+01 9.4787e+01 2.0012e-01 2.2519e+00 8.6301e+01 5.2702e+00 9.0768e-01 4.3644e+00 3.2885e+00 -5.9064e+01 7.7452e+00 1.3315e+01 -4.0457e+00 -2.7005e+00 -1.1786e+00 3.5153e+00 1.8853e+01 3.4608e+00 4.4580e+00 7.1906e+00 -4.4535e+00 -2.6616e+01 2.5447e+00 -3.2877e+00 2.4767e+00 -4.2286e+00 -1.4631e+01 1.1750e+00 2.7045e+01 -2.9896e-01 -2.5238e+00 1.9270e+00 -1.4369e+00 1.5357e+00 2.6695e-01 8.8404e-01 -1.1821e+00 2.3833e+00 3.4629e+00 1.7745e-01 2.3687e-01
-4.2210e-01 2.4900e+01 1.3143e+00 -4.3795e+00 9.5053e+00 -4.3368e-01 -2.7337e-03 1.0515e+01 -4.5834e+01 6.1440e+00 8.8459e+01 3.8228e+01 -1.7523e+01 1.8103e-01 -1.2831e+00 -2.5988e+01 -1.9431e+01 1.0482e+00 -1.8838e+00 -4.7327e-01 1.9630e+01 -4.0323e+00 2.9263e+01 -1.0201e+00 -1.8268e+00 -5.5245e-01 7.0853e-01 -3.7037e+00 4.2290e+01 1.3727e+01 8.0188e+00 2.3120e+01 2.6601e+01 -2.7912e+00 -1.3496e+00 2.7265e+00 2.2018e+00 -1.1996e+01 8.5865e+00 -1.8348e+01 2.5364e-02 2.5703e+00 -2.6211e+00 -7.7739e-01 7.0841e-01 -3.3958e-01 3.1500e-02 5.4455e-01 8.0910e-01 4.9058e+00 1.4683e-01 -2.1197e-01
-6.4040e-01 3.3879e+01 5.1613e+00 -1.9377e-01 5.7489e+00 4.0074e+00 -2.3400e-01 1.2463e+01 -4.3632e+01 -1.7921e+01 3.8228e+01 7.0505e+01 -3.8604e+01 9.9235e-02 -5.1978e-01 -4.9249e+01 -2.0952e+01 -8.7362e-01 -7.2506e-01 -1.3005e-01 2.8115e+01 -2.8701e+00 1.9831e+01 -5.0871e-01 -4.7884e-01 5.4245e-01 -2.7855e+00 -4.2478e+00 2.6683e+01 3.3581e+00 2.4812e+00 2.9306e+01 1.6790e+01 -1.9034e+00 -8.7669e-01 3.2916e+00 1.1201e-01 -1.0439e+01 1.2949e+01 -1.5748e+01 1.3983e-01 3.7432e+00 1.8902e+00 1.1909e-01 3.6960e-01 -1.0303e-01 -2.3391e-01 -2.2798e-01 -1.2900e+00 -3.7065e-01 1.3804e-01 1.7343e-01
8.6452e+00 -5.2016e+01 -8.1996e+00 -1.6900e+01 -4.7013e+01 -2.5253e+01 -1.4567e+01 -9.0540e+00 4.7238e+01 9.4787e+01 -1.7523e+01 -3.8604e+01 2.0470e+02 8.9058e+00 1.3846e+00 1.5433e+02 2.0712e+01 1.7505e-01 5.7756e+00 1.9756e+00 -1.1454e+02 -1.0674e+01 -3.2741e+01 -3.2202e+00 -7.3330e+00 1.8958e+00 3.7170e+00 2.9748e+01 -1.0157e+01 3.7491e+00 1.8059e+00 -1.1360e+01 -7.2355e+01 4.7356e+00 -2.8356e+00 -2.5133e+00 3.1849e+00 -1.8107e+01 -2.4246e+01 3.7585e+01 -6.8012e-01 -3.2959e+00 1.5130e+00 -5.1695e+00 1.0485e-01 3.7673e-01 1.4944e+00 -9.6113e-01 3.1713e+00 1.1842e+00 1.0458e+01 5.6336e+00
1.7404e-01 1.7126e-01 -2.1130e+00 -1.4787e-01 -3.0410e+00 -4.7499e+00 -4.4660e+00 -1.4806e-01 1.5082e-01 2.0012e-01 1.8103e-01 9.9235e-02 8.9058e+00 1.8113e+01 2.2653e-01 1.0924e+01 7.1874e-02 -9.6960e-01 1.3535e-01 9.1460e-02 -6.2469e+00 -3.2486e-01 5.4847e-02 2.1466e-02 3.7509e-01 -2.0759e+00 -4.2894e-02 8.7932e-01 1.5759e-01 5.5993e-03 -1.9936e-01 2.6694e-01 3.4290e-01 -1.5879e-01 -1.6487e-01 -2.4406e-01 -3.4053e-02 -8.1791e-01 -1.3330e-01 3.8438e-01 -3.9623e-02 1.7556e-01 1.5298e-02 5.6368e-03 -5.9867e-02 1.4529e-01 -3.5045e-02 1.7174e-02 2.1723e-01 -8.3653e-02 1.4882e+01 4.1371e+00
-6.1354e-02 -2.5136e+00 -1.9524e-02 -6.9508e-01 -1.1649e+00 -3.1111e+00 -3.0068e+00 -4.2365e-01 4.5628e-02 2.2519e+00 -1.2831e+00 -5.1978e-01 1.3846e+00 2.2653e-01 1.7319e+01 1.8150e+00 -5.1310e-01 -2.8287e-01 5.2886e-02 1.4246e+00 -8.6222e-01 1.0987e-01 9.9295e-01 -1.5721e-02 -2.2942e-01 -1.3422e-01 -3.0901e-01 1.2923e+00 5.0217e-01 -2.4368e+00 1.2958e+00 1.0729e+00 8.6678e-01 -5.2268e-02 -3.0386e-01 6.7213e-01 -5.4154e-02 -4.8603e-01 -3.9696e-01 -4.1537e-01 2.4577e-01 -1.7708e-02 -1.0002e-01 1.0096e+00 5.6417e-01 -1.2683e-01 -6.4789e-02 6.5182e-03 -1.0766e-01 -1.6105e-01 1.0285e-01 -1.4421e-02
8.4740e+00 -4.8606e+01 -8.4447e+00 -1.7395e+01 -4.0718e+01 -2.0080e+01 -1.1574e+01 -1.1632e+01 4.5831e+01 8.6301e+01 -2.5988e+01 -4.9249e+01 1.5433e+02 1.0924e+01 1.8150e+00 1.9316e+02 2.8192e+01 3.5184e-01 1.5466e-01 2.0022e+00 -1.4100e+02 1.3910e+01 -2.0839e+01 -3.7522e+00 -9.6832e+00 -1.7989e+00 1.8068e+00 2.7890e+01 -2.4159e+01 -1.3121e+00 1.2505e+00 -2.8491e+01 -8.3860e+01 3.7029e+00 -2.5461e+00 -3.5203e+00 3.1801e+00 5.2917e+00 -2.9240e+01 3.0157e+01 -4.3312e-01 -3.6503e+00 1.4117e+00 -4.2463e+00 -2.0921e-01 3.2371e-01 1.3875e+00 -5.1490e-01 2.8121e+00 1.1858e+00 9.0555e+00 9.1816e+00
-1.2293e+00 -9.9309e+00 -2.8706e+00 4.4081e-01 2.7302e+00 -1.1385e+01 -1.6558e-01 -4.5817e+00 1.6120e+01 5.2702e+00 -1.9431e+01 -2.0952e+01 2.0712e+01 7.1874e-02 -5.1310e-01 2.8192e+01 7.1117e+01 3.7122e-01 -2.5580e-02 -2.7615e-01 -5.4174e+01 -3.9245e+00 -1.1437e+01 -7.5183e-01 1.9747e+00 -3.0235e-01 5.6632e+00 -1.9241e+00 -3.5606e+01 -2.8093e+01 -1.2512e+00 -3.3628e+01 -3.4880e+01 -7.2606e-01 2.7720e-01 -1.8133e+00 -2.7864e-01 5.5870e+00 -5.6191e+00 3.1461e+01 -2.5935e-01 -1.1336e+00 -3.4357e+00 2.9140e-01 6.7851e-01 8.0825e-01 -1.0111e-01 -3.2312e-01 2.5591e-01 -2.3469e+00 4.1301e-02 -5.7069e-01
-3.3862e-01 8.8550e-02 -6.0813e-01 -3.4849e-01 2.0041e+00 -1.4262e+00 -1.5430e-02 -4.0928e-01 6.3574e-01 9.0768e-01 1.0482e+00 -8.7362e-01 1.7505e-01 -9.6960e-01 -2.8287e-01 3.5184e-01 3.7122e-01 1.1549e+01 -1.1905e-01 -1.2967e-01 6.2569e-01 -1.7900e-01 -8.3652e-01 8.1627e-01 -2.8959e-01 -1.2733e-02 -1.4846e-01 -1.6366e-01 -3.5636e-01 3.7869e-01 -1.7997e-01 -2.0870e+00 -8.8295e-02 5.4097e-02 -1.2582e-01 -1.8924e-01 -7.3558e-02 1.1745e+00 -2.2411e-01 4.4983e-01 -3.6168e-02 -5.6628e-02 -1.0685e-01 1.3509e-01 1.4308e-02 8.8942e-03 2.2583e-01 1.9006e-01 -5.8791e-02 -2.2144e-02 -1.2691e-01 1.9428e-01
-7.0118e-01 -2.5081e+00 -2.7020e-01 2.4050e+00 5.3519e+00 6.1568e-01 5.4873e-02 2.5759e-01 -5.5009e+00 4.3644e+00 -1.8838e+00 -7.2506e-01 5.7756e+00 1.3535e-01 5.2886e-02 1.5466e-01 -2.5580e-02 -1.1905e-01 2.3069e+01 -1.8779e-01 9.6677e+00 -1.8592e+00 1.0090e+01 -4.9466e-01 -8.9750e-01 -2.1743e-03 -2.0439e-01 -2.8119e+00 -1.5827e+00 -7.6429e-01 -6.3647e-01 -8.8059e-01 -3.5276e+00 2.6070e+00 -5.2753e-01 -1.3872e-01 8.4432e-02 -1.5867e-01 6.1663e+00 -1.7238e+00 -3.8772e-02 1.7286e-01 -1.9060e+00 -6.0456e-01 8.2112e-01 -3.5141e-01 2.6966e-01 -2.5550e-01 5.1801e-01 -1.7484e-01 1.3133e-01 1.9202e-02
-7.5458e-01 -9.4434e-01 5.0286e-01 -1.4198e+00 -7.6420e-01 -8.2607e-01 -8.8248e-01 -7.1337e-02 -8.8434e-01 3.2885e+00 -4.7327e-01 -1.3005e-01 1.9756e+00 9.1460e-02 1.4246e+00 2.0022e+00 -2.7615e-01 -1.2967e-01 -1.8779e-01 1.1593e+01 -1.2043e+00 7.0383e-01 -5.4739e-01 -9.0707e-02 -2.6089e-01 -5.5137e-02 -2.6031e-01 2.5382e-01 1.6348e-01 -4.4175e-01 2.8226e-01 2.7198e-01 -7.6771e-01 -1.6173e-01 -1.1936e-01 1.8131e+00 -5.1200e-03 -2.3049e-01 -1.2740e+00 -5.2040e-01 -1.9584e-02 -4.5529e-02 3.9549e-01 -2.8740e-01 -2.8448e-02 -1.3163e-01 -5.3213e-02 -5.2752e-02 -1.2669e-01 5.2465e-01 -8.8950e-04 3.3883e-01
-7.1875e+00 1.8001e+01 9.1046e-01 1.9615e+01 3.9796e+01 2.0103e+01 1.0948e+01 1.9320e+00 -2.8694e+01 -5.9064e+01 1.9630e+01 2.8115e+01 -1.1454e+02 -6.2469e+00 -8.6222e-01 -1.4100e+02 -5.4174e+01 6.2569e-01 9.6677e+00 -1.2043e+00 1.9513e+02 -1.5860e+01 1.9190e+01 2.8600e+00 6.7627e+00 9.1327e-01 -8.4652e+00 -2.9162e+01 4.8406e+01 3.3503e+01 -2.9462e+00 4.6719e+01 1.0002e+02 -2.1988e+00 1.8711e+00 5.0185e-01 -2.6293e+00 -1.1496e+01 2.7826e+01 -4.7753e+01 4.1726e-01 2.9881e+00 -2.6973e+00 4.3055e+00 -4.3982e-01 -1.0603e+00 1.5177e-01 1.5043e+00 -2.3499e+00 2.3435e+00 -5.5958e+00 8.4663e+00
-5.0147e-02 -1.6358e+00 1.1024e+00 5.1896e-01 5.1811e+00 1.7112e+00 1.2461e-01 1.1969e-01 -6.0744e+00 7.7452e+00 -4.0323e+00 -2.8701e+00 -1.0674e+01 -3.2486e-01 1.0987e-01 1.3910e+01 -3.9245e+00 -1.7900e-01 -1.8592e+00 7.0383e-01 -1.5860e+01 3.4580e+01 1.9431e+01 -1.0986e+00 -9.5819e-01 -1.2473e-01 7.6374e-01 -4.4164e+00 -4.4317e+00 -3.0841e+00 -5.2135e-01 -6.2846e+00 -4.6573e+00 -1.3144e+00 -8.1853e-01 5.8432e-01 -2.7488e-01 8.2868e+00 -2.0517e+00 -5.2776e+00 1.9545e-01 4.7018e-01 -3.4015e+00 -2.9958e-01 -3.7957e-01 1.0912e+00 -4.0229e-01 -3.6351e-01 -9.1462e-01 1.5976e-01 -3.3738e-01 1.0834e-01
-4.1302e+00 1.2963e+01 2.9660e+00 4.4430e-01 2.0970e+01 -5.3204e-01 7.6231e-01 7.2239e+00 -2.3699e+01 1.3315e+01 2.9263e+01 1.9831e+01 -3.2741e+01 5.4847e-02 9.9295e-01 -2.0839e+01 -1.1437e+01 -8.3652e-01 1.0090e+01 -5.4739e-01 1.9190e+01 1.9431e+01 1.1005e+02 -2.1270e+00 -3.4092e+00 -6.6065e-01 -1.3515e+00 -1.2791e+01 1.7181e+01 -1.5350e+01 -1.9149e+00 1.4897e+01 -2.5159e+00 -6.6015e-01 -1.9111e+00 4.6103e+00 -1.2089e+00 -1.3721e+00 3.0699e+01 -1.9733e+01 2.6051e-01 4.8837e+00 -7.9397e+00 -1.8694e+00 1.5626e+00 4.1724e-01 4.3702e-01 -7.5831e-01 3.2850e-01 -8.4957e-02 1.5835e-03 3.1320e-01
-1.1077e-01 -1.2446e+00 -1.6448e-01 -1.0861e-01 1.3119e+00 -3.9939e-01 -3.2071e-01 -1.1061e-01 -2.7489e+00 -4.0457e+00 -1.0201e+00 -5.0871e-01 -3.2202e+00 2.1466e-02 -1.5721e-02 -3.7522e+00 -7.5183e-01 8.1627e-01 -4.9466e-01 -9.0707e-02 2.8600e+00 -1.0986e+00 -2.1270e+00 1.6248e+01 6.7332e+00 5.2380e-03 2.3786e-01 -2.8117e-01 -1.8635e+00 -5.4858e-01 -4.7572e-01 -1.3216e+00 -2.3854e+00 3.2922e-03 3.0341e-01 6.4154e-01 4.9622e-02 -5.3848e-01 -3.9917e-01 -1.5952e+00 -3.3307e-02 -4.1016e-02 -9.4179e-01 4.2003e-02 7.3267e-02 -1.6905e-03 -1.1395e-01 -7.4361e-02 -6.2688e-01 8.0160e-02 1.0637e+00 -2.7823e-01
3.9385e-01 -4.8956e+00 1.7018e+00 -2.0333e+00 9.1814e-01 -4.0607e-02 1.4407e+00 1.1839e+00 -3.9819e+00 -2.7005e+00 -1.8268e+00 -4.7884e-01 -7.3330e+00 3.7509e-01 -2.2942e-01 -9.6832e+00 1.9747e+00 -2.8959e-01 -8.9750e-01 -2.6089e-01 6.7627e+00 -9.5819e-01 -3.4092e+00 6.7332e+00 3.4294e+01 8.5654e-01 -4.5631e-01 -1.8198e+00 -5.4539e+00 -1.2140e+00 -3.9352e-01 -3.2604e+00 5.8212e-01 -6.1756e-01 1.3494e+00 -9.9734e-02 -4.7961e-01 -2.1127e+00 -2.7813e+00 2.9021e+00 -5.0628e-02 -2.1110e-01 -1.5811e+00 5.8129e-01 -1.7564e-01 -2.0781e-01 3.6165e-02 -1.4354e-01 -6.2372e-01 -4.5878e-01 2.9747e-01 1.1475e-01
-1.9335e-01 2.2900e-01 6.4240e-01 -1.2331e-01 1.1389e-01 -2.1445e+00 -1.3164e+00 -1.9422e-01 -1.0536e+00 -1.1786e+00 -5.5245e-01 5.4245e-01 1.8958e+00 -2.0759e+00 -1.3422e-01 -1.7989e+00 -3.0235e-01 -1.2733e-02 -2.1743e-03 -5.5137e-02 9.1327e-01 -1.2473e-01 -6.6065e-01 5.2380e-03 8.5654e-01 1.1171e+01 7.5692e-02 -2.8301e-02 -3.9985e-01 -2.4150e-01 -1.1819e-01 4.5764e-01 -1.6940e+00 1.6650e-01 -2.5426e-02 -1.7922e-01 4.8592e-02 -2.4761e-01 -4.3195e-01 1.8149e-01 -4.0923e-02 -2.8307e-02 8.9494e-02 -6.8325e-02 -3.5204e-02 -7.9114e-02 -4.9360e-02 -4.8629e-02 1.6413e-03 -8.7247e-02 1.7606e+00 -1.1359e+00
2.8073e+00 -2.4074e+00 -7.2767e-01 -1.3475e+00 -4.7035e-01 -4.6830e-01 -7.0770e-03 -7.0884e-01 7.4106e-01 3.5153e+00 7.0853e-01 -2.7855e+00 3.7170e+00 -4.2894e-02 -3.0901e-01 1.8068e+00 5.6632e+00 -1.4846e-01 -2.0439e-01 -2.6031e-01 -8.4652e+00 7.6374e-01 -1.3515e+00 2.3786e-01 -4.5631e-01 7.5692e-02 2.1324e+01 -1.2087e+00 2.4260e+00 5.2475e-01 -2.7557e-01 2.9806e+00 6.5959e+00 6.2991e-02 2.4801e-01 -1.9986e-01 -5.8809e-01 -4.5086e-01 -2.1022e+00 -2.4015e+00 -5.9982e-02 -2.6565e-01 2.4197e+00 1.6782e-01 -2.1607e-01 -3.2151e-02 1.6621e-02 -8.1282e-02 -1.7141e-01 -1.7392e-01 -5.6001e-02 8.8835e-03
2.6547e+00 -1.0917e+01 -9.7982e-01 6.7444e-01 -3.3816e+01 -3.0508e+00 -4.3149e+00 -1.6774e-01 2.6487e+01 1.8853e+01 -3.7037e+00 -4.2478e+00 2.9748e+01 8.7932e-01 1.2923e+00 2.7890e+01 -1.9241e+00 -1.6366e-01 -2.8119e+00 2.5382e-01 -2.9162e+01 -4.4164e+00 -1.2791e+01 -2.8117e-01 -1.8198e+00 -2.8301e-02 -1.2087e+00 7.0355e+01 -8.7157e+00 -3.0213e+00 -1.9841e+00 -7.4267e+00 -2.6553e+01 5.5427e+00 3.3436e-01 6.2088e-01 6.9663e+00 -3.3003e+00 -8.2422e+00 2.5152e+01 -1.7787e-01 -2.9433e-01 -5.3091e+00 1.2579e+00 -3.7534e-01 -6.7359e-01 -5.9941e-01 -4.8397e-01 4.6085e+00 -3.1851e-01 8.9770e-01 -1.1416e-01
5.5265e-01 6.4392e+00 -2.5762e+00 -7.9128e-01 1.2727e+01 4.9355e+00 4.9317e-01 3.9308e+00 -3.4065e+01 3.4608e+00 4.2290e+01 2.6683e+01 -1.0157e+01 1.5759e-01 5.0217e-01 -2.4159e+01 -3.5606e+01 -3.5636e-01 -1.5827e+00 1.6348e-01 4.8406e+01 -4.4317e+00 1.7181e+01 -1.8635e+00 -5.4539e+00 -3.9985e-01 2.4260e+00 -8.7157e+00 9.9296e+01 3.7886e+01 6.8156e+00 6.1986e+01 6.6635e+01 -2.1409e+00 -1.2062e+00 1.9116e+00 -4.1278e-01 -1.8072e+01 7.0804e+00 -4.0369e+01 -1.1626e-01 1.4929e+00 -8.4677e+00 -3.6363e-01 -1.6702e-01 -5.4899e-01 -8.0272e-01 1.2009e-02 -5.5978e-01 2.7797e+00 1.9653e-01 5.3264e-01
2.9143e+00 -6.5670e+00 -2.4803e-01 1.5720e+00 2.7611e+00 4.4703e+00 1.6745e-01 -1.7204e+00 -4.4567e+00 4.4580e+00 1.3727e+01 3.3581e+00 3.7491e+00 5.5993e-03 -2.4368e+00 -1.3121e+00 -2.8093e+01 3.7869e-01 -7.6429e-01 -4.4175e-01 3.3503e+01 -3.0841e+00 -1.5350e+01 -5.4858e-01 -1.2140e+00 -2.4150e-01 5.2475e-01 -3.0213e+00 3.7886e+01 7.8414e+01 2.4997e-01 2.8327e+01 3.5335e+01 -1.2458e+00 -5.7483e-01 -2.4251e+00 -5.1662e-01 -1.0421e+01 -6.5802e+00 -1.3916e+01 3.1313e-02 -1.6326e+00 7.0871e-02 -4.7058e-01 -1.2421e+00 -3.7948e-01 -6.0896e-01 -7.0483e-01 -1.0228e+00 4.3601e+00 -2.2975e-02 2.3717e-01
-1.4180e-01 -2.7702e+00 1.4130e+00 -3.4627e+00 2.6102e-01 -2.7807e-01 -2.0606e-01 3.2204e+00 -6.4235e+00 7.1906e+00 8.0188e+00 2.4812e+00 1.8059e+00 -1.9936e-01 1.2958e+00 1.2505e+00 -1.2512e+00 -1.7997e-01 -6.3647e-01 2.8226e-01 -2.9462e+00 -5.2135e-01 -1.9149e+00 -4.7572e-01 -3.9352e-01 -1.1819e-01 -2.7557e-01 -1.9841e+00 6.8156e+00 2.4997e-01 2.0849e+01 -1.4234e-01 -3.4987e+00 -6.3981e-01 -4.1177e-01 -3.3904e-01 -2.9861e-01 4.4654e-01 4.8036e+00 -2.1764e+00 -4.7391e-02 -5.6522e-02 -3.6206e-01 7.7199e-01 -1.4407e-01 -1.6585e-01 -1.2259e-01 -1.8070e-01 3.7962e-01 -1.2957e-01 -2.3770e-01 2.8071e-01
1.6537e+00 9.1212e+00 -2.6415e-01 5.4016e-01 7.2891e+00 6.3131e+00 -1.3546e-02 3.6230e+00 -1.8013e+01 -4.4535e+00 2.3120e+01 2.9306e+01 -1.1360e+01 2.6694e-01 1.0729e+00 -2.8491e+01 -3.3628e+01 -2.0870e+00 -8.8059e-01 2.7198e-01 4.6719e+01 -6.2846e+00 1.4897e+01 -1.3216e+00 -3.2604e+00 4.5764e-01 2.9806e+00 -7.4267e+00 6.1986e+01 2.8327e+01 -1.4234e-01 9.6691e+01 5.2546e+01 -3.3032e+00 -7.9229e-01 1.1613e+00 1.9228e-01 -2.1980e+01 5.5885e+00 -3.9241e+01 -2.1115e-01 1.1724e+00 1.0860e+01 -1.5899e-01 -6.5159e-01 3.3863e-02 -9.2070e-01 1.8274e-01 -9.5257e-01 2.3220e+00 2.5644e-01 5.7051e-01
-4.1295e+00 5.0987e+00 -5.2167e+00 1.0204e+01 2.8022e+01 1.1805e+01 5.9281e+00 3.3318e+00 -4.5816e+01 -2.6616e+01 2.6601e+01 1.6790e+01 -7.2355e+01 3.4290e-01 8.6678e-01 -8.3860e+01 -3.4880e+01 -8.8295e-02 -3.5276e+00 -7.6771e-01 1.0002e+02 -4.6573e+00 -2.5159e+00 -2.3854e+00 5.8212e-01 -1.6940e+00 6.5959e+00 -2.6553e+01 6.6635e+01 3.5335e+01 -3.4987e+00 5.2546e+01 1.8471e+02 -3.4105e+00 3.2065e+00 9.7563e-01 -4.2844e+00 -2.0216e+00 7.7744e+00 -5.3278e+01 5.9510e-01 1.0106e+00 -1.3239e+01 4.2119e+00 1.6883e-01 -7.1649e-01 -1.3799e+00 2.5269e+00 -2.6242e+00 3.4165e+00 -1.8736e-01 4.2505e+00
1.0565e+00 -2.0806e+00 -3.3154e-01 -5.0806e-01 -3.5819e+00 -8.6408e-02 -4.8279e-01 1.7026e-01 3.0974e+00 2.5447e+00 -2.7912e+00 -1.9034e+00 4.7356e+00 -1.5879e-01 -5.2268e-02 3.7029e+00 -7.2606e-01 5.4097e-02 2.6070e+00 -1.6173e-01 -2.1988e+00 -1.3144e+00 -6.6015e-01 3.2922e-03 -6.1756e-01 1.6650e-01 6.2991e-02 5.5427e+00 -2.1409e+00 -1.2458e+00 -6.3981e-01 -3.3032e+00 -3.4105e+00 2.1917e+01 -2.2303e-02 -1.6924e-01 1.3273e-01 -7.2134e-01 -1.2317e+00 5.8135e+00 -2.8408e-02 -7.1262e-02 -1.7905e+00 -1.6730e-02 -1.0021e-01 -2.1254e-01 -1.2080e-01 -1.4056e-01 -6.0107e-01 -3.8463e-02 4.5534e-02 -7.0531e-01
8.9568e-01 -1.8611e-01 8.8242e-01 -5.8751e-01 2.2459e-01 -9.2584e-02 -2.3469e-01 -3.5973e-01 -1.8343e-02 -3.2877e+00 -1.3496e+00 -8.7669e-01 -2.8356e+00 -1.6487e-01 -3.0386e-01 -2.5461e+00 2.7720e-01 -1.2582e-01 -5.2753e-01 -1.1936e-01 1.8711e+00 -8.1853e-01 -1.9111e+00 3.0341e-01 1.3494e+00 -2.5426e-02 2.4801e-01 3.3436e-01 -1.2062e+00 -5.7483e-01 -4.1177e-01 -7.9229e-01 3.2065e+00 -2.2303e-02 1.7011e+01 7.9419e-01 3.3074e-02 1.1022e+00 3.2185e-02 -1.8600e+00 -5.2948e-02 -1.2341e-01 1.2455e-01 8.3701e-01 1.2053e-01 3.7436e-01 -3.0393e-03 -1.8536e-02 -3.4917e-01 -2.0165e-01 -2.3229e-01 -4.2263e-01
-4.2624e-01 1.0780e+00 5.3908e-01 -2.5210e-01 -1.4219e+00 -7.9533e-01 -6.3125e-01 -4.5796e-01 -3.7623e+00 2.4767e+00 2.7265e+00 3.2916e+00 -2.5133e+00 -2.4406e-01 6.7213e-01 -3.5203e+00 -1.8133e+00 -1.8924e-01 -1.3872e-01 1.8131e+00 5.0185e-01 5.8432e-01 4.6103e+00 6.4154e-01 -9.9734e-02 -1.7922e-01 -1.9986e-01 6.2088e-01 1.9116e+00 -2.4251e+00 -3.3904e-01 1.1613e+00 9.7563e-01 -1.6924e-01 7.9419e-01 1.5735e+01 8.6425e-02 -1.2816e+00 3.4534e+00 -1.3875e+00 -5.1831e-02 -1.2167e-01 -2.6216e-01 -8.1201e-02 1.1436e-02 8.1540e-02 -8.4328e-02 -1.2055e-01 -8.7526e-02 1.2319e+00 -3.2640e-01 -9.0961e-01
1.8955e+00 1.6057e+00 7.0804e-02 -3.6487e+00 -1.8663e+00 1.5396e-02 5.2607e-02 4.8448e-02 -3.0418e+00 -4.2286e+00 2.2018e+00 1.1201e-01 3.1849e+00 -3.4053e-02 -5.4154e-02 3.1801e+00 -2.7864e-01 -7.3558e-02 8.4432e-02 -5.1200e-03 -2.6293e+00 -2.7488e-01 -1.2089e+00 4.9622e-02 -4.7961e-01 4.8592e-02 -5.8809e-01 6.9663e+00 -4.1278e-01 -5.1662e-01 -2.9861e-01 1.9228e-01 -4.2844e+00 1.3273e-01 3.3074e-02 8.6425e-02 1.9547e+01 7.0700e-02 -3.4747e+00 5.1988e-01 -5.0062e-02 -1.7900e-01 -5.2805e-01 -7.9733e-01 -1.3045e-01 4.5800e-02 2.4465e-01 3.7856e-02 -1.6539e-01 -1.6632e-01 2.5861e-02 -8.0917e-03
4.1199e-01 3.6743e+00 -2.3320e+00 -2.6590e+00 3.5006e+00 1.9451e+00 -4.6448e-01 -3.0988e+00 -2.1072e+00 -1.4631e+01 -1.1996e+01 -1.0439e+01 -1.8107e+01 -8.1791e-01 -4.8603e-01 5.2917e+00 5.5870e+00 1.1745e+00 -1.5867e-01 -2.3049e-01 -1.1496e+01 8.2868e+00 -1.3721e+00 -5.3848e-01 -2.1127e+00 -2.4761e-01 -4.5086e-01 -3.3003e+00 -1.8072e+01 -1.0421e+01 4.4654e-01 -2.1980e+01 -2.0216e+00 -7.2134e-01 1.1022e+00 -1.2816e+00 7.0700e-02 6.2113e+01 -2.9622e+00 -1.5390e+01 6.0315e-01 -1.5662e-01 -3.4172e+00 5.4303e-02 -4.1212e-01 -2.3235e-01 -3.5884e-01 -3.4818e-01 -8.7319e-01 -1.6450e-01 -1.0024e+00 6.5275e-01
-5.2089e+00 2.3870e+00 1.4749e+00 4.7493e-01 4.8451e+00 3.2857e-01 -1.0084e-01 5.4578e+00 -5.8767e+00 1.1750e+00 8.5865e+00 1.2949e+01 -2.4246e+01 -1.3330e-01 -3.9696e-01 -2.9240e+01 -5.6191e+00 -2.2411e-01 6.1663e+00 -1.2740e+00 2.7826e+01 -2.0517e+00 3.0699e+01 -3.9917e-01 -2.7813e+00 -4.3195e-01 -2.1022e+00 -8.2422e+00 7.0804e+00 -6.5802e+00 4.8036e+00 5.5885e+00 7.7744e+00 -1.2317e+00 3.2185e-02 3.4534e+00 -3.4747e+00 -2.9622e+00 7.8008e+01 -5.6524e+00 5.0661e-02 1.3916e+00 -3.2915e+00 5.8378e+00 1.1356e+00 -4.6059e-01 5.4500e-02 -5.5567e-01 9.1625e-01 -7.2208e-01 -2.5143e-01 2.5043e-01
-1.0432e+00 -1.7544e+01 3.4504e+00 4.1874e+00 -1.9149e+01 -8.1388e+00 -1.4929e-01 6.0686e-01 3.4404e+01 2.7045e+01 -1.8348e+01 -1.5748e+01 3.7585e+01 3.8438e-01 -4.1537e-01 3.0157e+01 3.1461e+01 4.4983e-01 -1.7238e+00 -5.2040e-01 -4.7753e+01 -5.2776e+00 -1.9733e+01 -1.5952e+00 2.9021e+00 1.8149e-01 -2.4015e+00 2.5152e+01 -4.0369e+01 -1.3916e+01 -2.1764e+00 -3.9241e+01 -5.3278e+01 5.8135e+00 -1.8600e+00 -1.3875e+00 5.1988e-01 -1.5390e+01 -5.6524e+00 1.0175e+02 -3.4936e-01 -9.4655e-01 -1.1829e+01 4.5748e-02 6.9983e-01 -4.0984e-02 -4.0193e-02 -4.3037e-01 4.9309e+00 -2.2327e+00 3.7342e-01 -7.2370e-01
-9.0015e-02 -6.3866e-02 -9.9929e-02 2.6618e-02 1.3412e-01 -1.2678e-01 -1.6402e-01 -6.2183e-02 -3.6318e-01 -2.9896e-01 2.5364e-02 1.3983e-01 -6.8012e-01 -3.9623e-02 2.4577e-01 -4.3312e-01 -2.5935e-01 -3.6168e-02 -3.8772e-02 -1.9584e-02 4.1726e-01 1.9545e-01 2.6051e-01 -3.3307e-02 -5.0628e-02 -4.0923e-02 -5.9982e-02 -1.7787e-01 -1.1626e-01 3.1313e-02 -4.7391e-02 -2.1115e-01 5.9510e-01 -2.8408e-02 -5.2948e-02 -5.1831e-02 -5.0062e-02 6.0315e-01 5.0661e-02 -3.4936e-01 4.2132e+00 -2.1866e-02 -6.0803e-02 -2.2378e-02 -1.5332e-02 -3.0723e-02 -1.2458e-02 -1.1068e-02 -3.9997e-02 8.9811e-02 -6.7974e-02 1.6490e-01
7.7053e-02 2.1026e+00 -2.4720e-01 -1.5448e-01 -8.9087e-03 1.4537e-01 -4.6088e-03 -3.3018e-01 9.5596e-01 -2.5238e+00 2.5703e+00 3.7432e+00 -3.2959e+00 1.7556e-01 -1.7708e-02 -3.6503e+00 -1.1336e+00 -5.6628e-02 1.7286e-01 -4.5529e-02 2.9881e+00 4.7018e-01 4.8837e+00 -4.1016e-02 -2.1110e-01 -2.8307e-02 -2.6565e-01 -2.9433e-01 1.4929e+00 -1.6326e+00 -5.6522e-02 1.1724e+00 1.0106e+00 -7.1262e-02 -1.2341e-01 -1.2167e-01 -1.7900e-01 -1.5662e-01 1.3916e+00 -9.4655e-01 -2.1866e-02 9.1631e+00 -2.5241e-01 -7.0832e-02 3.2278e-03 -3.6555e-02 -1.2981e-02 -3.8614e-02 -7.0716e-02 -2.5609e-01 1.5312e-01 9.0843e-02
1.6313e+00 5.9719e+00 5.2731e-01 1.7067e+00 -1.0314e+01 2.8045e+00 6.3720e-02 -5.0639e-01 1.7383e+01 1.9270e+00 -2.6211e+00 1.8902e+00 1.5130e+00 1.5298e-02 -1.0002e-01 1.4117e+00 -3.4357e+00 -1.0685e-01 -1.9060e+00 3.9549e-01 -2.6973e+00 -3.4015e+00 -7.9397e+00 -9.4179e-01 -1.5811e+00 8.9494e-02 2.4197e+00 -5.3091e+00 -8.4677e+00 7.0871e-02 -3.6206e-01 1.0860e+01 -1.3239e+01 -1.7905e+00 1.2455e-01 -2.6216e-01 -5.2805e-01 -3.4172e+00 -3.2915e+00 -1.1829e+01 -6.0803e-02 -2.5241e-01 4.9440e+01 -9.7380e-01 -4.5981e-01 -4.2754e-01 9.9520e-01 -3.6455e-01 -1.4216e+00 -2.4855e-01 6.3652e-03 5.0304e-02
-2.6914e-01 -1.2059e+00 3.2505e-01 5.0107e+00 4.3404e+00 -3.4375e-02 -9.1354e-02 2.7533e-02 1.6876e+00 -1.4369e+00 -7.7739e-01 1.1909e-01 -5.1695e+00 5.6368e-03 1.0096e+00 -4.2463e+00 2.9140e-01 1.3509e-01 -6.0456e-01 -2.8740e-01 4.3055e+00 -2.9958e-01 -1.8694e+00 4.2003e-02 5.8129e-01 -6.8325e-02 1.6782e-01 1.2579e+00 -3.6363e-01 -4.7058e-01 7.7199e-01 -1.5899e-01 4.2119e+00 -1.6730e-02 8.3701e-01 -8.1201e-02 -7.9733e-01 5.4303e-02 5.8378e+00 4.5748e-02 -2.2378e-02 -7.0832e-02 -9.7380e-01 1.7113e+01 -1.8110e-01 -1.4980e-01 8.6201e-02 2.2361e-01 -2.3565e-01 1.8745e-01 5.0715e-02 -1.6057e-01
1.8986e-01 1.1527e+00 -1.8763e-01 8.2041e-01 8.0882e-02 -2.0671e+00 -3.8560e-01 -2.5000e-01 -1.0258e+00 1.5357e+00 7.0841e-01 3.6960e-01 1.0485e-01 -5.9867e-02 5.6417e-01 -2.0921e-01 6.7851e-01 1.4308e-02 8.2112e-01 -2.8448e-02 -4.3982e-01 -3.7957e-01 1.5626e+00 7.3267e-02 -1.7564e-01 -3.5204e-02 -2.1607e-01 -3.7534e-01 -1.6702e-01 -1.2421e+00 -1.4407e-01 -6.5159e-01 1.6883e-01 -1.0021e-01 1.2053e-01 1.1436e-02 -1.3045e-01 -4.1212e-01 1.1356e+00 6.9983e-01 -1.5332e-02 3.2278e-03 -4.5981e-01 -1.8110e-01 9.3998e+00 -7.6782e-02 -3.6309e-02 8.0882e-02 -5.2434e-02 -1.7640e-01 -1.9793e-02 -2.4251e-02
-1.1575e-01 -4.6258e-02 -2.6421e-01 1.7490e-01 7.1446e-01 -3.6788e-01 -5.5229e-01 2.4172e-02 -1.2745e+00 2.6695e-01 -3.3958e-01 -1.0303e-01 3.7673e-01 1.4529e-01 -1.2683e-01 3.2371e-01 8.0825e-01 8.8942e-03 -3.5141e-01 -1.3163e-01 -1.0603e+00 1.0912e+00 4.1724e-01 -1.6905e-03 -2.0781e-01 -7.9114e-02 -3.2151e-02 -6.7359e-01 -5.4899e-01 -3.7948e-01 -1.6585e-01 3.3863e-02 -7.1649e-01 -2.1254e-01 3.7436e-01 8.1540e-02 4.5800e-02 -2.3235e-01 -4.6059e-01 -4.0984e-02 -3.0723e-02 -3.6555e-02 -4.2754e-01 -1.4980e-01 -7.6782e-02 9.7220e+00 -7.5998e-02 -9.6811e-02 -1.4093e-01 1.2742e-01 1.0623e-01 -5.0165e-02
4.1163e-02 -6.1826e-01 -1.5704e-01 -1.3719e-01 -9.0868e-01 -6.7580e-01 -9.8320e-02 -1.0012e-01 -1.3694e-01 8.8404e-01 3.1500e-02 -2.3391e-01 1.4944e+00 -3.5045e-02 -6.4789e-02 1.3875e+00 -1.0111e-01 2.2583e-01 2.6966e-01 -5.3213e-02 1.5177e-01 -4.0229e-01 4.3702e-01 -1.1395e-01 3.6165e-02 -4.9360e-02 1.6621e-02 -5.9941e-01 -8.0272e-01 -6.0896e-01 -1.2259e-01 -9.2070e-01 -1.3799e+00 -1.2080e-01 -3.0393e-03 -8.4328e-02 2.4465e-01 -3.5884e-01 5.4500e-02 -4.0193e-02 -1.2458e-02 -1.2981e-02 9.9520e-01 8.6201e-02 -3.6309e-02 -7.5998e-02 7.7527e+00 2.1678e-01 -1.3249e-01 -6.0783e-02 -7.0537e-02 -1.8801e-01
3.6957e-01 -5.8830e-01 -2.4039e-01 -8.0476e-01 1.1033e+00 -2.3191e-01 -3.0192e-01 -8.9054e-02 -4.9093e-01 -1.1821e+00 5.4455e-01 -2.2798e-01 -9.6113e-01 1.7174e-02 6.5182e-03 -5.1490e-01 -3.2312e-01 1.9006e-01 -2.5550e-01 -5.2752e-02 1.5043e+00 -3.6351e-01 -7.5831e-01 -7.4361e-02 -1.4354e-01 -4.8629e-02 -8.1282e-02 -4.8397e-01 1.2009e-02 -7.0483e-01 -1.8070e-01 1.8274e-01 2.5269e+00 -1.4056e-01 -1.8536e-02 -1.2055e-01 3.7856e-02 -3.4818e-01 -5.5567e-01 -4.3037e-01 -1.1068e-02 -3.8614e-02 -3.6455e-01 2.2361e-01 8.0882e-02 -9.6811e-02 2.1678e-01 7.3219e+00 -1.3644e-01 -6.0987e-02 -2.4187e-03 -9.3229e-02
6.3439e-02 -7.0512e-01 -2.7191e-01 1.5082e-01 -3.1843e+00 4.1426e-01 1.2686e-01 -1.0950e-01 2.6361e+00 2.3833e+00 8.0910e-01 -1.2900e+00 3.1713e+00 2.1723e-01 -1.0766e-01 2.8121e+00 2.5591e-01 -5.8791e-02 5.1801e-01 -1.2669e-01 -2.3499e+00 -9.1462e-01 3.2850e-01 -6.2688e-01 -6.2372e-01 1.6413e-03 -1.7141e-01 4.6085e+00 -5.5978e-01 -1.0228e+00 3.7962e-01 -9.5257e-01 -2.6242e+00 -6.0107e-01 -3.4917e-01 -8.7526e-02 -1.6539e-01 -8.7319e-01 9.1625e-01 4.9309e+00 -3.9997e-02 -7.0716e-02 -1.4216e+00 -2.3565e-01 -5.2434e-02 -1.4093e-01 -1.3249e-01 -1.3644e-01 1.6781e+01 -1.1948e-01 1.9762e-01 -6.2436e-02
-3.0131e-01 -3.1220e+00 -4.2209e-01 3.9588e-01 6.7192e-01 3.3969e-01 9.5914e-02 -4.2820e-01 -1.1211e+00 3.4629e+00 4.9058e+00 -3.7065e-01 1.1842e+00 -8.3653e-02 -1.6105e-01 1.1858e+00 -2.3469e+00 -2.2144e-02 -1.7484e-01 5.2465e-01 2.3435e+00 1.5976e-01 -8.4957e-02 8.0160e-02 -4.5878e-01 -8.7247e-02 -1.7392e-01 -3.1851e-01 2.7797e+00 4.3601e+00 -1.2957e-01 2.3220e+00 3.4165e+00 -3.8463e-02 -2.0165e-01 1.2319e+00 -1.6632e-01 -1.6450e-01 -7.2208e-01 -2.2327e+00 8.9811e-02 -2.5609e-01 -2.4855e-01 1.8745e-01 -1.7640e-01 1.2742e-01 -6.0783e-02 -6.0987e-02 -1.1948e-01 1.3524e+01 -8.8924e-02 3.5221e-02
3.8250e-03 1.3986e-01 -2.3895e+00 -2.9831e-01 -2.3494e+00 -6.3085e+00 -6.1744e+00 -2.4335e-01 1.3215e-01 1.7745e-01 1.4683e-01 1.3804e-01 1.0458e+01 1.4882e+01 1.0285e-01 9.0555e+00 4.1301e-02 -1.2691e-01 1.3133e-01 -8.8950e-04 -5.5958e+00 -3.3738e-01 1.5835e-03 1.0637e+00 2.9747e-01 1.7606e+00 -5.6001e-02 8.9770e-01 1.9653e-01 -2.2975e-02 -2.3770e-01 2.5644e-01 -1.8736e-01 4.5534e-02 -2.3229e-01 -3.2640e-01 2.5861e-02 -1.0024e+00 -2.5143e-01 3.7342e-01 -6.7974e-02 1.5312e-01 6.3652e-03 5.0715e-02 -1.9793e-02 1.0623e-01 -7.0537e-02 -2.4187e-03 1.9762e-01 -8.8924e-02 1.7633e+01 2.8639e+00
-4.9600e-01 -5.3697e-01 -2.5845e+00 -8.0737e-01 -4.5721e+00 -1.1341e+00 -4.1495e-01 -7.4238e-01 1.7262e-01 2.3687e-01 -2.1197e-01 1.7343e-01 5.6336e+00 4.1371e+00 -1.4421e-02 9.1816e+00 -5.7069e-01 1.9428e-01 1.9202e-02 3.3883e-01 8.4663e+00 1.0834e-01 3.1320e-01 -2.7823e-01 1.1475e-01 -1.1359e+00 8.8835e-03 -1.1416e-01 5.3264e-01 2.3717e-01 2.8071e-01 5.7051e-01 4.2505e+00 -7.0531e-01 -4.2263e-01 -9.0961e-01 -8.0917e-03 6.5275e-01 2.5043e-01 -7.2370e-01 1.6490e-01 9.0843e-02 5.0304e-02 -1.6057e-01 -2.4251e-02 -5.0165e-02 -1.8801e-01 -9.3229e-02 -6.2436e-02 3.5221e-02 2.8639e+00 1.9447e+01
