7.0909e+01 3.6415e+01 -5.9893e+00 -1.8484e+01 4.5228e+00 -8.9359e+00 -2.3462e+01 -3.2122e-01 1.5351e+01 -3.9177e+00 2.5273e-01 1.9530e+00 2.0947e+00 -1.3996e-01 2.5491e-01 -7.8443e+00 1.2695e+00 1.7256e-01 1.1458e+00 2.4811e+01 1.6458e+00 1.2827e+00 -6.2176e+00 -2.6537e+00 -1.0512e-02 -5.3566e+00 -2.4893e+00 4.3985e+00 2.6784e+01 1.4837e-01 -1.5840e+01 -5.1734e+00 4.0659e+00 -3.3393e-01 -1.2781e+00 2.4903e-01 2.8625e+00 2.7154e-01 -1.9700e-01 2.6884e+00 -2.3677e-01 1.2965e-01 7.8947e-01 4.3177e-01 -3.3549e-02 4.8224e-01 -1.0722e-01 -1.3333e+00 -1.2982e-01 8.1607e-02 6.6623e+00 -5.5989e+00
3.6415e+01 5.6769e+01 -8.2821e+00 -2.2294e+01 2.6630e+00 -1.3006e+00 -2.8018e+01 -4.2763e-02 1.5861e+01 -2.7156e+00 2.9898e-03 5.2417e-01 8.1914e-02 -4.4414e-01 1.1491e-01 -8.6645e+00 3.9583e-01 1.3562e-02 5.5690e-01 1.5256e+01 2.0191e-01 4.5494e-01 1.1565e-01 -1.2283e+00 1.3564e-02 3.1330e-01 9.3089e-01 -1.8600e-01 2.1433e+01 -7.7142e-02 -1.0111e+01 -4.8686e+00 2.8584e+00 -2.3854e-01 -2.0239e+00 2.7511e-01 -5.7864e-01 -1.0905e+00 -3.4106e-01 1.6585e+00 -2.2851e-01 1.3415e-01 4.8059e-01 1.1546e-02 -2.8663e-01 3.6956e-01 4.5865e-01 -8.4279e-01 -5.1267e-01 1.1340e-01 6.9575e+00 -8.0042e+00
-5.9893e+00 -8.2821e+00 2.3178e+01 9.0422e+00 -5.0073e-01 -2.0200e+00 7.4016e+00 2.3599e-02 -7.5366e+00 1.0238e+00 3.1269e-02 1.7671e-01 -3.9331e-02 -6.7875e-02 8.3920e-02 7.3390e-01 1.8542e-01 2.1797e-02 -1.8741e-01 -5.3631e+00 8.8192e-02 -1.0447e+00 -3.9141e-01 2.5672e-01 8.0409e-02 -3.3298e-01 -3.0766e-01 3.2286e-01 -3.6597e+00 -1.1836e-01 3.2345e+00 6.4594e+00 -6.0252e+00 6.6896e-02 3.5421e+00 -1.1875e+00 1.7035e-01 -2.7757e-02 3.8587e-01 -1.4876e+00 1.8673e-02 6.1073e-02 -7.0711e-01 2.1428e-02 -2.5673e-02 -9.1892e-02 -1.2224e-01 2.6138e-01 3.0175e-01 -8.2723e-03 -6.7839e+00 2.2000e+01
-1.8484e+01 -2.2294e+01 9.0422e+00 1.5293e+02 9.5282e+01 2.0833e+00 -3.2524e+01 -5.6114e+01 -1.2164e+01 -4.0707e+01 1.8700e+00 5.8677e+00 1.0569e+01 8.9509e+00 7.8487e-01 6.1840e+00 -6.8223e+00 3.4711e-01 2.3737e+00 -2.3806e+01 3.7954e+00 2.3772e+00 -3.0368e+00 5.1557e+00 1.3035e-01 -1.3923e+01 -2.1273e+01 -7.1506e+00 5.1069e-01 -1.7050e+00 2.6065e+01 8.1166e+00 -3.0152e+00 4.1993e-03 3.5970e+00 3.1641e-01 -4.5309e+00 -5.5685e+00 1.1525e-01 3.3873e-01 9.0333e-01 4.6768e-02 5.6143e-02 1.8918e+00 1.8571e-02 2.7548e-01 -1.1259e-01 1.1492e+00 -5.4107e-01 2.8260e-01 -7.6199e+00 8.9457e+00
4.5228e+00 2.6630e+00 -5.0073e-01 9.5282e+01 1.1843e+02 -1.6401e+00 -4.9029e+01 -6.5584e+01 2.2350e+00 -4.2437e+01 -3.2911e+00 6.4711e+00 1.0117e+01 1.0257e+01 -2.5954e+00 -6.9774e-01 -7.0481e+00 3.8383e-01 -3.7135e+00 -1.5697e+01 3.9367e+00 2.5735e+00 -8.6925e-01 3.3934e+00 -3.7436e-01 -1.2987e+01 -2.0920e+01 -4.6625e+00 9.5795e+00 -1.9159e+00 1.8924e+01 2.6886e+00 -6.0951e-01 -9.0832e-02 3.1324e-01 6.2161e-01 -7.7556e+00 -1.2907e+00 -1.0166e+00 4.9679e-01 1.1325e-01 1.9517e-01 5.3744e-01 2.1174e+00 -6.9671e-02 1.7208e-03 9.3286e-02 2.0144e-01 -4.7960e-01 4.2811e-01 -1.7465e-01 -5.1779e-01
-8.9359e+00 -1.3006e+00 -2.0200e+00 2.0833e+00 -1.6401e+00 3.6715e+01 4.8877e+00 -9.0401e-01 -6.3148e+00 -4.9557e-01 1.4255e-01 -4.3551e-01 -5.5762e-01 -6.0392e-01 -8.0580e-01 5.7085e+00 -1.0368e+00 -1.1346e-01 -6.0482e-01 5.1773e+00 -5.4773e-01 -1.6004e+00 9.1998e-01 -8.0805e-01 -7.1719e-01 -6.7327e+00 -7.6602e+00 8.5864e+00 -8.4722e+00 -7.5000e-02 -2.0747e+00 -1.4951e+00 9.2588e+00 -2.0031e-01 9.1973e+00 -8.3024e-01 3.8706e+00 -4.6890e+00 -1.3836e-01 -1.3022e+00 1.7577e-01 -9.7200e-02 -6.4417e-02 3.0996e-01 -2.0591e-01 -3.1660e-01 3.0884e-01 7.1836e-01 -3.2397e-01 -4.1541e-02 1.7277e-01 -2.0956e+00
-2.3462e+01 -2.8018e+01 7.4016e+00 -3.2524e+01 -4.9029e+01 4.8877e+00 1.3536e+02 4.7715e+01 -1.4522e+01 2.1908e+01 -1.4795e+00 -1.1273e+01 1.5312e+01 -1.3163e+01 -1.0869e+00 2.5748e+00 -5.0337e-01 -4.6649e-01 -4.1545e+00 4.3700e+00 7.8011e+00 1.7368e+00 7.6789e+00 -7.3100e+00 -4.0408e-01 1.1811e+01 2.6299e+01 7.7206e+00 -3.7200e+01 7.7151e-01 1.7634e+01 1.0827e+01 -2.0496e+00 -7.9140e-02 -7.3579e-01 -1.4004e+00 -4.0405e+00 1.0354e+00 1.3730e+00 9.3873e-01 1.2515e-01 -2.2074e-01 -9.1868e-01 1.7723e-01 -2.1861e-01 -8.3953e-01 7.6522e-02 1.4784e+00 5.3697e-02 -2.9496e-01 -5.9055e+00 7.3309e+00
-3.2122e-01 -4.2763e-02 2.3599e-02 -5.6114e+01 -6.5584e+01 -9.0401e-01 4.7715e+01 1.0528e+02 6.3790e-01 4.3678e+01 -1.7566e-01 -6.0196e+00 -1.3967e+01 -1.0832e+01 1.2825e+00 -2.7022e+00 8.5534e+00 -6.3830e-02 6.3513e+00 2.2318e+01 -1.1731e+01 4.1649e+00 5.3245e-01 -5.2030e+00 -1.2098e-01 1.5026e+01 1.2965e+01 1.6147e+00 7.2212e+00 2.0089e+00 -1.2500e+01 -2.6492e+00 4.4742e-01 1.2432e-02 -2.0554e+00 -6.6090e-01 8.8320e+00 -1.4082e+00 1.1154e+00 6.4933e+00 -9.1311e-01 -2.1029e-01 -1.9347e-01 -2.5476e+00 -9.1972e-02 3.9117e-02 2.5174e-01 7.8589e-02 -9.4599e-02 -1.3606e-01 6.7193e-01 2.0934e-02
1.5351e+01 1.5861e+01 -7.5366e+00 -1.2164e+01 2.2350e+00 -6.3148e+00 -1.4522e+01 6.3790e-01 3.2241e+01 -2.2066e-01 -7.1377e-03 -3.3875e-01 -7.7795e-01 3.5214e-01 -1.1652e+00 -1.4988e+01 6.9617e-03 -6.5682e-02 4.1967e-01 8.7686e-02 -6.7215e-01 3.4665e-01 3.1954e-01 -1.2146e+00 -1.0637e-02 5.0279e-01 5.1417e-01 -6.4428e-01 1.5850e+01 -3.8659e-02 -9.5794e+00 -6.7861e+00 6.0749e+00 8.2718e-03 -2.5116e+00 4.1188e-01 -6.8432e-01 -2.5187e-01 -3.0590e-01 7.7480e-01 -7.5400e-02 2.1228e-01 8.0933e-01 -7.1492e-02 -4.1318e-02 1.0841e-01 -3.1271e-02 -6.4453e-01 -8.2645e-01 1.3986e-01 1.5912e+01 -7.4625e+00
-3.9177e+00 -2.7156e+00 1.0238e+00 -4.0707e+01 -4.2437e+01 -4.9557e-01 2.1908e+01 4.3678e+01 -2.2066e-01 7.1242e+01 3.6139e-01 -4.7182e+00 -1.8870e+01 -1.0130e+01 -1.6410e-01 -5.1501e+00 7.4549e+00 -3.6095e-01 -8.7652e-01 1.4913e+01 -1.7738e+01 2.9195e+00 -9.7749e+00 -6.6181e+00 1.1521e-01 1.2605e+01 4.8748e+00 -1.3115e+00 -1.1405e+00 3.4850e-01 -1.3884e+01 1.8341e+00 1.8947e-01 2.9115e-01 -1.0039e+00 -8.5784e-01 2.9550e+00 1.4736e+01 9.0147e-01 4.5729e+00 -6.0518e-01 -9.2652e-02 3.4873e-02 -1.3730e-01 8.8650e-02 -3.0783e-01 -2.4684e-01 -6.4834e-01 1.2093e-01 -5.3758e-02 -5.6951e-01 1.0058e+00
2.5273e-01 2.9898e-03 3.1269e-02 1.8700e+00 -3.2911e+00 1.4255e-01 -1.4795e+00 -1.7566e-01 -7.1377e-03 3.6139e-01 1.1177e+01 -2.8591e-01 -5.9523e-01 -3.7296e-01 1.8798e+00 -2.0229e-01 -2.9970e-01 -3.3993e-02 -1.1025e-01 -1.1982e+00 -6.0888e-01 -9.1964e-02 -2.2709e-01 -6.2103e-02 -7.3279e-02 3.2004e-01 -1.0220e+00 -9.3774e-01 1.1271e+00 -7.7321e-02 -4.8693e-01 -1.8593e-01 -7.5285e-02 4.5258e-02 -2.5442e-01 2.9666e-01 8.0793e-01 -4.5499e-01 -3.9026e-02 -1.1327e-01 -1.1033e-01 -7.7423e-03 8.5708e-02 -3.3256e-01 -3.9511e-02 -5.0263e-02 -2.4987e-02 -2.2822e-02 6.3738e-02 -2.1501e-02 -5.8370e-02 2.6550e-02
1.9530e+00 5.2417e-01 1.7671e-01 5.8677e+00 6.4711e+00 -4.3551e-01 -1.1273e+01 -6.0196e+00 -3.3875e-01 -4.7182e+00 -2.8591e-01 3.6873e+01 -3.1836e+00 -1.7533e+00 -3.1584e-01 -2.6440e-01 3.7572e+00 -3.2391e-01 -1.1709e+00 -5.5982e+00 -4.2327e+00 -1.3692e+00 -4.4736e+00 -1.4703e+00 -3.8384e-01 -8.6448e+00 -9.3041e+00 -3.2799e+00 1.3105e+01 -3.1920e-01 -3.5697e+00 -8.9302e-01 -1.4717e-01 8.2481e-02 6.3074e+00 -3.0234e-01 -4.5184e+00 -3.1766e+00 -1.2088e-01 -1.4751e+00 -1.3670e-01 1.1566e-01 6.2340e-01 2.8900e+00 -3.8352e-02 -3.0001e-02 -3.2165e-01 -9.8650e-02 -1.9875e-01 1.4110e-01 -5.9289e-01 1.5698e-01
2.0947e+00 8.1914e-02 -3.9331e-02 1.0569e+01 1.0117e+01 -5.5762e-01 1.5312e+01 -1.3967e+01 -7.7795e-01 -1.8870e+01 -5.9523e-01 -3.1836e+00 5.2453e+01 -9.6903e-01 5.9877e-01 -7.0774e-01 -6.3118e+00 -6.7159e-02 -8.4095e-01 -9.7991e+00 1.1727e+01 -1.4083e+00 1.0858e+01 -3.0759e+00 -4.1528e-01 -3.8917e+00 -6.2810e+00 -1.1061e+00 -6.4542e+00 1.3616e+00 1.9528e+01 -2.8506e-01 -5.1163e-01 -1.2900e-01 -1.1583e+00 1.8097e+00 -6.8253e+00 -8.4322e-01 1.1695e+00 -2.7161e+00 -3.7426e-01 4.6312e-02 4.5010e-02 -2.4536e+00 -8.3504e-02 -9.6923e-02 -1.6636e-01 -9.6966e-02 1.6664e-01 3.3559e-02 -2.8864e-02 8.2387e-03
-1.3996e-01 -4.4414e-01 -6.7875e-02 8.9509e+00 1.0257e+01 -6.0392e-01 -1.3163e+01 -1.0832e+01 3.5214e-01 -1.0130e+01 -3.7296e-01 -1.7533e+00 -9.6903e-01 3.3359e+01 -5.1994e-01 6.9091e+00 1.1384e+00 7.5656e-02 1.0427e+00 -6.4609e+00 -2.2172e-01 -1.0618e+00 -2.6263e+00 1.0969e+01 -1.3873e-01 7.2459e+00 3.9162e+00 -4.4368e+00 -6.6195e+00 -3.2860e-01 -3.2858e+00 -8.3587e-01 -2.4677e-01 -1.1927e-01 -1.3279e+00 -6.4856e-01 2.9957e+00 4.4132e+00 -2.8956e-01 -3.6381e-01 -2.3812e-01 -5.8497e-02 7.7338e-01 -7.7769e-01 7.8661e-02 3.3598e-01 -1.4985e-01 -7.2900e-02 -9.4617e-02 -1.0901e-01 2.2866e-01 -7.6759e-02
2.5491e-01 1.1491e-01 8.3920e-02 7.8487e-01 -2.5954e+00 -8.0580e-01 -1.0869e+00 1.2825e+00 -1.1652e+00 -1.6410e-01 1.8798e+00 -3.1584e-01 5.9877e-01 -5.1994e-01 1.4970e+01 1.3715e+00 5.6780e+00 6.4393e-01 1.2515e+00 -3.4873e+00 1.6901e-01 -1.0725e+00 -6.1726e-01 -1.6516e-01 5.8483e-01 -3.0306e+00 -2.5926e+00 4.7603e+00 4.3876e+00 4.7238e-01 -1.5647e+00 -3.2449e-01 -1.0443e+00 -4.5386e-02 -8.9522e-02 -4.4593e-01 4.2794e+00 1.5063e+00 3.4818e-02 3.1671e+00 -1.2490e-01 2.2807e-01 -9.5514e-02 -3.2657e-01 2.4535e-03 4.2430e-01 -2.4655e-01 -6.0626e-02 -7.9241e-02 -1.4677e-02 -1.2358e-01 8.1872e-02
-7.8443e+00 -8.6645e+00 7.3390e-01 6.1840e+00 -6.9774e-01 5.7085e+00 2.5748e+00 -2.7022e+00 -1.4988e+01 -5.1501e+00 -2.0229e-01 -2.6440e-01 -7.0774e-01 6.9091e+00 1.3715e+00 3.2338e+01 2.7460e+00 -5.0438e-02 -5.1288e-01 2.2760e+00 -3.0546e-02 -8.8945e-01 -2.2068e+00 6.9460e+00 -6.1232e-02 3.5672e+00 2.4281e+00 -1.2363e+00 -1.3305e+01 1.8459e-01 5.6401e+00 3.3618e+00 -3.1798e-01 -1.4268e-01 -8.9123e-01 -2.4208e-01 -9.2495e-01 2.6538e+00 -3.7994e-01 -5.6763e-01 -1.1007e-01 3.4896e-02 -1.3919e-01 -2.0110e-01 1.8018e-03 4.2462e-01 -2.2795e-02 -4.1301e-01 6.5925e-01 -1.1554e-01 3.9923e+00 7.1618e-01
1.2695e+00 3.9583e-01 1.8542e-01 -6.8223e+00 -7.0481e+00 -1.0368e+00 -5.0337e-01 8.5534e+00 6.9617e-03 7.4549e+00 -2.9970e-01 3.7572e+00 -6.3118e+00 1.1384e+00 5.6780e+00 2.7460e+00 5.1723e+01 5.0488e-01 2.4416e-01 4.5820e-01 -4.4523e+00 -3.5021e+00 -5.1285e+00 1.4875e+00 -3.6156e-01 -1.5052e+01 2.5494e+00 2.3962e+01 1.5332e+01 -5.0377e-02 8.9603e+00 2.1745e-01 -1.3712e+00 1.4286e-01 -3.6035e-01 -1.0926e+00 1.2118e+01 -1.0952e+01 -9.3531e-01 -1.8577e+00 -2.9279e-01 7.6029e-02 4.4314e-02 5.1801e+00 1.5749e-01 7.7094e-02 2.0404e+00 1.9708e-01 9.3900e-02 -1.0199e-01 -1.0321e-01 1.7245e-01
1.7256e-01 1.3562e-02 2.1797e-02 3.4711e-01 3.8383e-01 -1.1346e-01 -4.6649e-01 -6.3830e-02 -6.5682e-02 -3.6095e-01 -3.3993e-02 -3.2391e-01 -6.7159e-02 7.5656e-02 6.4393e-01 -5.0438e-02 5.0488e-01 5.8666e+00 -2.0440e-02 8.0173e-01 -4.3545e-01 -1.3629e-01 1.5988e-01 -1.5887e-01 6.2475e-02 -5.1677e-01 -3.3290e-01 1.3271e+00 1.2446e+00 -7.3652e-02 -3.1445e-01 -1.2382e-01 1.9292e-02 -4.6177e-03 -6.9970e-02 -5.6811e-02 -4.6795e-02 8.8005e-03 -1.3666e-02 4.6952e-01 2.1167e-05 -2.2300e-02 1.9706e-02 1.6810e-01 5.3105e-02 5.7391e-02 -4.1744e-02 -1.4818e-02 -2.7767e-04 -3.0995e-03 -9.9381e-02 1.6811e-02
1.1458e+00 5.5690e-01 -1.8741e-01 2.3737e+00 -3.7135e+00 -6.0482e-01 -4.1545e+00 6.3513e+00 4.1967e-01 -8.7652e-01 -1.1025e-01 -1.1709e+00 -8.4095e-01 1.0427e+00 1.2515e+00 -5.1288e-01 2.4416e-01 -2.0440e-02 2.3989e+01 -1.9505e+00 -8.8817e-02 -5.2905e-01 -1.5813e+00 -4.3200e-01 8.6553e-01 -2.4415e+00 -5.1063e+00 -4.0347e-01 4.6033e+00 2.1744e-01 -1.4234e+00 -3.5237e-01 -1.0587e-01 -9.0544e-02 -7.8454e-01 3.4763e-01 2.8425e+00 -1.8878e+00 4.2908e-01 1.6385e+00 -7.0528e-02 -1.0195e-03 -1.9417e-01 -6.8833e-01 1.1783e-01 5.3573e-01 -1.9779e-01 5.2062e-01 -1.8654e-01 -8.0931e-02 -1.2746e-01 -2.0499e-01
2.4811e+01 1.5256e+01 -5.3631e+00 -2.3806e+01 -1.5697e+01 5.1773e+00 4.3700e+00 2.2318e+01 8.7686e-02 1.4913e+01 -1.1982e+00 -5.5982e+00 -9.7991e+00 -6.4609e+00 -3.4873e+00 2.2760e+00 4.5820e-01 8.0173e-01 -1.9505e+00 1.5257e+02 -1.2007e+01 2.6356e+01 -7.5802e+00 -2.0267e+00 -1.7318e+00 1.5114e+00 -1.8189e+01 3.0036e+01 8.1789e+00 1.9055e-01 -4.5865e+01 9.8299e+00 1.9216e+01 -2.9762e-01 7.6324e+00 -2.8642e+00 2.5614e+01 -3.9162e+00 -6.4764e-01 8.8926e+00 -1.0793e+00 9.9382e-02 3.1503e-02 -1.2626e+00 1.1603e-01 1.6628e+00 -2.5732e+00 -1.3502e+00 9.7102e-01 2.6633e-01 4.3597e+00 -4.8528e+00
1.6458e+00 2.0191e-01 8.8192e-02 3.7954e+00 3.9367e+00 -5.4773e-01 7.8011e+00 -1.1731e+01 -6.7215e-01 -1.7738e+01 -6.0888e-01 -4.2327e+00 1.1727e+01 -2.2172e-01 1.6901e-01 -3.0546e-02 -4.4523e+00 -4.3545e-01 -8.8817e-02 -1.2007e+01 5.8380e+01 -2.1997e+00 -7.5740e+00 -2.0205e+00 -4.3315e-01 -1.7072e+01 4.1078e+00 3.0549e+01 -2.0348e+01 1.2723e+00 2.3797e+01 1.5970e-01 -5.1866e-01 -1.9010e-01 -1.4654e+00 -8.2978e-01 2.6075e-01 -1.9212e+01 -4.1046e-01 -3.8183e+00 1.1315e+00 1.2888e-02 7.8189e-02 1.2295e-01 -2.1997e-02 -1.3700e-01 -1.4196e-01 4.3146e-01 6.3489e-02 -8.1493e-02 1.5059e-02 8.8441e-02
1.2827e+00 4.5494e-01 -1.0447e+00 2.3772e+00 2.5735e+00 -1.6004e+00 1.7368e+00 4.1649e+00 3.4665e-01 2.9195e+00 -9.1964e-02 -1.3692e+00 -1.4083e+00 -1.0618e+00 -1.0725e+00 -8.8945e-01 -3.5021e+00 -1.3629e-01 -5.2905e-01 2.6356e+01 -2.1997e+00 4.6845e+01 1.9570e+00 -1.0164e+00 -4.4759e-01 2.4441e+01 1.8858e+01 -1.3370e+01 -2.1686e+01 4.9984e-01 -8.9483e+00 -2.9024e-01 -2.4887e+00 -4.1688e-02 -1.2232e+00 -7.2238e-02 -1.0715e+01 1.7561e+01 6.4723e-01 2.0659e+01 -2.2288e-01 -2.3026e-01 1.8145e-02 1.1787e-01 -7.9229e-02 -5.9498e-01 -9.0842e-01 -3.3439e-01 3.5415e-01 1.0237e-01 1.0642e-01 -1.0485e+00
-6.2176e+00 1.1565e-01 -3.9141e-01 -3.0368e+00 -8.6925e-01 9.1998e-01 7.6789e+00 5.3245e-01 3.1954e-01 -9.7749e+00 -2.2709e-01 -4.4736e+00 1.0858e+01 -2.6263e+00 -6.1726e-01 -2.2068e+00 -5.1285e+00 1.5988e-01 -1.5813e+00 -7.5802e+00 -7.5740e+00 1.9570e+00 6.4295e+01 -2.7121e+00 -1.4130e-01 -1.2990e+01 -1.0326e+01 -1.6788e+01 2.0570e+01 -6.2923e-01 1.8981e+01 -1.6069e+00 1.9280e-01 1.8892e-01 -1.5304e+00 -8.6877e-01 -8.3054e+00 -2.6715e+00 1.7113e+00 6.7115e-01 -4.1927e-01 -1.8716e-01 -4.3255e-01 -2.6521e+00 -2.3378e-02 -3.2749e-01 -3.5621e-01 -6.2486e-02 -1.6412e-01 -1.0018e-01 -4.6502e-01 -4.1794e-01
-2.6537e+00 -1.2283e+00 2.5672e-01 5.1557e+00 3.3934e+00 -8.0805e-01 -7.3100e+00 -5.2030e+00 -1.2146e+00 -6.6181e+00 -6.2103e-02 -1.4703e+00 -3.0759e+00 1.0969e+01 -1.6516e-01 6.9460e+00 1.4875e+00 -1.5887e-01 -4.3200e-01 -2.0267e+00 -2.0205e+00 -1.0164e+00 -2.7121e+00 2.4544e+01 -1.7137e-01 1.0801e+01 8.0405e+00 -4.9221e+00 -9.0313e+00 -5.2109e-02 -4.3710e+00 -3.6614e-01 -8.3578e-01 -5.7030e-02 -8.0999e-01 -4.1316e-01 -2.0245e+00 5.8504e+00 -3.8765e-01 -1.1885e+00 2.6234e-01 1.4046e-01 -8.4324e-02 -9.2447e-01 -8.7848e-02 2.6131e-01 -9.6515e-02 -1.0811e-01 -1.0013e-01 2.4535e-02 -1.0049e+00 2.5048e-01
-1.0512e-02 1.3564e-02 8.0409e-02 1.3035e-01 -3.7436e-01 -7.1719e-01 -4.0408e-01 -1.2098e-01 -1.0637e-02 1.1521e-01 -7.3279e-02 -3.8384e-01 -4.1528e-01 -1.3873e-01 5.8483e-01 -6.1232e-02 -3.6156e-01 6.2475e-02 8.6553e-01 -1.7318e+00 -4.3315e-01 -4.4759e-01 -1.4130e-01 -1.7137e-01 8.5027e+00 6.1802e-01 -1.1232e-01 -1.4382e+00 1.8347e+00 -6.2882e-03 3.3113e+00 -2.5931e-01 -6.6980e-01 -3.2165e-02 -7.1606e-01 -2.3561e-01 -4.2545e-01 -1.1711e+00 7.5272e-03 -4.5046e-01 -2.1270e-02 -1.2134e-02 4.2639e-02 -2.1796e-01 -2.4011e-02 -1.5727e-03 8.6804e-02 -2.5072e-02 -1.4398e-02 -2.1415e-02 -6.5959e-02 7.8886e-02
-5.3566e+00 3.1330e-01 -3.3298e-01 -1.3923e+01 -1.2987e+01 -6.7327e+00 1.1811e+01 1.5026e+01 5.0279e-01 1.2605e+01 3.2004e-01 -8.6448e+00 -3.8917e+00 7.2459e+00 -3.0306e+00 3.5672e+00 -1.5052e+01 -5.1677e-01 -2.4415e+00 1.5114e+00 -1.7072e+01 2.4441e+01 -1.2990e+01 1.0801e+01 6.1802e-01 1.3525e+02 9.7787e+01 -5.8054e+01 -8.6321e+01 -1.2209e+00 -5.4606e+01 -1.2795e+00 -8.4822e+00 6.1018e-02 -7.1241e+00 4.7409e+00 -3.5161e+01 6.7859e+01 -2.3872e-01 2.0924e+01 -1.0321e-01 -8.6385e-02 7.5695e-01 -4.9134e+00 6.5660e-02 -8.9069e-01 2.4355e-01 -1.9214e-01 1.5225e-01 1.3133e-01 2.4497e-02 -3.6825e-01
-2.4893e+00 9.3089e-01 -3.0766e-01 -2.1273e+01 -2.0920e+01 -7.6602e+00 2.6299e+01 1.2965e+01 5.1417e-01 4.8748e+00 -1.0220e+00 -9.3041e+00 -6.2810e+00 3.9162e+00 -2.5926e+00 2.4281e+00 2.5494e+00 -3.3290e-01 -5.1063e+00 -1.8189e+01 4.1078e+00 1.8858e+01 -1.0326e+01 8.0405e+00 -1.1232e-01 9.7787e+01 1.6842e+02 -2.3726e+01 -1.1158e+02 -3.8429e-01 -2.6098e+01 -2.0704e+00 -1.0265e+01 -2.6655e-01 -9.2707e+00 3.0116e+00 -4.2530e+01 5.3938e+01 -5.9553e-01 1.9887e+01 1.6865e+00 -5.1130e-01 -4.5319e-01 4.8716e+00 3.1492e-01 -4.8687e-01 2.1218e+00 -2.3359e-01 2.5344e-01 -6.3001e-02 -6.2913e-01 -3.1908e-01
4.3985e+00 -1.8600e-01 3.2286e-01 -7.1506e+00 -4.6625e+00 8.5864e+00 7.7206e+00 1.6147e+00 -6.4428e-01 -1.3115e+00 -9.3774e-01 -3.2799e+00 -1.1061e+00 -4.4368e+00 4.7603e+00 -1.2363e+00 2.3962e+01 1.3271e+00 -4.0347e-01 3.0036e+01 3.0549e+01 -1.3370e+01 -1.6788e+01 -4.9221e+00 -1.4382e+00 -5.8054e+01 -2.3726e+01 1.1979e+02 -1.8044e+00 1.8246e+00 7.9368e+00 -8.6959e-01 1.6438e+01 -1.4434e-01 8.3470e+00 -3.9413e+00 4.4458e+01 -4.9839e+01 -7.2635e-01 -1.1928e+01 7.3319e-01 7.5256e-01 -5.6708e-02 6.0748e+00 -4.8157e-02 -8.8371e-01 8.2982e-01 4.2649e-01 -1.8059e-01 -1.2645e-01 -2.8887e-01 3.1973e-01
2.6784e+01 2.1433e+01 -3.6597e+00 5.1069e-01 9.5795e+00 -8.4722e+00 -3.7200e+01 7.2212e+00 1.5850e+01 -1.1405e+00 1.1271e+00 1.3105e+01 -6.4542e+00 -6.6195e+00 4.3876e+00 -1.3305e+01 1.5332e+01 1.2446e+00 4.6033e+00 8.1789e+00 -2.0348e+01 -2.1686e+01 2.0570e+01 -9.0313e+00 1.8347e+00 -8.6321e+01 -1.1158e+02 -1.8044e+00 2.0055e+02 -2.8042e-01 1.8767e+01 -8.3661e+00 -3.6480e+00 8.6657e-01 -3.2391e+00 -9.4525e-01 3.4470e+01 -4.6017e+01 -1.5944e+00 -2.0660e+01 -2.1006e+00 -2.3217e-01 8.7105e-01 -3.3266e+00 4.1973e-01 1.7981e+00 2.0497e-01 -8.9340e-01 -1.2266e+00 3.1987e-01 5.9387e+00 -3.1771e+00
1.4837e-01 -7.7142e-02 -1.1836e-01 -1.7050e+00 -1.9159e+00 -7.5000e-02 7.7151e-01 2.0089e+00 -3.8659e-02 3.4850e-01 -7.7321e-02 -3.1920e-01 1.3616e+00 -3.2860e-01 4.7238e-01 1.8459e-01 -5.0377e-02 -7.3652e-02 2.1744e-01 1.9055e-01 1.2723e+00 4.9984e-01 -6.2923e-01 -5.2109e-02 -6.2882e-03 -1.2209e+00 -3.8429e-01 1.8246e+00 -2.8042e-01 8.4109e+00 1.1056e+00 -2.6467e-01 5.2009e-02 -3.0858e-02 -2.1653e-01 3.6754e-02 5.9861e-01 -9.4184e-01 -5.5786e-02 -2.8682e-01 -1.4299e-02 -2.0720e-02 -4.4193e-02 -1.5593e-01 -6.7193e-03 3.9131e-01 2.3413e-01 -2.6855e-02 8.4617e-02 -1.1600e-02 1.9784e-01 -1.3561e-01
-1.5840e+01 -1.0111e+01 3.2345e+00 2.6065e+01 1.8924e+01 -2.0747e+00 1.7634e+01 -1.2500e+01 -9.5794e+00 -1.3884e+01 -4.8693e-01 -3.5697e+00 1.9528e+01 -3.2858e+00 -1.5647e+00 5.6401e+00 8.9603e+00 -3.1445e-01 -1.4234e+00 -4.5865e+01 2.3797e+01 -8.9483e+00 1.8981e+01 -4.3710e+00 3.3113e+00 -5.4606e+01 -2.6098e+01 7.9368e+00 1.8767e+01 1.1056e+00 1.6549e+02 -5.6364e+00 -8.8688e+00 -2.0269e-01 -9.3807e+00 -7.7111e-01 -1.9530e+01 -5.2694e+01 2.9265e+00 -1.9397e+01 4.3844e-01 -7.3454e-01 2.9117e-01 8.3640e+00 -2.8888e-01 -7.9769e-01 8.9888e-01 -9.1987e-01 -8.4227e-01 -1.5532e-01 -2.0780e+00 3.1085e+00
-5.1734e+00 -4.8686e+00 6.4594e+00 8.1166e+00 2.6886e+00 -1.4951e+00 1.0827e+01 -2.6492e+00 -6.7861e+00 1.8341e+00 -1.8593e-01 -8.9302e-01 -2.8506e-01 -8.3587e-01 -3.2449e-01 3.3618e+00 2.1745e-01 -1.2382e-01 -3.5237e-01 9.8299e+00 1.5970e-01 -2.9024e-01 -1.6069e+00 -3.6614e-01 -2.5931e-01 -1.2795e+00 -2.0704e+00 -8.6959e-01 -8.3661e+00 -2.6467e-01 -5.6364e+00 3.8979e+01 -2.3421e+00 -1.4337e-01 2.7162e+00 -3.1522e-01 -1.9378e+00 9.7292e-01 8.6855e-01 -5.8542e-01 -3.2644e-02 -1.1439e-01 -4.6255e-01 -7.1819e-01 2.5230e-02 -2.4335e-01 -5.0557e-02 -8.5478e-01 1.6802e+00 -1.1264e-01 -3.5393e+00 6.3646e+00
4.0659e+00 2.8584e+00 -6.0252e+00 -3.0152e+00 -6.0951e-01 9.2588e+00 -2.0496e+00 4.4742e-01 6.0749e+00 1.8947e-01 -7.5285e-02 -1.4717e-01 -5.1163e-01 -2.4677e-01 -1.0443e+00 -3.1798e-01 -1.3712e+00 1.9292e-02 -1.0587e-01 1.9216e+01 -5.1866e-01 -2.4887e+00 1.9280e-01 -8.3578e-01 -6.6980e-01 -8.4822e+00 -1.0265e+01 1.6438e+01 -3.6480e+00 5.2009e-02 -8.8688e+00 -2.3421e+00 3.2931e+01 -9.9038e-02 1.0230e+01 -1.2897e+00 9.3798e+00 -9.5552e+00 -3.7823e-01 -3.5643e+00 -1.9544e-02 6.4549e-01 7.2651e-01 1.3836e-01 1.1154e-02 -4.1220e-01 -2.4282e-01 -3.5039e-01 -2.5962e-01 -2.8672e-02 5.1847e+00 -5.9856e+00
-3.3393e-01 -2.3854e-01 6.6896e-02 4.1993e-03 -9.0832e-02 -2.0031e-01 -7.9140e-02 1.2432e-02 8.2718e-03 2.9115e-01 4.5258e-02 8.2481e-02 -1.2900e-01 -1.1927e-01 -4.5386e-02 -1.4268e-01 1.4286e-01 -4.6177e-03 -9.0544e-02 -2.9762e-01 -1.9010e-01 -4.1688e-02 1.8892e-01 -5.7030e-02 -3.2165e-02 6.1018e-02 -2.6655e-01 -1.4434e-01 8.6657e-01 -3.0858e-02 -2.0269e-01 -1.4337e-01 -9.9038e-02 5.1430e+00 -1.8390e-01 2.0539e-01 2.4610e-01 2.0737e-01 6.9634e-02 3.0803e-02 -7.3317e-03 3.6279e-02 -2.6061e-02 -1.0389e-01 -2.1057e-02 1.8660e-02 -1.0451e-02 1.1137e-01 2.9173e-03 7.2296e-02 -7.5615e-02 9.9686e-02
-1.2781e+00 -2.0239e+00 3.5421e+00 3.5970e+00 3.1324e-01 9.1973e+00 -7.3579e-01 -2.0554e+00 -2.5116e+00 -1.0039e+00 -2.5442e-01 6.3074e+00 -1.1583e+00 -1.3279e+00 -8.9522e-02 -8.9123e-01 -3.6035e-01 -6.9970e-02 -7.8454e-01 7.6324e+00 -1.4654e+00 -1.2232e+00 -1.5304e+00 -8.0999e-01 -7.1606e-01 -7.1241e+00 -9.2707e+00 8.3470e+00 -3.2391e+00 -2.1653e-01 -9.3807e+00 2.7162e+00 1.0230e+01 -1.8390e-01 3.8058e+01 -2.0545e+00 3.5811e+00 -6.4566e+00 9.9051e-01 -1.9227e+00 8.8312e-01 -9.1636e-02 -3.0803e-01 2.3465e+00 -2.1340e-01 -3.5418e-01 -4.3228e-01 -3.9398e-01 7.8212e-01 -7.9915e-02 -3.3485e+00 3.4918e+00
2.4903e-01 2.7511e-01 -1.1875e+00 3.1641e-01 6.2161e-01 -8.3024e-01 -1.4004e+00 -6.6090e-01 4.1188e-01 -8.5784e-01 2.9666e-01 -3.0234e-01 1.8097e+00 -6.4856e-01 -4.4593e-01 -2.4208e-01 -1.0926e+00 -5.6811e-02 3.4763e-01 -2.8642e+00 -8.2978e-01 -7.2238e-02 -8.6877e-01 -4.1316e-01 -2.3561e-01 4.7409e+00 3.0116e+00 -3.9413e+00 -9.4525e-01 3.6754e-02 -7.7111e-01 -3.1522e-01 -1.2897e+00 2.0539e-01 -2.0545e+00 2.3103e+01 2.7220e+00 8.5203e-01 -1.0038e-01 5.0180e-01 -4.9795e-02 -7.7271e-02 -1.4400e-01 -4.5738e-01 -7.9124e-02 -2.9202e-01 -3.3151e-01 -1.3437e-01 -8.4088e-02 -2.3832e-02 2.1360e-01 -1.1660e+00
2.8625e+00 -5.7864e-01 1.7035e-01 -4.5309e+00 -7.7556e+00 3.8706e+00 -4.0405e+00 8.8320e+00 -6.8432e-01 2.9550e+00 8.0793e-01 -4.5184e+00 -6.8253e+00 2.9957e+00 4.2794e+00 -9.2495e-01 1.2118e+01 -4.6795e-02 2.8425e+00 2.5614e+01 2.6075e-01 -1.0715e+01 -8.3054e+00 -2.0245e+00 -4.2545e-01 -3.5161e+01 -4.2530e+01 4.4458e+01 3.4470e+01 5.9861e-01 -1.9530e+01 -1.9378e+00 9.3798e+00 2.4610e-01 3.5811e+00 2.7220e+00 9.9748e+01 -4.4791e+01 -1.8527e+00 -5.1847e-01 -7.8453e-01 3.7547e-01 7.5398e-01 -3.6821e+00 -4.5590e-02 -1.9939e+00 -1.8967e+00 8.7055e-01 -4.8953e-02 -1.4791e-01 -9.2729e-01 1.6851e-01
2.7154e-01 -1.0905e+00 -2.7757e-02 -5.5685e+00 -1.2907e+00 -4.6890e+00 1.0354e+00 -1.4082e+00 -2.5187e-01 1.4736e+01 -4.5499e-01 -3.1766e+00 -8.4322e-01 4.4132e+00 1.5063e+00 2.6538e+00 -1.0952e+01 8.8005e-03 -1.8878e+00 -3.9162e+00 -1.9212e+01 1.7561e+01 -2.6715e+00 5.8504e+00 -1.1711e+00 6.7859e+01 5.3938e+01 -4.9839e+01 -4.6017e+01 -9.4184e-01 -5.2694e+01 9.7292e-01 -9.5552e+00 2.0737e-01 -6.4566e+00 8.5203e-01 -4.4791e+01 1.2790e+02 3.3433e+00 2.3617e+01 -6.0130e-01 -3.2091e-02 -3.0877e-01 -3.9876e+00 2.2186e-01 1.2694e+00 1.0944e-01 -7.2860e-01 1.9419e-01 8.2892e-02 -6.9896e-01 -3.9537e-02
-1.9700e-01 -3.4106e-01 3.8587e-01 1.1525e-01 -1.0166e+00 -1.3836e-01 1.3730e+00 1.1154e+00 -3.0590e-01 9.0147e-01 -3.9026e-02 -1.2088e-01 1.1695e+00 -2.8956e-01 3.4818e-02 -3.7994e-01 -9.3531e-01 -1.3666e-02 4.2908e-01 -6.4764e-01 -4.1046e-01 6.4723e-01 1.7113e+00 -3.8765e-01 7.5272e-03 -2.3872e-01 -5.9553e-01 -7.2635e-01 -1.5944e+00 -5.5786e-02 2.9265e+00 8.6855e-01 -3.7823e-01 6.9634e-02 9.9051e-01 -1.0038e-01 -1.8527e+00 3.3433e+00 1.1005e+01 -5.6136e-01 7.1960e-02 -2.7305e-02 -8.1357e-03 -1.8252e-01 1.9867e-04 -5.5531e-02 -1.3268e-01 6.9277e-02 -4.9700e-03 5.7693e-03 -4.1066e-01 3.7933e-01
2.6884e+00 1.6585e+00 -1.4876e+00 3.3873e-01 4.9679e-01 -1.3022e+00 9.3873e-01 6.4933e+00 7.7480e-01 4.5729e+00 -1.1327e-01 -1.4751e+00 -2.7161e+00 -3.6381e-01 3.1671e+00 -5.6763e-01 -1.8577e+00 4.6952e-01 1.6385e+00 8.8926e+00 -3.8183e+00 2.0659e+01 6.7115e-01 -1.1885e+00 -4.5046e-01 2.0924e+01 1.9887e+01 -1.1928e+01 -2.0660e+01 -2.8682e-01 -1.9397e+01 -5.8542e-01 -3.5643e+00 3.0803e-02 -1.9227e+00 5.0180e-01 -5.1847e-01 2.3617e+01 -5.6136e-01 5.7208e+01 -2.1532e-01 -6.0333e-05 -8.1225e-02 3.4137e-02 4.2650e-01 -6.9941e-01 -8.4102e-01 -4.9256e-01 2.1261e-01 2.3210e-01 3.8299e-01 -1.5101e+00
-2.3677e-01 -2.2851e-01 1.8673e-02 9.0333e-01 1.1325e-01 1.7577e-01 1.2515e-01 -9.1311e-01 -7.5400e-02 -6.0518e-01 -1.1033e-01 -1.3670e-01 -3.7426e-01 -2.3812e-01 -1.2490e-01 -1.1007e-01 -2.9279e-01 2.1167e-05 -7.0528e-02 -1.0793e+00 1.1315e+00 -2.2288e-01 -4.1927e-01 2.6234e-01 -2.1270e-02 -1.0321e-01 1.6865e+00 7.3319e-01 -2.1006e+00 -1.4299e-02 4.3844e-01 -3.2644e-02 -1.9544e-02 -7.3317e-03 8.8312e-01 -4.9795e-02 -7.8453e-01 -6.0130e-01 7.1960e-02 -2.1532e-01 6.0672e+00 -2.1950e-02 -4.6005e-02 -1.9806e-01 -1.7229e-02 -6.2807e-02 -1.8326e-02 -3.6843e-02 -3.5298e-02 9.6923e-02 -7.5307e-02 1.5437e-02
1.2965e-01 1.3415e-01 6.1073e-02 4.6768e-02 1.9517e-01 -9.7200e-02 -2.2074e-01 -2.1029e-01 2.1228e-01 -9.2652e-02 -7.7423e-03 1.1566e-01 4.6312e-02 -5.8497e-02 2.2807e-01 3.4896e-02 7.6029e-02 -2.2300e-02 -1.0195e-03 9.9382e-02 1.2888e-02 -2.3026e-01 -1.8716e-01 1.4046e-01 -1.2134e-02 -8.6385e-02 -5.1130e-01 7.5256e-01 -2.3217e-01 -2.0720e-02 -7.3454e-01 -1.1439e-01 6.4549e-01 3.6279e-02 -9.1636e-02 -7.7271e-02 3.7547e-01 -3.2091e-02 -2.7305e-02 -6.0333e-05 -2.1950e-02 5.5973e+00 -2.0286e-02 -9.7499e-02 -9.7110e-03 -4.8379e-02 1.3809e-01 -1.9993e-03 -4.0626e-02 -9.0212e-03 3.8685e-02 2.5510e-01
7.8947e-01 4.8059e-01 -7.0711e-01 5.6143e-02 5.3744e-01 -6.4417e-02 -9.1868e-01 -1.9347e-01 8.0933e-01 3.4873e-02 8.5708e-02 6.2340e-01 4.5010e-02 7.7338e-01 -9.5514e-02 -1.3919e-01 4.4314e-02 1.9706e-02 -1.9417e-01 3.1503e-02 7.8189e-02 1.8145e-02 -4.3255e-01 -8.4324e-02 4.2639e-02 7.5695e-01 -4.5319e-01 -5.6708e-02 8.7105e-01 -4.4193e-02 2.9117e-01 -4.6255e-01 7.2651e-01 -2.6061e-02 -3.0803e-01 -1.4400e-01 7.5398e-01 -3.0877e-01 -8.1357e-03 -8.1225e-02 -4.6005e-02 -2.0286e-02 8.8026e+00 2.7707e-02 2.8765e-02 -4.0171e-02 -4.3450e-02 -5.5357e-02 -5.1440e-02 -2.2391e-02 4.6872e-01 -7.2619e-01
4.3177e-01 1.1546e-02 2.1428e-02 1.8918e+00 2.1174e+00 3.0996e-01 1.7723e-01 -2.5476e+00 -7.1492e-02 -1.3730e-01 -3.3256e-01 2.8900e+00 -2.4536e+00 -7.7769e-01 -3.2657e-01 -2.0110e-01 5.1801e+00 1.6810e-01 -6.8833e-01 -1.2626e+00 1.2295e-01 1.1787e-01 -2.6521e+00 -9.2447e-01 -2.1796e-01 -4.9134e+00 4.8716e+00 6.0748e+00 -3.3266e+00 -1.5593e-01 8.3640e+00 -7.1819e-01 1.3836e-01 -1.0389e-01 2.3465e+00 -4.5738e-01 -3.6821e+00 -3.9876e+00 -1.8252e-01 3.4137e-02 -1.9806e-01 -9.7499e-02 2.7707e-02 3.0179e+01 2.1332e-01 -1.6538e-01 -1.5671e-01 2.5186e-02 2.7913e-01 4.0747e-01 -1.1248e-01 1.6105e-02
-3.3549e-02 -2.8663e-01 -2.5673e-02 1.8571e-02 -6.9671e-02 -2.0591e-01 -2.1861e-01 -9.1972e-02 -4.1318e-02 8.8650e-02 -3.9511e-02 -3.8352e-02 -8.3504e-02 7.8661e-02 2.4535e-03 1.8018e-03 1.5749e-01 5.3105e-02 1.1783e-01 1.1603e-01 -2.1997e-02 -7.9229e-02 -2.3378e-02 -8.7848e-02 -2.4011e-02 6.5660e-02 3.1492e-01 -4.8157e-02 4.1973e-01 -6.7193e-03 -2.8888e-01 2.5230e-02 1.1154e-02 -2.1057e-02 -2.1340e-01 -7.9124e-02 -4.5590e-02 2.2186e-01 1.9867e-04 4.2650e-01 -1.7229e-02 -9.7110e-03 2.8765e-02 2.1332e-01 4.4998e+00 -2.8379e-02 1.8095e-01 -2.4417e-02 -1.9903e-02 4.5460e-03 -5.6200e-02 -3.4618e-02
4.8224e-01 3.6956e-01 -9.1892e-02 2.7548e-01 1.7208e-03 -3.1660e-01 -8.3953e-01 3.9117e-02 1.0841e-01 -3.0783e-01 -5.0263e-02 -3.0001e-02 -9.6923e-02 3.3598e-01 4.2430e-01 4.2462e-01 7.7094e-02 5.7391e-02 5.3573e-01 1.6628e+00 -1.3700e-01 -5.9498e-01 -3.2749e-01 2.6131e-01 -1.5727e-03 -8.9069e-01 -4.8687e-01 -8.8371e-01 1.7981e+00 3.9131e-01 -7.9769e-01 -2.4335e-01 -4.1220e-01 1.8660e-02 -3.5418e-01 -2.9202e-01 -1.9939e+00 1.2694e+00 -5.5531e-02 -6.9941e-01 -6.2807e-02 -4.8379e-02 -4.0171e-02 -1.6538e-01 -2.8379e-02 8.7062e+00 -6.3089e-02 -4.4370e-02 -6.3036e-02 -1.4880e-02 3.3784e-02 1.3270e+00
-1.0722e-01 4.5865e-01 -1.2224e-01 -1.1259e-01 9.3286e-02 3.0884e-01 7.6522e-02 2.5174e-01 -3.1271e-02 -2.4684e-01 -2.4987e-02 -3.2165e-01 -1.6636e-01 -1.4985e-01 -2.4655e-01 -2.2795e-02 2.0404e+00 -4.1744e-02 -1.9779e-01 -2.5732e+00 -1.4196e-01 -9.0842e-01 -3.5621e-01 -9.6515e-02 8.6804e-02 2.4355e-01 2.1218e+00 8.2982e-01 2.0497e-01 2.3413e-01 8.9888e-01 -5.0557e-02 -2.4282e-01 -1.0451e-02 -4.3228e-01 -3.3151e-01 -1.8967e+00 1.0944e-01 -1.3268e-01 -8.4102e-01 -1.8326e-02 1.3809e-01 -4.3450e-02 -1.5671e-01 1.8095e-01 -6.3089e-02 1.1426e+01 -7.8348e-02 -4.7457e-03 -2.4116e-02 1.0840e+00 -1.3638e-01
-1.3333e+00 -8.4279e-01 2.6138e-01 1.1492e+00 2.0144e-01 7.1836e-01 1.4784e+00 7.8589e-02 -6.4453e-01 -6.4834e-01 -2.2822e-02 -9.8650e-02 -9.6966e-02 -7.2900e-02 -6.0626e-02 -4.1301e-01 1.9708e-01 -1.4818e-02 5.2062e-01 -1.3502e+00 4.3146e-01 -3.3439e-01 -6.2486e-02 -1.0811e-01 -2.5072e-02 -1.9214e-01 -2.3359e-01 4.2649e-01 -8.9340e-01 -2.6855e-02 -9.1987e-01 -8.5478e-01 -3.5039e-01 1.1137e-01 -3.9398e-01 -1.3437e-01 8.7055e-01 -7.2860e-01 6.9277e-02 -4.9256e-01 -3.6843e-02 -1.9993e-03 -5.5357e-02 2.5186e-02 -2.4417e-02 -4.4370e-02 -7.8348e-02 8.1605e+00 -1.3158e-01 -1.0186e-02 -1.0483e+00 2.4345e-01
-1.2982e-01 -5.1267e-01 3.0175e-01 -5.4107e-01 -4.7960e-01 -3.2397e-01 5.3697e-02 -9.4599e-02 -8.2645e-01 1.2093e-01 6.3738e-02 -1.9875e-01 1.6664e-01 -9.4617e-02 -7.9241e-02 6.5925e-01 9.3900e-02 -2.7767e-04 -1.8654e-01 9.7102e-01 6.3489e-02 3.5415e-01 -1.6412e-01 -1.0013e-01 -1.4398e-02 1.5225e-01 2.5344e-01 -1.8059e-01 -1.2266e+00 8.4617e-02 -8.4227e-01 1.6802e+00 -2.5962e-01 2.9173e-03 7.8212e-01 -8.4088e-02 -4.8953e-02 1.9419e-01 -4.9700e-03 2.1261e-01 -3.5298e-02 -4.0626e-02 -5.1440e-02 2.7913e-01 -1.9903e-02 -6.3036e-02 -4.7457e-03 -1.3158e-01 8.9307e+00 3.3952e-02 -2.0369e-01 2.7509e-01
8.1607e-02 1.1340e-01 -8.2723e-03 2.8260e-01 4.2811e-01 -4.1541e-02 -2.9496e-01 -1.3606e-01 1.3986e-01 -5.3758e-02 -2.1501e-02 1.4110e-01 3.3559e-02 -1.0901e-01 -1.4677e-02 -1.1554e-01 -1.0199e-01 -3.0995e-03 -8.0931e-02 2.6633e-01 -8.1493e-02 1.0237e-01 -1.0018e-01 2.4535e-02 -2.1415e-02 1.3133e-01 -6.3001e-02 -1.2645e-01 3.1987e-01 -1.1600e-02 -1.5532e-01 -1.1264e-01 -2.8672e-02 7.2296e-02 -7.9915e-02 -2.3832e-02 -1.4791e-01 8.2892e-02 5.7693e-03 2.3210e-01 9.6923e-02 -9.0212e-03 -2.2391e-02 4.0747e-01 4.5460e-03 -1.4880e-02 -2.4116e-02 -1.0186e-02 3.3952e-02 3.8697e+00 5.9713e-02 -8.9425e-03
6.6623e+00 6.9575e+00 -6.7839e+00 -7.6199e+00 -1.7465e-01 1.7277e-01 -5.9055e+00 6.7193e-01 1.5912e+01 -5.6951e-01 -5.8370e-02 -5.9289e-01 -2.8864e-02 2.2866e-01 -1.2358e-01 3.9923e+00 -1.0321e-01 -9.9381e-02 -1.2746e-01 4.3597e+00 1.5059e-02 1.0642e-01 -4.6502e-01 -1.0049e+00 -6.5959e-02 2.4497e-02 -6.2913e-01 -2.8887e-01 5.9387e+00 1.9784e-01 -2.0780e+00 -3.5393e+00 5.1847e+00 -7.5615e-02 -3.3485e+00 2.1360e-01 -9.2729e-01 -6.9896e-01 -4.1066e-01 3.8299e-01 -7.5307e-02 3.8685e-02 4.6872e-01 -1.1248e-01 -5.6200e-02 3.3784e-02 1.0840e+00 -1.0483e+00 -2.0369e-01 5.9713e-02 2.0971e+01 -6.7413e+00
-5.5989e+00 -8.0042e+00 2.2000e+01 8.9457e+00 -5.1779e-01 -2.0956e+00 7.3309e+00 2.0934e-02 -7.4625e+00 1.0058e+00 2.6550e-02 1.5698e-01 8.2387e-03 -7.6759e-02 8.1872e-02 7.1618e-01 1.7245e-01 1.6811e-02 -2.0499e-01 -4.8528e+00 8.8441e-02 -1.0485e+00 -4.1794e-01 2.5048e-01 7.8886e-02 -3.6825e-01 -3.1908e-01 3.1973e-01 -3.1771e+00 -1.3561e-01 3.1085e+00 6.3646e+00 -5.9856e+00 9.9686e-02 3.4918e+00 -1.1660e+00 1.6851e-01 -3.9537e-02 3.7933e-01 -1.5101e+00 1.5437e-02 2.5510e-01 -7.2619e-01 1.6105e-02 -3.4618e-02 1.3270e+00 -1.3638e-01 2.4345e-01 2.7509e-01 -8.9425e-03 -6.7413e+00 2.3535e+01
