8.7359e+01 -1.6497e+00 3.9338e+00 -7.2931e+00 -1.8731e+00 -3.5746e+00 -2.6396e+00 -1.8265e+00 -3.1794e+01 -1.0019e+00 -3.9996e-01 2.0509e+01 -7.7944e-02 -1.7826e+00 5.1082e-01 2.5361e-01 2.0415e+01 -1.7002e-01 7.3771e-01 4.9179e-01 -4.4982e-01 -8.9898e+00 1.5441e+00 -1.1027e+00 -7.5159e-01 -6.7184e-01 -1.1807e+00 -1.0614e+00 -8.0355e+00 7.6096e+00 -4.3868e-03 -4.2074e-01 -8.5690e+00 5.2164e-01 8.4991e-01 1.2437e+00 2.1512e+00 -1.5380e+00 -2.5152e-01 6.3141e+00 -1.6567e-01 -3.3858e-01 -7.1244e-01 7.0798e-01 -5.1893e-01 -1.8547e-01 -7.6931e-02 -3.0681e-01 -5.1373e-03 -5.5242e-01 2.6648e+00 -2.2597e+00
-1.6497e+00 5.0756e+01 -1.2795e+01 5.7199e-01 1.7009e+01 1.7004e+00 8.9772e+00 4.1083e+00 -1.7101e+00 -2.7904e+00 1.2532e-01 1.5600e-03 -1.1823e+00 1.3279e+01 6.1539e-01 1.3930e-02 6.3804e-01 -4.9661e-02 -7.6998e+00 -3.1297e+00 8.7157e-02 7.6979e-01 1.1537e+01 5.5583e-01 -7.5970e-02 -1.2937e-01 -6.0827e-01 5.1894e-02 8.2467e+00 -1.1765e+00 -4.6257e-02 2.7733e-01 2.4103e+00 -1.2009e+00 -2.4884e+00 -6.3491e-01 4.6696e-02 -4.6911e-01 -4.7556e+00 -1.1656e+00 -1.2028e-01 -9.1508e-01 -6.2676e-02 -9.6086e-01 -1.6969e-01 1.9576e+00 1.5363e-01 -1.5838e-01 -3.5853e-03 -1.5782e+00 -1.3297e-01 3.6599e-02
3.9338e+00 -1.2795e+01 6.5450e+01 -4.2833e+00 -1.5214e+00 -5.3292e+00 1.8882e+01 -3.5409e-01 -6.6826e+00 2.9718e+00 -4.8487e-02 1.3113e+00 5.4505e-01 1.1970e+01 -2.0066e+00 8.6576e-02 6.5175e-02 -3.6748e-02 7.0397e+00 -2.6458e+00 -4.5712e-01 -2.7231e+00 1.2663e+01 2.1002e+00 -1.4908e+00 7.3860e-02 3.7969e-01 2.1708e-01 1.5053e+01 -9.3563e-01 -1.3834e-01 3.3961e-01 3.9211e+00 -9.2171e-01 3.8201e-01 3.2145e-01 -9.1159e-01 1.0225e-01 -9.8236e-01 -3.3970e+00 -2.6963e-01 -5.9243e-02 1.1039e-01 5.2821e-01 9.1253e-03 -7.2519e-01 -7.0918e-01 1.3763e-01 -2.5500e-01 -1.8084e+00 3.8906e-01 2.5453e-01
-7.2931e+00 5.7199e-01 -4.2833e+00 4.3831e+01 -1.4002e+00 2.3656e+01 -8.5563e+00 8.3748e+00 1.6282e+00 -1.9636e+00 -4.0962e-01 -3.6786e+00 -5.0484e-02 -1.2830e+00 4.4869e-02 -1.2533e-01 -1.1972e+00 -1.6350e-01 -1.2474e+00 1.3935e+00 1.3647e+00 -1.8027e+00 7.4714e-01 -6.8802e+00 -2.2852e-01 1.3996e+00 -6.5388e-01 -2.8134e-01 -1.2316e-02 4.6675e-01 2.7201e-01 2.0231e-01 -1.3421e+01 4.4795e-01 6.8074e-01 3.2958e-01 2.8295e-02 -5.8409e+00 1.6747e-01 -2.7947e+00 1.3571e-02 1.5721e-01 -1.9386e-01 1.0181e-01 2.0206e-01 -2.3502e-01 -1.9233e-01 -7.4855e-02 1.2738e-01 1.2705e-01 -5.7848e+00 1.4334e+00
-1.8731e+00 1.7009e+01 -1.5214e+00 -1.4002e+00 5.8980e+01 -1.1412e+00 9.1867e-01 -3.1355e-01 -2.0043e+00 -1.4872e+00 3.4662e-01 2.9547e-01 -4.5696e-01 1.3575e+00 -1.9381e-02 5.9735e-02 2.4710e-01 2.3072e-02 -4.2342e+00 -1.5585e+00 -1.3118e-01 2.4655e+00 -1.9855e+00 -1.9343e+00 -1.3741e+00 -4.7689e-01 1.0574e+00 -9.0096e-01 3.1846e+00 -6.4405e+00 -2.3607e-02 -6.3461e-01 1.2898e+01 -2.4147e+00 -3.4851e+00 -1.1709e+00 -1.4243e-01 1.5202e-01 -2.2238e+00 -2.3844e-02 -1.8402e-01 -5.8752e-01 6.6797e-01 7.7054e-02 1.3043e-02 -1.0418e+00 1.1204e+00 -1.0001e-01 -2.7700e-01 -9.9116e-01 1.3002e-01 5.4800e-01
-3.5746e+00 1.7004e+00 -5.3292e+00 2.3656e+01 -1.1412e+00 3.6927e+01 -8.1712e+00 6.4384e+00 1.6547e+00 -2.3756e+00 -4.0388e-01 -7.1463e-01 8.0680e-02 -5.9723e-01 -4.6831e-01 1.9248e-02 -6.3063e-01 -4.5138e-02 1.9971e+00 2.1293e+00 -1.7931e+00 4.2439e-01 1.9596e+00 -6.3297e+00 -9.0603e-01 1.5340e+00 -8.6180e-01 -1.9482e-01 -9.4235e-01 -2.0438e-01 3.6503e-01 3.0097e-02 -1.1169e+01 -3.3843e-01 1.2620e-01 -1.0780e+00 8.7843e-03 -6.5933e+00 -1.2467e-02 4.3078e-01 6.3992e-02 2.7139e-01 -1.0455e-01 -9.0832e-02 1.6390e-01 -2.5484e-01 9.4142e-03 -1.5013e-02 1.6557e-01 8.3342e-02 -6.3770e+00 1.5737e+00
-2.6396e+00 8.9772e+00 1.8882e+01 -8.5563e+00 9.1867e-01 -8.1712e+00 6.2103e+01 -4.2452e-01 -4.4141e+00 -8.2335e-01 3.5279e-01 1.8460e+00 -7.9216e-01 2.7812e+01 -6.3415e+00 -7.9817e-01 -5.0879e-01 2.2033e-01 -1.3535e+00 -2.6718e+00 6.8839e-01 1.2543e+00 2.5361e+01 2.8674e+00 -6.4576e-01 1.2626e-01 4.6648e-01 -9.5059e-02 1.6835e+01 5.7938e+00 -2.0021e-01 6.6323e-01 1.3776e+01 -6.4848e-01 1.8604e-01 1.0979e+00 -8.6449e-01 -9.4923e-01 1.4665e+00 -6.3640e-01 -2.5421e-01 -1.2412e+00 4.9581e-02 4.6601e-01 1.3814e-01 -2.0371e+00 -1.0654e+00 -1.3125e-01 -1.9061e-01 2.5946e-01 -2.0152e-02 3.0588e-01
-1.8265e+00 4.1083e+00 -3.5409e-01 8.3748e+00 -3.1355e-01 6.4384e+00 -4.2452e-01 3.6325e+01 -7.1834e-01 -1.3462e+00 -9.5574e-02 -1.5163e+00 4.4374e-01 8.0966e-01 -2.6461e-01 -3.5151e-02 -1.5723e-01 -1.3740e-01 1.2328e-01 1.0233e+00 1.8103e+00 -4.3165e-01 5.7655e-01 -3.5541e+00 -3.6997e-01 -2.1361e-01 -1.4320e+00 -8.0047e-03 4.6162e-01 7.5569e-01 -1.1839e-01 1.0181e-01 -5.6045e+00 4.7402e-01 -2.6471e-01 -3.7849e-01 5.6471e-01 1.0454e-02 6.4178e-03 2.2844e-01 -7.1494e-01 4.2682e-01 -1.4181e-01 1.6638e-02 -3.3748e-02 5.6374e-01 -4.1243e-02 -1.8094e-01 -5.6809e-01 -4.8042e-01 5.6051e-02 -1.4718e-01
-3.1794e+01 -1.7101e+00 -6.6826e+00 1.6282e+00 -2.0043e+00 1.6547e+00 -4.4141e+00 -7.1834e-01 8.8527e+01 8.7262e+00 -2.5142e-01 -1.3237e+01 3.6863e-01 4.0771e+00 -1.4236e+00 -3.2676e-01 -2.1485e+01 -5.1162e-01 2.5773e+00 3.1292e-01 4.6393e-01 8.9509e+00 -4.9909e+00 4.9331e+00 4.9217e-01 4.5945e-01 -1.1957e+00 -9.4129e-01 7.0125e+00 -1.5049e+01 -9.5858e-02 1.7054e-01 3.3178e+00 -8.2524e-01 2.5847e+00 6.8023e+00 -4.0670e+00 5.7879e+00 -1.2385e+00 -9.5834e+00 1.2518e-02 9.3397e-01 1.6432e+00 -3.6363e-01 -3.1949e-01 -5.0283e-01 -1.5701e-01 6.1176e-01 1.1632e-02 -2.1300e-01 -7.7720e-01 -7.2972e-01
-1.0019e+00 -2.7904e+00 2.9718e+00 -1.9636e+00 -1.4872e+00 -2.3756e+00 -8.2335e-01 -1.3462e+00 8.7262e+00 5.5212e+01 5.1001e-01 -2.5619e+01 -1.8488e-01 2.4998e+00 -5.1647e+00 3.8810e-01 -4.7075e+00 -1.8175e-01 -1.3622e+00 7.9751e-01 -1.1846e-01 -1.4569e+01 -1.0649e+01 2.0775e+00 3.9152e+00 1.1160e+00 -3.2004e-01 -2.0234e-01 -2.3214e+01 -6.3473e+00 -2.3999e-02 7.3781e-01 -4.0154e+00 2.0183e+00 -4.7634e+00 -7.7272e+00 -1.3412e+00 5.2581e-01 1.2893e+00 -1.6026e+00 1.2774e-01 -6.9530e-02 -7.5541e-02 4.6354e-01 -1.8437e-02 8.0836e-01 9.5059e-02 -1.1278e-01 -3.2265e-02 5.8342e-01 -2.1733e+00 1.2398e+00
-3.9996e-01 1.2532e-01 -4.8487e-02 -4.0962e-01 3.4662e-01 -4.0388e-01 3.5279e-01 -9.5574e-02 -2.5142e-01 5.1001e-01 7.4008e+00 -3.8599e-01 -7.4017e-02 8.1031e-02 -1.6276e-01 3.3377e-02 -2.3235e-01 -1.5179e-02 -9.5339e-02 -9.1867e-02 -3.2213e-02 -2.7823e-01 -1.2081e-02 1.0215e-01 -8.5228e-02 -1.3005e+00 -3.9069e-02 -3.3796e-02 4.0818e-01 -5.9644e-02 -7.3543e-03 -1.0996e-01 1.2711e+00 2.3675e-01 -2.5225e-02 -5.7540e-02 1.6076e-01 1.0397e-01 -9.6501e-02 -1.5743e-01 3.0337e-02 -2.2156e-02 -9.0521e-02 -6.2514e-02 -3.3077e-02 1.4560e-01 6.1757e-02 -3.3460e-03 -1.5255e-02 -4.5441e-02 1.1496e-01 -1.7212e-02
2.0509e+01 1.5600e-03 1.3113e+00 -3.6786e+00 2.9547e-01 -7.1463e-01 1.8460e+00 -1.5163e+00 -1.3237e+01 -2.5619e+01 -3.8599e-01 9.4843e+01 3.0358e-01 -1.0588e+01 1.7089e+00 -6.5519e-01 -1.0818e+01 -1.2657e-01 8.4902e-01 -7.2887e-02 -1.1579e-01 2.0135e+01 8.6005e+00 -4.3326e-01 -3.5858e+00 5.8530e-01 1.1503e-01 -9.7399e-02 4.5387e+00 -7.4496e+00 7.3189e-01 -3.9301e-01 -2.7641e+01 -4.1272e+00 7.0615e+00 2.0567e+01 -1.8000e+00 -1.6021e+01 -4.9640e-01 1.5797e+00 5.3168e-01 2.0235e-02 -1.5581e-01 -6.6363e-01 -1.9522e-01 -7.5125e-01 4.3246e-01 1.0844e+00 1.9144e-01 -9.6144e-01 -2.8985e+00 8.3304e-01
-7.7944e-02 -1.1823e+00 5.4505e-01 -5.0484e-02 -4.5696e-01 8.0680e-02 -7.9216e-01 4.4374e-01 3.6863e-01 -1.8488e-01 -7.4017e-02 3.0358e-01 1.0781e+01 -4.7757e-01 -3.0489e-01 2.3852e-01 -2.3430e-01 -2.2312e-02 -2.5883e-01 -1.6422e-01 -1.1019e-01 1.0547e+00 -1.8924e+00 1.5394e+00 -4.0238e-01 6.7590e-02 -8.4920e-02 -3.2813e-02 -4.9811e-01 5.7855e-01 -5.4581e-02 -2.8292e-01 4.0758e-01 -6.4945e-02 2.4578e-01 -9.0360e-02 1.1370e-01 1.8145e-01 6.9182e-02 2.5769e-01 1.0116e-02 9.6702e-02 1.5990e-01 -3.2692e-02 -7.5345e-03 -1.0302e-01 1.4993e-01 2.5649e-01 -3.2111e-02 -6.2102e-02 -8.6339e-02 -4.2894e-02
-1.7826e+00 1.3279e+01 1.1970e+01 -1.2830e+00 1.3575e+00 -5.9723e-01 2.7812e+01 8.0966e-01 4.0771e+00 2.4998e+00 8.1031e-02 -1.0588e+01 -4.7757e-01 5.7516e+01 -1.9605e+00 1.9848e-01 -7.1964e-01 -2.8418e-01 2.0024e-01 -1.9912e-01 2.8076e-01 3.8956e+00 2.5225e+01 2.3986e+00 1.1751e-01 -1.0468e+00 -3.8892e-01 3.2605e-02 2.3989e+01 7.8286e+00 5.1856e-02 9.8888e-01 8.2376e+00 -2.5253e-01 1.8046e+00 2.4295e+00 -2.8899e-01 -2.3107e+00 -1.9419e+00 -1.3721e+01 -1.7429e-01 -9.4210e-01 2.0440e-01 -9.5981e-01 2.1285e-03 -1.4650e+00 -9.3344e-01 1.1835e-01 -6.2582e-02 -3.3216e-01 8.9488e-01 -8.5020e-01
5.1082e-01 6.1539e-01 -2.0066e+00 4.4869e-02 -1.9381e-02 -4.6831e-01 -6.3415e+00 -2.6461e-01 -1.4236e+00 -5.1647e+00 -1.6276e-01 1.7089e+00 -3.0489e-01 -1.9605e+00 4.0638e+01 6.6952e-01 -1.8351e-02 8.1437e-02 -6.7584e-01 -4.0143e-01 9.3282e-01 1.0819e-01 -1.6580e+00 -1.3129e+00 -7.2363e-01 -5.7234e-01 4.8979e-01 -2.8391e-01 -1.0676e+01 2.0589e+00 8.6106e-01 -7.6264e-01 -7.1509e+00 -1.1865e+00 6.6138e-01 -1.8972e+00 -2.9565e-01 -3.1572e+00 -6.8163e-01 -3.0879e+00 1.6051e-02 -1.7317e-01 -7.7622e-02 -1.9276e-01 -1.4767e-01 1.3759e+00 2.6677e-03 -2.7767e-01 -1.0744e-01 -2.0414e-01 -2.3431e-01 -9.9726e-01
2.5361e-01 1.3930e-02 8.6576e-02 -1.2533e-01 5.9735e-02 1.9248e-02 -7.9817e-01 -3.5151e-02 -3.2676e-01 3.8810e-01 3.3377e-02 -6.5519e-01 2.3852e-01 1.9848e-01 6.6952e-01 5.2113e+00 -1.1979e-01 -1.8883e-02 -6.5143e-02 -4.1604e-02 -1.8433e-02 -1.4419e-01 1.9340e-01 2.1435e-01 -1.5859e-01 -3.5486e-02 -4.1996e-02 -1.1199e-02 -7.0044e-01 -3.9515e-01 -3.6897e-02 -2.7653e-03 -4.6049e-01 -1.0821e-01 7.5700e-01 4.8870e-01 -6.9988e-02 2.5450e-01 -5.9004e-02 -3.0347e-01 -3.8378e-02 -1.5681e-02 -2.3392e-02 -3.2552e-02 -1.4950e-02 1.1496e-02 1.3907e-01 -4.1409e-02 -5.2527e-03 -5.1856e-02 6.2052e-02 -2.6840e-02
2.0415e+01 6.3804e-01 6.5175e-02 -1.1972e+00 2.4710e-01 -6.3063e-01 -5.0879e-01 -1.5723e-01 -2.1485e+01 -4.7075e+00 -2.3235e-01 -1.0818e+01 -2.3430e-01 -7.1964e-01 -1.8351e-02 -1.1979e-01 7.1878e+01 -4.7488e-01 -1.2063e-01 -1.6374e-01 1.0754e+00 -1.2871e+01 1.2792e+00 -4.0308e+00 4.4425e-02 1.3144e+00 -1.0197e+00 -8.3203e-01 2.3384e+01 2.3847e+01 -1.2407e-01 -8.8684e-01 3.5313e+01 2.2126e+00 -1.8194e+00 -8.7561e+00 5.2119e+00 -2.1725e+00 -2.3970e-01 1.1324e+01 -9.4175e-02 -4.5021e-01 -3.5250e-01 7.7672e-01 4.9667e-01 4.3075e-01 -3.1792e-01 -8.8430e-01 -1.5199e-01 8.3415e-02 -2.0651e-01 -1.5806e-01
-1.7002e-01 -4.9661e-02 -3.6748e-02 -1.6350e-01 2.3072e-02 -4.5138e-02 2.2033e-01 -1.3740e-01 -5.1162e-01 -1.8175e-01 -1.5179e-02 -1.2657e-01 -2.2312e-02 -2.8418e-01 8.1437e-02 -1.8883e-02 -4.7488e-01 5.7316e+00 2.2045e-01 -8.6303e-02 -1.5677e-02 -2.4308e-01 -1.3863e-01 8.8620e-02 -5.2435e-02 4.3555e-01 -2.6534e-02 4.5701e-01 -1.2430e-02 2.2520e-01 -1.6039e-02 -1.8210e-03 -5.1857e-01 -8.5373e-02 5.9429e-02 2.8101e-01 -1.1821e-01 -6.4912e-01 7.4474e-02 -6.7451e-02 -3.1663e-02 1.3332e-02 -1.5866e-02 -4.8931e-02 -2.4259e-02 -8.2536e-02 -4.6228e-02 5.6350e-02 -1.0327e-02 5.8335e-02 -7.9185e-01 4.1233e-01
7.3771e-01 -7.6998e+00 7.0397e+00 -1.2474e+00 -4.2342e+00 1.9971e+00 -1.3535e+00 1.2328e-01 2.5773e+00 -1.3622e+00 -9.5339e-02 8.4902e-01 -2.5883e-01 2.0024e-01 -6.7584e-01 -6.5143e-02 -1.2063e-01 2.2045e-01 2.9392e+01 -1.5138e+00 -2.6356e-01 2.2607e+00 -1.0035e+00 5.1185e-02 -4.4697e-01 3.2851e-02 -9.2837e-02 6.8269e-02 -4.9549e-01 8.8559e-01 -1.9200e-02 -5.0547e-01 4.0497e-01 -4.3133e-01 -1.4101e+00 -1.7566e+00 -2.7728e-01 -3.2458e-01 -6.2451e-01 2.3927e+00 -2.5338e-01 2.7667e-02 -1.3906e-01 -1.6621e-01 -4.3265e-02 3.0656e-01 -8.1177e-02 -1.0582e-01 -2.9076e-01 -2.0557e-01 -3.9194e-01 -1.0181e-01
4.9179e-01 -3.1297e+00 -2.6458e+00 1.3935e+00 -1.5585e+00 2.1293e+00 -2.6718e+00 1.0233e+00 3.1292e-01 7.9751e-01 -9.1867e-02 -7.2887e-02 -1.6422e-01 -1.9912e-01 -4.0143e-01 -4.1604e-02 -1.6374e-01 -8.6303e-02 -1.5138e+00 2.3212e+01 -3.2106e-01 -8.9769e-02 -2.2023e+00 -6.2422e-01 -1.9787e-01 -1.1523e-01 1.1863e+00 1.6468e-02 -1.2126e+00 -1.0390e+00 -1.1454e-01 -1.9858e-01 -2.1297e+00 -2.7231e-01 -5.0067e-01 -6.3748e-01 1.9228e+00 -8.6238e-01 -1.6925e-01 1.9413e+00 -1.4272e-01 3.8746e-02 2.7887e-02 -7.6302e-02 -9.1135e-02 -4.7266e-01 -1.2667e-01 -1.5335e-03 -1.1071e-01 -2.5771e-01 -4.2992e-01 -1.4996e-01
-4.4982e-01 8.7157e-02 -4.5712e-01 1.3647e+00 -1.3118e-01 -1.7931e+00 6.8839e-01 1.8103e+00 4.6393e-01 -1.1846e-01 -3.2213e-02 -1.1579e-01 -1.1019e-01 2.8076e-01 9.3282e-01 -1.8433e-02 1.0754e+00 -1.5677e-02 -2.6356e-01 -3.2106e-01 9.5421e+00 -3.4870e-01 3.7961e-01 -4.3315e-01 -2.1256e-01 1.0631e-01 -9.9728e-02 -4.9963e-02 4.2499e-01 9.9518e-01 -9.4796e-02 -1.3231e-01 7.6640e-02 3.3562e-01 -6.0000e-01 6.4193e-02 3.2164e-01 -4.0102e-01 -1.7320e-02 -2.7688e-01 -4.1145e-02 1.4431e-01 2.4919e-01 -6.9685e-02 -4.2397e-02 -1.2116e-01 -2.3164e-02 -3.6192e-02 8.4480e-02 -7.3051e-02 7.7862e-02 2.6715e-02
-8.9898e+00 7.6979e-01 -2.7231e+00 -1.8027e+00 2.4655e+00 4.2439e-01 1.2543e+00 -4.3165e-01 8.9509e+00 -1.4569e+01 -2.7823e-01 2.0135e+01 1.0547e+00 3.8956e+00 1.0819e-01 -1.4419e-01 -1.2871e+01 -2.4308e-01 2.2607e+00 -8.9769e-02 -3.4870e-01 7.3861e+01 5.5277e+00 9.1520e+00 -2.6705e+00 5.3494e-01 -1.2048e+00 4.9679e-01 2.1463e+01 -9.0560e+00 8.3104e-01 -2.6429e+00 2.3841e+00 -1.8430e+00 1.5704e+01 1.7073e+01 -1.7863e+00 -1.5183e+00 -7.9691e-01 -5.2250e+00 4.1848e-01 2.6383e-01 4.2998e-01 -5.5738e-01 -3.5512e-01 -4.7456e-01 -4.4092e-02 3.0011e-02 9.4383e-02 -2.0814e-01 2.7685e-02 -2.5964e-01
1.5441e+00 1.1537e+01 1.2663e+01 7.4714e-01 -1.9855e+00 1.9596e+00 2.5361e+01 5.7655e-01 -4.9909e+00 -1.0649e+01 -1.2081e-02 8.6005e+00 -1.8924e+00 2.5225e+01 -1.6580e+00 1.9340e-01 1.2792e+00 -1.3863e-01 -1.0035e+00 -2.2023e+00 3.7961e-01 5.5277e+00 6.3862e+01 9.2116e-01 -6.1115e-02 -1.4951e-01 -1.0724e-01 2.4389e-02 2.5087e+01 7.5515e+00 1.4233e-01 -2.7432e+00 4.5752e+00 -3.4079e+00 2.5373e+00 4.7461e+00 -6.8189e-01 -1.5510e+00 -2.7694e+00 -4.5537e-01 2.7720e-03 -9.2818e-01 1.0243e-01 -1.5851e+00 1.8469e-02 -2.1213e+00 -1.0114e+00 1.1369e-01 1.3668e+00 -4.3793e-01 7.1634e-02 1.0789e-01
-1.1027e+00 5.5583e-01 2.1002e+00 -6.8802e+00 -1.9343e+00 -6.3297e+00 2.8674e+00 -3.5541e+00 4.9331e+00 2.0775e+00 1.0215e-01 -4.3326e-01 1.5394e+00 2.3986e+00 -1.3129e+00 2.1435e-01 -4.0308e+00 8.8620e-02 5.1185e-02 -6.2422e-01 -4.3315e-01 9.1520e+00 9.2116e-01 4.3241e+01 -2.6805e-01 1.1190e+00 -7.9213e-01 4.4953e-01 6.6400e+00 -2.4179e+00 -1.8571e-01 6.0087e+00 1.4696e+01 -2.5739e-01 -5.8365e-01 -1.3816e+00 -6.3787e-01 1.5176e+00 -7.6450e-01 -1.5360e-01 5.5908e-03 -3.9149e-01 -4.2141e-01 -3.6588e-02 -1.4392e-01 -6.0421e-02 -5.5868e-02 4.6517e-01 -5.9454e-02 -1.4630e-01 1.3199e+00 4.1269e-01
-7.5159e-01 -7.5970e-02 -1.4908e+00 -2.2852e-01 -1.3741e+00 -9.0603e-01 -6.4576e-01 -3.6997e-01 4.9217e-01 3.9152e+00 -8.5228e-02 -3.5858e+00 -4.0238e-01 1.1751e-01 -7.2363e-01 -1.5859e-01 4.4425e-02 -5.2435e-02 -4.4697e-01 -1.9787e-01 -2.1256e-01 -2.6705e+00 -6.1115e-02 -2.6805e-01 1.6058e+01 5.9638e-01 -1.5461e-01 -1.0329e-01 -6.1215e+00 -1.3803e+00 -1.4089e-01 -5.5881e-01 -2.3997e+00 2.4443e+00 -1.3956e+00 -1.5601e-01 -1.4321e-01 -1.1863e+00 -2.1185e-01 -1.2517e+00 -1.3522e-01 -5.4348e-02 -1.1963e-01 5.4287e-01 -5.7898e-02 -1.9166e-01 -5.2726e-02 -1.5456e-02 -2.3026e-02 1.1582e+00 -1.2322e+00 3.6580e-01
-6.7184e-01 -1.2937e-01 7.3860e-02 1.3996e+00 -4.7689e-01 1.5340e+00 1.2626e-01 -2.1361e-01 4.5945e-01 1.1160e+00 -1.3005e+00 5.8530e-01 6.7590e-02 -1.0468e+00 -5.7234e-01 -3.5486e-02 1.3144e+00 4.3555e-01 3.2851e-02 -1.1523e-01 1.0631e-01 5.3494e-01 -1.4951e-01 1.1190e+00 5.9638e-01 3.4898e+01 -2.5624e-01 -5.7718e-01 -2.6066e+00 2.0619e-01 1.5705e-01 2.6028e-01 5.1017e+00 2.6770e-03 -3.9587e-01 -3.3550e+00 4.1446e-01 -1.0780e+00 3.3270e-01 6.5977e-01 -7.8900e-01 -1.0242e-01 4.6716e-01 1.1366e-02 2.4204e-01 -5.8097e-01 -5.0057e-01 -5.6130e-03 -2.8503e-03 -6.6367e-04 -1.8222e+00 2.3300e+01
-1.1807e+00 -6.0827e-01 3.7969e-01 -6.5388e-01 1.0574e+00 -8.6180e-01 4.6648e-01 -1.4320e+00 -1.1957e+00 -3.2004e-01 -3.9069e-02 1.1503e-01 -8.4920e-02 -3.8892e-01 4.8979e-01 -4.1996e-02 -1.0197e+00 -2.6534e-02 -9.2837e-02 1.1863e+00 -9.9728e-02 -1.2048e+00 -1.0724e-01 -7.9213e-01 -1.5461e-01 -2.5624e-01 1.5788e+01 -2.9740e-01 2.1290e+00 -5.9009e-01 3.1462e-01 -3.0178e-01 1.1394e+00 1.7797e-01 2.2004e-01 2.7197e-01 -2.0806e-01 3.4449e-01 -2.2197e-02 -7.5909e-02 -6.7305e-02 -4.3644e-02 -3.0851e-01 -5.1241e-02 6.5176e-01 -1.2344e-01 -5.0424e-02 -3.8579e-02 9.5896e-02 2.2818e-01 8.7197e-02 -7.5754e-01
-1.0614e+00 5.1894e-02 2.1708e-01 -2.8134e-01 -9.0096e-01 -1.9482e-01 -9.5059e-02 -8.0047e-03 -9.4129e-01 -2.0234e-01 -3.3796e-02 -9.7399e-02 -3.2813e-02 3.2605e-02 -2.8391e-01 -1.1199e-02 -8.3203e-01 4.5701e-01 6.8269e-02 1.6468e-02 -4.9963e-02 4.9679e-01 2.4389e-02 4.4953e-01 -1.0329e-01 -5.7718e-01 -2.9740e-01 9.3311e+00 1.2570e+00 -1.7956e-01 2.5367e-02 -1.7629e-01 -5.9350e-01 -8.0209e-02 1.5283e-01 7.9472e-02 -2.4709e-02 2.1305e-01 -1.5498e-01 -3.1583e-01 -2.8815e-02 -2.0050e-02 -1.7798e-01 9.3818e-02 -7.0180e-02 4.2731e-02 -7.7642e-03 -1.3707e-02 1.5538e-01 5.0917e-02 2.3488e-01 1.1577e-01
-8.0355e+00 8.2467e+00 1.5053e+01 -1.2316e-02 3.1846e+00 -9.4235e-01 1.6835e+01 4.6162e-01 7.0125e+00 -2.3214e+01 4.0818e-01 4.5387e+00 -4.9811e-01 2.3989e+01 -1.0676e+01 -7.0044e-01 2.3384e+01 -1.2430e-02 -4.9549e-01 -1.2126e+00 4.2499e-01 2.1463e+01 2.5087e+01 6.6400e+00 -6.1215e+00 -2.6066e+00 2.1290e+00 1.2570e+00 1.3848e+02 1.8553e+01 7.6529e-01 1.4704e+00 5.9034e+01 -2.5438e-01 9.3753e+00 2.3204e+01 5.0348e+00 6.0762e+00 -5.3266e-01 -1.0747e+01 5.0773e-01 -1.3515e+00 1.1408e+00 -3.8480e-01 2.5714e-01 1.2802e+00 -6.5719e-01 1.0067e+00 -3.5117e-01 -5.0210e-01 -1.5229e-01 -3.0187e-01
7.6096e+00 -1.1765e+00 -9.3563e-01 4.6675e-01 -6.4405e+00 -2.0438e-01 5.7938e+00 7.5569e-01 -1.5049e+01 -6.3473e+00 -5.9644e-02 -7.4496e+00 5.7855e-01 7.8286e+00 2.0589e+00 -3.9515e-01 2.3847e+01 2.2520e-01 8.8559e-01 -1.0390e+00 9.9518e-01 -9.0560e+00 7.5515e+00 -2.4179e+00 -1.3803e+00 2.0619e-01 -5.9009e-01 -1.7956e-01 1.8553e+01 8.7642e+01 -6.8930e-02 -1.4017e+00 3.8196e+01 -2.9218e-01 -4.2554e+00 -8.5886e+00 2.7663e+00 4.8093e-01 -9.5500e-01 -1.0430e+01 -1.3614e-02 7.2842e-01 7.1967e-02 -4.3598e-01 2.0334e-01 -1.3265e+00 3.5029e-01 -7.5782e-01 -3.4981e-02 -1.3566e+00 9.4222e-02 -1.2370e-01
-4.3868e-03 -4.6257e-02 -1.3834e-01 2.7201e-01 -2.3607e-02 3.6503e-01 -2.0021e-01 -1.1839e-01 -9.5858e-02 -2.3999e-02 -7.3543e-03 7.3189e-01 -5.4581e-02 5.1856e-02 8.6106e-01 -3.6897e-02 -1.2407e-01 -1.6039e-02 -1.9200e-02 -1.1454e-01 -9.4796e-02 8.3104e-01 1.4233e-01 -1.8571e-01 -1.4089e-01 1.5705e-01 3.1462e-01 2.5367e-02 7.6529e-01 -6.8930e-02 5.5536e+00 -8.9201e-02 -2.8988e-01 1.8128e-01 3.7481e-01 6.4384e-01 -2.4130e-02 1.1351e-02 -2.9192e-02 -2.2407e-01 1.6617e-01 -2.7339e-02 -1.5913e-02 -3.5733e-02 -1.6118e-02 -3.0282e-02 -2.0682e-02 -1.2256e-02 -7.9577e-03 -2.6512e-02 -3.1218e-02 9.8441e-02
-4.2074e-01 2.7733e-01 3.3961e-01 2.0231e-01 -6.3461e-01 3.0097e-02 6.6323e-01 1.0181e-01 1.7054e-01 7.3781e-01 -1.0996e-01 -3.9301e-01 -2.8292e-01 9.8888e-01 -7.6264e-01 -2.7653e-03 -8.8684e-01 -1.8210e-03 -5.0547e-01 -1.9858e-01 -1.3231e-01 -2.6429e+00 -2.7432e+00 6.0087e+00 -5.5881e-01 2.6028e-01 -3.0178e-01 -1.7629e-01 1.4704e+00 -1.4017e+00 -8.9201e-02 1.9012e+01 -3.5019e+00 1.1808e-02 -1.9871e+00 -2.9871e+00 -7.6323e-02 2.2976e-02 2.6355e-02 -1.1055e+00 -9.8365e-02 -1.3835e-02 -1.7286e-01 -1.1351e-01 -7.5890e-02 -1.6065e-01 -3.8220e-02 -2.5518e-02 -3.5805e-02 -1.7407e-01 -4.8783e-02 -7.3781e-02
-8.5690e+00 2.4103e+00 3.9211e+00 -1.3421e+01 1.2898e+01 -1.1169e+01 1.3776e+01 -5.6045e+00 3.3178e+00 -4.0154e+00 1.2711e+00 -2.7641e+01 4.0758e-01 8.2376e+00 -7.1509e+00 -4.6049e-01 3.5313e+01 -5.1857e-01 4.0497e-01 -2.1297e+00 7.6640e-02 2.3841e+00 4.5752e+00 1.4696e+01 -2.3997e+00 5.1017e+00 1.1394e+00 -5.9350e-01 5.9034e+01 3.8196e+01 -2.8988e-01 -3.5019e+00 1.5406e+02 2.6168e+00 -5.1538e+00 -2.2992e+01 2.7559e+00 7.3737e+00 -1.9732e+00 5.3823e+00 -3.0735e-01 -1.1968e+00 -2.8623e+00 4.1664e-01 1.3274e-01 -1.2882e+00 -1.2724e-01 -3.8628e-01 -2.9363e-01 -4.4744e-01 3.6097e+00 1.4877e+00
5.2164e-01 -1.2009e+00 -9.2171e-01 4.4795e-01 -2.4147e+00 -3.3843e-01 -6.4848e-01 4.7402e-01 -8.2524e-01 2.0183e+00 2.3675e-01 -4.1272e+00 -6.4945e-02 -2.5253e-01 -1.1865e+00 -1.0821e-01 2.2126e+00 -8.5373e-02 -4.3133e-01 -2.7231e-01 3.3562e-01 -1.8430e+00 -3.4079e+00 -2.5739e-01 2.4443e+00 2.6770e-03 1.7797e-01 -8.0209e-02 -2.5438e-01 -2.9218e-01 1.8128e-01 1.1808e-02 2.6168e+00 2.4403e+01 2.4628e+00 -4.4778e+00 -6.1162e-01 1.4079e+00 5.8985e-01 -2.0475e+00 -1.1757e-01 1.5322e-02 -4.5983e-02 -1.9992e-01 3.0765e-02 -3.4460e-01 -9.4359e-02 -1.4083e-01 2.7103e-03 7.9697e-01 -5.6009e-02 -1.1671e-01
8.4991e-01 -2.4884e+00 3.8201e-01 6.8074e-01 -3.4851e+00 1.2620e-01 1.8604e-01 -2.6471e-01 2.5847e+00 -4.7634e+00 -2.5225e-02 7.0615e+00 2.4578e-01 1.8046e+00 6.6138e-01 7.5700e-01 -1.8194e+00 5.9429e-02 -1.4101e+00 -5.0067e-01 -6.0000e-01 1.5704e+01 2.5373e+00 -5.8365e-01 -1.3956e+00 -3.9587e-01 2.2004e-01 1.5283e-01 9.3753e+00 -4.2554e+00 3.7481e-01 -1.9871e+00 -5.1538e+00 2.4628e+00 4.2779e+01 2.3826e+01 -5.4245e-01 1.9759e+00 4.0848e+00 -6.2712e+00 2.5420e-01 1.3924e-01 -6.2729e-02 -5.7525e-01 -1.7577e-02 -7.4290e-01 -8.0467e-02 -6.3063e-02 -2.8633e-04 3.5954e+00 7.1286e-01 -3.4562e-02
1.2437e+00 -6.3491e-01 3.2145e-01 3.2958e-01 -1.1709e+00 -1.0780e+00 1.0979e+00 -3.7849e-01 6.8023e+00 -7.7272e+00 -5.7540e-02 2.0567e+01 -9.0360e-02 2.4295e+00 -1.8972e+00 4.8870e-01 -8.7561e+00 2.8101e-01 -1.7566e+00 -6.3748e-01 6.4193e-02 1.7073e+01 4.7461e+00 -1.3816e+00 -1.5601e-01 -3.3550e+00 2.7197e-01 7.9472e-02 2.3204e+01 -8.5886e+00 6.4384e-01 -2.9871e+00 -2.2992e+01 -4.4778e+00 2.3826e+01 6.9631e+01 -6.0615e-01 6.5504e+00 -7.6108e-01 -1.1109e+01 5.2906e-01 9.8449e-02 -1.1183e-01 -6.5601e-01 3.0854e-02 -9.0490e-01 -3.5100e-01 1.5286e+00 -7.7418e-02 1.2230e-01 -2.6870e-01 -1.6522e-01
2.1512e+00 4.6696e-02 -9.1159e-01 2.8295e-02 -1.4243e-01 8.7843e-03 -8.6449e-01 5.6471e-01 -4.0670e+00 -1.3412e+00 1.6076e-01 -1.8000e+00 1.1370e-01 -2.8899e-01 -2.9565e-01 -6.9988e-02 5.2119e+00 -1.1821e-01 -2.7728e-01 1.9228e+00 3.2164e-01 -1.7863e+00 -6.8189e-01 -6.3787e-01 -1.4321e-01 4.1446e-01 -2.0806e-01 -2.4709e-02 5.0348e+00 2.7663e+00 -2.4130e-02 -7.6323e-02 2.7559e+00 -6.1162e-01 -5.4245e-01 -6.0615e-01 1.9598e+01 1.6748e-01 1.1295e+00 8.4227e-01 -7.3527e-02 5.6567e-02 1.4679e+00 -1.4328e-01 -1.6036e-02 1.7709e+00 -1.1716e-01 7.8549e-01 -5.0252e-02 1.7760e-01 -5.8090e-01 2.3940e-01
-1.5380e+00 -4.6911e-01 1.0225e-01 -5.8409e+00 1.5202e-01 -6.5933e+00 -9.4923e-01 1.0454e-02 5.7879e+00 5.2581e-01 1.0397e-01 -1.6021e+01 1.8145e-01 -2.3107e+00 -3.1572e+00 2.5450e-01 -2.1725e+00 -6.4912e-01 -3.2458e-01 -8.6238e-01 -4.0102e-01 -1.5183e+00 -1.5510e+00 1.5176e+00 -1.1863e+00 -1.0780e+00 3.4449e-01 2.1305e-01 6.0762e+00 4.8093e-01 1.1351e-02 2.2976e-02 7.3737e+00 1.4079e+00 1.9759e+00 6.5504e+00 1.6748e-01 5.3991e+01 -5.3333e-02 1.6440e+00 -2.7612e-01 7.7229e-02 2.1965e-01 4.3910e-02 -6.4537e-03 -6.3881e-02 -1.5970e-01 3.1763e-01 -1.8115e-01 1.4666e-01 2.3090e+01 -8.6299e-01
-2.5152e-01 -4.7556e+00 -9.8236e-01 1.6747e-01 -2.2238e+00 -1.2467e-02 1.4665e+00 6.4178e-03 -1.2385e+00 1.2893e+00 -9.6501e-02 -4.9640e-01 6.9182e-02 -1.9419e+00 -6.8163e-01 -5.9004e-02 -2.3970e-01 7.4474e-02 -6.2451e-01 -1.6925e-01 -1.7320e-02 -7.9691e-01 -2.7694e+00 -7.6450e-01 -2.1185e-01 3.3270e-01 -2.2197e-02 -1.5498e-01 -5.3266e-01 -9.5500e-01 -2.9192e-02 2.6355e-02 -1.9732e+00 5.8985e-01 4.0848e+00 -7.6108e-01 1.1295e+00 -5.3333e-02 1.8613e+01 -2.4587e-01 1.8520e-02 -9.2101e-02 2.4069e+00 -2.4586e-01 -1.6489e-02 -5.0307e-01 -2.0350e-01 -6.7236e-02 -2.0420e-02 4.1310e+00 -1.7472e-02 5.6421e-02
6.3141e+00 -1.1656e+00 -3.3970e+00 -2.7947e+00 -2.3844e-02 4.3078e-01 -6.3640e-01 2.2844e-01 -9.5834e+00 -1.6026e+00 -1.5743e-01 1.5797e+00 2.5769e-01 -1.3721e+01 -3.0879e+00 -3.0347e-01 1.1324e+01 -6.7451e-02 2.3927e+00 1.9413e+00 -2.7688e-01 -5.2250e+00 -4.5537e-01 -1.5360e-01 -1.2517e+00 6.5977e-01 -7.5909e-02 -3.1583e-01 -1.0747e+01 -1.0430e+01 -2.2407e-01 -1.1055e+00 5.3823e+00 -2.0475e+00 -6.2712e+00 -1.1109e+01 8.4227e-01 1.6440e+00 -2.4587e-01 5.4641e+01 -2.4854e-01 -8.8247e-02 -9.0709e-02 6.7863e-01 -2.8804e-01 -3.3752e-01 -2.0736e-01 -4.3207e-01 -8.4688e-02 -2.3295e-01 -5.8247e-01 3.3744e-02
-1.6567e-01 -1.2028e-01 -2.6963e-01 1.3571e-02 -1.8402e-01 6.3992e-02 -2.5421e-01 -7.1494e-01 1.2518e-02 1.2774e-01 3.0337e-02 5.3168e-01 1.0116e-02 -1.7429e-01 1.6051e-02 -3.8378e-02 -9.4175e-02 -3.1663e-02 -2.5338e-01 -1.4272e-01 -4.1145e-02 4.1848e-01 2.7720e-03 5.5908e-03 -1.3522e-01 -7.8900e-01 -6.7305e-02 -2.8815e-02 5.0773e-01 -1.3614e-02 1.6617e-01 -9.8365e-02 -3.0735e-01 -1.1757e-01 2.5420e-01 5.2906e-01 -7.3527e-02 -2.7612e-01 1.8520e-02 -2.4854e-01 8.0582e+00 -1.0514e-02 -2.9403e-02 -3.7988e-02 -7.8937e-02 6.1617e-01 1.1613e-01 1.9336e-01 -2.0681e-02 -4.1347e-02 -3.3909e-01 -7.9832e-01
-3.3858e-01 -9.1508e-01 -5.9243e-02 1.5721e-01 -5.8752e-01 2.7139e-01 -1.2412e+00 4.2682e-01 9.3397e-01 -6.9530e-02 -2.2156e-02 2.0235e-02 9.6702e-02 -9.4210e-01 -1.7317e-01 -1.5681e-02 -4.5021e-01 1.3332e-02 2.7667e-02 3.8746e-02 1.4431e-01 2.6383e-01 -9.2818e-01 -3.9149e-01 -5.4348e-02 -1.0242e-01 -4.3644e-02 -2.0050e-02 -1.3515e+00 7.2842e-01 -2.7339e-02 -1.3835e-02 -1.1968e+00 1.5322e-02 1.3924e-01 9.8449e-02 5.6567e-02 7.7229e-02 -9.2101e-02 -8.8247e-02 -1.0514e-02 6.6917e+00 -9.9493e-03 -3.9819e-02 -8.5692e-03 -5.8815e-02 -3.5787e-02 -3.4984e-02 9.6767e-03 -4.1688e-02 -4.8191e-02 -5.0935e-02
-7.1244e-01 -6.2676e-02 1.1039e-01 -1.9386e-01 6.6797e-01 -1.0455e-01 4.9581e-02 -1.4181e-01 1.6432e+00 -7.5541e-02 -9.0521e-02 -1.5581e-01 1.5990e-01 2.0440e-01 -7.7622e-02 -2.3392e-02 -3.5250e-01 -1.5866e-02 -1.3906e-01 2.7887e-02 2.4919e-01 4.2998e-01 1.0243e-01 -4.2141e-01 -1.1963e-01 4.6716e-01 -3.0851e-01 -1.7798e-01 1.1408e+00 7.1967e-02 -1.5913e-02 -1.7286e-01 -2.8623e+00 -4.5983e-02 -6.2729e-02 -1.1183e-01 1.4679e+00 2.1965e-01 2.4069e+00 -9.0709e-02 -2.9403e-02 -9.9493e-03 8.1567e+00 -3.9642e-02 -4.2358e-02 -4.4232e-02 -1.9580e-02 -1.8316e-02 -4.9648e-03 1.2135e-02 1.3619e-01 1.3057e-01
7.0798e-01 -9.6086e-01 5.2821e-01 1.0181e-01 7.7054e-02 -9.0832e-02 4.6601e-01 1.6638e-02 -3.6363e-01 4.6354e-01 -6.2514e-02 -6.6363e-01 -3.2692e-02 -9.5981e-01 -1.9276e-01 -3.2552e-02 7.7672e-01 -4.8931e-02 -1.6621e-01 -7.6302e-02 -6.9685e-02 -5.5738e-01 -1.5851e+00 -3.6588e-02 5.4287e-01 1.1366e-02 -5.1241e-02 9.3818e-02 -3.8480e-01 -4.3598e-01 -3.5733e-02 -1.1351e-01 4.1664e-01 -1.9992e-01 -5.7525e-01 -6.5601e-01 -1.4328e-01 4.3910e-02 -2.4586e-01 6.7863e-01 -3.7988e-02 -3.9819e-02 -3.9642e-02 8.1796e+00 5.6477e-03 -1.3528e-01 -6.4616e-02 -4.2815e-02 -7.4593e-03 -1.5151e-01 -1.4219e-01 -8.1375e-03
-5.1893e-01 -1.6969e-01 9.1253e-03 2.0206e-01 1.3043e-02 1.6390e-01 1.3814e-01 -3.3748e-02 -3.1949e-01 -1.8437e-02 -3.3077e-02 -1.9522e-01 -7.5345e-03 2.1285e-03 -1.4767e-01 -1.4950e-02 4.9667e-01 -2.4259e-02 -4.3265e-02 -9.1135e-02 -4.2397e-02 -3.5512e-01 1.8469e-02 -1.4392e-01 -5.7898e-02 2.4204e-01 6.5176e-01 -7.0180e-02 2.5714e-01 2.0334e-01 -1.6118e-02 -7.5890e-02 1.3274e-01 3.0765e-02 -1.7577e-02 3.0854e-02 -1.6036e-02 -6.4537e-03 -1.6489e-02 -2.8804e-01 -7.8937e-02 -8.5692e-03 -4.2358e-02 5.6477e-03 6.6725e+00 -4.2977e-02 -3.6381e-02 -2.1908e-02 -1.8624e-02 -2.7592e-02 -1.5424e-01 1.6706e-01
-1.8547e-01 1.9576e+00 -7.2519e-01 -2.3502e-01 -1.0418e+00 -2.5484e-01 -2.0371e+00 5.6374e-01 -5.0283e-01 8.0836e-01 1.4560e-01 -7.5125e-01 -1.0302e-01 -1.4650e+00 1.3759e+00 1.1496e-02 4.3075e-01 -8.2536e-02 3.0656e-01 -4.7266e-01 -1.2116e-01 -4.7456e-01 -2.1213e+00 -6.0421e-02 -1.9166e-01 -5.8097e-01 -1.2344e-01 4.2731e-02 1.2802e+00 -1.3265e+00 -3.0282e-02 -1.6065e-01 -1.2882e+00 -3.4460e-01 -7.4290e-01 -9.0490e-01 1.7709e+00 -6.3881e-02 -5.0307e-01 -3.3752e-01 6.1617e-01 -5.8815e-02 -4.4232e-02 -1.3528e-01 -4.2977e-02 1.5298e+01 -1.3562e-01 -1.1764e-02 -1.1260e-01 -1.5213e-01 -2.8632e-01 -6.1138e-01
-7.6931e-02 1.5363e-01 -7.0918e-01 -1.9233e-01 1.1204e+00 9.4142e-03 -1.0654e+00 -4.1243e-02 -1.5701e-01 9.5059e-02 6.1757e-02 4.3246e-01 1.4993e-01 -9.3344e-01 2.6677e-03 1.3907e-01 -3.1792e-01 -4.6228e-02 -8.1177e-02 -1.2667e-01 -2.3164e-02 -4.4092e-02 -1.0114e+00 -5.5868e-02 -5.2726e-02 -5.0057e-01 -5.0424e-02 -7.7642e-03 -6.5719e-01 3.5029e-01 -2.0682e-02 -3.8220e-02 -1.2724e-01 -9.4359e-02 -8.0467e-02 -3.5100e-01 -1.1716e-01 -1.5970e-01 -2.0350e-01 -2.0736e-01 1.1613e-01 -3.5787e-02 -1.9580e-02 -6.4616e-02 -3.6381e-02 -1.3562e-01 8.0218e+00 1.1328e-01 -2.2212e-02 -1.5419e-01 -1.5251e-01 -4.9941e-01
-3.0681e-01 -1.5838e-01 1.3763e-01 -7.4855e-02 -1.0001e-01 -1.5013e-02 -1.3125e-01 -1.8094e-01 6.1176e-01 -1.1278e-01 -3.3460e-03 1.0844e+00 2.5649e-01 1.1835e-01 -2.7767e-01 -4.1409e-02 -8.8430e-01 5.6350e-02 -1.0582e-01 -1.5335e-03 -3.6192e-02 3.0011e-02 1.1369e-01 4.6517e-01 -1.5456e-02 -5.6130e-03 -3.8579e-02 -1.3707e-02 1.0067e+00 -7.5782e-01 -1.2256e-02 -2.5518e-02 -3.8628e-01 -1.4083e-01 -6.3063e-02 1.5286e+00 7.8549e-01 3.1763e-01 -6.7236e-02 -4.3207e-01 1.9336e-01 -3.4984e-02 -1.8316e-02 -4.2815e-02 -2.1908e-02 -1.1764e-02 1.1328e-01 6.3418e+00 -1.7073e-02 -4.9873e-02 2.0398e-02 -1.5502e-02
-5.1373e-03 -3.5853e-03 -2.5500e-01 1.2738e-01 -2.7700e-01 1.6557e-01 -1.9061e-01 -5.6809e-01 1.1632e-02 -3.2265e-02 -1.5255e-02 1.9144e-01 -3.2111e-02 -6.2582e-02 -1.0744e-01 -5.2527e-03 -1.5199e-01 -1.0327e-02 -2.9076e-01 -1.1071e-01 8.4480e-02 9.4383e-02 1.3668e+00 -5.9454e-02 -2.3026e-02 -2.8503e-03 9.5896e-02 1.5538e-01 -3.5117e-01 -3.4981e-02 -7.9577e-03 -3.5805e-02 -2.9363e-01 2.7103e-03 -2.8633e-04 -7.7418e-02 -5.0252e-02 -1.8115e-01 -2.0420e-02 -8.4688e-02 -2.0681e-02 9.6767e-03 -4.9648e-03 -7.4593e-03 -1.8624e-02 -1.1260e-01 -2.2212e-02 -1.7073e-02 4.6319e+00 -3.3303e-02 -1.0149e-01 -2.4705e-02
-5.5242e-01 -1.5782e+00 -1.8084e+00 1.2705e-01 -9.9116e-01 8.3342e-02 2.5946e-01 -4.8042e-01 -2.1300e-01 5.8342e-01 -4.5441e-02 -9.6144e-01 -6.2102e-02 -3.3216e-01 -2.0414e-01 -5.1856e-02 8.3415e-02 5.8335e-02 -2.0557e-01 -2.5771e-01 -7.3051e-02 -2.0814e-01 -4.3793e-01 -1.4630e-01 1.1582e+00 -6.6367e-04 2.2818e-01 5.0917e-02 -5.0210e-01 -1.3566e+00 -2.6512e-02 -1.7407e-01 -4.4744e-01 7.9697e-01 3.5954e+00 1.2230e-01 1.7760e-01 1.4666e-01 4.1310e+00 -2.3295e-01 -4.1347e-02 -4.1688e-02 1.2135e-02 -1.5151e-01 -2.7592e-02 -1.5213e-01 -1.5419e-01 -4.9873e-02 -3.3303e-02 1.1314e+01 7.3133e-04 1.8731e-01
2.6648e+00 -1.3297e-01 3.8906e-01 -5.7848e+00 1.3002e-01 -6.3770e+00 -2.0152e-02 5.6051e-02 -7.7720e-01 -2.1733e+00 1.1496e-01 -2.8985e+00 -8.6339e-02 8.9488e-01 -2.3431e-01 6.2052e-02 -2.0651e-01 -7.9185e-01 -3.9194e-01 -4.2992e-01 7.7862e-02 2.7685e-02 7.1634e-02 1.3199e+00 -1.2322e+00 -1.8222e+00 8.7197e-02 2.3488e-01 -1.5229e-01 9.4222e-02 -3.1218e-02 -4.8783e-02 3.6097e+00 -5.6009e-02 7.1286e-01 -2.6870e-01 -5.8090e-01 2.3090e+01 -1.7472e-02 -5.8247e-01 -3.3909e-01 -4.8191e-02 1.3619e-01 -1.4219e-01 -1.5424e-01 -2.8632e-01 -1.5251e-01 2.0398e-02 -1.0149e-01 7.3133e-04 2.4385e+01 -1.7757e+00
-2.2597e+00 3.6599e-02 2.5453e-01 1.4334e+00 5.4800e-01 1.5737e+00 3.0588e-01 -1.4718e-01 -7.2972e-01 1.2398e+00 -1.7212e-02 8.3304e-01 -4.2894e-02 -8.5020e-01 -9.9726e-01 -2.6840e-02 -1.5806e-01 4.1233e-01 -1.0181e-01 -1.4996e-01 2.6715e-02 -2.5964e-01 1.0789e-01 4.1269e-01 3.6580e-01 2.3300e+01 -7.5754e-01 1.1577e-01 -3.0187e-01 -1.2370e-01 9.8441e-02 -7.3781e-02 1.4877e+00 -1.1671e-01 -3.4562e-02 -1.6522e-01 2.3940e-01 -8.6299e-01 5.6421e-02 3.3744e-02 -7.9832e-01 -5.0935e-02 1.3057e-01 -8.1375e-03 1.6706e-01 -6.1138e-01 -4.9941e-01 -1.5502e-02 -2.4705e-02 1.8731e-01 -1.7757e+00 2.3513e+01
