8.6067e+01 -4.4659e+01 3.4818e+01 1.0049e+00 -3.1492e+01 1.2967e+01 -8.0535e+00 -1.1952e+01 3.1491e+01 1.2347e+00 8.6528e-02 -8.4472e+00 -2.2934e-01 -3.1701e+00 5.0270e+00 2.4660e-01 -1.6086e+00 -1.5630e+01 -2.6316e+00 1.1747e+00 -6.9637e+00 -3.1085e-01 -2.3398e+00 2.2574e+01 -2.4132e+00 1.3734e-01 9.9244e-02 -8.4946e-01 1.5659e+01 -1.3860e+01 -1.0043e+00 -2.1596e-02 8.3389e+00 1.4687e+01 -1.0831e+00 -8.4735e+00 -8.2191e+00 -6.1250e-01 -4.1072e-01 -1.2569e+01 7.0384e-01 7.3627e-01 -4.7823e-01 1.0401e+00 -5.2509e-01 9.5116e-01 -5.0123e-01 -1.3691e+00 3.1976e-01 -6.8770e-01 2.0702e-02 1.1616e+00
-4.4659e+01 1.6015e+02 -6.1779e+01 -4.0242e+00 6.1433e+01 -1.7793e+01 7.4873e+00 -3.5924e+00 -4.3136e+01 3.4839e+00 -2.2133e+00 -6.8310e+00 -5.4278e-01 -3.8474e+00 1.1119e+01 -1.7254e+00 6.5437e+00 5.3807e+01 3.7281e+00 -4.2673e+00 -7.1261e+00 -2.4296e-01 -1.4404e+01 -2.1952e+01 -1.1836e+01 9.2098e-01 3.6011e-02 -2.0725e+00 6.6518e+00 9.2200e+00 -9.1363e-01 -2.2714e+00 2.0172e+00 -4.8343e+00 -6.5620e-01 7.2370e+00 6.0915e+00 -2.5452e+00 5.0332e-01 1.0656e+01 -8.0801e-01 -4.7573e-01 -3.3564e-01 -2.5141e+00 -1.8256e+00 -6.3030e-01 3.7604e+00 7.0763e-01 -3.7575e-01 -8.3810e-01 -2.5653e+00 -5.0404e+00
3.4818e+01 -6.1779e+01 1.1809e+02 -3.0918e-01 -9.2399e+01 4.9983e+00 -2.1369e+01 1.0073e+01 6.7658e+01 -9.1809e+00 1.0676e-01 -1.8409e+01 1.2503e+00 3.0873e+00 2.2516e+00 5.4059e-01 -3.5655e+00 -1.8146e+01 -2.5421e+00 1.7734e+00 1.5575e-02 -5.9199e-01 2.8085e-01 1.4508e+01 1.8677e+01 1.0666e+01 5.9834e-01 -1.6610e+00 1.9921e+00 -1.8866e+00 2.2112e-01 1.5882e+00 -9.7090e-02 2.3311e+00 -1.6762e+00 -1.0322e+01 -1.0319e+01 1.6512e+00 -1.0506e+00 -1.1673e+00 -2.9008e-01 2.8237e+00 3.6729e-01 2.1618e+00 3.5777e+00 -7.8136e-01 -2.0276e+00 -6.8323e-01 -5.8901e-01 2.6525e-01 1.9071e-02 1.7372e+00
1.0049e+00 -4.0242e+00 -3.0918e-01 3.1140e+01 8.7373e-01 -6.9042e-02 2.8240e-01 -8.8320e-01 2.4194e+00 6.1468e-01 1.4749e+01 -3.0833e-01 2.1702e-01 -5.9414e-01 -5.0920e+00 -3.3755e-01 -1.0406e-01 5.2781e-01 -1.2725e+00 7.2289e+00 1.0042e+00 8.7739e-02 1.1616e+01 3.2696e-01 -3.7027e-01 4.7238e-01 9.8602e-02 4.9353e-01 -2.4507e+00 4.3665e-01 9.3993e-02 -1.2964e+00 -1.1299e+00 -1.1533e+00 1.9218e-01 2.0841e-01 -1.6154e+00 1.3894e-01 7.9083e-01 -5.1269e-01 1.2899e-01 9.7117e-04 1.3706e-01 1.8346e-01 9.0303e-01 -4.8983e-03 3.7819e-02 1.0588e-01 -7.0480e-02 1.0643e-02 1.2499e+01 2.4895e+00
-3.1492e+01 6.1433e+01 -9.2399e+01 8.7373e-01 1.7383e+02 -1.1138e+01 2.6944e+01 1.2526e+01 -8.4232e+01 8.9634e+00 1.1776e+00 3.5748e+01 -2.2109e+00 -1.7037e+00 -7.2555e+00 -8.0376e-01 1.1252e+01 6.2292e+00 7.6968e-01 -2.0338e+00 -5.4037e+00 -1.5384e+00 -1.6704e+01 -1.7472e+01 -1.8627e+01 -5.8153e+00 -8.2344e-01 -5.3808e+00 7.3951e+00 1.4565e+01 -8.9378e-01 -1.1960e+00 1.1958e+01 5.2376e+00 -2.0263e-01 7.4780e+00 7.0644e+00 -4.2250e+00 1.5121e+00 -2.0124e+00 -1.3486e-01 -1.3605e+00 -5.4865e-01 1.3998e+00 -3.4562e+00 -1.0562e+00 2.9794e+00 -1.1956e+00 -3.3234e-02 -9.8286e-01 -1.2762e-01 -2.2186e+00
1.2967e+01 -1.7793e+01 4.9983e+00 -6.9042e-02 -1.1138e+01 5.9751e+01 1.0052e+01 -1.9065e+00 1.5650e+01 -9.5037e-01 -6.1370e-01 -6.7187e+00 1.9127e+00 -5.3437e-01 -5.4881e+00 -7.3866e-01 1.0886e+00 -2.1849e+01 -3.4841e+00 -9.5349e-01 -1.8594e+00 2.0852e-01 -5.2279e+00 1.7466e+01 -6.1544e-01 -1.8340e+00 -4.4847e-02 2.2488e+00 1.5657e+01 -1.8780e+01 -3.5120e-01 -3.8178e-01 -6.5596e-01 1.6350e+01 6.2471e-02 -5.0495e+00 -4.6617e+00 1.3525e+00 4.1491e-02 -6.1943e+00 -8.6828e-02 -4.2109e-01 1.3623e-01 -1.1069e+00 -2.9240e-01 1.0487e+00 -1.4897e-01 -5.8446e-01 -6.3515e-01 -2.2301e-01 -1.2520e+00 -8.4407e-01
-8.0535e+00 7.4873e+00 -2.1369e+01 2.8240e-01 2.6944e+01 1.0052e+01 8.0795e+01 -1.2418e-01 -2.5908e+01 1.1847e+00 5.8201e-01 1.1767e+01 8.9392e-01 -4.2022e+00 -1.5968e+01 2.8915e-01 3.5708e+00 -3.9619e+00 -1.9069e+00 -1.8126e+00 -4.8826e+00 -2.3749e-02 -1.1424e+00 -1.9103e-01 -5.3550e+00 -1.0592e+01 1.1348e-01 1.6912e+00 1.0089e+01 -1.2386e+01 -6.5371e-01 4.7926e-01 -1.2376e+00 2.9724e+00 1.2045e+00 3.2844e+00 3.1950e+00 -8.6299e-02 1.7723e-01 1.1704e+00 1.0420e+00 9.4830e-01 -7.0158e-01 1.3362e+00 -1.8555e+00 2.7647e-02 -5.8124e-01 2.4579e-01 -1.9361e+00 -6.6039e-01 -1.1079e-02 -1.8424e+00
-1.1952e+01 -3.5924e+00 1.0073e+01 -8.8320e-01 1.2526e+01 -1.9065e+00 -1.2418e-01 6.3553e+01 2.1593e+00 -3.7565e+00 -5.5583e-01 1.3431e-02 -1.0562e+00 -4.4429e-01 8.7299e-02 1.2922e+00 2.0103e+01 1.8519e+00 -3.8077e-01 -7.4827e-01 1.1157e+00 -9.3737e-02 1.2616e+00 -8.4743e+00 3.1914e+00 2.5563e+00 -2.9906e-01 2.6459e-01 -1.0293e+00 1.1037e+01 4.7887e-01 -1.9823e-01 -6.7223e+00 1.1792e+00 -1.6310e+00 -1.4056e+00 -8.5131e-01 2.9046e-01 -6.2732e-01 1.1614e+00 5.6769e-01 6.4645e-01 1.2465e-01 5.2666e-01 -4.1327e-02 -4.1719e-01 1.0454e+00 1.7525e+00 3.3874e-01 -1.3999e-02 -1.2867e+00 -1.0195e+00
3.1491e+01 -4.3136e+01 6.7658e+01 2.4194e+00 -8.4232e+01 1.5650e+01 -2.5908e+01 2.1593e+00 1.0444e+02 1.7887e+00 -1.2689e-01 -3.5150e+01 -7.5048e-01 1.9428e+00 5.7146e+00 5.7680e-01 7.0733e+00 -6.7425e+00 -1.5152e+00 1.7717e+00 2.1110e+00 -4.0312e-01 -2.7511e+00 1.3151e+01 1.5119e+01 7.5464e+00 9.8683e-01 -2.8480e+00 -4.3291e+00 8.1246e+00 4.4928e-01 9.4586e-01 -6.4198e+00 -3.9193e+00 -1.8767e+00 -8.6307e+00 -8.1938e+00 -3.6195e-03 -7.8055e-02 1.7545e+00 6.5465e-01 5.1272e-01 -5.8758e-02 9.9934e-01 4.0849e+00 -3.0674e-01 -1.1447e+00 6.9188e-02 -3.1844e-02 5.9729e-01 -1.4521e-01 1.7915e+00
1.2347e+00 3.4839e+00 -9.1809e+00 6.1468e-01 8.9634e+00 -9.5037e-01 1.1847e+00 -3.7565e+00 1.7887e+00 5.7545e+01 -3.1802e-02 1.7723e+00 6.4251e-01 6.3569e-01 -1.2552e+00 -2.0759e-01 3.1036e+01 3.3645e-01 -1.9455e-01 -2.6119e-01 -2.1208e-01 -4.4724e-01 2.6469e-01 6.9410e+00 4.6890e+00 -3.0735e+00 1.6117e-01 -2.2951e-01 4.1868e+00 1.6024e+01 -4.2627e-01 -8.9396e-01 -1.0324e+01 4.3852e-02 7.2975e-01 -5.7557e-01 -4.1653e-01 6.9408e-01 5.5978e-02 2.0978e+00 6.9133e-01 -1.3122e+00 2.4056e-01 -1.1310e+00 1.9327e+00 -6.7256e-01 2.7404e+00 -1.3284e+00 -4.7860e-02 2.2091e-01 -4.7167e-01 -5.5167e-01
8.6528e-02 -2.2133e+00 1.0676e-01 1.4749e+01 1.1776e+00 -6.1370e-01 5.8201e-01 -5.5583e-01 -1.2689e-01 -3.1802e-02 2.0746e+01 1.4992e-01 1.0835e-01 -2.3098e-01 -5.7986e+00 -4.2889e-01 2.7750e-01 -5.4176e-01 -1.9773e+00 7.8045e+00 1.6177e-01 2.9532e-02 1.2967e+01 -4.0282e-02 -3.5865e-01 3.0562e-02 1.2718e-03 2.4838e-01 -9.1462e-01 1.5301e-01 3.2695e-02 -1.3315e+00 -1.2924e+00 5.3312e-02 1.1051e-02 5.3437e-02 -1.4374e+00 -9.9538e-02 7.8901e-01 -1.1279e+00 -6.5901e-02 -3.1254e-01 3.0328e-02 2.5982e-01 9.3915e-01 -2.3133e-02 -3.8794e-01 -6.8034e-02 -6.7342e-02 -2.2636e-02 1.3590e+01 2.5793e+00
-8.4472e+00 -6.8310e+00 -1.8409e+01 -3.0833e-01 3.5748e+01 -6.7187e+00 1.1767e+01 1.3431e-02 -3.5150e+01 1.7723e+00 1.4992e-01 8.0188e+01 -2.6375e-01 -1.1408e+00 -4.9845e+00 3.8448e-01 -5.2930e+00 -2.2527e+01 -1.6580e+00 -3.0883e+00 -2.1755e+00 3.6516e+00 1.0424e+01 8.5108e+00 -3.5904e+00 -2.7435e+00 -1.5802e-01 1.1528e+00 1.0255e+01 -1.8771e+01 -3.8485e-01 -5.8532e-01 -1.8806e+00 8.0841e+00 1.4403e+00 -4.2234e-01 -7.4297e-01 -2.4397e+00 1.3544e-01 -1.7636e+00 -2.2618e-01 -4.0118e-01 -2.9833e-01 -2.8359e-01 -7.7174e-01 2.1978e+00 6.8884e-01 -4.8990e-01 1.4664e+00 -6.6059e-01 -4.0535e-01 -3.1600e+00
-2.2934e-01 -5.4278e-01 1.2503e+00 2.1702e-01 -2.2109e+00 1.9127e+00 8.9392e-01 -1.0562e+00 -7.5048e-01 6.4251e-01 1.0835e-01 -2.6375e-01 1.3687e+01 -1.2124e-01 -3.9128e-01 -2.9992e-02 9.5973e-01 2.2527e-01 -1.5490e-01 3.9233e-02 -8.0108e-01 -1.1222e-01 -5.1927e-01 -6.6031e-01 9.3076e-01 -1.5126e-01 -1.2264e-01 -3.3508e-01 -1.1853e-01 -9.8962e-01 1.2310e-02 -1.3605e-01 -1.3043e+00 6.6229e-02 1.9249e-01 2.5310e-01 -1.6068e-02 -1.7150e-01 -1.2816e-01 -3.0229e-01 -1.2918e-01 7.1262e-02 -1.0526e-02 -2.6485e-01 1.6682e-01 8.7510e-01 2.2565e-01 -1.3825e-01 -5.1882e-02 -4.4952e-02 1.4585e-03 2.7126e-02
-3.1701e+00 -3.8474e+00 3.0873e+00 -5.9414e-01 -1.7037e+00 -5.3437e-01 -4.2022e+00 -4.4429e-01 1.9428e+00 6.3569e-01 -2.3098e-01 -1.1408e+00 -1.2124e-01 1.9143e+01 -3.1326e-01 2.3340e-02 -1.8962e+00 -3.6448e+00 -4.7462e-01 1.1949e-01 5.7375e+00 -1.1263e-01 2.2026e+00 -1.1715e+00 4.1941e+00 3.6964e+00 1.6160e-01 -3.0649e-01 1.3832e-01 2.0272e-01 1.4835e+00 6.7659e-02 6.0133e-01 -1.7906e+00 -7.0394e-02 -5.5671e-01 7.9443e-01 -1.7481e-01 1.1837e+00 -3.5978e-01 -2.2981e-01 1.0519e-01 2.1426e-01 1.6173e-02 -3.2361e-01 -1.3003e-01 -1.1198e-01 1.5830e-01 -1.1660e-01 9.9571e-01 1.7302e+00 -9.1391e-02
5.0270e+00 1.1119e+01 2.2516e+00 -5.0920e+00 -7.2555e+00 -5.4881e+00 -1.5968e+01 8.7299e-02 5.7146e+00 -1.2552e+00 -5.7986e+00 -4.9845e+00 -3.9128e-01 -3.1326e-01 3.6416e+01 -4.0094e-01 5.1084e-01 1.1923e+01 3.1708e+00 -2.9418e+00 -1.0855e+00 4.5490e-02 -1.6577e+00 5.5211e+00 6.4604e-01 7.0956e-01 -1.0004e-01 -1.1498e+00 6.1115e+00 -6.9452e+00 -1.6789e-01 1.7564e+00 -8.5198e-01 6.3876e+00 -4.1391e-02 -1.7398e+00 -3.6836e-01 -4.6616e-01 -7.8137e-01 -6.2719e-01 -3.4498e-01 -1.0595e-01 -1.5934e-01 -4.0664e-01 -1.8004e-01 2.1954e-01 -2.9393e-01 -3.1248e-01 -4.3516e-01 -2.6211e-01 -3.5375e+00 3.7197e+00
2.4660e-01 -1.7254e+00 5.4059e-01 -3.3755e-01 -8.0376e-01 -7.3866e-01 2.8915e-01 1.2922e+00 5.7680e-01 -2.0759e-01 -4.2889e-01 3.8448e-01 -2.9992e-02 2.3340e-02 -4.0094e-01 7.5645e+00 -3.2510e-01 1.0420e+00 -1.3020e-01 -3.4974e-01 2.2712e-02 -1.3272e-01 2.9798e-01 -1.2636e+00 2.6134e-01 -8.3257e-02 1.9153e-01 -1.2411e-01 -1.4492e+00 1.0681e+00 -3.3543e-03 1.3317e+00 -1.1852e-01 2.0859e-01 1.0169e-01 -1.4397e-01 -1.4473e-01 -1.0451e-01 -1.7481e-01 -2.2074e-01 9.7978e-03 -2.3737e-02 -2.4120e-02 -6.3066e-02 -8.7145e-02 -3.7983e-02 -8.2338e-02 3.3737e-01 -3.3102e-02 -4.4952e-02 -5.3317e-01 -5.7172e-01
-1.6086e+00 6.5437e+00 -3.5655e+00 -1.0406e-01 1.1252e+01 1.0886e+00 3.5708e+00 2.0103e+01 7.0733e+00 3.1036e+01 2.7750e-01 -5.2930e+00 9.5973e-01 -1.8962e+00 5.1084e-01 -3.2510e-01 8.9853e+01 6.9075e+00 -2.4181e-01 -5.4632e-01 5.3797e-01 -3.0354e-01 5.1373e-01 -7.4660e-01 1.1605e+01 -4.3211e-01 6.4087e-02 -4.0051e+00 -8.8547e-01 2.6810e+01 -6.2242e-01 -6.4733e-01 -2.0066e+01 9.6643e-01 -7.8197e-01 4.0838e-01 9.5371e-02 1.5710e+00 -2.3197e-01 4.5577e-01 1.5605e+00 -6.2376e-01 1.2212e-01 -8.1597e-01 3.1970e+00 -5.5331e-01 3.0860e+00 -3.6900e-01 1.6098e-01 1.5830e-01 -1.0975e-01 -6.1844e-01
-1.5630e+01 5.3807e+01 -1.8146e+01 5.2781e-01 6.2292e+00 -2.1849e+01 -3.9619e+00 1.8519e+00 -6.7425e+00 3.3645e-01 -5.4176e-01 -2.2527e+01 2.2527e-01 -3.6448e+00 1.1923e+01 1.0420e+00 6.9075e+00 1.1502e+02 -1.6909e+00 1.3471e+00 -9.0764e+00 -7.6058e-01 2.4562e+00 -5.5469e+01 -7.7741e+00 2.3434e+00 5.6376e-02 -5.5988e+00 -3.5927e+01 4.6673e+01 -1.0590e+00 1.4101e-01 2.6891e+00 -3.2815e+01 8.0963e-01 7.3319e+00 5.9249e+00 -1.0639e+00 -7.0547e-01 9.8071e+00 8.1159e-01 -1.1560e-01 -4.5675e-01 -2.5435e+00 -2.9742e+00 7.1271e-02 -8.8410e-01 7.3877e-01 -3.1030e+00 -9.5222e-01 -1.3323e-02 1.3377e+00
-2.6316e+00 3.7281e+00 -2.5421e+00 -1.2725e+00 7.6968e-01 -3.4841e+00 -1.9069e+00 -3.8077e-01 -1.5152e+00 -1.9455e-01 -1.9773e+00 -1.6580e+00 -1.5490e-01 -4.7462e-01 3.1708e+00 -1.3020e-01 -2.4181e-01 -1.6909e+00 2.1276e+01 -1.1571e+00 -7.9875e-01 -1.2665e-01 -1.0581e+00 5.8451e+00 -8.8163e-01 3.4057e-01 -5.6699e-02 -1.1259e+00 3.4669e+00 -4.0412e+00 9.1479e-02 6.2171e-01 -8.1629e-01 3.2020e+00 6.6230e-01 -7.0074e-01 -8.8601e-01 -3.4153e-01 -4.4435e-01 -7.8248e-01 -1.9479e-01 8.2996e-02 -1.1238e-01 6.8177e-03 -1.3638e-01 -1.0904e-01 4.3382e-02 -1.4306e-01 9.8181e-02 -1.4593e-01 -1.6366e+00 3.2798e+00
1.1747e+00 -4.2673e+00 1.7734e+00 7.2289e+00 -2.0338e+00 -9.5349e-01 -1.8126e+00 -7.4827e-01 1.7717e+00 -2.6119e-01 7.8045e+00 -3.0883e+00 3.9233e-02 1.1949e-01 -2.9418e+00 -3.4974e-01 -5.4632e-01 1.3471e+00 -1.1571e+00 2.3602e+01 1.2112e-01 -3.7731e-02 7.8843e+00 1.3005e+00 -2.1765e-01 1.7330e-01 -2.3330e-02 -9.6264e-02 -2.1203e+00 2.0442e+00 4.3571e-02 -1.0429e+00 1.8427e+00 8.6234e-01 -5.9463e-02 -2.1523e-01 -6.2018e-02 1.8025e-01 -2.1551e+00 -9.0434e-01 2.6060e-02 -1.9802e-01 4.8916e-02 2.4764e-01 1.1178e+00 -3.5072e-02 -4.2340e-01 -7.2638e-02 -2.6642e-02 2.9116e-02 7.5890e+00 1.8190e+01
-6.9637e+00 -7.1261e+00 1.5575e-02 1.0042e+00 -5.4037e+00 -1.8594e+00 -4.8826e+00 1.1157e+00 2.1110e+00 -2.1208e-01 1.6177e-01 -2.1755e+00 -8.0108e-01 5.7375e+00 -1.0855e+00 2.2712e-02 5.3797e-01 -9.0764e+00 -7.9875e-01 1.2112e-01 4.8948e+01 -6.0826e-02 3.8111e-01 -6.2753e+00 7.0710e+00 2.8742e+00 1.9290e-01 -5.8544e-01 -1.2997e+00 -2.4646e+00 1.9591e+00 -3.8287e-01 -6.0757e+00 -4.1794e+00 -4.1628e-01 1.0064e+00 6.7169e-01 -2.8857e-01 1.3948e+00 -1.4700e+00 2.4473e+00 -2.5215e-01 -1.4929e-01 -2.5694e-02 -1.6382e+00 -3.4980e-01 -8.4583e-01 3.8594e+00 -3.3553e-01 1.5959e+00 6.9149e-02 2.8633e-02
-3.1085e-01 -2.4296e-01 -5.9199e-01 8.7739e-02 -1.5384e+00 2.0852e-01 -2.3749e-02 -9.3737e-02 -4.0312e-01 -4.4724e-01 2.9532e-02 3.6516e+00 -1.1222e-01 -1.1263e-01 4.5490e-02 -1.3272e-01 -3.0354e-01 -7.6058e-01 -1.2665e-01 -3.7731e-02 -6.0826e-02 1.0816e+01 2.4546e+00 2.7356e-01 -3.4124e-01 -5.9395e-02 -3.6207e-02 1.6756e+00 -4.0978e+00 -1.1815e+00 -1.9691e-02 -1.0432e-01 -5.4895e-02 5.2695e-01 -2.7457e-01 -8.3189e-02 -4.1620e-02 -2.3851e-01 -1.0698e-01 -2.2570e-01 -4.5253e-02 -7.4771e-02 -8.9273e-02 -9.6477e-02 2.9881e-01 3.1365e+00 2.4324e-01 8.4120e-03 1.7425e-01 1.8695e-01 -1.0774e-01 -5.5795e-02
-2.3398e+00 -1.4404e+01 2.8085e-01 1.1616e+01 -1.6704e+01 -5.2279e+00 -1.1424e+00 1.2616e+00 -2.7511e+00 2.6469e-01 1.2967e+01 1.0424e+01 -5.1927e-01 2.2026e+00 -1.6577e+00 2.9798e-01 5.1373e-01 2.4562e+00 -1.0581e+00 7.8843e+00 3.8111e-01 2.4546e+00 5.6848e+01 -4.1399e-01 -4.0944e-01 -5.4651e-01 5.9522e-02 7.0188e+00 -7.2775e+00 4.8926e-01 -1.0022e-01 -8.0708e-01 -2.4110e+00 -1.8551e+00 7.4368e-01 -6.2014e-01 -6.9900e-01 2.9101e-01 -9.7791e-01 7.9141e-01 1.1353e-01 -6.9785e-01 6.1824e-01 4.6929e-01 1.1536e+00 1.0401e+00 -5.3949e-01 -1.7384e-01 4.3275e-02 4.6753e-01 1.6057e+01 2.6908e+00
2.2574e+01 -2.1952e+01 1.4508e+01 3.2696e-01 -1.7472e+01 1.7466e+01 -1.9103e-01 -8.4743e+00 1.3151e+01 6.9410e+00 -4.0282e-02 8.5108e+00 -6.6031e-01 -1.1715e+00 5.5211e+00 -1.2636e+00 -7.4660e-01 -5.5469e+01 5.8451e+00 1.3005e+00 -6.2753e+00 2.7356e-01 -4.1399e-01 1.0807e+02 -9.1808e+00 -9.1969e+00 -2.4807e-01 5.5264e+00 5.0418e+01 -5.5366e+01 -9.1681e-01 -4.0691e-01 -1.1038e+01 4.6605e+01 1.9535e+00 -1.4318e+01 -1.3567e+01 1.0538e-01 2.8069e-01 -1.1721e+01 -1.7854e+00 -1.1911e-01 -6.8271e-01 1.8036e+00 -1.5295e+00 9.0171e-01 -1.0909e+00 -1.6214e+00 -1.5967e+00 7.2977e-01 4.1235e-01 1.2354e+00
-2.4132e+00 -1.1836e+01 1.8677e+01 -3.7027e-01 -1.8627e+01 -6.1544e-01 -5.3550e+00 3.1914e+00 1.5119e+01 4.6890e+00 -3.5865e-01 -3.5904e+00 9.3076e-01 4.1941e+00 6.4604e-01 2.6134e-01 1.1605e+01 -7.7741e+00 -8.8163e-01 -2.1765e-01 7.0710e+00 -3.4124e-01 -4.0944e-01 -9.1808e+00 5.8089e+01 3.9360e+00 6.1608e-01 1.2747e-01 -2.7224e+00 7.5858e+00 1.3647e+00 -5.5947e-01 -7.8310e+00 -3.1831e+00 -5.5491e-01 2.4678e-01 1.5533e+00 2.1882e+00 6.6067e-01 -1.2641e+00 -8.1475e-01 4.9917e-02 -3.2713e-01 -7.9538e-01 5.2859e+00 -3.8073e-01 -1.2115e+00 7.1816e-01 -4.6701e-01 -8.9660e-02 -5.9045e-01 -5.4759e-01
1.3734e-01 9.2098e-01 1.0666e+01 4.7238e-01 -5.8153e+00 -1.8340e+00 -1.0592e+01 2.5563e+00 7.5464e+00 -3.0735e+00 3.0562e-02 -2.7435e+00 -1.5126e-01 3.6964e+00 7.0956e-01 -8.3257e-02 -4.3211e-01 2.3434e+00 3.4057e-01 1.7330e-01 2.8742e+00 -5.9395e-02 -5.4651e-01 -9.1969e+00 3.9360e+00 3.4137e+01 -1.2257e-01 -9.5644e-02 -5.8821e+00 3.4761e+00 1.6421e+00 -1.1033e-01 -1.9516e+00 -3.1415e+00 -3.9014e-01 -2.3948e+00 -2.6609e+00 -8.6264e-02 -1.4673e-01 -1.2464e+00 -4.8963e-01 2.3690e+00 -3.0834e-01 1.1501e-02 -4.6524e-01 -1.2728e-01 -5.3377e-01 -3.7972e-01 -6.7992e-01 -8.8703e-02 -7.3757e-02 3.0957e-01
9.9244e-02 3.6011e-02 5.9834e-01 9.8602e-02 -8.2344e-01 -4.4847e-02 1.1348e-01 -2.9906e-01 9.8683e-01 1.6117e-01 1.2718e-03 -1.5802e-01 -1.2264e-01 1.6160e-01 -1.0004e-01 1.9153e-01 6.4087e-02 5.6376e-02 -5.6699e-02 -2.3330e-02 1.9290e-01 -3.6207e-02 5.9522e-02 -2.4807e-01 6.1608e-01 -1.2257e-01 5.8582e+00 1.4528e-01 -2.2796e-01 8.5406e-02 -1.1531e-02 -4.9547e-03 1.2754e+00 -2.3293e-01 4.8918e-02 -1.1245e-01 -1.1707e-01 -6.2888e-02 -3.5939e-02 -1.2639e-01 -6.1954e-02 -4.3062e-02 -2.3216e-02 -3.2657e-02 -1.0716e-01 -2.8799e-02 -1.2132e-01 -5.3297e-02 8.7202e-02 -3.0692e-03 1.3485e-03 -3.7505e-02
-8.4946e-01 -2.0725e+00 -1.6610e+00 4.9353e-01 -5.3808e+00 2.2488e+00 1.6912e+00 2.6459e-01 -2.8480e+00 -2.2951e-01 2.4838e-01 1.1528e+00 -3.3508e-01 -3.0649e-01 -1.1498e+00 -1.2411e-01 -4.0051e+00 -5.5988e+00 -1.1259e+00 -9.6264e-02 -5.8544e-01 1.6756e+00 7.0188e+00 5.5264e+00 1.2747e-01 -9.5644e-02 1.4528e-01 3.5172e+01 5.6648e+00 -5.9462e+00 -8.7867e-03 -3.7099e-01 -1.9715e-01 5.9737e+00 -5.5632e-01 -1.8009e+00 -1.6582e+00 -1.6028e+00 -5.2656e-01 -2.2544e+00 -2.1798e-01 4.7669e-01 -4.8970e-01 -1.3264e-01 -2.8692e-02 -5.6995e-01 -8.1759e-02 4.0472e-02 -1.1157e-01 -3.0942e-01 -8.3973e-02 -1.5611e-01
1.5659e+01 6.6518e+00 1.9921e+00 -2.4507e+00 7.3951e+00 1.5657e+01 1.0089e+01 -1.0293e+00 -4.3291e+00 4.1868e+00 -9.1462e-01 1.0255e+01 -1.1853e-01 1.3832e-01 6.1115e+00 -1.4492e+00 -8.8547e-01 -3.5927e+01 3.4669e+00 -2.1203e+00 -1.2997e+00 -4.0978e+00 -7.2775e+00 5.0418e+01 -2.7224e+00 -5.8821e+00 -2.2796e-01 5.6648e+00 9.4415e+01 -5.4884e+01 -5.9411e-01 -2.1794e+00 -3.2298e+00 4.4017e+01 3.2946e-01 -1.3025e+01 -1.2049e+01 1.4461e+00 2.1381e+00 -1.1285e+01 -1.0955e+00 4.0001e-01 4.2162e-02 2.2368e+00 -5.1882e-01 -2.7122e+00 2.7003e-01 -1.0122e+00 -2.4686e+00 5.2331e-01 -2.0257e+00 -3.0952e+00
-1.3860e+01 9.2200e+00 -1.8866e+00 4.3665e-01 1.4565e+01 -1.8780e+01 -1.2386e+01 1.1037e+01 8.1246e+00 1.6024e+01 1.5301e-01 -1.8771e+01 -9.8962e-01 2.0272e-01 -6.9452e+00 1.0681e+00 2.6810e+01 4.6673e+01 -4.0412e+00 2.0442e+00 -2.4646e+00 -1.1815e+00 4.8926e-01 -5.5366e+01 7.5858e+00 3.4761e+00 8.5406e-02 -5.9462e+00 -5.4884e+01 1.2427e+02 -3.9900e-01 1.6191e+00 1.5542e+01 -4.7762e+01 -1.2744e+00 1.1400e+01 1.1293e+01 -1.3075e-01 -2.1140e+00 1.3364e+01 -1.3332e+00 -1.4129e+00 6.0678e-01 -9.1373e-01 1.2500e+00 -1.3285e+00 1.9106e+00 -2.3644e-01 1.9109e+00 -7.5160e-01 -3.2543e-02 1.9638e+00
-1.0043e+00 -9.1363e-01 2.2112e-01 9.3993e-02 -8.9378e-01 -3.5120e-01 -6.5371e-01 4.7887e-01 4.4928e-01 -4.2627e-01 3.2695e-02 -3.8485e-01 1.2310e-02 1.4835e+00 -1.6789e-01 -3.3543e-03 -6.2242e-01 -1.0590e+00 9.1479e-02 4.3571e-02 1.9591e+00 -1.9691e-02 -1.0022e-01 -9.1681e-01 1.3647e+00 1.6421e+00 -1.1531e-02 -8.7867e-03 -5.9411e-01 -3.9900e-01 6.3688e+00 -3.1867e-02 -2.7780e-01 -6.2984e-01 -6.5476e-02 -3.2195e-01 -3.3993e-01 -3.4831e-02 -2.4836e-02 -4.1388e-02 -7.6165e-02 -5.5519e-02 -5.5514e-02 -1.4144e-01 -7.9253e-02 -3.7332e-02 3.3071e-01 5.9139e-01 -1.1391e-01 -2.0371e-02 7.3837e-03 3.4257e-02
-2.1596e-02 -2.2714e+00 1.5882e+00 -1.2964e+00 -1.1960e+00 -3.8178e-01 4.7926e-01 -1.9823e-01 9.4586e-01 -8.9396e-01 -1.3315e+00 -5.8532e-01 -1.3605e-01 6.7659e-02 1.7564e+00 1.3317e+00 -6.4733e-01 1.4101e-01 6.2171e-01 -1.0429e+00 -3.8287e-01 -1.0432e-01 -8.0708e-01 -4.0691e-01 -5.5947e-01 -1.1033e-01 -4.9547e-03 -3.7099e-01 -2.1794e+00 1.6191e+00 -3.1867e-02 1.2987e+01 5.3514e-01 6.3644e-02 -5.7601e-02 -3.1586e-01 -4.8717e-01 -3.8076e-02 -3.9127e-01 -6.2513e-01 1.2318e+00 -7.5109e-02 -3.8245e-02 3.0136e-02 -8.3457e-02 4.0816e-02 -9.6621e-02 -1.0441e-01 -6.3718e-02 -1.0499e-01 -1.4919e+00 1.1915e+00
8.3389e+00 2.0172e+00 -9.7090e-02 -1.1299e+00 1.1958e+01 -6.5596e-01 -1.2376e+00 -6.7223e+00 -6.4198e+00 -1.0324e+01 -1.2924e+00 -1.8806e+00 -1.3043e+00 6.0133e-01 -8.5198e-01 -1.1852e-01 -2.0066e+01 2.6891e+00 -8.1629e-01 1.8427e+00 -6.0757e+00 -5.4895e-02 -2.4110e+00 -1.1038e+01 -7.8310e+00 -1.9516e+00 1.2754e+00 -1.9715e-01 -3.2298e+00 1.5542e+01 -2.7780e-01 5.3514e-01 6.2455e+01 -4.5158e+00 -5.1450e-01 -1.4779e+00 -1.4284e+00 -3.3712e-01 -1.0121e+00 -1.4587e+00 -1.3947e-02 -5.5636e-01 1.9495e-01 1.2814e+00 -3.6912e-01 -4.1021e-01 5.9741e-01 -2.6616e-01 -1.3927e-01 -1.3364e-01 -1.1680e+00 1.5491e+00
1.4687e+01 -4.8343e+00 2.3311e+00 -1.1533e+00 5.2376e+00 1.6350e+01 2.9724e+00 1.1792e+00 -3.9193e+00 4.3852e-02 5.3312e-02 8.0841e+00 6.6229e-02 -1.7906e+00 6.3876e+00 2.0859e-01 9.6643e-01 -3.2815e+01 3.2020e+00 8.6234e-01 -4.1794e+00 5.2695e-01 -1.8551e+00 4.6605e+01 -3.1831e+00 -3.1415e+00 -2.3293e-01 5.9737e+00 4.4017e+01 -4.7762e+01 -6.2984e-01 6.3644e-02 -4.5158e+00 7.2351e+01 1.8017e-02 -1.3135e+01 -1.1778e+01 9.2162e-01 3.4220e-01 -1.4601e+01 -1.1622e+00 3.8678e-01 -2.1840e-01 -1.2072e+00 7.1058e-02 2.8610e-01 -4.5872e-01 -8.6139e-01 -2.3726e+00 -9.7251e-01 -1.1305e-02 8.2689e-01
-1.0831e+00 -6.5620e-01 -1.6762e+00 1.9218e-01 -2.0263e-01 6.2471e-02 1.2045e+00 -1.6310e+00 -1.8767e+00 7.2975e-01 1.1051e-02 1.4403e+00 1.9249e-01 -7.0394e-02 -4.1391e-02 1.0169e-01 -7.8197e-01 8.0963e-01 6.6230e-01 -5.9463e-02 -4.1628e-01 -2.7457e-01 7.4368e-01 1.9535e+00 -5.5491e-01 -3.9014e-01 4.8918e-02 -5.5632e-01 3.2946e-01 -1.2744e+00 -6.5476e-02 -5.7601e-02 -5.1450e-01 1.8017e-02 1.2507e+01 -6.9941e-02 -4.3596e-01 -1.7579e-01 5.5481e-02 -2.1707e-01 -1.0287e-01 -1.2617e-01 -4.9915e-02 -1.4352e-01 -4.5507e-02 -1.3281e-01 -1.8161e-01 -5.9362e-02 3.0663e-01 -1.7110e-02 -7.6405e-02 -1.0453e-01
-8.4735e+00 7.2370e+00 -1.0322e+01 2.0841e-01 7.4780e+00 -5.0495e+00 3.2844e+00 -1.4056e+00 -8.6307e+00 -5.7557e-01 5.3437e-02 -4.2234e-01 2.5310e-01 -5.5671e-01 -1.7398e+00 -1.4397e-01 4.0838e-01 7.3319e+00 -7.0074e-01 -2.1523e-01 1.0064e+00 -8.3189e-02 -6.2014e-01 -1.4318e+01 2.4678e-01 -2.3948e+00 -1.1245e-01 -1.8009e+00 -1.3025e+01 1.1400e+01 -3.2195e-01 -3.1586e-01 -1.4779e+00 -1.3135e+01 -6.9941e-02 3.1472e+01 2.3514e+01 -1.5322e-01 2.2991e-01 2.2785e+00 -3.8912e-01 1.1572e-01 -1.7162e-01 -5.2377e-01 -3.0739e-01 -2.1463e-01 6.8705e-01 -1.8907e-01 4.0874e+00 -2.8029e-01 -6.0852e-03 -2.1686e-01
-8.2191e+00 6.0915e+00 -1.0319e+01 -1.6154e+00 7.0644e+00 -4.6617e+00 3.1950e+00 -8.5131e-01 -8.1938e+00 -4.1653e-01 -1.4374e+00 -7.4297e-01 -1.6068e-02 7.9443e-01 -3.6836e-01 -1.4473e-01 9.5371e-02 5.9249e+00 -8.8601e-01 -6.2018e-02 6.7169e-01 -4.1620e-02 -6.9900e-01 -1.3567e+01 1.5533e+00 -2.6609e+00 -1.1707e-01 -1.6582e+00 -1.2049e+01 1.1293e+01 -3.3993e-01 -4.8717e-01 -1.4284e+00 -1.1778e+01 -4.3596e-01 2.3514e+01 3.4113e+01 3.9990e-02 1.4380e+00 1.7939e+00 -3.8627e-01 1.6382e-01 -1.9422e-01 -3.0168e-01 -3.5930e-01 6.3765e-01 2.6434e-01 -2.0379e-01 4.2759e+00 1.0021e-01 -2.0128e-02 -8.3172e-02
-6.1250e-01 -2.5452e+00 1.6512e+00 1.3894e-01 -4.2250e+00 1.3525e+00 -8.6299e-02 2.9046e-01 -3.6195e-03 6.9408e-01 -9.9538e-02 -2.4397e+00 -1.7150e-01 -1.7481e-01 -4.6616e-01 -1.0451e-01 1.5710e+00 -1.0639e+00 -3.4153e-01 1.8025e-01 -2.8857e-01 -2.3851e-01 2.9101e-01 1.0538e-01 2.1882e+00 -8.6264e-02 -6.2888e-02 -1.6028e+00 1.4461e+00 -1.3075e-01 -3.4831e-02 -3.8076e-02 -3.3712e-01 9.2162e-01 -1.7579e-01 -1.5322e-01 3.9990e-02 1.7270e+01 -3.7348e-01 -6.9426e-01 -1.2024e-01 -9.4069e-02 3.1653e-01 -1.7315e-01 -3.2133e-01 2.1867e-01 -8.5062e-03 -1.3930e-01 -5.0687e-02 -9.9894e-02 -5.7004e-02 1.2774e-01
-4.1072e-01 5.0332e-01 -1.0506e+00 7.9083e-01 1.5121e+00 4.1491e-02 1.7723e-01 -6.2732e-01 -7.8055e-02 5.5978e-02 7.8901e-01 1.3544e-01 -1.2816e-01 1.1837e+00 -7.8137e-01 -1.7481e-01 -2.3197e-01 -7.0547e-01 -4.4435e-01 -2.1551e+00 1.3948e+00 -1.0698e-01 -9.7791e-01 2.8069e-01 6.6067e-01 -1.4673e-01 -3.5939e-02 -5.2656e-01 2.1381e+00 -2.1140e+00 -2.4836e-02 -3.9127e-01 -1.0121e+00 3.4220e-01 5.5481e-02 2.2991e-01 1.4380e+00 -3.7348e-01 1.6092e+01 -3.0355e-01 1.9820e+00 2.5833e-01 -3.1510e-02 7.5407e-02 -4.7770e-01 -1.7989e-01 -2.4130e-01 -1.1873e-01 -8.6057e-02 -2.7445e-02 1.1710e+00 -3.1682e+00
-1.2569e+01 1.0656e+01 -1.1673e+00 -5.1269e-01 -2.0124e+00 -6.1943e+00 1.1704e+00 1.1614e+00 1.7545e+00 2.0978e+00 -1.1279e+00 -1.7636e+00 -3.0229e-01 -3.5978e-01 -6.2719e-01 -2.2074e-01 4.5577e-01 9.8071e+00 -7.8248e-01 -9.0434e-01 -1.4700e+00 -2.2570e-01 7.9141e-01 -1.1721e+01 -1.2641e+00 -1.2464e+00 -1.2639e-01 -2.2544e+00 -1.1285e+01 1.3364e+01 -4.1388e-02 -6.2513e-01 -1.4587e+00 -1.4601e+01 -2.1707e-01 2.2785e+00 1.7939e+00 -6.9426e-01 -3.0355e-01 3.3214e+01 -2.7353e-01 -5.9671e-02 -3.6653e-01 -3.7944e-01 5.0480e-01 -9.9462e-02 4.9773e+00 8.2105e-01 -5.1232e-01 -2.9193e-01 -1.0335e+00 3.4469e-01
7.0384e-01 -8.0801e-01 -2.9008e-01 1.2899e-01 -1.3486e-01 -8.6828e-02 1.0420e+00 5.6769e-01 6.5465e-01 6.9133e-01 -6.5901e-02 -2.2618e-01 -1.2918e-01 -2.2981e-01 -3.4498e-01 9.7978e-03 1.5605e+00 8.1159e-01 -1.9479e-01 2.6060e-02 2.4473e+00 -4.5253e-02 1.1353e-01 -1.7854e+00 -8.1475e-01 -4.8963e-01 -6.1954e-02 -2.1798e-01 -1.0955e+00 -1.3332e+00 -7.6165e-02 1.2318e+00 -1.3947e-02 -1.1622e+00 -1.0287e-01 -3.8912e-01 -3.8627e-01 -1.2024e-01 1.9820e+00 -2.7353e-01 1.0083e+01 9.8402e-01 -4.7850e-02 8.5446e-02 -1.8857e-01 -1.6241e-02 -5.0642e-02 -2.8931e-02 -1.7273e-01 -5.8610e-03 -3.7350e-02 6.9760e-03
7.3627e-01 -4.7573e-01 2.8237e+00 9.7117e-04 -1.3605e+00 -4.2109e-01 9.4830e-01 6.4645e-01 5.1272e-01 -1.3122e+00 -3.1254e-01 -4.0118e-01 7.1262e-02 1.0519e-01 -1.0595e-01 -2.3737e-02 -6.2376e-01 -1.1560e-01 8.2996e-02 -1.9802e-01 -2.5215e-01 -7.4771e-02 -6.9785e-01 -1.1911e-01 4.9917e-02 2.3690e+00 -4.3062e-02 4.7669e-01 4.0001e-01 -1.4129e+00 -5.5519e-02 -7.5109e-02 -5.5636e-01 3.8678e-01 -1.2617e-01 1.1572e-01 1.6382e-01 -9.4069e-02 2.5833e-01 -5.9671e-02 9.8402e-01 9.9126e+00 -6.2969e-02 -5.2109e-02 -9.6863e-02 -1.2675e-01 -2.1776e-01 -1.7077e-01 1.7295e-02 4.7840e-02 -2.3483e-01 -1.6550e-01
-4.7823e-01 -3.3564e-01 3.6729e-01 1.3706e-01 -5.4865e-01 1.3623e-01 -7.0158e-01 1.2465e-01 -5.8758e-02 2.4056e-01 3.0328e-02 -2.9833e-01 -1.0526e-02 2.1426e-01 -1.5934e-01 -2.4120e-02 1.2212e-01 -4.5675e-01 -1.1238e-01 4.8916e-02 -1.4929e-01 -8.9273e-02 6.1824e-01 -6.8271e-01 -3.2713e-01 -3.0834e-01 -2.3216e-02 -4.8970e-01 4.2162e-02 6.0678e-01 -5.5514e-02 -3.8245e-02 1.9495e-01 -2.1840e-01 -4.9915e-02 -1.7162e-01 -1.9422e-01 3.1653e-01 -3.1510e-02 -3.6653e-01 -4.7850e-02 -6.2969e-02 8.5714e+00 -8.6444e-02 2.1843e-02 -9.9713e-02 -8.6526e-02 -9.0510e-02 -1.0140e-01 -1.9315e-02 -1.5800e-04 6.4394e-02
1.0401e+00 -2.5141e+00 2.1618e+00 1.8346e-01 1.3998e+00 -1.1069e+00 1.3362e+00 5.2666e-01 9.9934e-01 -1.1310e+00 2.5982e-01 -2.8359e-01 -2.6485e-01 1.6173e-02 -4.0664e-01 -6.3066e-02 -8.1597e-01 -2.5435e+00 6.8177e-03 2.4764e-01 -2.5694e-02 -9.6477e-02 4.6929e-01 1.8036e+00 -7.9538e-01 1.1501e-02 -3.2657e-02 -1.3264e-01 2.2368e+00 -9.1373e-01 -1.4144e-01 3.0136e-02 1.2814e+00 -1.2072e+00 -1.4352e-01 -5.2377e-01 -3.0168e-01 -1.7315e-01 7.5407e-02 -3.7944e-01 8.5446e-02 -5.2109e-02 -8.6444e-02 1.8459e+01 -2.9577e-01 -1.7711e-01 -1.4129e-01 -1.0025e-01 2.5902e-02 -6.2415e-02 6.2967e-02 3.0902e-01
-5.2509e-01 -1.8256e+00 3.5777e+00 9.0303e-01 -3.4562e+00 -2.9240e-01 -1.8555e+00 -4.1327e-02 4.0849e+00 1.9327e+00 9.3915e-01 -7.7174e-01 1.6682e-01 -3.2361e-01 -1.8004e-01 -8.7145e-02 3.1970e+00 -2.9742e+00 -1.3638e-01 1.1178e+00 -1.6382e+00 2.9881e-01 1.1536e+00 -1.5295e+00 5.2859e+00 -4.6524e-01 -1.0716e-01 -2.8692e-02 -5.1882e-01 1.2500e+00 -7.9253e-02 -8.3457e-02 -3.6912e-01 7.1058e-02 -4.5507e-02 -3.0739e-01 -3.5930e-01 -3.2133e-01 -4.7770e-01 5.0480e-01 -1.8857e-01 -9.6863e-02 2.1843e-02 -2.9577e-01 2.1919e+01 -2.3483e-01 2.0817e+00 -1.7345e-01 -1.2980e-01 -6.4239e-02 8.1419e-01 6.9007e-01
9.5116e-01 -6.3030e-01 -7.8136e-01 -4.8983e-03 -1.0562e+00 1.0487e+00 2.7647e-02 -4.1719e-01 -3.0674e-01 -6.7256e-01 -2.3133e-02 2.1978e+00 8.7510e-01 -1.3003e-01 2.1954e-01 -3.7983e-02 -5.5331e-01 7.1271e-02 -1.0904e-01 -3.5072e-02 -3.4980e-01 3.1365e+00 1.0401e+00 9.0171e-01 -3.8073e-01 -1.2728e-01 -2.8799e-02 -5.6995e-01 -2.7122e+00 -1.3285e+00 -3.7332e-02 4.0816e-02 -4.1021e-01 2.8610e-01 -1.3281e-01 -2.1463e-01 6.3765e-01 2.1867e-01 -1.7989e-01 -9.9462e-02 -1.6241e-02 -1.2675e-01 -9.9713e-02 -1.7711e-01 -2.3483e-01 1.2237e+01 6.7179e-02 -1.9764e-01 -5.0945e-02 1.5044e-01 -2.7393e-02 2.6916e-01
-5.0123e-01 3.7604e+00 -2.0276e+00 3.7819e-02 2.9794e+00 -1.4897e-01 -5.8124e-01 1.0454e+00 -1.1447e+00 2.7404e+00 -3.8794e-01 6.8884e-01 2.2565e-01 -1.1198e-01 -2.9393e-01 -8.2338e-02 3.0860e+00 -8.8410e-01 4.3382e-02 -4.2340e-01 -8.4583e-01 2.4324e-01 -5.3949e-01 -1.0909e+00 -1.2115e+00 -5.3377e-01 -1.2132e-01 -8.1759e-02 2.7003e-01 1.9106e+00 3.3071e-01 -9.6621e-02 5.9741e-01 -4.5872e-01 -1.8161e-01 6.8705e-01 2.6434e-01 -8.5062e-03 -2.4130e-01 4.9773e+00 -5.0642e-02 -2.1776e-01 -8.6526e-02 -1.4129e-01 2.0817e+00 6.7179e-02 1.6180e+01 1.8945e-01 5.1472e-02 -4.0043e-02 -4.5499e-01 -5.3671e-01
-1.3691e+00 7.0763e-01 -6.8323e-01 1.0588e-01 -1.1956e+00 -5.8446e-01 2.4579e-01 1.7525e+00 6.9188e-02 -1.3284e+00 -6.8034e-02 -4.8990e-01 -1.3825e-01 1.5830e-01 -3.1248e-01 3.3737e-01 -3.6900e-01 7.3877e-01 -1.4306e-01 -7.2638e-02 3.8594e+00 8.4120e-03 -1.7384e-01 -1.6214e+00 7.1816e-01 -3.7972e-01 -5.3297e-02 4.0472e-02 -1.0122e+00 -2.3644e-01 5.9139e-01 -1.0441e-01 -2.6616e-01 -8.6139e-01 -5.9362e-02 -1.8907e-01 -2.0379e-01 -1.3930e-01 -1.1873e-01 8.2105e-01 -2.8931e-02 -1.7077e-01 -9.0510e-02 -1.0025e-01 -1.7345e-01 -1.9764e-01 1.8945e-01 1.0733e+01 5.0378e-03 -4.3768e-02 -1.5595e-01 -1.4664e-01
3.1976e-01 -3.7575e-01 -5.8901e-01 -7.0480e-02 -3.3234e-02 -6.3515e-01 -1.9361e+00 3.3874e-01 -3.1844e-02 -4.7860e-02 -6.7342e-02 1.4664e+00 -5.1882e-02 -1.1660e-01 -4.3516e-01 -3.3102e-02 1.6098e-01 -3.1030e+00 9.8181e-02 -2.6642e-02 -3.3553e-01 1.7425e-01 4.3275e-02 -1.5967e+00 -4.6701e-01 -6.7992e-01 8.7202e-02 -1.1157e-01 -2.4686e+00 1.9109e+00 -1.1391e-01 -6.3718e-02 -1.3927e-01 -2.3726e+00 3.0663e-01 4.0874e+00 4.2759e+00 -5.0687e-02 -8.6057e-02 -5.1232e-01 -1.7273e-01 1.7295e-02 -1.0140e-01 2.5902e-02 -1.2980e-01 -5.0945e-02 5.1472e-02 5.0378e-03 1.2413e+01 -9.4068e-02 -1.3140e-01 -9.9450e-02
-6.8770e-01 -8.3810e-01 2.6525e-01 1.0643e-02 -9.8286e-01 -2.2301e-01 -6.6039e-01 -1.3999e-02 5.9729e-01 2.2091e-01 -2.2636e-02 -6.6059e-01 -4.4952e-02 9.9571e-01 -2.6211e-01 -4.4952e-02 1.5830e-01 -9.5222e-01 -1.4593e-01 2.9116e-02 1.5959e+00 1.8695e-01 4.6753e-01 7.2977e-01 -8.9660e-02 -8.8703e-02 -3.0692e-03 -3.0942e-01 5.2331e-01 -7.5160e-01 -2.0371e-02 -1.0499e-01 -1.3364e-01 -9.7251e-01 -1.7110e-02 -2.8029e-01 1.0021e-01 -9.9894e-02 -2.7445e-02 -2.9193e-01 -5.8610e-03 4.7840e-02 -1.9315e-02 -6.2415e-02 -6.4239e-02 1.5044e-01 -4.0043e-02 -4.3768e-02 -9.4068e-02 6.8376e+00 3.0488e-02 -7.0550e-03
2.0702e-02 -2.5653e+00 1.9071e-02 1.2499e+01 -1.2762e-01 -1.2520e+00 -1.1079e-02 -1.2867e+00 -1.4521e-01 -4.7167e-01 1.3590e+01 -4.0535e-01 1.4585e-03 1.7302e+00 -3.5375e+00 -5.3317e-01 -1.0975e-01 -1.3323e-02 -1.6366e+00 7.5890e+00 6.9149e-02 -1.0774e-01 1.6057e+01 4.1235e-01 -5.9045e-01 -7.3757e-02 1.3485e-03 -8.3973e-02 -2.0257e+00 -3.2543e-02 7.3837e-03 -1.4919e+00 -1.1680e+00 -1.1305e-02 -7.6405e-02 -6.0852e-03 -2.0128e-02 -5.7004e-02 1.1710e+00 -1.0335e+00 -3.7350e-02 -2.3483e-01 -1.5800e-04 6.2967e-02 8.1419e-01 -2.7393e-02 -4.5499e-01 -1.5595e-01 -1.3140e-01 3.0488e-02 1.6885e+01 2.3940e+00
1.1616e+00 -5.0404e+00 1.7372e+00 2.4895e+00 -2.2186e+00 -8.4407e-01 -1.8424e+00 -1.0195e+00 1.7915e+00 -5.5167e-01 2.5793e+00 -3.1600e+00 2.7126e-02 -9.1391e-02 3.7197e+00 -5.7172e-01 -6.1844e-01 1.3377e+00 3.2798e+00 1.8190e+01 2.8633e-02 -5.5795e-02 2.6908e+00 1.2354e+00 -5.4759e-01 3.0957e-01 -3.7505e-02 -1.5611e-01 -3.0952e+00 1.9638e+00 3.4257e-02 1.1915e+00 1.5491e+00 8.2689e-01 -1.0453e-01 -2.1686e-01 -8.3172e-02 1.2774e-01 -3.1682e+00 3.4469e-01 6.9760e-03 -1.6550e-01 6.4394e-02 3.0902e-01 6.9007e-01 2.6916e-01 -5.3671e-01 -1.4664e-01 -9.9450e-02 -7.0550e-03 2.3940e+00 2.4988e+01
