9.1415e+01 1.5973e+01 1.6753e+00 -7.0455e+00 -3.0847e+01 2.5435e+01 1.2240e+01 -3.4422e+01 -2.2666e+00 -4.8378e+00 -3.6764e-01 -4.1045e+00 -2.4675e+00 -6.0544e+00 2.8290e-01 2.2986e+00 -2.8502e-01 -2.9657e-01 2.1387e+01 -1.2643e+00 3.9355e+00 -7.0144e-02 -2.2508e-01 -3.8983e+00 9.5559e-01 -1.3680e+00 1.1037e+00 -1.0806e+00 7.1572e+00 -9.6155e-01 -1.3486e+01 -1.7065e-01 -1.7105e-01 2.8759e+00 8.5772e-01 1.8819e+00 -1.6359e+00 2.5847e-01 -2.1258e+00 -4.9045e-01 1.7520e+00 -3.5511e-01 -2.7371e-01 -1.6068e-01 -1.4928e-01 1.6040e-01 -1.4595e+00 9.5512e-01 -1.3619e+00 3.6975e+00 3.7954e-01 -8.3070e-01
1.5973e+01 6.2864e+01 4.0635e+00 -1.6602e+01 -2.7365e+01 3.0115e+01 4.0872e+00 -3.0495e+01 -1.2933e+00 -1.5721e+00 9.9892e-02 -1.4091e+01 5.2857e-01 2.4400e-01 -5.0230e-01 9.5144e-01 -6.4088e-01 2.8904e-01 5.4149e+00 -1.2637e+00 1.0124e+00 -3.8331e-02 -1.8414e+00 -4.3569e+00 5.8446e-01 -1.5871e+00 2.9439e-01 -5.0209e-01 2.8310e+00 1.4546e-01 -3.0885e-01 7.7320e-02 -2.0917e-01 2.9081e-01 2.5279e+00 8.8973e+00 -6.6776e-01 1.8084e-01 -1.9821e+00 -9.1067e-01 -1.4269e+00 -4.1814e-01 -3.7603e-01 -2.7400e-01 -2.7309e-01 6.1826e-01 -3.8056e-01 2.0691e+00 -2.3916e+00 1.5637e-01 -1.1173e+00 -1.3825e+00
1.6753e+00 4.0635e+00 1.3038e+02 -6.8587e+01 -2.9457e+01 5.1290e+01 -9.9205e+00 -5.2687e+01 -7.5481e+00 -1.4132e-01 -2.3110e+00 4.4201e+00 6.8192e-02 -1.1763e+01 7.8658e+00 3.9523e+00 -4.6430e+00 -9.3836e-01 3.9014e+01 -4.5027e-01 1.4061e+00 -3.4175e-01 2.0095e+00 -5.3776e+00 -1.6367e+00 -2.9678e-01 -2.8446e-01 -5.6865e-01 2.1068e+01 -5.3290e+00 -1.7543e+01 -1.9081e+00 -1.6648e+00 1.1265e+00 2.6107e+00 -3.1071e+01 -3.8486e+00 3.8085e-01 -8.3158e+00 -1.9421e+00 -5.6921e+00 -2.7494e-01 -1.3642e+00 -1.5782e+00 -3.0678e-01 -3.3539e-01 -2.0342e+00 3.5200e+00 2.1615e+00 -8.6874e-01 -3.5426e+00 2.2285e+00
-7.0455e+00 -1.6602e+01 -6.8587e+01 1.5100e+02 1.8734e+01 -7.1018e+01 1.8502e+01 4.8943e+01 -3.4065e+00 -7.7850e+00 2.6214e-02 4.7497e+00 8.2215e+00 -1.2796e+01 -1.1899e+01 -5.1900e+00 2.3013e+00 6.8655e-01 -1.9386e+01 2.3514e-01 -4.2338e+00 -7.4254e-02 -1.0527e-01 5.3835e+00 -9.9940e-01 -6.3561e-01 -7.7863e-01 -1.9518e+00 -4.4038e+00 1.7190e+00 -3.8074e+00 2.2685e+00 -1.1192e+00 -2.1555e+00 -2.7842e+00 1.3668e+01 3.4262e+00 -7.1090e-01 2.6072e+00 -1.0721e+00 4.5649e+00 9.6067e-01 7.6503e-01 6.8589e-01 9.1123e-02 8.3368e-03 2.2080e+00 -2.9134e+00 2.2301e+00 4.1599e-01 1.4436e-01 -1.2402e+00
-3.0847e+01 -2.7365e+01 -2.9457e+01 1.8734e+01 1.4298e+02 -6.6951e+01 -7.1331e+01 9.1512e+01 -1.6960e+00 3.4238e+00 2.4162e+00 6.4109e+00 -9.7434e+00 6.3529e+00 1.5725e+01 -4.7340e+00 -2.3400e+00 2.4036e-02 -5.9724e+01 2.7131e+00 -3.0173e-01 9.3009e-01 5.9965e-01 5.0217e+00 -3.4725e-01 -4.5314e+00 -1.0427e+00 5.6574e-01 -2.3012e+01 1.1847e+00 3.9254e+01 1.5258e+00 1.4206e+00 1.1748e+00 -5.5291e+00 1.7376e+01 4.8131e+00 3.7043e-01 6.9871e+00 9.7702e+00 2.8905e+00 -6.6895e-01 7.6621e-01 -2.3467e-01 2.3356e-01 -1.1274e+00 1.0296e+00 -2.7298e+00 1.3515e+00 -3.3220e+00 7.4077e+00 6.0263e+00
2.5435e+01 3.0115e+01 5.1290e+01 -7.1018e+01 -6.6951e+01 1.1949e+02 1.8876e+01 -9.5355e+01 -2.2576e+00 -2.6103e+00 -1.2299e+00 -8.0397e+00 9.7882e+00 -6.0596e+00 -7.5500e+00 4.6820e+00 -3.2038e+00 -6.0870e-01 2.6278e+01 -8.4374e-01 -1.6394e-01 2.7463e-01 -6.2982e-01 -4.1082e+00 1.2042e+00 -1.2886e+00 1.4510e+00 -4.6187e-01 1.6893e+01 -2.9705e+00 -9.5233e+00 -1.8136e+00 1.2314e-01 1.5089e+00 4.3887e+00 -1.9319e+01 -1.8843e+00 4.4990e-01 -1.9807e+00 1.5608e-01 -4.3047e+00 -2.7996e-01 -9.9123e-01 -6.5520e-01 -1.9545e-01 2.6058e-01 -5.3050e-01 3.5075e+00 -1.1739e+00 1.7592e+00 1.2300e+00 1.4203e-01
1.2240e+01 4.0872e+00 -9.9205e+00 1.8502e+01 -7.1331e+01 1.8876e+01 1.3168e+02 -4.9309e+01 -1.3061e+01 -1.7076e+01 -6.4144e-01 -7.9611e+00 -2.3576e+00 -1.8523e+01 -2.9675e+01 -1.3297e+00 3.8476e+00 4.3943e-01 5.1795e+01 -1.7452e+00 -3.3577e+00 1.8662e-01 -2.2181e-01 -9.3050e+00 -1.4144e-01 6.5270e+00 8.0699e-01 -1.6909e+00 1.2328e+01 -9.3250e-01 -4.3925e+01 -8.6951e-01 -1.0658e+00 -5.8656e+00 8.1374e-01 1.3007e+00 3.8721e-02 -3.5080e-01 -3.6857e-01 -3.7918e+00 1.0545e+00 -3.9288e-01 3.5342e-01 2.6781e-01 -1.0794e+00 7.8337e-01 1.4545e+00 -2.6376e-01 -1.4632e+00 5.7225e+00 1.3741e+01 -9.0354e+00
-3.4422e+01 -3.0495e+01 -5.2687e+01 4.8943e+01 9.1512e+01 -9.5355e+01 -4.9309e+01 1.6273e+02 9.9050e-01 1.6842e+00 2.3910e-01 9.4603e+00 -1.1345e+01 7.3570e+00 1.8973e+01 -7.4712e+00 -4.1821e+00 -2.2921e-01 -4.7913e+01 2.9240e+00 -2.0753e-01 -6.2365e-01 8.6251e-01 6.1865e+00 -9.6714e-01 2.5780e+00 -1.4817e+00 -8.5233e-01 -1.5142e+01 3.8749e+00 4.3234e+01 3.4850e+00 1.4795e+00 -2.0433e+00 -4.4889e+00 2.6692e+01 -1.4533e+00 4.5879e-01 1.0101e+00 2.0907e+00 4.7622e+00 -2.7817e-01 1.0555e+00 3.0887e-02 5.7063e-01 -9.1394e-01 4.2218e-01 -3.9953e+00 1.8013e+00 -5.5050e+00 1.0470e+00 1.0235e+00
-2.2666e+00 -1.2933e+00 -7.5481e+00 -3.4065e+00 -1.6960e+00 -2.2576e+00 -1.3061e+01 9.9050e-01 4.9948e+01 -4.4284e+00 -5.3402e-02 -2.1526e+00 6.4452e+00 3.1239e+01 -1.1383e+01 -6.3319e-01 -1.1242e+00 1.1383e+00 -1.3097e+01 1.3326e-01 2.8492e+00 3.4595e-01 -6.1184e-01 3.4930e+00 -1.8851e-01 -1.2004e+00 -2.9679e-01 4.1938e+00 -6.5704e+00 -3.4719e-01 3.6908e+00 -3.4414e-01 -4.4314e-02 3.1318e+00 2.8930e-01 -4.3868e+00 3.3588e-01 -1.7351e-01 5.0056e+00 -1.1066e+00 -8.7549e-01 1.7314e+00 -6.4828e-01 9.7066e-01 -1.5966e-01 -2.0789e-01 -5.8588e-01 -3.6650e-01 -3.8754e-01 -1.3398e+00 -3.7443e-03 -1.1667e+00
-4.8378e+00 -1.5721e+00 -1.4132e-01 -7.7850e+00 3.4238e+00 -2.6103e+00 -1.7076e+01 1.6842e+00 -4.4284e+00 5.2376e+01 1.9599e+00 -1.6815e+00 -1.5471e+00 1.0297e+01 -7.5991e+00 -2.2041e-01 3.3657e+00 -2.7148e-01 -1.2693e+01 -3.8769e-01 1.3623e+00 7.4570e-03 -5.3084e-01 4.8316e-01 -4.3249e-01 -1.5950e+00 -1.6575e-01 -7.9108e-01 -5.2647e+00 7.7619e-01 6.4552e+00 -1.6170e-01 -2.1755e-01 -9.3208e-01 -3.3959e-01 -6.6849e-02 -1.7027e+00 1.3818e-01 -4.9010e-01 -5.8492e+00 1.3379e+00 -2.4607e-01 1.5428e+00 -2.9749e-01 -4.8631e-01 -4.9050e-01 -6.9330e-01 1.5138e+00 -1.4568e-01 -1.3492e+00 -8.5203e+00 6.6543e+00
-3.6764e-01 9.9892e-02 -2.3110e+00 2.6214e-02 2.4162e+00 -1.2299e+00 -6.4144e-01 2.3910e-01 -5.3402e-02 1.9599e+00 2.0328e+01 -8.5390e-01 -3.8121e-01 -2.7196e+00 -5.5256e+00 -2.1542e-02 -9.5646e-02 -7.7772e-02 -1.8843e+00 2.7313e-02 -3.2526e-01 1.8072e-01 -3.3226e-01 -1.2144e+00 -1.1722e-01 -5.9498e-01 -2.0345e-01 -3.6121e-01 -1.0446e+00 3.5618e-01 2.0946e-01 -1.2753e-01 -3.5246e-01 -5.0679e-02 3.6682e-01 -6.0432e-02 9.3728e-01 -2.5465e-02 -3.6215e-01 1.0058e-01 -3.4359e-01 -7.3441e-02 1.6460e+00 8.3260e-01 -2.7049e-01 -7.2417e-03 8.0851e-01 1.7766e-02 -1.6126e-01 2.7053e-01 -7.1509e-02 4.3667e-02
-4.1045e+00 -1.4091e+01 4.4201e+00 4.7497e+00 6.4109e+00 -8.0397e+00 -7.9611e+00 9.4603e+00 -2.1526e+00 -1.6815e+00 -8.5390e-01 4.2788e+01 2.5844e+00 -2.5198e+00 7.7002e+00 -9.4727e-01 -7.8820e-01 7.2905e-02 -1.6088e+00 -1.9660e-01 -3.2925e-01 -5.9680e-01 1.6045e+00 2.9505e+00 -1.8669e-01 -1.9764e-01 -2.3902e-01 -3.2034e-01 9.8913e-01 -1.0199e+00 6.9390e-01 -4.4493e-01 -4.1176e-01 -3.5158e-01 -1.9383e-01 -3.2660e+00 -6.0213e-01 -8.8334e-02 -1.9615e+00 1.4594e-01 -1.3095e+00 -1.5899e-01 -2.3487e-01 -2.7084e-01 7.6128e-02 1.2385e-02 -3.4930e-01 -5.5141e-01 4.7843e+00 -8.4257e-01 -4.7942e-01 8.8263e-02
-2.4675e+00 5.2857e-01 6.8192e-02 8.2215e+00 -9.7434e+00 9.7882e+00 -2.3576e+00 -1.1345e+01 6.4452e+00 -1.5471e+00 -3.8121e-01 2.5844e+00 4.3152e+01 -1.2097e+00 5.1745e-01 -1.5290e+00 -1.2497e+00 1.9731e+00 -5.0326e+00 -3.6412e-01 -5.0808e-01 3.0051e-02 -6.0642e-01 1.1897e+00 3.7513e-01 3.7000e+00 -1.1624e-01 -4.3224e-01 2.4968e+00 -1.9239e+00 1.0609e+00 -6.2213e-01 9.2820e-01 6.0381e+00 -4.8293e-01 -9.1164e+00 3.4049e+00 -1.5705e-01 -1.2332e-02 -5.3777e-01 -9.6502e-01 9.0368e-01 5.0795e-01 -2.4873e-01 -1.0093e-01 3.1348e-01 4.1841e+00 -4.5496e-01 3.4010e-01 1.8025e+00 4.1434e-02 -6.9690e-01
-6.0544e+00 2.4400e-01 -1.1763e+01 -1.2796e+01 6.3529e+00 -6.0596e+00 -1.8523e+01 7.3570e+00 3.1239e+01 1.0297e+01 -2.7196e+00 -2.5198e+00 -1.2097e+00 5.4094e+01 -1.4294e+01 1.1454e-01 -4.3022e-01 1.1573e+00 -1.9368e+01 -4.4098e-02 3.8761e+00 -7.1332e-02 -7.2858e-01 5.7790e+00 -1.4229e-01 -1.6002e+00 -3.7669e-01 3.7275e+00 -1.0159e+01 -3.1591e-01 1.1543e+01 -3.4242e-01 2.5533e-01 -3.5310e-01 -2.0728e-01 4.7571e-02 -2.6300e-01 -7.4623e-02 4.5090e+00 2.1263e-02 5.2898e-01 6.3878e-01 -5.3106e-01 8.8865e-01 -2.1734e-01 4.7906e-01 -6.3282e-01 -4.6755e-01 -5.5254e-01 -1.6305e+00 -6.3956e-01 -1.8364e-01
2.8290e-01 -5.0230e-01 7.8658e+00 -1.1899e+01 1.5725e+01 -7.5500e+00 -2.9675e+01 1.8973e+01 -1.1383e+01 -7.5991e+00 -5.5256e+00 7.7002e+00 5.1745e-01 -1.4294e+01 8.5525e+01 -4.5393e-01 7.8435e-01 -7.2916e-01 -5.2518e+00 -8.9585e-01 1.1484e+00 -7.2857e-02 -5.4324e-01 6.4510e+00 7.9281e-01 -3.7063e+00 3.4438e-01 -1.2719e+00 -1.3881e+01 1.9086e+00 2.2115e+01 3.2796e-01 8.5931e-01 4.8825e+00 -5.6265e-01 1.4274e+00 -1.7373e+00 1.5923e-01 -3.7264e+00 -3.7729e-01 -2.4482e+00 -2.9362e-02 -8.2737e-01 -5.2582e-01 7.5482e-01 1.3525e+00 -8.3659e-01 -5.0913e-01 5.8173e-02 -5.3884e-01 -1.4545e-01 -3.7501e-01
2.2986e+00 9.5144e-01 3.9523e+00 -5.1900e+00 -4.7340e+00 4.6820e+00 -1.3297e+00 -7.4712e+00 -6.3319e-01 -2.2041e-01 -2.1542e-02 -9.4727e-01 -1.5290e+00 1.1454e-01 -4.5393e-01 1.7983e+01 -2.5217e-01 -7.6409e-02 -1.2316e-01 -1.1770e-01 -4.5419e-02 -2.4105e-01 -2.7449e-01 2.5645e-03 -2.2129e-01 3.8195e-01 -6.0468e-02 -1.4738e-01 8.2759e-01 -9.1648e-01 -1.8596e+00 -2.5824e-01 -2.1258e-01 -8.3449e-01 -2.1107e-01 -6.8469e-01 -5.6280e-02 2.8679e-02 -6.0945e-01 3.7531e-02 7.1623e-01 -1.1131e-01 1.0186e-01 -8.9307e-02 1.8207e-01 2.7373e-01 1.3917e-01 -8.0175e-02 -2.4728e-03 -6.9093e-02 -2.3755e-01 4.6765e-02
-2.8502e-01 -6.4088e-01 -4.6430e+00 2.3013e+00 -2.3400e+00 -3.2038e+00 3.8476e+00 -4.1821e+00 -1.1242e+00 3.3657e+00 -9.5646e-02 -7.8820e-01 -1.2497e+00 -4.3022e-01 7.8435e-01 -2.5217e-01 2.9348e+01 -1.8256e-01 4.4043e+00 -5.0330e-01 -1.6820e-01 -5.1349e-02 -7.8668e-02 3.5574e+00 -2.0195e-01 1.1445e+00 -1.0834e-01 -5.9217e-01 1.3554e-01 -4.0920e-01 -5.4231e+00 -4.9674e-01 -2.3158e-01 -1.0577e+00 -5.1958e-02 1.3251e+00 -7.7434e-01 -1.5775e-01 9.4340e-01 -6.4520e-02 -3.4819e-01 4.1527e-01 3.2439e-01 -6.5507e-02 8.6010e-01 5.4438e-01 -1.6746e-01 -3.3006e-01 -2.2741e-01 -3.4050e-01 -6.3453e-01 1.3969e+00
-2.9657e-01 2.8904e-01 -9.3836e-01 6.8655e-01 2.4036e-02 -6.0870e-01 4.3943e-01 -2.2921e-01 1.1383e+00 -2.7148e-01 -7.7772e-02 7.2905e-02 1.9731e+00 1.1573e+00 -7.2916e-01 -7.6409e-02 -1.8256e-01 8.3490e+00 -5.6091e-01 -1.1760e-01 -3.4715e-02 -4.0406e-02 -1.0278e-01 -1.8652e-01 -5.8328e-02 -1.7224e-01 2.9364e-02 -4.6691e-02 -1.2326e+00 -1.3982e-01 2.8754e-01 -8.6575e-02 -6.4185e-03 -2.3154e-01 -1.7298e-01 -1.5972e-01 -1.4677e-01 4.9039e-02 1.3301e+00 8.5156e-02 -1.7720e-01 -1.3228e-02 1.1203e-01 1.4903e-01 6.2148e-02 -7.1848e-03 1.9487e-02 -2.8083e-02 -1.0793e-01 5.6051e-01 1.0555e-02 9.9895e-02
2.1387e+01 5.4149e+00 3.9014e+01 -1.9386e+01 -5.9724e+01 2.6278e+01 5.1795e+01 -4.7913e+01 -1.3097e+01 -1.2693e+01 -1.8843e+00 -1.6088e+00 -5.0326e+00 -1.9368e+01 -5.2518e+00 -1.2316e-01 4.4043e+00 -5.6091e-01 1.3701e+02 -2.1770e+00 -2.3399e-01 -6.5230e-01 -9.1902e-01 -4.6429e+00 3.7254e-02 2.0717e+00 2.9578e-01 -2.6440e+00 4.9693e+01 -1.5646e+00 -7.1155e+01 -2.2171e+00 -1.0461e+00 -3.5903e+00 5.3241e-01 -9.8087e-01 -8.6032e+00 -2.4334e-02 -1.4911e+01 2.6598e+00 -1.3324e+00 -1.8693e-01 -1.1718e+00 -8.1654e-01 1.0047e+00 -6.6615e-01 -2.2776e+00 7.3956e-01 1.1828e+00 4.9005e+00 1.8483e+00 1.4149e+00
-1.2643e+00 -1.2637e+00 -4.5027e-01 2.3514e-01 2.7131e+00 -8.4374e-01 -1.7452e+00 2.9240e+00 1.3326e-01 -3.8769e-01 2.7313e-02 -1.9660e-01 -3.6412e-01 -4.4098e-02 -8.9585e-01 -1.1770e-01 -5.0330e-01 -1.1760e-01 -2.1770e+00 1.2384e+01 -1.3941e-01 4.7789e-01 -2.4621e-02 -2.6349e-01 -1.1716e-01 -6.0455e-01 5.6815e-03 9.5933e-03 -5.0096e-01 -1.5721e-01 2.8792e+00 -1.7074e-01 1.0412e-01 -2.1577e-01 -2.4603e-01 -3.5834e-01 9.7439e-02 -5.3510e-02 -3.6677e-02 2.5090e-02 -3.3187e-01 2.3032e-02 4.0558e-03 -3.3931e-02 -4.8014e-02 -6.2523e-02 -6.0300e-03 -1.7218e-02 -1.0752e-01 -2.6522e-01 -2.5496e-02 5.4133e-03
3.9355e+00 1.0124e+00 1.4061e+00 -4.2338e+00 -3.0173e-01 -1.6394e-01 -3.3577e+00 -2.0753e-01 2.8492e+00 1.3623e+00 -3.2526e-01 -3.2925e-01 -5.0808e-01 3.8761e+00 1.1484e+00 -4.5419e-02 -1.6820e-01 -3.4715e-02 -2.3399e-01 -1.3941e-01 1.5513e+01 1.0228e-02 -9.2542e-02 1.1590e+00 -8.1399e-02 1.3937e-01 3.2731e-02 -2.8182e-01 -2.8617e+00 -2.5907e-02 1.0904e+00 -1.2371e-01 -2.0963e-02 2.6298e+00 -2.0393e-01 -3.2272e-01 -3.7130e-01 -3.4723e-02 -7.9464e-01 1.3448e-02 -5.0303e-01 -1.0818e-01 2.2897e-01 -6.1526e-02 1.3795e-03 -3.6552e-02 -6.1812e-03 3.0350e-01 -1.6864e-01 -1.7786e-01 -1.8822e-02 1.1240e-01
-7.0144e-02 -3.8331e-02 -3.4175e-01 -7.4254e-02 9.3009e-01 2.7463e-01 1.8662e-01 -6.2365e-01 3.4595e-01 7.4570e-03 1.8072e-01 -5.9680e-01 3.0051e-02 -7.1332e-02 -7.2857e-02 -2.4105e-01 -5.1349e-02 -4.0406e-02 -6.5230e-01 4.7789e-01 1.0228e-02 9.1483e+00 -2.0329e-01 -6.8032e-02 -3.5972e-02 -6.3337e-02 1.3513e-02 2.9933e-02 -5.0982e-01 5.0504e-01 5.4862e-01 -1.1590e-01 -2.2371e-02 1.6098e-01 -1.5198e-01 -1.6503e+00 -9.7120e-02 -3.8295e-03 3.8244e-01 7.9460e-02 -2.7123e-01 4.8282e-02 -5.2690e-02 -4.6205e-02 1.0482e-02 -3.5989e-02 -6.9567e-04 -3.1534e-02 -4.8150e-02 -6.4384e-02 1.0682e-02 5.1409e-02
-2.2508e-01 -1.8414e+00 2.0095e+00 -1.0527e-01 5.9965e-01 -6.2982e-01 -2.2181e-01 8.6251e-01 -6.1184e-01 -5.3084e-01 -3.3226e-01 1.6045e+00 -6.0642e-01 -7.2858e-01 -5.4324e-01 -2.7449e-01 -7.8668e-02 -1.0278e-01 -9.1902e-01 -2.4621e-02 -9.2542e-02 -2.0329e-01 1.0663e+01 -3.0284e-01 -6.9139e-02 -1.9766e-01 -6.7557e-02 -9.4245e-03 -3.0143e-02 -3.0044e-01 8.1339e-01 -1.1027e-01 -1.3565e-01 -4.1282e-02 -3.0987e-02 -1.8590e+00 -9.7870e-02 -1.7279e-02 -3.8624e-01 -3.6926e-02 -2.7493e-01 2.7318e-02 -1.0522e-01 -5.2226e-02 8.9012e-02 -1.0541e-01 -1.0983e-01 -2.7842e-02 -3.9854e-02 2.7347e-01 6.9815e-03 -7.3438e-02
-3.8983e+00 -4.3569e+00 -5.3776e+00 5.3835e+00 5.0217e+00 -4.1082e+00 -9.3050e+00 6.1865e+00 3.4930e+00 4.8316e-01 -1.2144e+00 2.9505e+00 1.1897e+00 5.7790e+00 6.4510e+00 2.5645e-03 3.5574e+00 -1.8652e-01 -4.6429e+00 -2.6349e-01 1.1590e+00 -6.8032e-02 -3.0284e-01 3.6830e+01 -2.3873e-01 -1.3267e+00 5.0622e-01 2.7361e+00 -6.8063e-01 -3.3086e-01 5.3592e+00 -3.1010e-01 7.7826e-02 -9.0313e-01 -5.3586e-01 -1.7464e+00 -1.2325e+00 5.7066e-02 -9.1184e-01 -1.3845e-01 -9.6582e-01 3.6874e-01 1.0395e-01 -1.0215e-01 7.2300e-02 -2.2200e-01 -7.9583e-01 -5.6125e-01 -5.0306e-01 1.8317e+00 -3.0620e-01 1.0627e-01
9.5559e-01 5.8446e-01 -1.6367e+00 -9.9940e-01 -3.4725e-01 1.2042e+00 -1.4144e-01 -9.6714e-01 -1.8851e-01 -4.3249e-01 -1.1722e-01 -1.8669e-01 3.7513e-01 -1.4229e-01 7.9281e-01 -2.2129e-01 -2.0195e-01 -5.8328e-02 3.7254e-02 -1.1716e-01 -8.1399e-02 -3.5972e-02 -6.9139e-02 -2.3873e-01 8.6571e+00 -2.4220e-01 -6.6821e-02 2.4602e-01 -1.0645e+00 -2.7851e-01 1.8460e+00 8.0293e-01 5.8138e-01 -3.8503e-01 2.7999e-02 -2.5384e-01 -8.6368e-02 4.2724e-01 1.2593e+00 2.5335e-02 5.8001e-01 -4.1585e-02 -6.9286e-02 1.3257e-02 1.9258e-01 -5.1024e-02 -1.0687e-01 -5.6792e-02 1.9392e-03 9.1952e-01 -4.3156e-02 1.5037e-02
-1.3680e+00 -1.5871e+00 -2.9678e-01 -6.3561e-01 -4.5314e+00 -1.2886e+00 6.5270e+00 2.5780e+00 -1.2004e+00 -1.5950e+00 -5.9498e-01 -1.9764e-01 3.7000e+00 -1.6002e+00 -3.7063e+00 3.8195e-01 1.1445e+00 -1.7224e-01 2.0717e+00 -6.0455e-01 1.3937e-01 -6.3337e-02 -1.9766e-01 -1.3267e+00 -2.4220e-01 2.8762e+01 -1.1875e-01 -3.9632e-01 1.6750e-01 -2.1630e-01 -8.8855e+00 -4.1685e-01 -2.6375e-01 3.5281e+00 -3.4172e-01 4.8920e-01 3.4947e+00 -1.2828e-01 -9.5021e-01 6.0024e-01 2.7476e+00 -4.8407e-02 3.9459e-01 -2.2736e-01 -2.0493e-01 2.6677e-01 -8.3824e-02 4.5366e-01 6.4046e-01 8.8495e-01 3.1975e-01 5.0789e-01
1.1037e+00 2.9439e-01 -2.8446e-01 -7.7863e-01 -1.0427e+00 1.4510e+00 8.0699e-01 -1.4817e+00 -2.9679e-01 -1.6575e-01 -2.0345e-01 -2.3902e-01 -1.1624e-01 -3.7669e-01 3.4438e-01 -6.0468e-02 -1.0834e-01 2.9364e-02 2.9578e-01 5.6815e-03 3.2731e-02 1.3513e-02 -6.7557e-02 5.0622e-01 -6.6821e-02 -1.1875e-01 6.6410e+00 1.4986e-01 -1.3067e+00 -7.7329e-02 1.8957e+00 -2.7301e-02 9.7516e-02 -1.3029e-01 -4.1055e-02 -4.6501e-01 -5.7297e-02 5.1424e-02 2.7000e-01 -1.5941e-01 -8.1043e-02 -4.5805e-02 -9.2959e-02 2.8739e-02 -3.5406e-02 -5.8692e-02 -6.6260e-02 2.1766e-01 -1.7065e-03 -1.0347e-01 7.2538e-02 -2.4320e-01
-1.0806e+00 -5.0209e-01 -5.6865e-01 -1.9518e+00 5.6574e-01 -4.6187e-01 -1.6909e+00 -8.5233e-01 4.1938e+00 -7.9108e-01 -3.6121e-01 -3.2034e-01 -4.3224e-01 3.7275e+00 -1.2719e+00 -1.4738e-01 -5.9217e-01 -4.6691e-02 -2.6440e+00 9.5933e-03 -2.8182e-01 2.9933e-02 -9.4245e-03 2.7361e+00 2.4602e-01 -3.9632e-01 1.4986e-01 1.4698e+01 -1.6723e+00 -1.3483e-01 -1.3731e+00 6.5884e-01 2.7188e-02 -2.3698e-01 -8.7209e-02 4.6867e-02 -4.7396e-01 -3.6413e-02 5.4860e-03 3.4956e-02 4.4914e-01 9.3407e-03 -5.2567e-02 -1.3303e-01 -4.5750e-02 -8.7882e-02 -2.6275e-01 8.2306e-02 -1.1585e-01 -2.2678e-01 3.5732e-01 -8.8058e-02
7.1572e+00 2.8310e+00 2.1068e+01 -4.4038e+00 -2.3012e+01 1.6893e+01 1.2328e+01 -1.5142e+01 -6.5704e+00 -5.2647e+00 -1.0446e+00 9.8913e-01 2.4968e+00 -1.0159e+01 -1.3881e+01 8.2759e-01 1.3554e-01 -1.2326e+00 4.9693e+01 -5.0096e-01 -2.8617e+00 -5.0982e-01 -3.0143e-02 -6.8063e-01 -1.0645e+00 1.6750e-01 -1.3067e+00 -1.6723e+00 9.2553e+01 9.3708e-01 -6.1526e+01 -3.8513e-01 -4.2638e-01 -8.7837e-01 4.9805e-01 9.3040e+00 -1.2765e+00 -8.4958e-02 -2.1580e+01 -4.5004e-01 4.4245e-01 -3.1696e-01 -6.7790e-01 -3.9924e-01 -2.8072e-01 8.5665e-02 -2.2184e+00 -1.3726e+00 1.7676e+00 2.4573e-01 -3.6228e-01 -7.2150e-01
-9.6155e-01 1.4546e-01 -5.3290e+00 1.7190e+00 1.1847e+00 -2.9705e+00 -9.3250e-01 3.8749e+00 -3.4719e-01 7.7619e-01 3.5618e-01 -1.0199e+00 -1.9239e+00 -3.1591e-01 1.9086e+00 -9.1648e-01 -4.0920e-01 -1.3982e-01 -1.5646e+00 -1.5721e-01 -2.5907e-02 5.0504e-01 -3.0044e-01 -3.3086e-01 -2.7851e-01 -2.1630e-01 -7.7329e-02 -1.3483e-01 9.3708e-01 1.9465e+01 -1.6474e+00 -8.4021e-02 -1.5886e-01 -6.4586e-01 2.7337e+00 4.3118e+00 -2.2270e-01 -1.2993e-01 -6.7489e-01 2.1279e-01 -4.3144e-01 -1.1087e-01 -1.3050e-01 -5.8545e-02 9.3648e-01 5.0805e-02 -1.9335e-01 -2.8797e-01 -5.6556e-02 -2.0321e-01 2.3163e-02 1.9111e-01
-1.3486e+01 -3.0885e-01 -1.7543e+01 -3.8074e+00 3.9254e+01 -9.5233e+00 -4.3925e+01 4.3234e+01 3.6908e+00 6.4552e+00 2.0946e-01 6.9390e-01 1.0609e+00 1.1543e+01 2.2115e+01 -1.8596e+00 -5.4231e+00 2.8754e-01 -7.1155e+01 2.8792e+00 1.0904e+00 5.4862e-01 8.1339e-01 5.3592e+00 1.8460e+00 -8.8855e+00 1.8957e+00 -1.3731e+00 -6.1526e+01 -1.6474e+00 1.4824e+02 3.2916e+00 4.2379e-01 -4.6312e+00 -1.2801e-01 -1.0174e+01 -8.2245e+00 2.4343e-01 2.2335e+01 4.5586e+00 -1.1707e+00 2.0439e-01 1.0590e+00 -1.7819e+00 1.8040e-01 5.1365e-01 2.9018e+00 1.4022e+00 -8.7979e-01 -3.8168e+00 -2.1449e+00 3.5966e+00
-1.7065e-01 7.7320e-02 -1.9081e+00 2.2685e+00 1.5258e+00 -1.8136e+00 -8.6951e-01 3.4850e+00 -3.4414e-01 -1.6170e-01 -1.2753e-01 -4.4493e-01 -6.2213e-01 -3.4242e-01 3.2796e-01 -2.5824e-01 -4.9674e-01 -8.6575e-02 -2.2171e+00 -1.7074e-01 -1.2371e-01 -1.1590e-01 -1.1027e-01 -3.1010e-01 8.0293e-01 -4.1685e-01 -2.7301e-02 6.5884e-01 -3.8513e-01 -8.4021e-02 3.2916e+00 1.2339e+01 2.2877e-01 -4.8056e-01 3.1058e-01 1.0098e+00 -3.9217e-01 4.2444e-01 6.2819e-01 -2.6168e-01 3.0151e+00 5.7671e-02 -2.3009e-02 -7.9189e-02 -1.1648e-02 -9.3379e-02 -2.7453e-03 9.3241e-02 -7.6551e-02 -8.7088e-02 -4.1869e-02 -3.1296e-01
-1.7105e-01 -2.0917e-01 -1.6648e+00 -1.1192e+00 1.4206e+00 1.2314e-01 -1.0658e+00 1.4795e+00 -4.4314e-02 -2.1755e-01 -3.5246e-01 -4.1176e-01 9.2820e-01 2.5533e-01 8.5931e-01 -2.1258e-01 -2.3158e-01 -6.4185e-03 -1.0461e+00 1.0412e-01 -2.0963e-02 -2.2371e-02 -1.3565e-01 7.7826e-02 5.8138e-01 -2.6375e-01 9.7516e-02 2.7188e-02 -4.2638e-01 -1.5886e-01 4.2379e-01 2.2877e-01 1.2420e+01 -4.3471e-01 -1.1613e-02 1.0098e+00 -2.8507e-01 -4.7268e-02 -1.3640e-01 1.9016e-01 1.4882e+00 -6.0120e-02 -7.9759e-02 -4.8637e-02 8.2324e-02 -4.0979e-02 -5.8774e-02 -1.0642e-01 -5.3973e-02 -2.8881e-01 2.6657e-01 -7.6667e-06
2.8759e+00 2.9081e-01 1.1265e+00 -2.1555e+00 1.1748e+00 1.5089e+00 -5.8656e+00 -2.0433e+00 3.1318e+00 -9.3208e-01 -5.0679e-02 -3.5158e-01 6.0381e+00 -3.5310e-01 4.8825e+00 -8.3449e-01 -1.0577e+00 -2.3154e-01 -3.5903e+00 -2.1577e-01 2.6298e+00 1.6098e-01 -4.1282e-02 -9.0313e-01 -3.8503e-01 3.5281e+00 -1.3029e-01 -2.3698e-01 -8.7837e-01 -6.4586e-01 -4.6312e+00 -4.8056e-01 -4.3471e-01 3.1880e+01 -2.5978e-01 2.1835e+00 9.3731e+00 -1.8070e-01 -1.0693e+00 9.9086e-01 -5.4145e-01 8.8300e-01 1.9876e-01 -3.8022e-01 -8.1701e-02 3.8612e-01 -1.5980e-02 -2.5790e-01 -2.8220e-01 1.0409e+00 3.6286e-01 6.3090e-01
8.5772e-01 2.5279e+00 2.6107e+00 -2.7842e+00 -5.5291e+00 4.3887e+00 8.1374e-01 -4.4889e+00 2.8930e-01 -3.3959e-01 3.6682e-01 -1.9383e-01 -4.8293e-01 -2.0728e-01 -5.6265e-01 -2.1107e-01 -5.1958e-02 -1.7298e-01 5.3241e-01 -2.4603e-01 -2.0393e-01 -1.5198e-01 -3.0987e-02 -5.3586e-01 2.7999e-02 -3.4172e-01 -4.1055e-02 -8.7209e-02 4.9805e-01 2.7337e+00 -1.2801e-01 3.1058e-01 -1.1613e-02 -2.5978e-01 1.5030e+01 -1.9520e+00 6.7970e-02 -5.3107e-02 -9.0842e-01 -2.1195e-02 -2.1647e-01 1.6484e-02 -4.3177e-02 3.8799e-01 -5.0900e-02 3.3648e-01 -1.3629e-01 -1.1371e-01 5.4586e-01 -4.4621e-02 4.8460e-02 -3.8102e-02
1.8819e+00 8.8973e+00 -3.1071e+01 1.3668e+01 1.7376e+01 -1.9319e+01 1.3007e+00 2.6692e+01 -4.3868e+00 -6.6849e-02 -6.0432e-02 -3.2660e+00 -9.1164e+00 4.7571e-02 1.4274e+00 -6.8469e-01 1.3251e+00 -1.5972e-01 -9.8087e-01 -3.5834e-01 -3.2272e-01 -1.6503e+00 -1.8590e+00 -1.7464e+00 -2.5384e-01 4.8920e-01 -4.6501e-01 4.6867e-02 9.3040e+00 4.3118e+00 -1.0174e+01 1.0098e+00 1.0098e+00 2.1835e+00 -1.9520e+00 7.6860e+01 1.8517e-01 3.9165e-01 -6.6925e+00 -1.7745e+00 1.7452e+00 -1.0273e+00 -1.3389e-01 5.3782e-01 -3.9779e-01 -4.4706e-01 -4.6218e-01 -1.8494e+00 -9.1106e-01 -1.6819e-02 3.8714e-01 -1.9357e+00
-1.6359e+00 -6.6776e-01 -3.8486e+00 3.4262e+00 4.8131e+00 -1.8843e+00 3.8721e-02 -1.4533e+00 3.3588e-01 -1.7027e+00 9.3728e-01 -6.0213e-01 3.4049e+00 -2.6300e-01 -1.7373e+00 -5.6280e-02 -7.7434e-01 -1.4677e-01 -8.6032e+00 9.7439e-02 -3.7130e-01 -9.7120e-02 -9.7870e-02 -1.2325e+00 -8.6368e-02 3.4947e+00 -5.7297e-02 -4.7396e-01 -1.2765e+00 -2.2270e-01 -8.2245e+00 -3.9217e-01 -2.8507e-01 9.3731e+00 6.7970e-02 1.8517e-01 2.6471e+01 3.9282e-01 -1.0129e+00 1.2741e+00 -4.1281e-01 1.3786e-01 -1.2648e-01 2.4024e+00 -1.3140e-01 2.7507e-01 -5.5891e-01 -2.4107e-01 -2.4984e-01 9.0646e-01 7.8135e-01 8.4540e-01
2.5847e-01 1.8084e-01 3.8085e-01 -7.1090e-01 3.7043e-01 4.4990e-01 -3.5080e-01 4.5879e-01 -1.7351e-01 1.3818e-01 -2.5465e-02 -8.8334e-02 -1.5705e-01 -7.4623e-02 1.5923e-01 2.8679e-02 -1.5775e-01 4.9039e-02 -2.4334e-02 -5.3510e-02 -3.4723e-02 -3.8295e-03 -1.7279e-02 5.7066e-02 4.2724e-01 -1.2828e-01 5.1424e-02 -3.6413e-02 -8.4958e-02 -1.2993e-01 2.4343e-01 4.2444e-01 -4.7268e-02 -1.8070e-01 -5.3107e-02 3.9165e-01 3.9282e-01 5.1803e+00 -3.9157e-02 -1.4947e-01 -1.0958e-01 4.5510e-03 -1.4256e-02 7.2168e-02 -1.9890e-02 -1.1466e-02 -4.2014e-02 -6.4052e-02 -4.2211e-02 1.0389e-01 -1.8528e-01 6.4747e-02
-2.1258e+00 -1.9821e+00 -8.3158e+00 2.6072e+00 6.9871e+00 -1.9807e+00 -3.6857e-01 1.0101e+00 5.0056e+00 -4.9010e-01 -3.6215e-01 -1.9615e+00 -1.2332e-02 4.5090e+00 -3.7264e+00 -6.0945e-01 9.4340e-01 1.3301e+00 -1.4911e+01 -3.6677e-02 -7.9464e-01 3.8244e-01 -3.8624e-01 -9.1184e-01 1.2593e+00 -9.5021e-01 2.7000e-01 5.4860e-03 -2.1580e+01 -6.7489e-01 2.2335e+01 6.2819e-01 -1.3640e-01 -1.0693e+00 -9.0842e-01 -6.6925e+00 -1.0129e+00 -3.9157e-02 3.8355e+01 3.9576e-01 -1.4666e+00 -2.0486e-01 -1.2678e-01 -9.9724e-02 4.1558e-02 -2.1019e-01 9.0097e-02 1.3864e+00 -6.3016e-01 -7.7765e-01 1.1925e-01 2.9253e-01
-4.9045e-01 -9.1067e-01 -1.9421e+00 -1.0721e+00 9.7702e+00 1.5608e-01 -3.7918e+00 2.0907e+00 -1.1066e+00 -5.8492e+00 1.0058e-01 1.4594e-01 -5.3777e-01 2.1263e-02 -3.7729e-01 3.7531e-02 -6.4520e-02 8.5156e-02 2.6598e+00 2.5090e-02 1.3448e-02 7.9460e-02 -3.6926e-02 -1.3845e-01 2.5335e-02 6.0024e-01 -1.5941e-01 3.4956e-02 -4.5004e-01 2.1279e-01 4.5586e+00 -2.6168e-01 1.9016e-01 9.9086e-01 -2.1195e-02 -1.7745e+00 1.2741e+00 -1.4947e-01 3.9576e-01 2.6280e+01 1.8492e-01 -1.6697e-01 5.0753e-02 -1.6652e-01 -4.6050e-01 1.3400e-02 1.1321e-01 -4.9959e-01 2.6125e-02 1.0344e-01 5.0822e+00 1.8761e+01
1.7520e+00 -1.4269e+00 -5.6921e+00 4.5649e+00 2.8905e+00 -4.3047e+00 1.0545e+00 4.7622e+00 -8.7549e-01 1.3379e+00 -3.4359e-01 -1.3095e+00 -9.6502e-01 5.2898e-01 -2.4482e+00 7.1623e-01 -3.4819e-01 -1.7720e-01 -1.3324e+00 -3.3187e-01 -5.0303e-01 -2.7123e-01 -2.7493e-01 -9.6582e-01 5.8001e-01 2.7476e+00 -8.1043e-02 4.4914e-01 4.4245e-01 -4.3144e-01 -1.1707e+00 3.0151e+00 1.4882e+00 -5.4145e-01 -2.1647e-01 1.7452e+00 -4.1281e-01 -1.0958e-01 -1.4666e+00 1.8492e-01 2.6108e+01 5.3422e-02 -1.4905e-01 -1.4960e-01 -2.0875e-03 -2.0740e-01 -3.6739e-01 2.7636e-01 -3.6502e-01 -1.6747e-01 3.7251e-01 6.2599e-02
-3.5511e-01 -4.1814e-01 -2.7494e-01 9.6067e-01 -6.6895e-01 -2.7996e-01 -3.9288e-01 -2.7817e-01 1.7314e+00 -2.4607e-01 -7.3441e-02 -1.5899e-01 9.0368e-01 6.3878e-01 -2.9362e-02 -1.1131e-01 4.1527e-01 -1.3228e-02 -1.8693e-01 2.3032e-02 -1.0818e-01 4.8282e-02 2.7318e-02 3.6874e-01 -4.1585e-02 -4.8407e-02 -4.5805e-02 9.3407e-03 -3.1696e-01 -1.1087e-01 2.0439e-01 5.7671e-02 -6.0120e-02 8.8300e-01 1.6484e-02 -1.0273e+00 1.3786e-01 4.5510e-03 -2.0486e-01 -1.6697e-01 5.3422e-02 6.2536e+00 -1.1318e-01 -4.2466e-02 -2.6533e-02 -2.7249e-02 -3.4633e-02 -2.4682e-02 -5.4679e-02 -7.5004e-02 5.3727e-02 -2.1011e-01
-2.7371e-01 -3.7603e-01 -1.3642e+00 7.6503e-01 7.6621e-01 -9.9123e-01 3.5342e-01 1.0555e+00 -6.4828e-01 1.5428e+00 1.6460e+00 -2.3487e-01 5.0795e-01 -5.3106e-01 -8.2737e-01 1.0186e-01 3.2439e-01 1.1203e-01 -1.1718e+00 4.0558e-03 2.2897e-01 -5.2690e-02 -1.0522e-01 1.0395e-01 -6.9286e-02 3.9459e-01 -9.2959e-02 -5.2567e-02 -6.7790e-01 -1.3050e-01 1.0590e+00 -2.3009e-02 -7.9759e-02 1.9876e-01 -4.3177e-02 -1.3389e-01 -1.2648e-01 -1.4256e-02 -1.2678e-01 5.0753e-02 -1.4905e-01 -1.1318e-01 9.9472e+00 4.6259e-02 -1.3038e-02 -6.0800e-02 -8.1893e-02 -3.4278e-02 -7.3776e-02 -1.2742e-01 3.1385e-02 -1.5086e-02
-1.6068e-01 -2.7400e-01 -1.5782e+00 6.8589e-01 -2.3467e-01 -6.5520e-01 2.6781e-01 3.0887e-02 9.7066e-01 -2.9749e-01 8.3260e-01 -2.7084e-01 -2.4873e-01 8.8865e-01 -5.2582e-01 -8.9307e-02 -6.5507e-02 1.4903e-01 -8.1654e-01 -3.3931e-02 -6.1526e-02 -4.6205e-02 -5.2226e-02 -1.0215e-01 1.3257e-02 -2.2736e-01 2.8739e-02 -1.3303e-01 -3.9924e-01 -5.8545e-02 -1.7819e+00 -7.9189e-02 -4.8637e-02 -3.8022e-01 3.8799e-01 5.3782e-01 2.4024e+00 7.2168e-02 -9.9724e-02 -1.6652e-01 -1.4960e-01 -4.2466e-02 4.6259e-02 8.4532e+00 5.8999e-02 -3.8633e-02 -1.5228e-01 -9.2228e-02 -4.0079e-02 8.2936e-02 1.7926e-01 -2.9289e-01
-1.4928e-01 -2.7309e-01 -3.0678e-01 9.1123e-02 2.3356e-01 -1.9545e-01 -1.0794e+00 5.7063e-01 -1.5966e-01 -4.8631e-01 -2.7049e-01 7.6128e-02 -1.0093e-01 -2.1734e-01 7.5482e-01 1.8207e-01 8.6010e-01 6.2148e-02 1.0047e+00 -4.8014e-02 1.3795e-03 1.0482e-02 8.9012e-02 7.2300e-02 1.9258e-01 -2.0493e-01 -3.5406e-02 -4.5750e-02 -2.8072e-01 9.3648e-01 1.8040e-01 -1.1648e-02 8.2324e-02 -8.1701e-02 -5.0900e-02 -3.9779e-01 -1.3140e-01 -1.9890e-02 4.1558e-02 -4.6050e-01 -2.0875e-03 -2.6533e-02 -1.3038e-02 5.8999e-02 8.0903e+00 -7.9185e-02 -1.6261e-02 -5.6898e-02 2.7015e-01 -1.6293e-01 -6.6681e-01 2.3360e-01
1.6040e-01 6.1826e-01 -3.3539e-01 8.3368e-03 -1.1274e+00 2.6058e-01 7.8337e-01 -9.1394e-01 -2.0789e-01 -4.9050e-01 -7.2417e-03 1.2385e-02 3.1348e-01 4.7906e-01 1.3525e+00 2.7373e-01 5.4438e-01 -7.1848e-03 -6.6615e-01 -6.2523e-02 -3.6552e-02 -3.5989e-02 -1.0541e-01 -2.2200e-01 -5.1024e-02 2.6677e-01 -5.8692e-02 -8.7882e-02 8.5665e-02 5.0805e-02 5.1365e-01 -9.3379e-02 -4.0979e-02 3.8612e-01 3.3648e-01 -4.4706e-01 2.7507e-01 -1.1466e-02 -2.1019e-01 1.3400e-02 -2.0740e-01 -2.7249e-02 -6.0800e-02 -3.8633e-02 -7.9185e-02 8.7082e+00 -7.2740e-02 5.2034e-02 1.3161e-01 -2.0084e-01 -5.7260e-03 -6.3525e-03
-1.4595e+00 -3.8056e-01 -2.0342e+00 2.2080e+00 1.0296e+00 -5.3050e-01 1.4545e+00 4.2218e-01 -5.8588e-01 -6.9330e-01 8.0851e-01 -3.4930e-01 4.1841e+00 -6.3282e-01 -8.3659e-01 1.3917e-01 -1.6746e-01 1.9487e-02 -2.2776e+00 -6.0300e-03 -6.1812e-03 -6.9567e-04 -1.0983e-01 -7.9583e-01 -1.0687e-01 -8.3824e-02 -6.6260e-02 -2.6275e-01 -2.2184e+00 -1.9335e-01 2.9018e+00 -2.7453e-03 -5.8774e-02 -1.5980e-02 -1.3629e-01 -4.6218e-01 -5.5891e-01 -4.2014e-02 9.0097e-02 1.1321e-01 -3.6739e-01 -3.4633e-02 -8.1893e-02 -1.5228e-01 -1.6261e-02 -7.2740e-02 1.2177e+01 -4.1008e-02 -1.2189e-01 -1.1772e-01 -4.3895e-02 7.5602e-02
9.5512e-01 2.0691e+00 3.5200e+00 -2.9134e+00 -2.7298e+00 3.5075e+00 -2.6376e-01 -3.9953e+00 -3.6650e-01 1.5138e+00 1.7766e-02 -5.5141e-01 -4.5496e-01 -4.6755e-01 -5.0913e-01 -8.0175e-02 -3.3006e-01 -2.8083e-02 7.3956e-01 -1.7218e-02 3.0350e-01 -3.1534e-02 -2.7842e-02 -5.6125e-01 -5.6792e-02 4.5366e-01 2.1766e-01 8.2306e-02 -1.3726e+00 -2.8797e-01 1.4022e+00 9.3241e-02 -1.0642e-01 -2.5790e-01 -1.1371e-01 -1.8494e+00 -2.4107e-01 -6.4052e-02 1.3864e+00 -4.9959e-01 2.7636e-01 -2.4682e-02 -3.4278e-02 -9.2228e-02 -5.6898e-02 5.2034e-02 -4.1008e-02 1.3627e+01 -3.8530e-02 -1.6179e-01 -5.6858e-01 1.9738e-01
-1.3619e+00 -2.3916e+00 2.1615e+00 2.2301e+00 1.3515e+00 -1.1739e+00 -1.4632e+00 1.8013e+00 -3.8754e-01 -1.4568e-01 -1.6126e-01 4.7843e+00 3.4010e-01 -5.5254e-01 5.8173e-02 -2.4728e-03 -2.2741e-01 -1.0793e-01 1.1828e+00 -1.0752e-01 -1.6864e-01 -4.8150e-02 -3.9854e-02 -5.0306e-01 1.9392e-03 6.4046e-01 -1.7065e-03 -1.1585e-01 1.7676e+00 -5.6556e-02 -8.7979e-01 -7.6551e-02 -5.3973e-02 -2.8220e-01 5.4586e-01 -9.1106e-01 -2.4984e-01 -4.2211e-02 -6.3016e-01 2.6125e-02 -3.6502e-01 -5.4679e-02 -7.3776e-02 -4.0079e-02 2.7015e-01 1.3161e-01 -1.2189e-01 -3.8530e-02 1.0817e+01 -1.5677e-01 5.4661e-02 1.1785e-02
3.6975e+00 1.5637e-01 -8.6874e-01 4.1599e-01 -3.3220e+00 1.7592e+00 5.7225e+00 -5.5050e+00 -1.3398e+00 -1.3492e+00 2.7053e-01 -8.4257e-01 1.8025e+00 -1.6305e+00 -5.3884e-01 -6.9093e-02 -3.4050e-01 5.6051e-01 4.9005e+00 -2.6522e-01 -1.7786e-01 -6.4384e-02 2.7347e-01 1.8317e+00 9.1952e-01 8.8495e-01 -1.0347e-01 -2.2678e-01 2.4573e-01 -2.0321e-01 -3.8168e+00 -8.7088e-02 -2.8881e-01 1.0409e+00 -4.4621e-02 -1.6819e-02 9.0646e-01 1.0389e-01 -7.7765e-01 1.0344e-01 -1.6747e-01 -7.5004e-02 -1.2742e-01 8.2936e-02 -1.6293e-01 -2.0084e-01 -1.1772e-01 -1.6179e-01 -1.5677e-01 2.0512e+01 6.9817e-04 5.5367e-02
3.7954e-01 -1.1173e+00 -3.5426e+00 1.4436e-01 7.4077e+00 1.2300e+00 1.3741e+01 1.0470e+00 -3.7443e-03 -8.5203e+00 -7.1509e-02 -4.7942e-01 4.1434e-02 -6.3956e-01 -1.4545e-01 -2.3755e-01 -6.3453e-01 1.0555e-02 1.8483e+00 -2.5496e-02 -1.8822e-02 1.0682e-02 6.9815e-03 -3.0620e-01 -4.3156e-02 3.1975e-01 7.2538e-02 3.5732e-01 -3.6228e-01 2.3163e-02 -2.1449e+00 -4.1869e-02 2.6657e-01 3.6286e-01 4.8460e-02 3.8714e-01 7.8135e-01 -1.8528e-01 1.1925e-01 5.0822e+00 3.7251e-01 5.3727e-02 3.1385e-02 1.7926e-01 -6.6681e-01 -5.7260e-03 -4.3895e-02 -5.6858e-01 5.4661e-02 6.9817e-04 2.2118e+01 -3.7852e+00
-8.3070e-01 -1.3825e+00 2.2285e+00 -1.2402e+00 6.0263e+00 1.4203e-01 -9.0354e+00 1.0235e+00 -1.1667e+00 6.6543e+00 4.3667e-02 8.8263e-02 -6.9690e-01 -1.8364e-01 -3.7501e-01 4.6765e-02 1.3969e+00 9.9895e-02 1.4149e+00 5.4133e-03 1.1240e-01 5.1409e-02 -7.3438e-02 1.0627e-01 1.5037e-02 5.0789e-01 -2.4320e-01 -8.8058e-02 -7.2150e-01 1.9111e-01 3.5966e+00 -3.1296e-01 -7.6667e-06 6.3090e-01 -3.8102e-02 -1.9357e+00 8.4540e-01 6.4747e-02 2.9253e-01 1.8761e+01 6.2599e-02 -2.1011e-01 -1.5086e-02 -2.9289e-01 2.3360e-01 -6.3525e-03 7.5602e-02 1.9738e-01 1.1785e-02 5.5367e-02 -3.7852e+00 2.6302e+01
