1.3459e+02 -4.1117e+01 -2.6185e+01 -2.9541e+01 -1.9243e+00 2.0577e+00 3.2492e+01 1.4572e+00 6.2169e-01 -6.9791e-01 5.1854e+01 1.6550e+01 1.2584e+01 4.8107e+01 -1.5328e+00 3.5641e+01 -2.7216e-01 9.7895e+00 -7.5447e+00 2.2155e+00 7.6961e+00 -1.3388e+00 -9.8390e-02 -7.2050e-01 9.7646e-01 -2.3541e-01 4.7171e-01 -2.5279e+00 2.3701e+00 -1.6239e+00 -2.3877e+00 -1.3926e+01 3.3451e+00 -2.0239e-01 1.0527e+00 -6.1281e-01 9.0213e-01 8.3131e-01 -7.0260e-01 -4.2553e+00 1.8518e+00 -7.6938e-01 1.3718e+00 -2.8410e+00 -4.5544e-01 -1.7854e-01 -5.6414e-01 -1.7477e-01 1.4566e+00 -8.8017e-01 -4.9360e-01 1.9270e+00
-4.1117e+01 1.0676e+02 1.1711e+01 2.6984e+01 -3.6944e+00 -8.8103e-01 -1.6124e+01 -5.5664e+00 8.8354e+00 1.8421e+00 -3.4403e+01 8.0905e-01 -7.9888e+00 -3.7697e+01 -6.5675e-02 -2.1058e+01 -5.1715e+00 2.3797e+00 4.7444e+00 2.9347e-01 -2.7541e+00 -3.0912e-01 1.0193e+00 -6.1179e+00 -4.3316e-01 -4.8752e-01 2.1343e+00 2.4316e+00 -4.6352e-01 1.3269e+00 -4.3305e+00 2.2074e+00 1.4531e-01 5.2124e-01 3.3762e+00 -3.9365e-01 2.8830e-01 5.6906e+00 -1.8898e-01 8.3658e-01 -9.9428e-01 2.0340e+00 -9.0133e-01 2.2454e+00 -2.1141e+00 1.2934e-01 -6.1775e-01 1.4061e+00 1.2458e+00 -9.0604e-02 -6.9776e+00 1.1304e+00
-2.6185e+01 1.1711e+01 5.5825e+01 1.9283e+00 -1.3774e+00 -1.1155e+00 3.9437e-01 -1.3403e+00 3.0409e+00 -3.7826e+00 -1.7769e+00 -7.9763e+00 -8.6358e-03 -4.8057e+00 1.1917e+00 -1.8430e+00 -5.2478e+00 -6.4647e+00 1.8573e+01 -2.0358e+00 3.7655e-01 3.0534e+00 1.3285e+00 -3.1639e+00 -1.2753e-01 5.6184e-01 -1.4640e+00 1.5406e+00 2.8245e-02 -1.4744e+00 -8.2030e-01 2.4542e+00 -6.9854e-01 -8.4315e-01 -6.4082e-01 -3.8206e-01 1.2205e+00 -2.2113e+00 1.5179e+00 3.9893e+00 7.9348e-01 -3.2444e-02 3.6911e-01 2.3699e+00 1.2085e-01 1.1094e-01 -1.8230e-01 -8.0792e-02 -2.6601e+00 5.9326e-01 -5.8549e+00 5.3349e-02
-2.9541e+01 2.6984e+01 1.9283e+00 6.5200e+01 4.9433e-01 -1.0241e+00 -1.4332e+01 2.6620e+00 -5.1833e+00 -9.0884e+00 -2.5089e+01 2.1413e-01 -9.9496e+00 -2.0168e+01 -2.8769e-01 -1.8141e+01 -5.6909e-01 -2.9243e-01 1.5109e+00 2.1332e-01 -4.9429e+00 -4.9719e-01 -6.6185e-02 -1.0114e+01 -8.9312e-01 7.1812e-01 -4.0777e-01 2.0871e+00 -8.1380e-01 -6.7842e-01 -9.9327e-01 1.6221e+00 -2.5014e+00 -1.9187e+00 -4.7611e-01 -3.2340e-01 -8.2435e-01 -1.3372e+00 3.3658e-01 2.7059e-01 -8.0837e-01 2.0050e+00 -3.9813e-03 -1.7008e-01 2.1416e-01 -1.2325e-01 5.4483e-02 -7.6671e-01 -1.3898e+00 5.1538e-01 -7.0710e-01 -1.1292e-01
-1.9243e+00 -3.6944e+00 -1.3774e+00 4.9433e-01 4.2002e+01 -1.4884e+00 1.0234e+00 1.2662e+01 -2.3646e+00 -9.1920e-01 -7.2422e-01 -2.1055e-01 2.5506e+00 -2.7135e+00 -2.9314e-02 -8.4731e-01 -1.0072e+00 -4.8058e+00 1.9039e-01 1.0059e+00 -4.8702e-01 -6.7683e-01 -2.0781e-01 -1.6670e+00 4.2471e-01 2.0579e-01 1.9747e-01 2.4075e+00 -2.7659e-01 -5.3817e-04 4.0258e+00 2.3694e-01 -8.0198e-01 1.4186e-01 -3.4550e+00 3.9546e-01 -3.0737e-01 -3.5652e+00 -1.3120e+00 4.3690e-01 2.9760e-01 2.2980e-01 -1.2282e-02 -1.1395e-01 -2.1677e+00 -4.8307e-01 -1.6333e-02 1.8097e-01 -6.0153e+00 3.7967e-01 -4.0540e-01 -1.3433e-01
2.0577e+00 -8.8103e-01 -1.1155e+00 -1.0241e+00 -1.4884e+00 1.6451e+01 2.0474e-01 4.0309e-01 5.0738e-01 -1.4121e+00 1.1683e+00 1.8708e-01 -9.1611e-01 -1.5775e+00 -4.8352e-02 -4.2298e-01 8.8724e-01 2.7066e+00 -3.4808e-01 -6.8759e-01 -6.2772e-01 -3.5924e-01 3.4856e-02 -1.0218e+00 -1.3562e-01 -2.3159e-01 -6.0058e-01 -7.3511e-01 -1.0452e-01 -3.9316e-01 -7.2180e-01 -5.1518e-01 -6.3467e-01 -1.1674e-01 -5.5443e-02 3.8104e-02 4.7428e-02 -1.0719e+00 -2.9224e-01 -4.9685e-01 1.6841e-02 -7.9807e-02 -1.1278e-01 -9.9872e-02 3.2462e-01 -6.8533e-02 -9.1917e-02 5.8913e-02 2.1948e+00 7.5840e-02 1.0212e+00 -1.0808e+00
3.2492e+01 -1.6124e+01 3.9437e-01 -1.4332e+01 1.0234e+00 2.0474e-01 6.7665e+01 8.1898e+00 5.7642e+00 1.8311e+00 2.3956e+01 -8.6695e-01 1.9262e+00 2.4895e+01 -6.2532e-03 2.4121e+01 2.7919e-01 -1.4170e+00 -1.3202e-01 -4.6436e-01 2.3148e+00 6.4210e-01 -4.8580e-01 -3.1811e+00 9.7436e-02 -9.7652e-01 -1.6008e+00 8.9435e-03 1.1690e+00 -1.1546e+00 -2.0528e+00 6.3586e-01 5.8959e+00 -4.7212e-01 -2.4637e-01 4.7657e-01 9.0368e-01 -3.3531e+00 -7.8682e-01 -2.8733e-01 2.6117e-01 4.4570e-01 1.5263e+00 -1.8410e+00 -3.1605e-01 -2.7375e-01 -8.9196e-01 6.2305e-01 2.2976e+00 -7.1283e-01 -4.6475e-02 8.6777e-02
1.4572e+00 -5.5664e+00 -1.3403e+00 2.6620e+00 1.2662e+01 4.0309e-01 8.1898e+00 5.9111e+01 -1.1260e+00 -2.3397e+01 2.2861e+00 1.0850e+00 -4.3536e+00 -8.7996e+00 -5.4837e-01 2.9732e+00 5.2917e+00 -3.0351e-01 1.9446e-01 -1.3473e-01 -1.3703e+00 -4.4544e-01 -8.3181e-01 -1.6245e+01 -1.7525e-01 4.1036e-01 5.5152e-02 -2.3340e+00 -6.5071e-01 4.6333e-01 -5.9760e+00 1.2618e-01 -1.1371e-01 -4.9650e-02 -2.9827e+00 -2.3296e-01 1.6075e-01 -1.1772e+00 -3.7792e-01 -6.7009e-02 3.3293e-01 1.6868e-01 2.7678e-02 3.2517e-01 -1.7758e+00 -6.1386e-01 9.1137e-02 -5.4801e-01 -4.0521e+00 -5.0635e-01 1.3427e+00 -2.5492e+00
6.2169e-01 8.8354e+00 3.0409e+00 -5.1833e+00 -2.3646e+00 5.0738e-01 5.7642e+00 -1.1260e+00 5.3249e+01 1.5181e+01 -3.7573e+00 -2.9323e-01 -6.7778e+00 -3.7022e+01 2.6751e-01 1.5058e+00 -6.7522e+00 -2.8061e+00 5.5322e-01 1.5113e-01 1.8265e-01 4.5894e-01 -1.0964e+00 -2.0039e+01 -5.0603e-01 -4.0044e-01 1.5749e+00 5.1090e-01 1.7352e-01 -5.1854e-01 1.0102e+00 5.0274e-01 -4.1857e-01 -1.3699e-01 3.7439e-01 -6.8808e-01 5.1411e-01 -7.9650e-01 -3.3618e-01 4.7557e-02 1.5180e-01 2.0677e-01 -2.7228e-01 -3.6685e-01 -2.9137e-01 -1.0825e-03 -9.7607e-01 1.7090e+00 1.6378e+01 -1.1562e-01 -6.0976e+00 9.5134e+00
-6.9791e-01 1.8421e+00 -3.7826e+00 -9.0884e+00 -9.1920e-01 -1.4121e+00 1.8311e+00 -2.3397e+01 1.5181e+01 1.2229e+02 -1.1446e+01 2.1641e+01 -6.7554e+00 -9.6557e+00 3.5699e-01 -1.0564e+01 -2.3182e+01 7.9070e-02 -1.2694e+01 -9.6914e-01 -5.2259e-01 -1.3276e+00 3.6854e-01 1.5431e+01 7.0398e-01 -1.0064e+00 -1.7230e+00 3.9508e+00 2.9263e-01 -2.3794e+00 1.2198e+01 1.1485e+01 -2.7799e+00 7.1826e-02 4.2459e+00 -1.6564e+00 7.8729e-01 -1.9364e+00 -2.5480e+00 -2.0062e+00 -6.9071e-01 -1.3065e+00 -2.1502e-01 -2.5484e+00 3.1900e+00 -1.0126e-01 -5.3129e-01 5.3145e-02 -7.7598e+00 -1.2186e-01 -1.5200e+01 1.2856e+00
5.1854e+01 -3.4403e+01 -1.7769e+00 -2.5089e+01 -7.2422e-01 1.1683e+00 2.3956e+01 2.2861e+00 -3.7573e+00 -1.1446e+01 6.8634e+01 -6.6389e-01 1.5332e+01 4.6726e+01 5.1279e-01 4.3695e+01 3.4232e-01 -6.1823e-01 -6.1560e+00 5.6300e-02 7.5433e+00 1.0978e+00 -3.3140e-01 1.9297e+00 1.0174e+00 -5.1107e-01 -9.5361e-01 -1.7895e+00 -1.3294e+00 1.6851e-02 -8.2337e-01 3.7387e-01 8.3056e+00 8.8606e-01 8.2268e-01 -3.3896e-02 1.6471e+00 -1.1507e+00 7.5582e-01 -4.4348e-01 1.5981e+00 -1.0087e+00 1.2101e+00 -6.6969e-01 -6.6598e-01 -1.2482e-01 1.5967e-01 -6.4633e-01 -1.1554e+00 -2.5223e-01 3.0840e-01 -3.1057e-02
1.6550e+01 8.0905e-01 -7.9763e+00 2.1413e-01 -2.1055e-01 1.8708e-01 -8.6695e-01 1.0850e+00 -2.9323e-01 2.1641e+01 -6.6389e-01 4.2556e+01 -2.8851e+00 -9.7091e-01 -9.0705e-02 -2.0031e+00 -4.2381e-01 1.3543e+00 -1.0772e+01 6.4170e-02 1.8030e+00 -5.4984e-01 -1.0558e-01 3.3708e-02 6.8388e-01 -2.1194e-01 -1.6697e-02 -3.9484e-01 -2.0201e-01 1.3744e-01 2.3679e-01 -6.6790e-02 -1.3288e+00 3.2732e-01 1.0401e-01 -1.3022e+00 -8.3616e-01 4.2696e-01 -2.4037e+00 -2.1280e+00 3.5429e-01 -2.5003e-01 1.1668e-01 -1.7107e+00 -7.0592e-02 5.1213e-02 -1.5209e-02 -1.1132e-01 -7.7390e-01 3.2063e-03 -3.9314e-01 -3.0686e-02
1.2584e+01 -7.9888e+00 -8.6358e-03 -9.9496e+00 2.5506e+00 -9.1611e-01 1.9262e+00 -4.3536e+00 -6.7778e+00 -6.7554e+00 1.5332e+01 -2.8851e+00 4.6502e+01 2.5780e+01 -1.2922e-01 1.6167e+01 1.3506e+00 -2.1971e-01 1.5743e+00 2.4165e+00 -8.2788e-01 1.9475e+00 -2.6454e-01 7.4042e+00 1.1344e-01 3.3620e-01 -5.0426e-01 -1.4764e+00 2.0908e-01 -7.1075e-01 -7.7574e-01 -7.5019e-01 -4.2269e-01 3.7358e-01 3.8755e+00 4.2249e-01 1.2690e-01 9.6758e-01 -5.2916e-01 -4.1404e-01 1.1074e+00 4.8401e-01 6.1239e-02 -1.7539e-01 8.2130e-01 -1.1256e-01 -1.9926e-01 -6.1743e-01 -1.3286e+00 -2.3471e-01 1.1031e+00 -6.2098e-01
4.8107e+01 -3.7697e+01 -4.8057e+00 -2.0168e+01 -2.7135e+00 -1.5775e+00 2.4895e+01 -8.7996e+00 -3.7022e+01 -9.6557e+00 4.6726e+01 -9.7091e-01 2.5780e+01 1.2676e+02 -3.8861e-01 4.2773e+01 8.0459e+00 4.3572e-01 -5.6583e+00 -6.8635e-01 8.9811e+00 7.9593e-01 -1.2356e+00 3.9458e+01 1.2333e+00 -8.2393e-01 -3.4492e+00 -2.6000e+00 2.0705e+00 -4.7840e-01 2.0368e+00 -9.1050e-01 3.8554e+00 1.1120e+00 5.8762e+00 -2.3964e-01 1.2175e+00 -2.0986e+00 -6.6704e-02 -2.0157e-01 -1.3174e-01 -1.0041e-02 1.6682e+00 -1.2834e+00 -1.9430e+00 -2.3053e-01 6.9245e-01 -1.7002e+00 -1.3892e+01 1.6958e-02 4.7965e+00 8.0361e+00
-1.5328e+00 -6.5675e-02 1.1917e+00 -2.8769e-01 -2.9314e-02 -4.8352e-02 -6.2532e-03 -5.4837e-01 2.6751e-01 3.5699e-01 5.1279e-01 -9.0705e-02 -1.2922e-01 -3.8861e-01 9.7698e+00 -3.1280e-01 -2.4606e-01 2.9774e-01 -1.0694e-01 -2.8452e-01 -1.7376e-01 -1.6387e-01 -5.1599e-02 1.0228e-01 -6.0290e-02 -1.0253e-01 -3.0004e-01 -3.0887e-01 -5.6754e-02 -1.7709e-01 -1.3771e-01 5.1209e-01 -3.7785e-02 -2.0915e-01 -1.9549e-02 -6.9840e-02 -5.6766e-02 2.6491e-01 -1.3803e-01 -2.4475e-01 -9.5546e-02 -5.9641e-02 -6.3584e-02 -1.1261e-01 -8.2292e-03 -2.2010e-02 -3.4799e-02 -1.1003e-02 -1.1896e-01 -7.6072e-02 -2.3461e-01 -7.1641e-02
3.5641e+01 -2.1058e+01 -1.8430e+00 -1.8141e+01 -8.4731e-01 -4.2298e-01 2.4121e+01 2.9732e+00 1.5058e+00 -1.0564e+01 4.3695e+01 -2.0031e+00 1.6167e+01 4.2773e+01 -3.1280e-01 6.6409e+01 2.7828e-01 7.8002e-01 -5.3697e+00 -1.7663e-01 8.0117e+00 2.2077e+00 -2.2816e-01 2.4773e+00 2.3105e-01 -2.8528e-01 -1.0688e+00 3.7105e+00 -9.6342e-01 4.6588e-01 -8.0129e-01 8.6832e-01 5.2754e+00 1.0823e+00 4.2912e-01 -4.3040e-01 1.7912e+00 -8.7356e-01 -4.1823e-01 -2.0319e-01 1.9665e+00 4.0612e+00 1.4055e+00 -1.1275e+00 -5.0964e-01 -6.9114e-02 -2.2483e-01 -2.5426e-01 1.2497e-01 -3.6808e-01 2.8421e-01 -3.1683e-04
-2.7216e-01 -5.1715e+00 -5.2478e+00 -5.6909e-01 -1.0072e+00 8.8724e-01 2.7919e-01 5.2917e+00 -6.7522e+00 -2.3182e+01 3.4232e-01 -4.2381e-01 1.3506e+00 8.0459e+00 -2.4606e-01 2.7828e-01 3.5486e+01 -4.8201e-01 -1.5032e-01 -4.5047e-02 -1.5679e+00 -9.9394e-01 -6.8361e-01 1.0177e+01 5.2818e-02 4.7488e-02 -1.2368e-01 -5.3028e+00 -4.7234e-01 5.2860e-02 -7.0798e+00 6.3740e-01 -2.1314e-01 -2.8719e-02 5.3798e-01 1.4293e-01 -1.1016e+00 2.1763e-01 1.2764e-01 1.9647e-02 2.2695e-02 -4.6414e-01 -1.7190e-01 -4.3404e-02 -5.5613e+00 -7.9826e-02 -4.1445e-02 -8.6687e-01 1.2633e+01 -1.2571e+00 2.3128e+01 3.0653e-01
9.7895e+00 2.3797e+00 -6.4647e+00 -2.9243e-01 -4.8058e+00 2.7066e+00 -1.4170e+00 -3.0351e-01 -2.8061e+00 7.9070e-02 -6.1823e-01 1.3543e+00 -2.1971e-01 4.3572e-01 2.9774e-01 7.8002e-01 -4.8201e-01 5.5510e+01 -5.0110e-01 -4.3423e+00 1.4616e-01 7.3477e-01 -2.6354e-01 -8.2077e-01 -3.6228e-01 -1.2529e+00 4.9798e+00 -2.2799e+00 9.0327e-01 -2.0729e+00 -1.9646e+00 -8.6552e+00 -5.4144e+00 1.2524e+00 2.1276e-01 -4.8454e-01 -1.3021e-01 1.8142e+01 -9.1982e-01 -1.0014e+00 -3.0881e-01 3.8164e-01 -3.0333e-01 -5.9510e-01 1.7185e-01 1.3456e-01 -2.4843e-01 -1.6725e-01 -1.6416e-01 1.2030e+00 -3.5489e-01 -1.0726e-01
-7.5447e+00 4.7444e+00 1.8573e+01 1.5109e+00 1.9039e-01 -3.4808e-01 -1.3202e-01 1.9446e-01 5.5322e-01 -1.2694e+01 -6.1560e+00 -1.0772e+01 1.5743e+00 -5.6583e+00 -1.0694e-01 -5.3697e+00 -1.5032e-01 -5.0110e-01 3.7601e+01 -3.8675e-01 -1.5814e+00 1.9823e+00 -1.5087e-01 -1.2159e+00 -1.0039e-01 5.3491e-01 2.2159e+00 -4.9864e-01 1.7321e-01 1.8906e+00 1.4359e-01 -2.7651e+00 -1.2299e+00 2.1485e+00 -7.1733e-02 1.6295e-01 -3.7508e-01 6.6896e-01 2.1565e+00 2.3911e+00 -8.9147e-02 -6.8128e-01 -2.0288e-01 3.9184e+00 1.1207e+00 -1.5079e-02 -1.5008e-01 -1.9947e-01 -4.9294e-01 1.9818e-01 -2.1380e-01 1.4021e-02
2.2155e+00 2.9347e-01 -2.0358e+00 2.1332e-01 1.0059e+00 -6.8759e-01 -4.6436e-01 -1.3473e-01 1.5113e-01 -9.6914e-01 5.6300e-02 6.4170e-02 2.4165e+00 -6.8635e-01 -2.8452e-01 -1.7663e-01 -4.5047e-02 -4.3423e+00 -3.8675e-01 2.0397e+01 6.3177e-01 2.4010e-01 -2.0384e-01 -6.7232e-01 -2.2293e-01 -4.4101e-01 -1.1024e+00 -1.3463e+00 -3.2118e-01 -2.6840e-01 1.1543e+00 -2.1816e+00 -7.4687e-01 -4.6529e-01 8.5609e-01 5.2762e-02 -7.7660e-02 -3.5699e+00 -5.2646e-01 -9.7714e-01 -2.0076e-01 5.0477e-01 -1.4423e-01 8.9283e-02 -1.9854e-01 -6.7903e-02 -6.3883e-02 -1.1984e-01 -1.8511e-01 -2.0319e-01 -2.4081e-01 -6.7090e-01
7.6961e+00 -2.7541e+00 3.7655e-01 -4.9429e+00 -4.8702e-01 -6.2772e-01 2.3148e+00 -1.3703e+00 1.8265e-01 -5.2259e-01 7.5433e+00 1.8030e+00 -8.2788e-01 8.9811e+00 -1.7376e-01 8.0117e+00 -1.5679e+00 1.4616e-01 -1.5814e+00 6.3177e-01 3.3737e+01 2.8356e-01 -1.6460e-01 5.9486e+00 1.3670e+00 6.8482e-02 -3.9083e-01 1.4618e+00 -2.3433e-01 -4.4687e-01 1.1478e+00 -3.3027e+00 -1.8700e+00 -3.8633e-01 1.0350e+00 -3.2197e-01 6.5600e-01 6.7085e-01 -4.1709e-01 -7.0865e-02 -3.3284e-01 -7.2537e-01 -9.8227e-02 2.7533e-01 -1.6747e-01 7.0570e-03 -1.6414e-01 -3.6904e-01 1.5972e+00 -1.9176e-01 -1.3090e+00 -1.2584e-01
-1.3388e+00 -3.0912e-01 3.0534e+00 -4.9719e-01 -6.7683e-01 -3.5924e-01 6.4210e-01 -4.4544e-01 4.5894e-01 -1.3276e+00 1.0978e+00 -5.4984e-01 1.9475e+00 7.9593e-01 -1.6387e-01 2.2077e+00 -9.9394e-01 7.3477e-01 1.9823e+00 2.4010e-01 2.8356e-01 1.4658e+01 -7.9764e-02 -8.6402e-01 6.4163e-02 -1.5434e-01 -4.0697e-01 -5.3530e-01 1.6980e+00 -1.8816e-01 -2.0776e-01 4.3313e-01 6.9458e-01 6.8568e-02 -1.9104e-01 -1.0121e-02 -1.3283e-01 1.4405e+00 8.5804e-01 2.3452e-01 -1.3501e-01 4.7332e-01 -9.2215e-02 5.2637e-01 6.7512e-01 -3.1558e-02 -3.0973e-02 -1.5287e-01 -5.0674e-01 1.6885e+00 -3.8910e-01 -9.8135e-02
-9.8390e-02 1.0193e+00 1.3285e+00 -6.6185e-02 -2.0781e-01 3.4856e-02 -4.8580e-01 -8.3181e-01 -1.0964e+00 3.6854e-01 -3.3140e-01 -1.0558e-01 -2.6454e-01 -1.2356e+00 -5.1599e-02 -2.2816e-01 -6.8361e-01 -2.6354e-01 -1.5087e-01 -2.0384e-01 -1.6460e-01 -7.9764e-02 9.9452e+00 -4.3040e-01 -5.7279e-02 5.5532e-02 -2.2714e-01 -8.0116e-02 -5.9578e-02 -1.8461e-01 -4.8021e-01 8.4280e-01 -3.1636e-02 -8.0450e-02 3.1027e-02 -2.3200e-02 7.0922e-01 -7.4017e-02 -1.7692e-02 -6.2817e-02 -2.4057e-02 -3.3586e-02 -4.5717e-02 -3.5810e-02 -3.0190e-01 1.6032e-02 -7.6814e-02 -2.4274e-01 -5.7486e-01 3.4729e-02 -9.9935e-01 -1.7706e+00
-7.2050e-01 -6.1179e+00 -3.1639e+00 -1.0114e+01 -1.6670e+00 -1.0218e+00 -3.1811e+00 -1.6245e+01 -2.0039e+01 1.5431e+01 1.9297e+00 3.3708e-02 7.4042e+00 3.9458e+01 1.0228e-01 2.4773e+00 1.0177e+01 -8.2077e-01 -1.2159e+00 -6.7232e-01 5.9486e+00 -8.6402e-01 -4.3040e-01 7.3227e+01 2.3155e+00 -2.5480e-01 -1.3886e+00 -1.9745e+00 -7.3221e-02 2.4973e-01 2.5350e-01 1.4594e+00 2.9650e+00 -2.3005e-01 4.0386e+00 5.5764e-02 6.6097e-01 3.5452e+00 -7.4325e-01 -2.1111e-01 -5.8336e-01 -9.9173e-01 -1.6366e-01 -6.5622e-01 -2.2013e+00 -7.5424e-02 -2.6985e-01 7.8491e-01 -8.2586e+00 -3.5196e-02 6.6748e+00 1.5241e+00
9.7646e-01 -4.3316e-01 -1.2753e-01 -8.9312e-01 4.2471e-01 -1.3562e-01 9.7436e-02 -1.7525e-01 -5.0603e-01 7.0398e-01 1.0174e+00 6.8388e-01 1.1344e-01 1.2333e+00 -6.0290e-02 2.3105e-01 5.2818e-02 -3.6228e-01 -1.0039e-01 -2.2293e-01 1.3670e+00 6.4163e-02 -5.7279e-02 2.3155e+00 7.0237e+00 -2.1401e-02 -3.1934e-02 -3.1170e-01 -5.2983e-02 2.6949e-02 -3.3432e-02 1.4584e-01 -6.6974e-02 -1.0525e-01 -6.6750e-02 6.7757e-02 -1.9539e-02 -3.2917e-01 -5.9619e-02 -1.2333e-01 -5.5954e-02 -1.1624e-01 -3.6648e-02 1.9808e-02 -1.0804e-01 -3.3917e-02 -2.6050e-02 -2.5565e-02 -1.6259e-01 -4.7912e-02 -6.3153e-02 -2.9846e-01
-2.3541e-01 -4.8752e-01 5.6184e-01 7.1812e-01 2.0579e-01 -2.3159e-01 -9.7652e-01 4.1036e-01 -4.0044e-01 -1.0064e+00 -5.1107e-01 -2.1194e-01 3.3620e-01 -8.2393e-01 -1.0253e-01 -2.8528e-01 4.7488e-02 -1.2529e+00 5.3491e-01 -4.4101e-01 6.8482e-02 -1.5434e-01 5.5532e-02 -2.5480e-01 -2.1401e-02 1.0643e+01 -3.6931e-01 -3.8931e-01 -7.0876e-02 -2.6296e-01 -2.0775e-01 1.9777e+00 2.0617e+00 -8.1110e-02 -9.4145e-02 7.8055e-02 1.0085e-01 -1.0400e+00 -1.3291e-01 -3.2346e-01 -6.1352e-02 -1.2656e-01 -1.1065e-02 -2.6768e-02 -1.3220e-01 -7.7348e-02 -5.8229e-02 5.6602e-03 -2.5548e-01 -7.6591e-02 -6.6462e-02 -9.3957e-01
4.7171e-01 2.1343e+00 -1.4640e+00 -4.0777e-01 1.9747e-01 -6.0058e-01 -1.6008e+00 5.5152e-02 1.5749e+00 -1.7230e+00 -9.5361e-01 -1.6697e-02 -5.0426e-01 -3.4492e+00 -3.0004e-01 -1.0688e+00 -1.2368e-01 4.9798e+00 2.2159e+00 -1.1024e+00 -3.9083e-01 -4.0697e-01 -2.2714e-01 -1.3886e+00 -3.1934e-02 -3.6931e-01 2.0674e+01 -8.8254e-01 -2.8329e-01 6.1838e+00 -1.0076e+00 -1.5702e+00 -2.1516e+00 2.3946e+00 2.6492e-01 -1.0099e-01 -3.9126e-02 3.0424e+00 -4.3138e-01 2.3038e+00 -1.6481e-01 -1.4607e-01 -1.5510e-01 2.8531e+00 -4.1128e-01 -6.9629e-02 -9.9825e-02 2.6196e+00 -1.1836e-01 -2.6855e-01 -4.6045e-01 1.0371e-01
-2.5279e+00 2.4316e+00 1.5406e+00 2.0871e+00 2.4075e+00 -7.3511e-01 8.9435e-03 -2.3340e+00 5.1090e-01 3.9508e+00 -1.7895e+00 -3.9484e-01 -1.4764e+00 -2.6000e+00 -3.0887e-01 3.7105e+00 -5.3028e+00 -2.2799e+00 -4.9864e-01 -1.3463e+00 1.4618e+00 -5.3530e-01 -8.0116e-02 -1.9745e+00 -3.1170e-01 -3.8931e-01 -8.8254e-01 2.9604e+01 2.1250e-01 2.4003e+00 4.0600e+00 -2.4083e+00 -2.2915e+00 -6.0801e-01 -5.0381e-01 3.5905e-01 -1.4703e-01 1.0881e+00 -1.3068e-01 -9.7614e-01 -1.8880e-01 4.1465e+00 -9.5169e-02 -1.7680e-01 6.5527e-01 -7.1421e-02 -2.1338e-02 2.7634e-02 -1.2039e+00 4.6435e-01 1.1087e+00 -2.6947e-01
2.3701e+00 -4.6352e-01 2.8245e-02 -8.1380e-01 -2.7659e-01 -1.0452e-01 1.1690e+00 -6.5071e-01 1.7352e-01 2.9263e-01 -1.3294e+00 -2.0201e-01 2.0908e-01 2.0705e+00 -5.6754e-02 -9.6342e-01 -4.7234e-01 9.0327e-01 1.7321e-01 -3.2118e-01 -2.3433e-01 1.6980e+00 -5.9578e-02 -7.3221e-02 -5.2983e-02 -7.0876e-02 -2.8329e-01 2.1250e-01 1.0867e+01 2.6967e-01 -1.8968e-01 8.7888e-02 5.7895e-02 -1.5237e-01 9.7194e-01 -5.5401e-02 -1.2901e-01 1.4414e+00 -1.3101e-01 -1.9266e-01 -1.2105e-01 6.8005e-01 -7.6867e-02 -1.0251e-01 7.2966e-01 2.2290e-03 -4.8056e-02 -9.7034e-02 5.1041e-01 1.6975e+00 -4.8739e-01 -5.1906e-02
-1.6239e+00 1.3269e+00 -1.4744e+00 -6.7842e-01 -5.3817e-04 -3.9316e-01 -1.1546e+00 4.6333e-01 -5.1854e-01 -2.3794e+00 1.6851e-02 1.3744e-01 -7.1075e-01 -4.7840e-01 -1.7709e-01 4.6588e-01 5.2860e-02 -2.0729e+00 1.8906e+00 -2.6840e-01 -4.4687e-01 -1.8816e-01 -1.8461e-01 2.4973e-01 2.6949e-02 -2.6296e-01 6.1838e+00 2.4003e+00 2.6967e-01 2.8811e+01 -1.3749e+00 -1.6499e+00 1.7133e-01 2.5669e+00 7.2322e-01 6.0392e-01 -3.1012e-01 -7.6792e-01 2.3756e-01 7.1581e-01 -1.0727e-02 -1.3506e-01 3.4684e-02 3.0878e+00 -6.3883e-01 -6.0750e-02 -7.7114e-02 2.8994e+00 7.3741e-02 -6.5180e-02 -5.9714e-01 -5.0523e-01
-2.3877e+00 -4.3305e+00 -8.2030e-01 -9.9327e-01 4.0258e+00 -7.2180e-01 -2.0528e+00 -5.9760e+00 1.0102e+00 1.2198e+01 -8.2337e-01 2.3679e-01 -7.7574e-01 2.0368e+00 -1.3771e-01 -8.0129e-01 -7.0798e+00 -1.9646e+00 1.4359e-01 1.1543e+00 1.1478e+00 -2.0776e-01 -4.8021e-01 2.5350e-01 -3.3432e-02 -2.0775e-01 -1.0076e+00 4.0600e+00 -1.8968e-01 -1.3749e+00 3.4388e+01 -1.4765e-01 -7.2706e-01 -1.3518e-01 -4.5185e-01 -1.4717e-01 -2.6589e-01 -1.0136e+00 2.8420e-01 -2.4185e-01 -6.5533e-02 -4.1209e-02 -2.3990e-01 -2.6644e-01 -1.3405e+00 1.3889e-01 -2.6858e-01 -8.2875e-01 -5.8049e+00 4.9030e-01 -4.7908e+00 1.8558e+00
-1.3926e+01 2.2074e+00 2.4542e+00 1.6221e+00 2.3694e-01 -5.1518e-01 6.3586e-01 1.2618e-01 5.0274e-01 1.1485e+01 3.7387e-01 -6.6790e-02 -7.5019e-01 -9.1050e-01 5.1209e-01 8.6832e-01 6.3740e-01 -8.6552e+00 -2.7651e+00 -2.1816e+00 -3.3027e+00 4.3313e-01 8.4280e-01 1.4594e+00 1.4584e-01 1.9777e+00 -1.5702e+00 -2.4083e+00 8.7888e-02 -1.6499e+00 -1.4765e-01 5.8350e+01 1.4641e+01 6.0786e-01 -3.6841e-01 -4.2954e-01 3.9620e-01 -5.2684e+00 1.3241e+00 -1.8546e+00 -3.1806e-01 -4.0874e-01 1.4105e-01 -9.7242e-01 5.7399e-01 -7.9776e-02 -9.8505e-02 1.4251e-01 9.6587e-01 -2.8561e-01 5.8080e-01 1.0107e-01
3.3451e+00 1.4531e-01 -6.9854e-01 -2.5014e+00 -8.0198e-01 -6.3467e-01 5.8959e+00 -1.1371e-01 -4.1857e-01 -2.7799e+00 8.3056e+00 -1.3288e+00 -4.2269e-01 3.8554e+00 -3.7785e-02 5.2754e+00 -2.1314e-01 -5.4144e+00 -1.2299e+00 -7.4687e-01 -1.8700e+00 6.9458e-01 -3.1636e-02 2.9650e+00 -6.6974e-02 2.0617e+00 -2.1516e+00 -2.2915e+00 5.7895e-02 1.7133e-01 -7.2706e-01 1.4641e+01 4.7141e+01 3.6647e-01 -4.1216e-01 1.3583e-02 -3.6217e-01 9.8107e-01 1.9862e+00 -1.7483e+00 1.2193e+00 -5.3540e-01 1.6688e+00 -6.0939e-01 2.6070e-01 -1.1679e-01 -1.2698e-01 1.3712e+00 -8.3793e-01 1.2196e-01 4.7344e-01 4.9668e-02
-2.0239e-01 5.2124e-01 -8.4315e-01 -1.9187e+00 1.4186e-01 -1.1674e-01 -4.7212e-01 -4.9650e-02 -1.3699e-01 7.1826e-02 8.8606e-01 3.2732e-01 3.7358e-01 1.1120e+00 -2.0915e-01 1.0823e+00 -2.8719e-02 1.2524e+00 2.1485e+00 -4.6529e-01 -3.8633e-01 6.8568e-02 -8.0450e-02 -2.3005e-01 -1.0525e-01 -8.1110e-02 2.3946e+00 -6.0801e-01 -1.5237e-01 2.5669e+00 -1.3518e-01 6.0786e-01 3.6647e-01 1.3783e+01 3.0316e-01 -7.4295e-02 -1.3332e-01 -1.4638e+00 -1.3116e-01 3.4095e-01 -1.2142e-01 -5.0497e-02 -8.0049e-02 2.3976e+00 -1.6480e-01 2.7772e-01 -8.8932e-02 4.8404e-01 -5.9225e-02 -1.6484e-01 -1.1556e-01 -2.4358e-02
1.0527e+00 3.3762e+00 -6.4082e-01 -4.7611e-01 -3.4550e+00 -5.5443e-02 -2.4637e-01 -2.9827e+00 3.7439e-01 4.2459e+00 8.2268e-01 1.0401e-01 3.8755e+00 5.8762e+00 -1.9549e-02 4.2912e-01 5.3798e-01 2.1276e-01 -7.1733e-02 8.5609e-01 1.0350e+00 -1.9104e-01 3.1027e-02 4.0386e+00 -6.6750e-02 -9.4145e-02 2.6492e-01 -5.0381e-01 9.7194e-01 7.2322e-01 -4.5185e-01 -3.6841e-01 -4.1216e-01 3.0316e-01 1.4852e+01 -1.8587e-03 -5.9396e-02 -3.9168e-01 -3.3481e-01 -1.1503e-01 -9.7148e-02 8.9227e-01 7.8503e-02 2.9703e-01 -2.5103e-01 -6.9209e-02 -3.2546e-02 -1.6734e-01 4.0826e+00 -1.3800e-02 7.2975e-02 -2.1336e-01
-6.1281e-01 -3.9365e-01 -3.8206e-01 -3.2340e-01 3.9546e-01 3.8104e-02 4.7657e-01 -2.3296e-01 -6.8808e-01 -1.6564e+00 -3.3896e-02 -1.3022e+00 4.2249e-01 -2.3964e-01 -6.9840e-02 -4.3040e-01 1.4293e-01 -4.8454e-01 1.6295e-01 5.2762e-02 -3.2197e-01 -1.0121e-02 -2.3200e-02 5.5764e-02 6.7757e-02 7.8055e-02 -1.0099e-01 3.5905e-01 -5.5401e-02 6.0392e-01 -1.4717e-01 -4.2954e-01 1.3583e-02 -7.4295e-02 -1.8587e-03 9.0634e+00 -5.2466e-02 -3.3012e-01 -7.5302e-02 -1.2196e-01 -5.1574e-02 -1.5166e-02 -6.0103e-02 -8.8557e-02 -1.4637e-01 -4.6508e-02 -1.5379e-02 -1.0329e-01 -4.9887e-01 -6.6309e-02 4.6317e-01 -5.9847e-01
9.0213e-01 2.8830e-01 1.2205e+00 -8.2435e-01 -3.0737e-01 4.7428e-02 9.0368e-01 1.6075e-01 5.1411e-01 7.8729e-01 1.6471e+00 -8.3616e-01 1.2690e-01 1.2175e+00 -5.6766e-02 1.7912e+00 -1.1016e+00 -1.3021e-01 -3.7508e-01 -7.7660e-02 6.5600e-01 -1.3283e-01 7.0922e-01 6.6097e-01 -1.9539e-02 1.0085e-01 -3.9126e-02 -1.4703e-01 -1.2901e-01 -3.1012e-01 -2.6589e-01 3.9620e-01 -3.6217e-01 -1.3332e-01 -5.9396e-02 -5.2466e-02 9.9221e+00 -1.8977e-01 -5.3343e-02 -7.6217e-02 1.3753e-03 -1.0760e-01 -6.2341e-02 -1.1273e-01 -4.6608e-02 -3.1199e-02 3.1897e-01 -1.4072e-01 -8.1501e-01 -8.7143e-02 -1.2119e+00 -1.2936e-01
8.3131e-01 5.6906e+00 -2.2113e+00 -1.3372e+00 -3.5652e+00 -1.0719e+00 -3.3531e+00 -1.1772e+00 -7.9650e-01 -1.9364e+00 -1.1507e+00 4.2696e-01 9.6758e-01 -2.0986e+00 2.6491e-01 -8.7356e-01 2.1763e-01 1.8142e+01 6.6896e-01 -3.5699e+00 6.7085e-01 1.4405e+00 -7.4017e-02 3.5452e+00 -3.2917e-01 -1.0400e+00 3.0424e+00 1.0881e+00 1.4414e+00 -7.6792e-01 -1.0136e+00 -5.2684e+00 9.8107e-01 -1.4638e+00 -3.9168e-01 -3.3012e-01 -1.8977e-01 4.9756e+01 -1.1919e+00 -2.6553e+00 -3.6686e-02 1.9836e-01 -1.7439e-01 -3.7572e-01 -1.7843e-02 -1.0504e-01 -1.6820e-01 1.5784e+00 4.9160e+00 1.5031e+00 -1.8417e-01 -4.5298e-01
-7.0260e-01 -1.8898e-01 1.5179e+00 3.3658e-01 -1.3120e+00 -2.9224e-01 -7.8682e-01 -3.7792e-01 -3.3618e-01 -2.5480e+00 7.5582e-01 -2.4037e+00 -5.2916e-01 -6.6704e-02 -1.3803e-01 -4.1823e-01 1.2764e-01 -9.1982e-01 2.1565e+00 -5.2646e-01 -4.1709e-01 8.5804e-01 -1.7692e-02 -7.4325e-01 -5.9619e-02 -1.3291e-01 -4.3138e-01 -1.3068e-01 -1.3101e-01 2.3756e-01 2.8420e-01 1.3241e+00 1.9862e+00 -1.3116e-01 -3.3481e-01 -7.5302e-02 -5.3343e-02 -1.1919e+00 1.3024e+01 -4.3931e-01 -8.0650e-02 -9.3616e-02 -2.3321e-02 3.4054e-01 9.4564e-02 -5.0358e-02 4.5105e-02 -6.9791e-02 -8.8449e-01 -1.8931e-01 7.1741e-02 3.5545e-03
-4.2553e+00 8.3658e-01 3.9893e+00 2.7059e-01 4.3690e-01 -4.9685e-01 -2.8733e-01 -6.7009e-02 4.7557e-02 -2.0062e+00 -4.4348e-01 -2.1280e+00 -4.1404e-01 -2.0157e-01 -2.4475e-01 -2.0319e-01 1.9647e-02 -1.0014e+00 2.3911e+00 -9.7714e-01 -7.0865e-02 2.3452e-01 -6.2817e-02 -2.1111e-01 -1.2333e-01 -3.2346e-01 2.3038e+00 -9.7614e-01 -1.9266e-01 7.1581e-01 -2.4185e-01 -1.8546e+00 -1.7483e+00 3.4095e-01 -1.1503e-01 -1.2196e-01 -7.6217e-02 -2.6553e+00 -4.3931e-01 1.6400e+01 5.3633e-01 -2.1569e-02 4.8360e-01 3.8552e+00 -6.0984e-02 2.6216e-01 2.1392e-01 -2.7279e-02 -6.3551e-02 4.4566e-01 -3.2642e-02 -1.3548e-01
1.8518e+00 -9.9428e-01 7.9348e-01 -8.0837e-01 2.9760e-01 1.6841e-02 2.6117e-01 3.3293e-01 1.5180e-01 -6.9071e-01 1.5981e+00 3.5429e-01 1.1074e+00 -1.3174e-01 -9.5546e-02 1.9665e+00 2.2695e-02 -3.0881e-01 -8.9147e-02 -2.0076e-01 -3.3284e-01 -1.3501e-01 -2.4057e-02 -5.8336e-01 -5.5954e-02 -6.1352e-02 -1.6481e-01 -1.8880e-01 -1.2105e-01 -1.0727e-02 -6.5533e-02 -3.1806e-01 1.2193e+00 -1.2142e-01 -9.7148e-02 -5.1574e-02 1.3753e-03 -3.6686e-02 -8.0650e-02 5.3633e-01 1.0098e+01 -8.1498e-02 -1.0587e-01 -8.5322e-02 -1.6828e-01 -1.6935e-02 -3.3954e-02 -6.7022e-02 -1.5040e-01 5.4623e-01 -2.9852e-02 -2.4186e-02
-7.6938e-01 2.0340e+00 -3.2444e-02 2.0050e+00 2.2980e-01 -7.9807e-02 4.4570e-01 1.6868e-01 2.0677e-01 -1.3065e+00 -1.0087e+00 -2.5003e-01 4.8401e-01 -1.0041e-02 -5.9641e-02 4.0612e+00 -4.6414e-01 3.8164e-01 -6.8128e-01 5.0477e-01 -7.2537e-01 4.7332e-01 -3.3586e-02 -9.9173e-01 -1.1624e-01 -1.2656e-01 -1.4607e-01 4.1465e+00 6.8005e-01 -1.3506e-01 -4.1209e-02 -4.0874e-01 -5.3540e-01 -5.0497e-02 8.9227e-01 -1.5166e-02 -1.0760e-01 1.9836e-01 -9.3616e-02 -2.1569e-02 -8.1498e-02 1.1981e+01 -3.2059e-02 -6.7516e-02 -2.3358e-02 2.3333e-03 -5.5267e-02 -9.2542e-02 8.3820e-01 3.9951e-01 -4.6677e-01 -8.3591e-02
1.3718e+00 -9.0133e-01 3.6911e-01 -3.9813e-03 -1.2282e-02 -1.1278e-01 1.5263e+00 2.7678e-02 -2.7228e-01 -2.1502e-01 1.2101e+00 1.1668e-01 6.1239e-02 1.6682e+00 -6.3584e-02 1.4055e+00 -1.7190e-01 -3.0333e-01 -2.0288e-01 -1.4423e-01 -9.8227e-02 -9.2215e-02 -4.5717e-02 -1.6366e-01 -3.6648e-02 -1.1065e-02 -1.5510e-01 -9.5169e-02 -7.6867e-02 3.4684e-02 -2.3990e-01 1.4105e-01 1.6688e+00 -8.0049e-02 7.8503e-02 -6.0103e-02 -6.2341e-02 -1.7439e-01 -2.3321e-02 4.8360e-01 -1.0587e-01 -3.2059e-02 8.1189e+00 -1.1489e-01 4.6492e-01 -3.6925e-02 -1.0338e-02 -4.8452e-02 -4.2570e-01 -6.6484e-02 -1.6678e-02 -1.9214e-01
-2.8410e+00 2.2454e+00 2.3699e+00 -1.7008e-01 -1.1395e-01 -9.9872e-02 -1.8410e+00 3.2517e-01 -3.6685e-01 -2.5484e+00 -6.6969e-01 -1.7107e+00 -1.7539e-01 -1.2834e+00 -1.1261e-01 -1.1275e+00 -4.3404e-02 -5.9510e-01 3.9184e+00 8.9283e-02 2.7533e-01 5.2637e-01 -3.5810e-02 -6.5622e-01 1.9808e-02 -2.6768e-02 2.8531e+00 -1.7680e-01 -1.0251e-01 3.0878e+00 -2.6644e-01 -9.7242e-01 -6.0939e-01 2.3976e+00 2.9703e-01 -8.8557e-02 -1.1273e-01 -3.7572e-01 3.4054e-01 3.8552e+00 -8.5322e-02 -6.7516e-02 -1.1489e-01 1.1106e+01 7.5028e-03 -1.9965e-02 2.7472e-02 -5.0498e-02 9.0709e-02 4.7782e-01 5.6455e-02 2.0256e-02
-4.5544e-01 -2.1141e+00 1.2085e-01 2.1416e-01 -2.1677e+00 3.2462e-01 -3.1605e-01 -1.7758e+00 -2.9137e-01 3.1900e+00 -6.6598e-01 -7.0592e-02 8.2130e-01 -1.9430e+00 -8.2292e-03 -5.0964e-01 -5.5613e+00 1.7185e-01 1.1207e+00 -1.9854e-01 -1.6747e-01 6.7512e-01 -3.0190e-01 -2.2013e+00 -1.0804e-01 -1.3220e-01 -4.1128e-01 6.5527e-01 7.2966e-01 -6.3883e-01 -1.3405e+00 5.7399e-01 2.6070e-01 -1.6480e-01 -2.5103e-01 -1.4637e-01 -4.6608e-02 -1.7843e-02 9.4564e-02 -6.0984e-02 -1.6828e-01 -2.3358e-02 4.6492e-01 7.5028e-03 2.0139e+01 3.0246e-02 -3.1537e-02 -1.6251e-01 -3.2577e+00 -1.1605e-01 6.3265e+00 -1.7842e+00
-1.7854e-01 1.2934e-01 1.1094e-01 -1.2325e-01 -4.8307e-01 -6.8533e-02 -2.7375e-01 -6.1386e-01 -1.0825e-03 -1.0126e-01 -1.2482e-01 5.1213e-02 -1.1256e-01 -2.3053e-01 -2.2010e-02 -6.9114e-02 -7.9826e-02 1.3456e-01 -1.5079e-02 -6.7903e-02 7.0570e-03 -3.1558e-02 1.6032e-02 -7.5424e-02 -3.3917e-02 -7.7348e-02 -6.9629e-02 -7.1421e-02 2.2290e-03 -6.0750e-02 1.3889e-01 -7.9776e-02 -1.1679e-01 2.7772e-01 -6.9209e-02 -4.6508e-02 -3.1199e-02 -1.0504e-01 -5.0358e-02 2.6216e-01 -1.6935e-02 2.3333e-03 -3.6925e-02 -1.9965e-02 3.0246e-02 4.6991e+00 4.4448e-02 -4.8601e-02 -2.3572e-01 -1.3058e-02 -1.3552e-01 -1.2070e-01
-5.6414e-01 -6.1775e-01 -1.8230e-01 5.4483e-02 -1.6333e-02 -9.1917e-02 -8.9196e-01 9.1137e-02 -9.7607e-01 -5.3129e-01 1.5967e-01 -1.5209e-02 -1.9926e-01 6.9245e-01 -3.4799e-02 -2.2483e-01 -4.1445e-02 -2.4843e-01 -1.5008e-01 -6.3883e-02 -1.6414e-01 -3.0973e-02 -7.6814e-02 -2.6985e-01 -2.6050e-02 -5.8229e-02 -9.9825e-02 -2.1338e-02 -4.8056e-02 -7.7114e-02 -2.6858e-01 -9.8505e-02 -1.2698e-01 -8.8932e-02 -3.2546e-02 -1.5379e-02 3.1897e-01 -1.6820e-01 4.5105e-02 2.1392e-01 -3.3954e-02 -5.5267e-02 -1.0338e-02 2.7472e-02 -3.1537e-02 4.4448e-02 5.6799e+00 -1.1905e-01 -1.0375e-01 -2.8916e-02 -7.2370e-02 1.1954e-01
-1.7477e-01 1.4061e+00 -8.0792e-02 -7.6671e-01 1.8097e-01 5.8913e-02 6.2305e-01 -5.4801e-01 1.7090e+00 5.3145e-02 -6.4633e-01 -1.1132e-01 -6.1743e-01 -1.7002e+00 -1.1003e-02 -2.5426e-01 -8.6687e-01 -1.6725e-01 -1.9947e-01 -1.1984e-01 -3.6904e-01 -1.5287e-01 -2.4274e-01 7.8491e-01 -2.5565e-02 5.6602e-03 2.6196e+00 2.7634e-02 -9.7034e-02 2.8994e+00 -8.2875e-01 1.4251e-01 1.3712e+00 4.8404e-01 -1.6734e-01 -1.0329e-01 -1.4072e-01 1.5784e+00 -6.9791e-02 -2.7279e-02 -6.7022e-02 -9.2542e-02 -4.8452e-02 -5.0498e-02 -1.6251e-01 -4.8601e-02 -1.1905e-01 1.2725e+01 -8.5324e-01 -6.0080e-02 -1.1150e+00 4.0498e-01
1.4566e+00 1.2458e+00 -2.6601e+00 -1.3898e+00 -6.0153e+00 2.1948e+00 2.2976e+00 -4.0521e+00 1.6378e+01 -7.7598e+00 -1.1554e+00 -7.7390e-01 -1.3286e+00 -1.3892e+01 -1.1896e-01 1.2497e-01 1.2633e+01 -1.6416e-01 -4.9294e-01 -1.8511e-01 1.5972e+00 -5.0674e-01 -5.7486e-01 -8.2586e+00 -1.6259e-01 -2.5548e-01 -1.1836e-01 -1.2039e+00 5.1041e-01 7.3741e-02 -5.8049e+00 9.6587e-01 -8.3793e-01 -5.9225e-02 4.0826e+00 -4.9887e-01 -8.1501e-01 4.9160e+00 -8.8449e-01 -6.3551e-02 -1.5040e-01 8.3820e-01 -4.2570e-01 9.0709e-02 -3.2577e+00 -2.3572e-01 -1.0375e-01 -8.5324e-01 6.8405e+01 -4.5658e-01 7.5197e+00 3.2114e+00
-8.8017e-01 -9.0604e-02 5.9326e-01 5.1538e-01 3.7967e-01 7.5840e-02 -7.1283e-01 -5.0635e-01 -1.1562e-01 -1.2186e-01 -2.5223e-01 3.2063e-03 -2.3471e-01 1.6958e-02 -7.6072e-02 -3.6808e-01 -1.2571e+00 1.2030e+00 1.9818e-01 -2.0319e-01 -1.9176e-01 1.6885e+00 3.4729e-02 -3.5196e-02 -4.7912e-02 -7.6591e-02 -2.6855e-01 4.6435e-01 1.6975e+00 -6.5180e-02 4.9030e-01 -2.8561e-01 1.2196e-01 -1.6484e-01 -1.3800e-02 -6.6309e-02 -8.7143e-02 1.5031e+00 -1.8931e-01 4.4566e-01 5.4623e-01 3.9951e-01 -6.6484e-02 4.7782e-01 -1.1605e-01 -1.3058e-02 -2.8916e-02 -6.0080e-02 -4.5658e-01 1.0305e+01 -6.2961e-01 6.3217e-02
-4.9360e-01 -6.9776e+00 -5.8549e+00 -7.0710e-01 -4.0540e-01 1.0212e+00 -4.6475e-02 1.3427e+00 -6.0976e+00 -1.5200e+01 3.0840e-01 -3.9314e-01 1.1031e+00 4.7965e+00 -2.3461e-01 2.8421e-01 2.3128e+01 -3.5489e-01 -2.1380e-01 -2.4081e-01 -1.3090e+00 -3.8910e-01 -9.9935e-01 6.6748e+00 -6.3153e-02 -6.6462e-02 -4.6045e-01 1.1087e+00 -4.8739e-01 -5.9714e-01 -4.7908e+00 5.8080e-01 4.7344e-01 -1.1556e-01 7.2975e-02 4.6317e-01 -1.2119e+00 -1.8417e-01 7.1741e-02 -3.2642e-02 -2.9852e-02 -4.6677e-01 -1.6678e-02 5.6455e-02 6.3265e+00 -1.3552e-01 -7.2370e-02 -1.1150e+00 7.5197e+00 -6.2961e-01 3.0316e+01 -1.7529e+00
1.9270e+00 1.1304e+00 5.3349e-02 -1.1292e-01 -1.3433e-01 -1.0808e+00 8.6777e-02 -2.5492e+00 9.5134e+00 1.2856e+00 -3.1057e-02 -3.0686e-02 -6.2098e-01 8.0361e+00 -7.1641e-02 -3.1683e-04 3.0653e-01 -1.0726e-01 1.4021e-02 -6.7090e-01 -1.2584e-01 -9.8135e-02 -1.7706e+00 1.5241e+00 -2.9846e-01 -9.3957e-01 1.0371e-01 -2.6947e-01 -5.1906e-02 -5.0523e-01 1.8558e+00 1.0107e-01 4.9668e-02 -2.4358e-02 -2.1336e-01 -5.9847e-01 -1.2936e-01 -4.5298e-01 3.5545e-03 -1.3548e-01 -2.4186e-02 -8.3591e-02 -1.9214e-01 2.0256e-02 -1.7842e+00 -1.2070e-01 1.1954e-01 4.0498e-01 3.2114e+00 6.3217e-02 -1.7529e+00 1.8192e+01
