3.8167e+01 2.7674e+01 2.3996e+01 -1.6313e+00 -2.8740e+01 -2.1603e-01 -1.8308e-01 -2.5451e+01 5.6084e-01 5.9958e-01 1.4279e-01 -1.8335e-01 2.9242e-01 1.1543e+00 -3.2453e+00 -4.9728e-01 4.3101e-01 2.7431e-01 -3.6425e-01 -9.7646e-01 2.5775e+01 -1.0386e+00 7.2329e-02 1.5563e+00 2.3272e+01 -1.0271e+00 -9.1517e-02 4.7819e-01 -1.2129e+00 2.3427e-02 -4.5635e-02 3.7682e+00 3.7417e+00 -6.0248e-02 -1.0143e+00 -5.7867e-01 2.7280e-01 -4.9827e-01 2.3752e-01 -7.5454e-01 -8.1155e-01 -5.5263e-02 9.3105e-03 -2.1150e+01 -2.9029e-01 5.1076e-02 5.4691e-02 -9.2214e-02 3.4815e+00 -4.3771e-02 1.1675e+01 -4.4876e+00
2.7674e+01 4.3983e+01 2.5334e+01 -2.0646e+00 -2.5496e+01 2.3658e-01 -1.1493e+00 -2.4431e+01 -2.0144e-01 8.7613e-01 3.4869e-01 1.8024e-01 -3.2055e+00 1.2396e+00 -2.8920e+00 5.4826e-01 4.2129e-01 2.6598e-01 2.8376e-01 -4.6696e-01 2.2553e+01 -1.0545e+00 4.1005e-01 1.8553e+00 2.2745e+01 -2.1762e+00 -1.6899e+00 5.0083e-01 -6.4235e-01 4.2496e-02 1.1277e-01 5.6282e+00 4.2933e+00 2.8523e-01 4.3045e-01 -2.6205e+00 1.9264e-01 -2.0800e+00 2.0554e-01 -3.0699e-01 -7.1783e-01 1.8356e-02 6.4352e-02 -2.0607e+01 -2.4957e+00 1.1712e-01 5.4152e-01 -4.9477e-02 2.2102e-01 -3.8719e-02 3.2196e+00 -1.2486e-02
2.3996e+01 2.5334e+01 4.1626e+01 -8.7523e-01 -2.1522e+01 9.8802e-01 -5.5454e-01 -2.1418e+01 1.3232e+00 9.9874e-01 1.4005e-01 3.0872e-01 -4.8131e+00 1.8111e+00 -4.3834e+00 8.3686e-01 7.3893e-01 2.7445e-01 5.1855e-01 -1.6893e-01 2.2580e+01 -5.6129e-01 8.0550e-01 2.4808e+00 1.9398e+01 -5.6961e-01 1.9228e+00 2.9089e-01 -9.0758e-01 -7.9352e-02 3.4753e-01 5.8294e+00 -3.3845e+00 2.4016e-01 3.5555e-01 1.0322e+00 1.5792e-01 9.2685e-01 1.3471e-01 -1.5510e-01 -5.5168e-01 -1.3321e-02 8.3917e-02 -1.7319e+01 -2.8501e-02 9.4321e-02 7.3714e-01 -7.5647e-01 -2.9870e-01 -1.6642e-02 2.7529e+00 -5.9207e-01
-1.6313e+00 -2.0646e+00 -8.7523e-01 3.2561e+01 4.5386e+00 -4.1199e-02 -2.2621e+00 5.5682e+00 7.7186e+00 1.5774e+01 -2.0415e+00 1.3860e+00 -3.6652e-02 -2.6508e+00 -1.1558e-01 -5.7852e-01 -6.1072e-01 -2.0872e-02 -2.1830e+00 -4.1058e-01 -5.6275e+00 -1.2674e+00 -2.3646e-01 2.2848e-01 -8.3328e+00 2.2498e+00 1.0794e+00 -1.0546e-01 -8.5604e-02 3.0091e-01 -9.0033e-04 -1.3057e+00 -1.0006e+00 -5.9805e-01 4.6600e-01 -2.0669e+00 9.4069e-01 -7.3242e+00 -5.3647e-03 -5.3601e-01 -6.7087e-01 -1.0499e-01 -5.4426e-01 1.6273e+00 1.5765e-01 -1.2911e-01 -3.6851e-01 -3.5492e-01 1.3537e-01 -2.3291e-02 6.0276e-01 -3.6719e-01
-2.8740e+01 -2.5496e+01 -2.1522e+01 4.5386e+00 7.8540e+01 -1.8056e-01 -2.8525e+00 5.2035e+01 1.1961e+01 -1.1080e+01 -1.3010e+00 4.7543e-01 6.0093e-01 -1.7581e+00 1.0779e+00 -5.8476e-01 -8.2812e-01 -4.9499e-01 -8.8432e-02 1.5643e-01 -4.6344e+01 -1.0222e+00 -5.7081e-01 -2.8304e+00 -3.8235e+01 1.6402e+00 -1.2253e+00 -1.9892e+00 1.4514e+00 6.9432e-01 3.4596e-01 -9.3712e+00 -3.7475e+00 6.6250e-02 -2.8896e-01 1.7193e+00 -4.3957e-01 -9.4994e+00 -5.8126e-01 -1.3752e+00 6.7164e-01 -2.4620e-02 -6.2487e-01 2.4534e+01 2.3082e-01 3.1973e-01 1.5906e-01 -1.0020e-01 -1.7248e+00 1.1798e-01 -4.9020e+00 1.5833e+01
-2.1603e-01 2.3658e-01 9.8802e-01 -4.1199e-02 -1.8056e-01 4.1324e+01 6.2774e-01 -1.7553e-02 7.0414e-01 -1.5659e-01 -9.3510e-01 -7.4682e+00 5.6992e+00 5.3891e-01 -3.3676e-01 4.6896e+00 1.0388e+00 -1.8733e-01 -2.0683e+00 -1.2679e+00 -4.5640e-01 4.0835e-02 8.9785e+00 -1.5517e+00 -9.0544e-02 -2.0019e+00 -1.1875e+01 -5.0745e+00 6.0184e+00 -5.0673e-01 9.5966e-01 3.1280e-01 -7.1486e-01 2.4637e+00 5.2342e+00 4.6336e-01 -2.0405e+00 -3.9443e+00 -1.2916e+00 -8.7631e-02 -2.5886e-01 -2.1833e-01 -3.0246e-01 3.7584e-01 7.4339e-02 2.9251e-01 1.5475e+00 -5.9117e-01 -6.4078e-01 -4.1275e-01 -2.1809e-01 -2.3693e-01
-1.8308e-01 -1.1493e+00 -5.5454e-01 -2.2621e+00 -2.8525e+00 6.2774e-01 4.5998e+01 -3.7404e+00 -5.8442e-01 4.3287e+00 -6.2158e+00 -2.3612e+00 1.8617e+00 -1.6585e+00 -1.0693e-01 1.1347e+00 3.7812e-01 -6.4402e-02 -1.0315e+01 -8.9142e+00 4.2894e+00 7.3784e-01 6.2518e-01 -8.7320e-01 -5.0343e+00 -5.0081e+00 1.2657e+01 -3.9852e-01 -4.5066e-01 -2.6240e-01 5.3459e-01 4.4422e+00 -9.8532e-01 7.2748e-02 2.3053e+00 -2.1012e+00 -3.0579e+00 -1.4248e-01 2.7845e-01 -3.0855e-01 -3.3972e-01 -1.2556e+00 7.1235e-01 2.7159e+00 1.3753e-01 -1.7932e-01 5.0341e-01 -1.4383e-01 4.3817e-02 1.0055e-02 1.8595e-02 -4.8892e-02
-2.5451e+01 -2.4431e+01 -2.1418e+01 5.5682e+00 5.2035e+01 -1.7553e-02 -3.7404e+00 6.9815e+01 1.2453e+01 -9.2478e+00 -1.1026e+00 1.1540e-01 3.0554e-01 -1.8717e+00 2.3661e+00 -2.7431e-01 -1.0471e+00 -7.7315e-01 -4.7912e-01 -2.1540e+00 -4.5471e+01 -5.2024e-01 -8.9181e-01 -1.2151e+00 -3.8867e+01 1.5191e+00 -4.4697e-01 -1.7252e+00 1.0055e+00 2.2036e-01 2.4317e-01 -8.6779e+00 -3.1929e+00 2.6943e-01 4.6131e-01 2.3475e+00 -1.1832e-01 -4.4797e+00 -6.0645e-01 -3.4628e-01 8.9201e-01 8.7456e-02 -5.2869e-01 2.8575e+01 3.1310e-01 4.2808e-01 1.2566e-01 -1.9628e-02 -9.9184e-01 -1.7550e-01 3.7017e+00 2.7582e+00
5.6084e-01 -2.0144e-01 1.3232e+00 7.7186e+00 1.1961e+01 7.0414e-01 -5.8442e-01 1.2453e+01 4.0428e+01 -1.6282e+00 -5.3866e+00 8.4786e-01 1.2222e+00 2.8572e-01 -4.1436e-01 9.2781e-01 -2.1047e-01 -1.3894e-01 -4.4135e+00 -5.0279e+00 -1.6740e+01 5.3888e-01 -3.3561e-01 -2.6980e-01 -1.8409e+01 2.0686e+00 1.2278e+00 -6.6166e-01 8.6608e-01 1.8159e-01 2.5858e-01 -2.1413e+00 6.9613e-01 7.6932e-01 1.4410e+00 -1.8155e+00 -3.3131e+00 -1.5805e+00 -2.8918e-01 2.3357e-01 6.4779e-01 1.6155e-01 -1.1956e+00 -4.0724e+00 1.0402e-01 -3.5360e-01 -4.2598e-02 1.1497e+00 1.9413e-01 1.6832e-02 -2.4402e-01 1.7533e-01
5.9958e-01 8.7613e-01 9.9874e-01 1.5774e+01 -1.1080e+01 -1.5659e-01 4.3287e+00 -9.2478e+00 -1.6282e+00 4.9872e+01 1.8926e+00 -4.0721e+00 -1.4034e+00 -3.9728e+00 -2.7174e-01 -2.7098e-01 -2.9131e-01 -1.3111e-01 -2.1985e+00 2.5053e-01 5.5387e+00 -1.8209e+00 6.6770e-01 -1.2401e+00 2.2190e+00 -1.1472e+00 2.1868e+00 -2.3563e-01 -1.8486e-01 2.2240e-01 -3.1374e-01 -2.8240e+00 1.0716e-01 -1.1633e+00 -2.0554e+00 -2.3670e+00 6.9863e-02 4.8721e-01 5.1645e-03 2.4193e+00 -1.7643e+00 -5.6250e-01 5.4893e-01 -2.0543e+00 1.9941e-01 -2.0739e-01 -9.6753e-02 -2.7481e+00 5.0464e-02 -8.2618e-02 -9.2623e-02 6.2418e-01
1.4279e-01 3.4869e-01 1.4005e-01 -2.0415e+00 -1.3010e+00 -9.3510e-01 -6.2158e+00 -1.1026e+00 -5.3866e+00 1.8926e+00 1.8647e+01 -2.0901e-01 -1.6476e+00 -4.0330e-01 -8.9334e-01 -1.2085e+00 -2.7518e-01 -1.7863e-01 5.5244e+00 5.3479e+00 6.1403e-01 -3.5027e-01 2.1472e-02 -8.6091e-01 5.9814e+00 -5.7859e-01 -1.4204e+00 -2.7582e-01 -1.1095e+00 -3.2301e-01 -3.5560e-01 -3.1664e+00 1.7252e+00 -6.4850e-01 -2.2117e+00 4.3440e+00 2.9219e+00 7.0994e+00 -1.4534e-01 -3.1661e-02 -2.3598e-01 -9.1304e-02 -2.3930e-01 -5.1319e-01 1.0611e+00 1.6933e-01 -4.5101e-01 -1.4315e-01 -1.9349e-01 -6.6687e-02 -5.6423e-03 4.2265e-02
-1.8335e-01 1.8024e-01 3.0872e-01 1.3860e+00 4.7543e-01 -7.4682e+00 -2.3612e+00 1.1540e-01 8.4786e-01 -4.0721e+00 -2.0901e-01 3.4269e+01 -8.2509e+00 3.4773e-01 -1.2299e+00 -5.1002e+00 -9.4746e-01 -1.2048e-02 -1.7747e+00 -1.0982e+00 -1.4819e+00 -1.8996e-01 -4.5961e+00 4.1255e-01 -2.2451e+00 1.1694e+00 1.7555e+01 -1.6906e+00 -4.2553e+00 -1.0370e+00 -5.2774e-01 9.5752e+00 -3.2449e+00 -1.5328e+00 -5.6317e+00 -5.1012e+00 -9.2038e-01 -1.5960e+00 -4.5622e-01 -2.3920e-01 8.5181e-02 6.5846e-01 -1.9505e-01 -6.7320e-02 -3.5505e-01 1.2299e-01 -7.6641e-01 -6.3439e-01 -4.0947e-01 -1.1016e-01 7.3218e-03 9.8465e-02
2.9242e-01 -3.2055e+00 -4.8131e+00 -3.6652e-02 6.0093e-01 5.6992e+00 1.8617e+00 3.0554e-01 1.2222e+00 -1.4034e+00 -1.6476e+00 -8.2509e+00 9.5801e+01 -4.1400e+00 -7.6053e+00 -2.2627e+01 6.0577e+00 4.3262e-01 -6.3097e-01 -3.8297e+00 3.5486e+00 2.2388e-01 3.8764e+01 5.5348e+00 -1.3329e+00 1.6852e+00 -7.0299e+00 -1.3587e+00 -1.7527e+01 -6.9391e+00 4.6184e+00 -3.9530e+01 -7.3942e+00 9.5011e-01 -2.7706e+01 -1.6755e+01 -1.1211e+00 -1.0817e+01 -1.2656e-01 -5.7359e-01 -7.2329e-01 -2.7982e-01 -4.4924e-01 3.8478e-01 2.3837e+00 -5.6225e-01 1.6792e-02 6.7235e+00 2.0684e+00 3.3264e-02 1.1465e+00 -3.8958e-02
1.1543e+00 1.2396e+00 1.8111e+00 -2.6508e+00 -1.7581e+00 5.3891e-01 -1.6585e+00 -1.8717e+00 2.8572e-01 -3.9728e+00 -4.0330e-01 3.4773e-01 -4.1400e+00 2.4009e+01 -1.5207e+00 -2.2320e+00 -9.7107e-01 -2.1157e-01 -8.3161e-01 -4.4244e-01 1.7469e+00 3.0632e-01 -4.0869e+00 -1.3918e+00 1.7894e+00 7.9023e-01 -1.4315e+00 -9.4231e-02 -3.9058e-01 -1.5769e+00 -2.8991e-01 -3.8534e+00 -1.0368e+00 -2.0414e+00 -2.3580e+00 -1.1357e+00 2.8481e-01 -5.2346e-01 -2.0217e-01 2.0616e-02 3.6470e-02 4.2577e-01 -2.8855e-01 -1.6236e+00 -2.5245e-01 -3.4840e-01 -1.9490e-01 2.9589e-01 -3.5004e-01 -2.6104e-02 -4.8296e-01 9.1459e-02
-3.2453e+00 -2.8920e+00 -4.3834e+00 -1.1558e-01 1.0779e+00 -3.3676e-01 -1.0693e-01 2.3661e+00 -4.1436e-01 -2.7174e-01 -8.9334e-01 -1.2299e+00 -7.6053e+00 -1.5207e+00 4.6210e+01 -4.0587e+00 -1.7958e+00 -3.9805e-01 7.3537e+00 -1.3748e+00 8.5908e+00 -3.5315e-01 -5.2184e+00 9.9123e+00 -4.8957e+00 -1.0855e+00 -1.7138e+00 8.3789e-01 -3.3058e+00 -8.7502e-01 -1.1086e+00 4.8887e+00 5.7845e+00 -4.2279e-01 3.5577e+00 1.4746e+01 -5.1833e-01 8.3590e+00 -4.3711e-01 6.3548e-02 2.1051e-02 -1.6139e-01 -1.5822e-01 2.5794e+00 -4.8868e-01 5.5391e-01 -1.0462e+00 -2.2061e-01 -7.0045e-01 -1.1618e-01 -1.4101e-01 -1.1445e+00
-4.9728e-01 5.4826e-01 8.3686e-01 -5.7852e-01 -5.8476e-01 4.6896e+00 1.1347e+00 -2.7431e-01 9.2781e-01 -2.7098e-01 -1.2085e+00 -5.1002e+00 -2.2627e+01 -2.2320e+00 -4.0587e+00 6.1626e+01 -2.1093e+00 2.5116e-01 -2.3760e+00 2.3376e+00 -7.8373e-01 -9.0590e-02 -1.3124e+01 -2.6839e+00 -2.4471e+00 6.6302e-01 3.8596e-02 -3.1837e+00 4.0728e+01 1.4517e+01 -3.4427e+00 3.0934e+01 -7.1227e+00 8.1996e+00 3.4683e+01 -1.2464e+01 1.3342e-01 -6.7670e+00 -9.2441e-01 1.1915e-01 2.6683e-01 7.9345e-02 2.9672e-01 -2.6530e-02 -2.5625e-01 5.5434e-01 -8.7127e-01 -6.1438e-01 -9.7820e-01 1.5358e-01 -6.8605e-01 2.0680e-01
4.3101e-01 4.2129e-01 7.3893e-01 -6.1072e-01 -8.2812e-01 1.0388e+00 3.7812e-01 -1.0471e+00 -2.1047e-01 -2.9131e-01 -2.7518e-01 -9.4746e-01 6.0577e+00 -9.7107e-01 -1.7958e+00 -2.1093e+00 2.3307e+01 -7.6292e-02 -7.4610e-01 5.6037e-01 3.6035e-01 -1.1433e-01 7.6371e+00 -1.7086e+00 -2.0401e-01 -1.0837e-01 4.4874e-01 -3.2212e-01 -3.3639e+00 -2.4929e+00 -1.5703e+00 -1.2626e+00 -1.3595e+00 -2.5530e+00 -4.8199e+00 -2.9939e+00 3.5779e-01 -1.7955e+00 1.1844e-01 -9.2186e-02 -2.0693e-02 -5.5169e-02 -2.6618e-01 -7.6949e-01 -2.7617e-02 -3.6817e-01 2.5439e+00 -2.0791e-01 -5.2308e-02 -5.0582e-02 -1.9876e-01 7.3850e-02
2.7431e-01 2.6598e-01 2.7445e-01 -2.0872e-02 -4.9499e-01 -1.8733e-01 -6.4402e-02 -7.7315e-01 -1.3894e-01 -1.3111e-01 -1.7863e-01 -1.2048e-02 4.3262e-01 -2.1157e-01 -3.9805e-01 2.5116e-01 -7.6292e-02 7.8308e+00 -1.8753e-01 -3.5759e-02 2.2593e-01 -8.9772e-02 -2.5227e-01 1.2482e-02 3.5805e-01 7.9099e-02 6.0008e-01 -3.1605e-02 1.4023e-01 6.0292e-01 -1.4175e-02 -1.5525e-01 -4.0836e-01 -2.9495e-01 -2.7667e-02 -6.6355e-02 -9.2589e-02 9.8749e-02 -4.7621e-02 -4.2171e-02 -5.5692e-02 -2.6583e-02 -5.7047e-02 -4.1703e-01 4.3542e-02 -7.4323e-02 -4.7749e-02 -1.9495e-01 -1.0274e-01 -1.3837e-02 1.1045e-01 3.7903e-03
-3.6425e-01 2.8376e-01 5.1855e-01 -2.1830e+00 -8.8432e-02 -2.0683e+00 -1.0315e+01 -4.7912e-01 -4.4135e+00 -2.1985e+00 5.5244e+00 -1.7747e+00 -6.3097e-01 -8.3161e-01 7.3537e+00 -2.3760e+00 -7.4610e-01 -1.8753e-01 4.2763e+01 9.7602e+00 4.9890e+00 -6.3046e-01 2.9764e-02 -8.6975e-01 9.6196e+00 1.1586e-02 9.6674e-01 1.2337e+00 -3.5468e-01 5.1240e-01 2.5332e-01 -4.3933e+00 -2.8373e+00 2.1676e+00 -2.8325e+00 8.7520e+00 2.8100e+00 1.2740e+01 -4.0114e-01 -1.3019e-01 -2.9967e-02 -6.0494e-01 -3.5433e-01 -3.3151e-01 -3.3120e-01 1.3187e+00 -1.0936e-01 -8.1835e-01 -1.1190e-01 -1.1203e-01 -1.3564e-01 1.7724e-01
-9.7646e-01 -4.6696e-01 -1.6893e-01 -4.1058e-01 1.5643e-01 -1.2679e+00 -8.9142e+00 -2.1540e+00 -5.0279e+00 2.5053e-01 5.3479e+00 -1.0982e+00 -3.8297e+00 -4.4244e-01 -1.3748e+00 2.3376e+00 5.6037e-01 -3.5759e-02 9.7602e+00 2.7159e+01 -1.8240e+00 -4.1842e-01 -1.5274e+00 -1.0633e+00 9.9819e+00 -9.0050e-01 -3.3808e-01 -6.2081e-01 -2.7688e-01 3.7667e-01 6.4166e-02 -2.9485e+00 -1.6197e+00 7.7666e-01 -2.3650e+00 9.3217e+00 6.1694e+00 8.7674e+00 -1.6618e-01 3.5593e-01 -2.2725e-01 -1.9254e-01 -1.3706e-01 -8.1566e-01 -2.2116e-01 -1.4213e-01 -7.6575e-01 -6.1732e-01 -4.0238e-01 -2.8025e-02 -1.6088e+00 -5.5685e-01
2.5775e+01 2.2553e+01 2.2580e+01 -5.6275e+00 -4.6344e+01 -4.5640e-01 4.2894e+00 -4.5471e+01 -1.6740e+01 5.5387e+00 6.1403e-01 -1.4819e+00 3.5486e+00 1.7469e+00 8.5908e+00 -7.8373e-01 3.6035e-01 2.2593e-01 4.9890e+00 -1.8240e+00 8.6640e+01 1.7597e+00 2.6655e+00 1.5716e+00 4.6451e+01 -2.2022e+00 5.3044e+00 1.7720e+00 -2.8657e-01 5.5717e-01 -5.6281e-01 4.7777e+00 5.7789e+00 1.1089e+00 -2.8295e+00 6.4258e+00 -3.2263e-01 9.3604e+00 2.5863e-01 -9.5501e-01 -8.6974e-01 1.6556e-01 4.5768e-01 -2.3482e+01 2.3819e+00 -7.7023e-01 -6.3749e-01 -8.0845e-02 -5.7636e-01 -9.9289e-02 2.4522e+00 5.1284e+00
-1.0386e+00 -1.0545e+00 -5.6129e-01 -1.2674e+00 -1.0222e+00 4.0835e-02 7.3784e-01 -5.2024e-01 5.3888e-01 -1.8209e+00 -3.5027e-01 -1.8996e-01 2.2388e-01 3.0632e-01 -3.5315e-01 -9.0590e-02 -1.1433e-01 -8.9772e-02 -6.3046e-01 -4.1842e-01 1.7597e+00 1.5882e+01 1.2353e+00 2.4309e-01 1.4570e+00 -4.4143e-01 2.6000e-01 -2.1135e-03 4.5312e-01 -5.9975e-01 6.0422e-01 -3.9556e-01 -4.3234e-01 1.4200e-01 -5.6075e-01 -1.2285e+00 -7.5072e-02 7.3967e-01 2.0480e-02 -1.8726e-01 3.3561e-01 4.0585e-01 -2.1011e-01 5.6456e-01 -1.1229e-01 -2.1916e-01 5.3145e-01 1.0847e+00 -1.7914e-01 4.9856e-02 -5.7526e-02 9.3333e-02
7.2329e-02 4.1005e-01 8.0550e-01 -2.3646e-01 -5.7081e-01 8.9785e+00 6.2518e-01 -8.9181e-01 -3.3561e-01 6.6770e-01 2.1472e-02 -4.5961e+00 3.8764e+01 -4.0869e+00 -5.2184e+00 -1.3124e+01 7.6371e+00 -2.5227e-01 2.9764e-02 -1.5274e+00 2.6655e+00 1.2353e+00 5.9389e+01 -3.7285e+00 -3.6597e+00 -1.1511e+00 -6.9464e+00 -3.1317e+00 -1.5842e+01 -8.1537e+00 7.5485e+00 -2.9685e+01 -4.9701e+00 1.9418e+00 -2.3019e+01 -1.1867e+01 -6.8637e-01 -7.0750e+00 1.6891e-01 -4.3274e-01 -2.7285e-01 -1.3371e-01 -1.0144e+00 -4.8534e-01 8.7596e-01 -1.3524e+00 -2.2140e-01 -3.0299e-01 4.6051e+00 -2.0819e-01 2.2240e-01 1.7875e-01
1.5563e+00 1.8553e+00 2.4808e+00 2.2848e-01 -2.8304e+00 -1.5517e+00 -8.7320e-01 -1.2151e+00 -2.6980e-01 -1.2401e+00 -8.6091e-01 4.1255e-01 5.5348e+00 -1.3918e+00 9.9123e+00 -2.6839e+00 -1.7086e+00 1.2482e-02 -8.6975e-01 -1.0633e+00 1.5716e+00 2.4309e-01 -3.7285e+00 4.4731e+01 -3.4593e+00 -8.7341e-01 6.1844e-01 -5.3232e-01 -3.3414e+00 8.8201e-01 -1.5812e+00 1.8548e+00 -3.4462e+00 -2.5751e+00 6.3361e+00 3.3284e+00 -9.4032e-01 -3.4995e+00 -5.0517e-01 -2.3573e-01 -1.1011e-01 1.8605e-02 -2.7962e-01 7.8550e-01 -5.8841e-01 7.9370e-01 -9.8772e-01 1.5319e+00 -4.9803e-01 -2.0231e-02 -1.1650e-02 -5.0303e-01
2.3272e+01 2.2745e+01 1.9398e+01 -8.3328e+00 -3.8235e+01 -9.0544e-02 -5.0343e+00 -3.8867e+01 -1.8409e+01 2.2190e+00 5.9814e+00 -2.2451e+00 -1.3329e+00 1.7894e+00 -4.8957e+00 -2.4471e+00 -2.0401e-01 3.5805e-01 9.6196e+00 9.9819e+00 4.6451e+01 1.4570e+00 -3.6597e+00 -3.4593e+00 8.2075e+01 -3.4225e+00 -4.4993e+00 8.2098e-01 -1.8550e+00 1.1334e+00 -1.0050e+00 2.3956e+00 7.6628e+00 -1.9507e+00 -4.4881e+00 2.0081e+01 4.7119e+00 1.9665e+01 1.3169e-01 -6.5654e-01 1.1230e-01 7.7746e-02 4.4174e-02 -2.4323e+01 -4.4999e-01 -6.8277e-01 -4.7490e-01 -3.1620e-01 -2.4665e-01 -2.8222e-01 2.1247e+00 1.2613e+00
-1.0271e+00 -2.1762e+00 -5.6961e-01 2.2498e+00 1.6402e+00 -2.0019e+00 -5.0081e+00 1.5191e+00 2.0686e+00 -1.1472e+00 -5.7859e-01 1.1694e+00 1.6852e+00 7.9023e-01 -1.0855e+00 6.6302e-01 -1.0837e-01 7.9099e-02 1.1586e-02 -9.0050e-01 -2.2022e+00 -4.4143e-01 -1.1511e+00 -8.7341e-01 -3.4225e+00 3.4681e+01 -3.9502e+00 2.6705e+00 -1.2204e+00 -6.4708e-01 -4.5541e-01 -2.0383e+00 -1.9372e+00 1.1569e+00 2.0754e+00 -3.1323e+00 -3.8502e-01 -2.9232e+00 1.6356e-01 2.2372e-01 3.6424e-01 9.0984e-02 5.3512e-01 3.7644e-02 1.2390e-01 1.4377e-01 -4.5351e-01 2.8428e+00 -2.1249e-01 -6.6079e-02 -5.2785e-01 -3.9989e-02
-9.1517e-02 -1.6899e+00 1.9228e+00 1.0794e+00 -1.2253e+00 -1.1875e+01 1.2657e+01 -4.4697e-01 1.2278e+00 2.1868e+00 -1.4204e+00 1.7555e+01 -7.0299e+00 -1.4315e+00 -1.7138e+00 3.8596e-02 4.4874e-01 6.0008e-01 9.6674e-01 -3.3808e-01 5.3044e+00 2.6000e-01 -6.9464e+00 6.1844e-01 -4.4993e+00 -3.9502e+00 1.0122e+02 -3.9166e+00 1.2615e-01 5.3232e+00 2.3440e+00 2.3468e+01 -1.0127e+01 7.9947e-01 -9.9295e+00 1.6876e+01 2.8424e+00 2.0476e+01 -9.5286e-01 6.7768e-01 -8.6820e-01 -7.7996e-01 1.3558e+00 2.2557e+00 2.1119e+00 5.3166e-01 5.5950e-01 -2.9706e+00 -7.9668e-01 -1.2374e-01 -1.9704e-02 -1.6253e+00
4.7819e-01 5.0083e-01 2.9089e-01 -1.0546e-01 -1.9892e+00 -5.0745e+00 -3.9852e-01 -1.7252e+00 -6.6166e-01 -2.3563e-01 -2.7582e-01 -1.6906e+00 -1.3587e+00 -9.4231e-02 8.3789e-01 -3.1837e+00 -3.2212e-01 -3.1605e-02 1.2337e+00 -6.2081e-01 1.7720e+00 -2.1135e-03 -3.1317e+00 -5.3232e-01 8.2098e-01 2.6705e+00 -3.9166e+00 2.3207e+01 -2.5865e+00 -1.0238e+00 -3.2783e-01 -3.4687e+00 9.3086e+00 -6.8860e-01 -2.8609e+00 7.1485e+00 2.6361e-02 8.9711e+00 -4.8142e-01 1.6729e-01 7.5647e-02 -2.6470e-02 5.7139e-01 -1.5217e-01 -1.0060e-01 -5.5332e-02 1.1804e-02 1.9783e+00 6.6945e-03 -7.7636e-02 1.1890e-01 -4.5309e-02
-1.2129e+00 -6.4235e-01 -9.0758e-01 -8.5604e-02 1.4514e+00 6.0184e+00 -4.5066e-01 1.0055e+00 8.6608e-01 -1.8486e-01 -1.1095e+00 -4.2553e+00 -1.7527e+01 -3.9058e-01 -3.3058e+00 4.0728e+01 -3.3639e+00 1.4023e-01 -3.5468e-01 -2.7688e-01 -2.8657e-01 4.5312e-01 -1.5842e+01 -3.3414e+00 -1.8550e+00 -1.2204e+00 1.2615e-01 -2.5865e+00 5.7768e+01 1.4023e+01 -3.6715e+00 3.2636e+01 -5.4164e+00 7.5235e+00 3.5660e+01 -1.0971e+01 -1.8019e+00 -6.3749e+00 -8.7387e-01 4.6609e-01 -1.4352e-01 4.9995e-01 1.4779e+00 2.1792e+00 -2.0792e-01 2.0786e+00 -9.3878e-01 7.2407e-02 -7.8941e-01 1.4827e-01 -2.5896e-01 1.8696e-01
2.3427e-02 4.2496e-02 -7.9352e-02 3.0091e-01 6.9432e-01 -5.0673e-01 -2.6240e-01 2.2036e-01 1.8159e-01 2.2240e-01 -3.2301e-01 -1.0370e+00 -6.9391e+00 -1.5769e+00 -8.7502e-01 1.4517e+01 -2.4929e+00 6.0292e-01 5.1240e-01 3.7667e-01 5.5717e-01 -5.9975e-01 -8.1537e+00 8.8201e-01 1.1334e+00 -6.4708e-01 5.3232e+00 -1.0238e+00 1.4023e+01 3.0940e+01 -2.1180e+00 9.6646e+00 -2.2876e+00 -8.3903e-01 1.0758e+01 -1.1589e+00 -3.5317e-01 -2.2462e+00 -4.2687e-01 -2.4678e-01 -8.8188e-02 -1.4790e-01 1.5243e+00 6.3332e-01 -2.0427e-01 8.6220e-01 -6.2433e-01 -6.1620e-01 -4.6639e-01 -9.2093e-02 1.0286e-01 3.8004e-01
-4.5635e-02 1.1277e-01 3.4753e-01 -9.0033e-04 3.4596e-01 9.5966e-01 5.3459e-01 2.4317e-01 2.5858e-01 -3.1374e-01 -3.5560e-01 -5.2774e-01 4.6184e+00 -2.8991e-01 -1.1086e+00 -3.4427e+00 -1.5703e+00 -1.4175e-02 2.5332e-01 6.4166e-02 -5.6281e-01 6.0422e-01 7.5485e+00 -1.5812e+00 -1.0050e+00 -4.5541e-01 2.3440e+00 -3.2783e-01 -3.6715e+00 -2.1180e+00 2.3236e+01 -9.3666e-01 -1.5151e+00 1.0976e+01 -4.9638e+00 -4.3651e+00 -1.0814e-02 -2.8939e+00 9.0409e-01 -2.9220e-02 -9.7664e-02 -8.1848e-02 -2.8493e-01 7.2044e-01 -2.0497e-01 -3.8101e-01 -1.5629e-01 1.4987e+00 -4.8463e-01 -1.0465e-01 6.9214e-02 3.0836e-01
3.7682e+00 5.6282e+00 5.8294e+00 -1.3057e+00 -9.3712e+00 3.1280e-01 4.4422e+00 -8.6779e+00 -2.1413e+00 -2.8240e+00 -3.1664e+00 9.5752e+00 -3.9530e+01 -3.8534e+00 4.8887e+00 3.0934e+01 -1.2626e+00 -1.5525e-01 -4.3933e+00 -2.9485e+00 4.7777e+00 -3.9556e-01 -2.9685e+01 1.8548e+00 2.3956e+00 -2.0383e+00 2.3468e+01 -3.4687e+00 3.2636e+01 9.6646e+00 -9.3666e-01 1.1911e+02 -1.1034e+01 2.6387e+00 5.6385e+01 -7.7196e+00 -4.3693e+00 -2.1955e+01 1.5837e+00 1.1141e-01 -9.5545e-01 1.0017e-01 8.3561e-01 -3.2253e+00 -6.4657e-01 1.9094e+00 4.9966e-01 -3.4833e+00 -1.8140e+00 1.1964e-01 -1.9400e-02 -2.6069e-01
3.7417e+00 4.2933e+00 -3.3845e+00 -1.0006e+00 -3.7475e+00 -7.1486e-01 -9.8532e-01 -3.1929e+00 6.9613e-01 1.0716e-01 1.7252e+00 -3.2449e+00 -7.3942e+00 -1.0368e+00 5.7845e+00 -7.1227e+00 -1.3595e+00 -4.0836e-01 -2.8373e+00 -1.6197e+00 5.7789e+00 -4.3234e-01 -4.9701e+00 -3.4462e+00 7.6628e+00 -1.9372e+00 -1.0127e+01 9.3086e+00 -5.4164e+00 -2.2876e+00 -1.5151e+00 -1.1034e+01 6.1091e+01 -2.1896e+00 -1.1682e+01 2.6555e+01 -1.8441e+00 2.8063e+01 -9.2417e-01 6.7404e-01 -3.2207e-01 -2.5855e-01 -4.3429e-01 -2.9034e+00 -8.9968e-02 -2.2775e-01 -1.5734e+00 -2.2587e+00 -4.6524e-01 -2.5726e-01 7.0612e-01 -3.7244e-01
-6.0248e-02 2.8523e-01 2.4016e-01 -5.9805e-01 6.6250e-02 2.4637e+00 7.2748e-02 2.6943e-01 7.6932e-01 -1.1633e+00 -6.4850e-01 -1.5328e+00 9.5011e-01 -2.0414e+00 -4.2279e-01 8.1996e+00 -2.5530e+00 -2.9495e-01 2.1676e+00 7.7666e-01 1.1089e+00 1.4200e-01 1.9418e+00 -2.5751e+00 -1.9507e+00 1.1569e+00 7.9947e-01 -6.8860e-01 7.5235e+00 -8.3903e-01 1.0976e+01 2.6387e+00 -2.1896e+00 3.3708e+01 5.0476e+00 -6.2067e+00 -5.4576e-01 -3.0792e+00 7.3122e-01 1.2854e-01 3.6470e-01 -1.4591e-01 1.2693e+00 4.7010e-01 -4.0489e-01 -7.9238e-01 1.4806e+00 2.0241e+00 -6.1069e-01 -1.0375e-01 8.4934e-02 1.5153e-02
-1.0143e+00 4.3045e-01 3.5555e-01 4.6600e-01 -2.8896e-01 5.2342e+00 2.3053e+00 4.6131e-01 1.4410e+00 -2.0554e+00 -2.2117e+00 -5.6317e+00 -2.7706e+01 -2.3580e+00 3.5577e+00 3.4683e+01 -4.8199e+00 -2.7667e-02 -2.8325e+00 -2.3650e+00 -2.8295e+00 -5.6075e-01 -2.3019e+01 6.3361e+00 -4.4881e+00 2.0754e+00 -9.9295e+00 -2.8609e+00 3.5660e+01 1.0758e+01 -4.9638e+00 5.6385e+01 -1.1682e+01 5.0476e+00 9.0846e+01 -4.6791e+00 -2.7933e+00 -1.7324e+01 1.9917e+00 7.3216e-02 1.7848e+00 3.7926e-01 9.5857e-01 2.5522e+00 -7.6903e-01 1.6805e+00 -1.4630e+00 -2.6574e+00 -9.6509e-02 7.4194e-02 -4.8684e-02 -4.4405e-01
-5.7867e-01 -2.6205e+00 1.0322e+00 -2.0669e+00 1.7193e+00 4.6336e-01 -2.1012e+00 2.3475e+00 -1.8155e+00 -2.3670e+00 4.3440e+00 -5.1012e+00 -1.6755e+01 -1.1357e+00 1.4746e+01 -1.2464e+01 -2.9939e+00 -6.6355e-02 8.7520e+00 9.3217e+00 6.4258e+00 -1.2285e+00 -1.1867e+01 3.3284e+00 2.0081e+01 -3.1323e+00 1.6876e+01 7.1485e+00 -1.0971e+01 -1.1589e+00 -4.3651e+00 -7.7196e+00 2.6555e+01 -6.2067e+00 -4.6791e+00 1.1056e+02 7.5281e+00 7.1169e+01 -1.9362e+00 6.0474e-01 4.0090e-01 -1.6280e+00 -8.2037e-01 -2.6219e+00 1.5723e+00 1.3717e+00 -4.3831e+00 -3.7239e+00 -1.0358e+00 -4.4025e-01 -1.7187e+00 -2.4975e-01
2.7280e-01 1.9264e-01 1.5792e-01 9.4069e-01 -4.3957e-01 -2.0405e+00 -3.0579e+00 -1.1832e-01 -3.3131e+00 6.9863e-02 2.9219e+00 -9.2038e-01 -1.1211e+00 2.8481e-01 -5.1833e-01 1.3342e-01 3.5779e-01 -9.2589e-02 2.8100e+00 6.1694e+00 -3.2263e-01 -7.5072e-02 -6.8637e-01 -9.4032e-01 4.7119e+00 -3.8502e-01 2.8424e+00 2.6361e-02 -1.8019e+00 -3.5317e-01 -1.0814e-02 -4.3693e+00 -1.8441e+00 -5.4576e-01 -2.7933e+00 7.5281e+00 1.5962e+01 8.3966e+00 -1.7491e-01 -1.0621e-01 -1.0245e-01 -7.0886e-02 3.6042e-02 6.7524e-02 -2.6932e-01 1.2283e-01 -3.8064e-01 -7.9418e-01 2.5370e-01 -4.3182e-02 3.5770e-01 -3.3001e-01
-4.9827e-01 -2.0800e+00 9.2685e-01 -7.3242e+00 -9.4994e+00 -3.9443e+00 -1.4248e-01 -4.4797e+00 -1.5805e+00 4.8721e-01 7.0994e+00 -1.5960e+00 -1.0817e+01 -5.2346e-01 8.3590e+00 -6.7670e+00 -1.7955e+00 9.8749e-02 1.2740e+01 8.7674e+00 9.3604e+00 7.3967e-01 -7.0750e+00 -3.4995e+00 1.9665e+01 -2.9232e+00 2.0476e+01 8.9711e+00 -6.3749e+00 -2.2462e+00 -2.8939e+00 -2.1955e+01 2.8063e+01 -3.0792e+00 -1.7324e+01 7.1169e+01 8.3966e+00 1.2192e+02 -1.7319e+00 4.2790e+00 7.5313e-01 -1.1737e+00 -7.5281e-01 -4.4884e+00 1.8755e+00 -1.0386e+00 -4.1729e+00 -9.0097e-01 -9.9989e-01 -3.5559e-01 -2.2429e+00 3.2211e+00
2.3752e-01 2.0554e-01 1.3471e-01 -5.3647e-03 -5.8126e-01 -1.2916e+00 2.7845e-01 -6.0645e-01 -2.8918e-01 5.1645e-03 -1.4534e-01 -4.5622e-01 -1.2656e-01 -2.0217e-01 -4.3711e-01 -9.2441e-01 1.1844e-01 -4.7621e-02 -4.0114e-01 -1.6618e-01 2.5863e-01 2.0480e-02 1.6891e-01 -5.0517e-01 1.3169e-01 1.6356e-01 -9.5286e-01 -4.8142e-01 -8.7387e-01 -4.2687e-01 9.0409e-01 1.5837e+00 -9.2417e-01 7.3122e-01 1.9917e+00 -1.9362e+00 -1.7491e-01 -1.7319e+00 1.0929e+01 -5.0828e-02 -6.5531e-02 1.5121e+00 -1.1417e-02 -3.3256e-01 -5.1902e-02 -8.2330e-02 3.6420e-01 3.5723e-03 -5.0704e-02 2.3626e-01 5.5106e-02 9.4222e-03
-7.5454e-01 -3.0699e-01 -1.5510e-01 -5.3601e-01 -1.3752e+00 -8.7631e-02 -3.0855e-01 -3.4628e-01 2.3357e-01 2.4193e+00 -3.1661e-02 -2.3920e-01 -5.7359e-01 2.0616e-02 6.3548e-02 1.1915e-01 -9.2186e-02 -4.2171e-02 -1.3019e-01 3.5593e-01 -9.5501e-01 -1.8726e-01 -4.3274e-01 -2.3573e-01 -6.5654e-01 2.2372e-01 6.7768e-01 1.6729e-01 4.6609e-01 -2.4678e-01 -2.9220e-02 1.1141e-01 6.7404e-01 1.2854e-01 7.3216e-02 6.0474e-01 -1.0621e-01 4.2790e+00 -5.0828e-02 1.1372e+01 -3.1565e-02 -1.5355e-01 -4.7703e-03 7.1842e-01 -1.6457e-02 -7.2190e-02 -2.2525e-01 1.9304e-01 -1.3803e-01 9.6108e-03 -4.1663e-02 4.7602e-01
-8.1155e-01 -7.1783e-01 -5.5168e-01 -6.7087e-01 6.7164e-01 -2.5886e-01 -3.3972e-01 8.9201e-01 6.4779e-01 -1.7643e+00 -2.3598e-01 8.5181e-02 -7.2329e-01 3.6470e-02 2.1051e-02 2.6683e-01 -2.0693e-02 -5.5692e-02 -2.9967e-02 -2.2725e-01 -8.6974e-01 3.3561e-01 -2.7285e-01 -1.1011e-01 1.1230e-01 3.6424e-01 -8.6820e-01 7.5647e-02 -1.4352e-01 -8.8188e-02 -9.7664e-02 -9.5545e-01 -3.2207e-01 3.6470e-01 1.7848e+00 4.0090e-01 -1.0245e-01 7.5313e-01 -6.5531e-02 -3.1565e-02 1.1568e+01 -2.9047e-02 -2.1665e-02 1.1209e+00 -1.0552e-01 -6.7637e-02 -2.4294e-01 3.3981e-01 -1.3960e-01 -3.0685e-02 5.1925e-01 1.1488e-01
-5.5263e-02 1.8356e-02 -1.3321e-02 -1.0499e-01 -2.4620e-02 -2.1833e-01 -1.2556e+00 8.7456e-02 1.6155e-01 -5.6250e-01 -9.1304e-02 6.5846e-01 -2.7982e-01 4.2577e-01 -1.6139e-01 7.9345e-02 -5.5169e-02 -2.6583e-02 -6.0494e-01 -1.9254e-01 1.6556e-01 4.0585e-01 -1.3371e-01 1.8605e-02 7.7746e-02 9.0984e-02 -7.7996e-01 -2.6470e-02 4.9995e-01 -1.4790e-01 -8.1848e-02 1.0017e-01 -2.5855e-01 -1.4591e-01 3.7926e-01 -1.6280e+00 -7.0886e-02 -1.1737e+00 1.5121e+00 -1.5355e-01 -2.9047e-02 8.6218e+00 6.2670e-02 2.0986e-01 -6.8732e-02 -6.1470e-02 -2.0594e-01 4.6959e-01 -3.7472e-02 1.6014e-01 -2.1962e-02 1.2949e-02
9.3105e-03 6.4352e-02 8.3917e-02 -5.4426e-01 -6.2487e-01 -3.0246e-01 7.1235e-01 -5.2869e-01 -1.1956e+00 5.4893e-01 -2.3930e-01 -1.9505e-01 -4.4924e-01 -2.8855e-01 -1.5822e-01 2.9672e-01 -2.6618e-01 -5.7047e-02 -3.5433e-01 -1.3706e-01 4.5768e-01 -2.1011e-01 -1.0144e+00 -2.7962e-01 4.4174e-02 5.3512e-01 1.3558e+00 5.7139e-01 1.4779e+00 1.5243e+00 -2.8493e-01 8.3561e-01 -4.3429e-01 1.2693e+00 9.5857e-01 -8.2037e-01 3.6042e-02 -7.5281e-01 -1.1417e-02 -4.7703e-03 -2.1665e-02 6.2670e-02 9.1841e+00 1.3531e+00 -5.1349e-02 -1.2223e-01 -5.6802e-02 5.9420e-01 -1.2315e-01 -3.1700e-03 -2.0936e-02 -2.9757e-03
-2.1150e+01 -2.0607e+01 -1.7319e+01 1.6273e+00 2.4534e+01 3.7584e-01 2.7159e+00 2.8575e+01 -4.0724e+00 -2.0543e+00 -5.1319e-01 -6.7320e-02 3.8478e-01 -1.6236e+00 2.5794e+00 -2.6530e-02 -7.6949e-01 -4.1703e-01 -3.3151e-01 -8.1566e-01 -2.3482e+01 5.6456e-01 -4.8534e-01 7.8550e-01 -2.4323e+01 3.7644e-02 2.2557e+00 -1.5217e-01 2.1792e+00 6.3332e-01 7.2044e-01 -3.2253e+00 -2.9034e+00 4.7010e-01 2.5522e+00 -2.6219e+00 6.7524e-02 -4.4884e+00 -3.3256e-01 7.1842e-01 1.1209e+00 2.0986e-01 1.3531e+00 5.5328e+01 1.7674e-01 1.3898e+00 -2.1925e-01 -1.4486e-01 -4.9736e-01 -1.6233e-01 1.3895e+01 3.5091e-01
-2.9029e-01 -2.4957e+00 -2.8501e-02 1.5765e-01 2.3082e-01 7.4339e-02 1.3753e-01 3.1310e-01 1.0402e-01 1.9941e-01 1.0611e+00 -3.5505e-01 2.3837e+00 -2.5245e-01 -4.8868e-01 -2.5625e-01 -2.7617e-02 4.3542e-02 -3.3120e-01 -2.2116e-01 2.3819e+00 -1.1229e-01 8.7596e-01 -5.8841e-01 -4.4999e-01 1.2390e-01 2.1119e+00 -1.0060e-01 -2.0792e-01 -2.0427e-01 -2.0497e-01 -6.4657e-01 -8.9968e-02 -4.0489e-01 -7.6903e-01 1.5723e+00 -2.6932e-01 1.8755e+00 -5.1902e-02 -1.6457e-02 -1.0552e-01 -6.8732e-02 -5.1349e-02 1.7674e-01 9.9204e+00 -1.0690e-01 -8.8092e-02 -3.0284e-01 -1.4695e-01 1.0472e-01 2.9174e-02 1.0834e-02
5.1076e-02 1.1712e-01 9.4321e-02 -1.2911e-01 3.1973e-01 2.9251e-01 -1.7932e-01 4.2808e-01 -3.5360e-01 -2.0739e-01 1.6933e-01 1.2299e-01 -5.6225e-01 -3.4840e-01 5.5391e-01 5.5434e-01 -3.6817e-01 -7.4323e-02 1.3187e+00 -1.4213e-01 -7.7023e-01 -2.1916e-01 -1.3524e+00 7.9370e-01 -6.8277e-01 1.4377e-01 5.3166e-01 -5.5332e-02 2.0786e+00 8.6220e-01 -3.8101e-01 1.9094e+00 -2.2775e-01 -7.9238e-01 1.6805e+00 1.3717e+00 1.2283e-01 -1.0386e+00 -8.2330e-02 -7.2190e-02 -6.7637e-02 -6.1470e-02 -1.2223e-01 1.3898e+00 -1.0690e-01 1.0326e+01 -7.9138e-02 -1.4693e-01 -1.3670e-01 1.5556e-02 2.7501e-02 1.0690e-02
5.4691e-02 5.4152e-01 7.3714e-01 -3.6851e-01 1.5906e-01 1.5475e+00 5.0341e-01 1.2566e-01 -4.2598e-02 -9.6753e-02 -4.5101e-01 -7.6641e-01 1.6792e-02 -1.9490e-01 -1.0462e+00 -8.7127e-01 2.5439e+00 -4.7749e-02 -1.0936e-01 -7.6575e-01 -6.3749e-01 5.3145e-01 -2.2140e-01 -9.8772e-01 -4.7490e-01 -4.5351e-01 5.5950e-01 1.1804e-02 -9.3878e-01 -6.2433e-01 -1.5629e-01 4.9966e-01 -1.5734e+00 1.4806e+00 -1.4630e+00 -4.3831e+00 -3.8064e-01 -4.1729e+00 3.6420e-01 -2.2525e-01 -2.4294e-01 -2.0594e-01 -5.6802e-02 -2.1925e-01 -8.8092e-02 -7.9138e-02 2.1072e+01 -5.2736e-01 -3.5638e-01 -9.5067e-02 -4.2023e-02 8.7823e-02
-9.2214e-02 -4.9477e-02 -7.5647e-01 -3.5492e-01 -1.0020e-01 -5.9117e-01 -1.4383e-01 -1.9628e-02 1.1497e+00 -2.7481e+00 -1.4315e-01 -6.3439e-01 6.7235e+00 2.9589e-01 -2.2061e-01 -6.1438e-01 -2.0791e-01 -1.9495e-01 -8.1835e-01 -6.1732e-01 -8.0845e-02 1.0847e+00 -3.0299e-01 1.5319e+00 -3.1620e-01 2.8428e+00 -2.9706e+00 1.9783e+00 7.2407e-02 -6.1620e-01 1.4987e+00 -3.4833e+00 -2.2587e+00 2.0241e+00 -2.6574e+00 -3.7239e+00 -7.9418e-01 -9.0097e-01 3.5723e-03 1.9304e-01 3.3981e-01 4.6959e-01 5.9420e-01 -1.4486e-01 -3.0284e-01 -1.4693e-01 -5.2736e-01 2.0188e+01 -2.6877e-01 2.1077e-02 9.9382e-03 -5.2991e-02
3.4815e+00 2.2102e-01 -2.9870e-01 1.3537e-01 -1.7248e+00 -6.4078e-01 4.3817e-02 -9.9184e-01 1.9413e-01 5.0464e-02 -1.9349e-01 -4.0947e-01 2.0684e+00 -3.5004e-01 -7.0045e-01 -9.7820e-01 -5.2308e-02 -1.0274e-01 -1.1190e-01 -4.0238e-01 -5.7636e-01 -1.7914e-01 4.6051e+00 -4.9803e-01 -2.4665e-01 -2.1249e-01 -7.9668e-01 6.6945e-03 -7.8941e-01 -4.6639e-01 -4.8463e-01 -1.8140e+00 -4.6524e-01 -6.1069e-01 -9.6509e-02 -1.0358e+00 2.5370e-01 -9.9989e-01 -5.0704e-02 -1.3803e-01 -1.3960e-01 -3.7472e-02 -1.2315e-01 -4.9736e-01 -1.4695e-01 -1.3670e-01 -3.5638e-01 -2.6877e-01 1.5085e+01 -6.3399e-02 2.9731e+00 -2.1328e+00
-4.3771e-02 -3.8719e-02 -1.6642e-02 -2.3291e-02 1.1798e-01 -4.1275e-01 1.0055e-02 -1.7550e-01 1.6832e-02 -8.2618e-02 -6.6687e-02 -1.1016e-01 3.3264e-02 -2.6104e-02 -1.1618e-01 1.5358e-01 -5.0582e-02 -1.3837e-02 -1.1203e-01 -2.8025e-02 -9.9289e-02 4.9856e-02 -2.0819e-01 -2.0231e-02 -2.8222e-01 -6.6079e-02 -1.2374e-01 -7.7636e-02 1.4827e-01 -9.2093e-02 -1.0465e-01 1.1964e-01 -2.5726e-01 -1.0375e-01 7.4194e-02 -4.4025e-01 -4.3182e-02 -3.5559e-01 2.3626e-01 9.6108e-03 -3.0685e-02 1.6014e-01 -3.1700e-03 -1.6233e-01 1.0472e-01 1.5556e-02 -9.5067e-02 2.1077e-02 -6.3399e-02 4.5939e+00 -2.1753e-01 -1.5109e-02
1.1675e+01 3.2196e+00 2.7529e+00 6.0276e-01 -4.9020e+00 -2.1809e-01 1.8595e-02 3.7017e+00 -2.4402e-01 -9.2623e-02 -5.6423e-03 7.3218e-03 1.1465e+00 -4.8296e-01 -1.4101e-01 -6.8605e-01 -1.9876e-01 1.1045e-01 -1.3564e-01 -1.6088e+00 2.4522e+00 -5.7526e-02 2.2240e-01 -1.1650e-02 2.1247e+00 -5.2785e-01 -1.9704e-02 1.1890e-01 -2.5896e-01 1.0286e-01 6.9214e-02 -1.9400e-02 7.0612e-01 8.4934e-02 -4.8684e-02 -1.7187e+00 3.5770e-01 -2.2429e+00 5.5106e-02 -4.1663e-02 5.1925e-01 -2.1962e-02 -2.0936e-02 1.3895e+01 2.9174e-02 2.7501e-02 -4.2023e-02 9.9382e-03 2.9731e+00 -2.1753e-01 2.5690e+01 -3.7410e+00
-4.4876e+00 -1.2486e-02 -5.9207e-01 -3.6719e-01 1.5833e+01 -2.3693e-01 -4.8892e-02 2.7582e+00 1.7533e-01 6.2418e-01 4.2265e-02 9.8465e-02 -3.8958e-02 9.1459e-02 -1.1445e+00 2.0680e-01 7.3850e-02 3.7903e-03 1.7724e-01 -5.5685e-01 5.1284e+00 9.3333e-02 1.7875e-01 -5.0303e-01 1.2613e+00 -3.9989e-02 -1.6253e+00 -4.5309e-02 1.8696e-01 3.8004e-01 3.0836e-01 -2.6069e-01 -3.7244e-01 1.5153e-02 -4.4405e-01 -2.4975e-01 -3.3001e-01 3.2211e+00 9.4222e-03 4.7602e-01 1.1488e-01 1.2949e-02 -2.9757e-03 3.5091e-01 1.0834e-02 1.0690e-02 8.7823e-02 -5.2991e-02 -2.1328e+00 -1.5109e-02 -3.7410e+00 2.3250e+01
