2.2898e+01 3.0940e-01 -1.5060e+00 -9.7974e-01 7.0972e-01 -5.6498e+00 1.1025e+01 1.1205e+01 -1.1209e+01 1.4342e+00 3.8186e-01 1.3748e-01 6.0205e-01 -6.7823e-01 3.1128e-02 -3.6927e-01 1.8602e+00 -2.0873e-01 2.4143e+00 4.3871e-01 -6.5376e-01 6.2422e+00 9.9356e-01 2.7470e-01 -2.9883e-01 -1.0446e-01 9.2461e-02 7.0716e-02 5.0964e-01 -7.4879e-02 -6.4539e-02 -1.6803e+00 -1.3964e+00 -2.7819e-01 3.5267e-01 -2.7669e-02 -1.5156e-01 3.1348e-01 -1.3492e+00 7.5593e+00 -6.0885e-02 -1.3686e-01 8.1451e-02 -7.3072e-02 -9.1086e-02 1.2075e-01 -3.1493e-01 -1.5210e-01 -2.2186e-01 8.9822e-01 1.2554e-01 6.9380e-02
3.0940e-01 2.4695e+01 1.3917e+01 7.2822e-01 2.4650e-01 -1.4397e-01 -3.9903e+00 -5.2823e+00 -7.0881e-01 5.4181e-01 -4.8469e-01 1.2199e+01 -2.9652e-01 -3.5524e+00 1.6314e-01 2.3875e-01 1.2326e+01 -1.9034e-02 1.3178e-01 -1.4742e-01 3.6758e-01 -1.3528e-01 2.3482e-01 1.7819e-01 -2.7544e+00 -1.6957e-01 4.8912e-01 -4.3421e-01 7.6319e-02 -1.8309e-01 -1.9967e-01 -3.4710e-02 -1.2973e+00 -2.3199e-01 -5.2132e-01 -1.2665e+00 -9.4523e-01 -1.5901e-01 4.1468e-01 -1.7132e+00 -7.5430e-02 3.8625e-01 -3.9834e-02 -2.0270e-01 3.2265e-02 1.6703e-02 1.0635e-01 -3.3762e-01 -2.4222e-01 -1.7509e-01 9.3251e+00 -5.6869e-01
-1.5060e+00 1.3917e+01 2.7206e+01 1.8640e-01 5.5214e-01 5.3358e-03 -6.2945e+00 -6.9926e+00 4.3052e-01 -1.2808e-01 -5.4813e-01 1.2078e+01 -2.7517e-01 -4.1890e+00 1.1580e-01 -2.8005e-02 1.2828e+01 -6.2278e-01 -3.6717e-01 2.5395e-02 5.7893e-01 -1.1437e+00 2.1177e-01 3.6333e-01 -2.4173e+00 -1.1473e-01 1.3376e-01 -1.0660e+00 8.4063e-02 -1.6886e-01 -1.7652e-01 9.4742e-01 -1.1948e-01 3.7689e-02 -2.4308e-01 2.3835e-01 1.5994e-01 -1.5939e-01 4.5448e-01 -2.5285e+00 1.2158e-02 8.2913e-02 7.5384e-02 -1.9720e-01 -6.1839e-01 1.2626e-01 -8.3126e-02 -2.7256e-01 -2.2875e-01 -6.6811e-02 9.2237e+00 -1.1948e+00
-9.7974e-01 7.2822e-01 1.8640e-01 6.0239e+01 1.7811e+00 1.4505e+00 -1.9236e+01 2.1188e+01 6.5651e-01 -1.8509e+00 -5.1397e-01 6.3344e-02 -1.9176e+00 5.3992e+00 2.4791e+00 1.3518e+00 3.4870e+00 -3.1513e+00 -2.5607e+00 -2.5640e-01 1.1297e+01 -3.8063e+00 1.2084e+00 -1.2884e-01 -5.3032e+00 7.9620e-01 -9.6475e-01 -6.8734e-01 -3.7098e-02 -4.8145e-01 1.2053e-01 -4.2132e+00 -7.4806e+00 -2.8038e-01 -8.5776e-01 4.0566e+00 5.6913e-01 2.2346e-01 -9.8237e-01 -2.7574e+00 2.0102e-01 -3.9365e-01 2.8086e-01 1.3418e-01 3.3293e-01 -3.1178e-02 -8.8518e-01 -9.7358e-02 1.0652e+00 7.5711e-01 -6.1246e-02 -6.5833e-01
7.0972e-01 2.4650e-01 5.5214e-01 1.7811e+00 2.1160e+01 -1.1996e+00 -8.4554e-01 2.6007e+00 -1.8817e+00 -1.1131e+00 5.2229e-01 4.1662e-02 2.1434e-01 -8.6128e-01 -1.1919e-01 -4.2354e-01 6.2503e-01 7.6332e-02 1.0424e+00 3.1250e-02 6.0934e-01 4.6936e-01 4.6388e-02 1.1590e+00 -8.7638e-01 -1.1996e-01 -6.9452e-01 -2.4873e+00 -1.4679e-02 -7.0525e-02 2.7463e-01 -1.9016e-01 -5.0265e-02 -6.4538e-02 1.6425e-02 1.3066e-01 3.7448e-01 -1.1360e-01 2.3940e-01 4.2127e-01 -1.0439e-01 -1.6505e-01 3.3070e-02 -1.1166e-01 -2.3537e-02 2.0933e-01 -1.3701e-01 9.5463e-03 7.7656e-02 -1.7809e-01 -7.6998e-01 -2.4886e+00
-5.6498e+00 -1.4397e-01 5.3358e-03 1.4505e+00 -1.1996e+00 4.3665e+01 -2.1593e+00 -7.1212e+00 8.5458e+00 1.5780e+00 4.3806e-01 -2.2707e-01 5.0488e-01 7.0445e-01 1.4821e-01 2.1695e+00 -2.3226e+00 -1.7553e-02 -2.4100e+00 -7.2201e-01 1.7993e+00 -1.2495e+01 -2.3045e-02 9.8199e-02 -1.1887e+00 2.2731e-01 1.1791e-02 -7.7916e-01 2.1703e-01 3.4170e-01 1.0838e-01 9.1550e-01 -1.8166e+00 3.5996e-01 -8.9855e-02 -5.4698e-01 -7.4719e-01 -2.1307e-01 -2.2920e+00 -4.2310e+00 -5.1945e-01 6.9711e-01 -5.8341e-02 -1.2686e-01 4.1680e-02 -1.2564e-01 -1.5981e-01 -8.2282e-02 3.0358e-01 -3.6859e-01 -3.7130e-01 -7.8432e-01
1.1025e+01 -3.9903e+00 -6.2945e+00 -1.9236e+01 -8.4554e-01 -2.1593e+00 8.0272e+01 4.0557e+00 -1.7189e+01 -4.0131e+00 -1.4604e-01 -4.2564e+00 2.2738e+00 2.1494e-01 -1.5676e+00 2.9111e+00 4.4656e+00 -1.0919e+00 7.8269e+00 5.8848e-01 -4.1289e+00 4.0227e+00 -1.4838e+00 -9.6314e-01 1.7414e+00 -5.8172e-01 1.2361e+00 2.7700e+00 -7.4744e-01 1.1965e-01 -2.5231e-02 -5.3859e+00 -1.9503e+00 -8.6840e-01 1.6485e+00 -1.0744e+00 -1.2066e+00 -7.8962e-01 -1.4243e+00 1.0641e+01 -1.2987e-01 1.2036e-01 3.6294e-01 -2.9266e-01 -1.4828e-01 3.1469e-02 -1.0989e+00 1.3033e+00 -6.7747e-01 4.0388e-01 -4.8725e+00 2.7234e+00
1.1205e+01 -5.2823e+00 -6.9926e+00 2.1188e+01 2.6007e+00 -7.1212e+00 4.0557e+00 9.8041e+01 -1.9123e+01 -7.4245e+00 6.4133e-02 -5.5816e+00 -2.7577e+00 1.2440e+01 4.0131e+00 -6.5698e+00 -1.3493e+01 -2.1233e+00 -4.5933e-01 5.4801e-01 -1.2506e+01 5.0466e+00 5.6100e-01 6.3431e-01 -1.5813e+00 9.4528e-01 -2.1830e+00 -3.3990e-01 4.3923e-01 -4.0546e-01 4.4539e-01 -5.7247e+00 -1.7674e+00 -5.0354e-01 8.8815e-01 8.5635e-01 -4.9638e-01 -4.6185e-01 4.7264e+00 5.3655e+00 4.3254e-01 7.1590e-01 -1.3695e-01 -5.6598e-02 3.7348e-01 -2.1869e-01 -6.3771e-01 -7.9005e-01 -1.0345e+00 1.4539e+00 -6.9360e+00 -3.0298e-01
-1.1209e+01 -7.0881e-01 4.3052e-01 6.5651e-01 -1.8817e+00 8.5458e+00 -1.7189e+01 -1.9123e+01 5.6934e+01 2.6645e+01 -1.6313e+00 -1.3004e+00 -2.1045e+00 1.2110e-01 -3.3256e-01 -2.1452e+00 6.2131e+00 1.1319e-01 -2.9076e+00 -4.1121e-01 -6.1771e-01 -4.5005e+00 -2.3763e+00 -1.1272e+00 -5.8006e-01 8.8536e-02 -2.2301e-01 -6.4877e-01 -5.6656e-02 -1.0351e-01 -2.8938e-01 3.6312e+00 3.3804e+00 -1.1062e+00 -4.1273e-01 -5.0028e-01 4.1857e-01 -9.3072e-01 -7.0769e+00 -6.7732e+00 -3.2891e-02 1.7061e-01 -2.3524e-01 -1.2736e-01 4.2067e-02 -2.8555e-01 -1.9746e+00 7.0803e-01 2.5799e-01 -1.1698e-01 -1.6321e+00 -5.6849e-01
1.4342e+00 5.4181e-01 -1.2808e-01 -1.8509e+00 -1.1131e+00 1.5780e+00 -4.0131e+00 -7.4245e+00 2.6645e+01 4.8395e+01 -1.5505e+00 -3.1573e-01 -2.1323e+00 -3.4505e-01 -5.2522e-02 -3.6709e+00 1.1276e+01 -1.6810e-02 -9.1391e-01 -5.1295e-02 -3.2333e+00 1.6695e+00 -3.7347e+00 -1.5145e+00 4.0686e-02 -4.8592e-03 -9.9435e-01 -3.0594e-01 -2.1152e-01 -7.0503e-02 -1.1254e+00 2.9451e+00 2.2506e+00 -1.4744e+00 8.3054e-01 -1.8695e+00 2.3426e-01 1.6013e-01 -8.7618e+00 2.5993e-01 -4.8565e-02 9.9473e-03 -5.0946e-01 -6.2232e-02 -6.1932e-03 -1.2255e-01 -4.4533e-01 4.1665e-01 1.1929e+00 3.7314e-01 -4.3912e-01 -3.0413e-01
3.8186e-01 -4.8469e-01 -5.4813e-01 -5.1397e-01 5.2229e-01 4.3806e-01 -1.4604e-01 6.4133e-02 -1.6313e+00 -1.5505e+00 1.3976e+01 -4.8310e-01 5.4186e+00 -3.3392e-01 7.6541e-01 7.4439e-01 6.2227e-02 -1.0632e-01 -1.3092e-02 -2.3530e-03 -6.8770e-01 -7.7284e-02 -7.5878e-01 4.8978e+00 2.8636e-01 -6.9976e-02 -8.3683e-04 -2.3030e-01 1.2692e-01 -4.2744e-02 1.5255e+00 -1.5646e-01 -2.3346e-01 -4.5937e-02 -2.2200e-01 1.3487e-01 -1.0576e-01 -1.5711e-01 6.8676e-01 -1.4978e-01 2.6223e-02 -7.1603e-02 1.3359e-01 -1.4750e-01 -8.1289e-02 -5.4406e-02 -2.6861e-01 -6.0758e-02 -5.5566e-02 3.9600e-02 -1.7286e-01 -2.3834e-01
1.3748e-01 1.2199e+01 1.2078e+01 6.3344e-02 4.1662e-02 -2.2707e-01 -4.2564e+00 -5.5816e+00 -1.3004e+00 -3.1573e-01 -4.8310e-01 1.9779e+01 -3.7473e-01 -3.7307e+00 -2.0946e-01 -2.0953e-02 1.1695e+01 -2.9720e-02 2.3891e-01 -1.2076e-02 1.0589e-01 1.2862e-01 1.8949e-01 8.6104e-02 -2.8289e+00 -2.5069e-01 3.6052e-01 -5.7989e-01 -5.3640e-02 -1.7519e-01 -2.1584e-01 -6.3044e-01 2.4189e-01 1.5598e-02 -3.0032e-01 7.3600e-04 9.7233e-02 -2.4303e-01 2.5555e-01 -1.0461e+00 -2.5210e-02 3.3727e-01 2.7693e-02 -2.3351e-01 -3.6631e-02 -1.9476e-02 5.0719e-02 -3.6563e-01 -3.7607e-01 -6.9389e-02 1.5522e+01 -7.1406e-01
6.0205e-01 -2.9652e-01 -2.7517e-01 -1.9176e+00 2.1434e-01 5.0488e-01 2.2738e+00 -2.7577e+00 -2.1045e+00 -2.1323e+00 5.4186e+00 -3.7473e-01 3.2428e+01 -2.0171e+00 2.3829e-01 1.8644e+00 1.3989e+00 1.3418e-01 1.9389e-01 2.9564e-01 -1.3982e+00 5.8269e-01 -1.6273e+00 3.2540e+00 6.2287e-01 3.8776e-01 2.3171e+00 -2.1449e-01 2.3630e-01 -7.0059e-02 -1.6251e-01 -3.4224e-02 -3.3319e-01 -3.7162e-01 -3.5324e-01 1.8000e+00 1.5346e-01 -3.3086e-01 -3.1457e-01 -8.5464e-02 -1.7603e-01 -1.4735e-01 -1.7633e-01 -1.6053e-01 -8.3751e-02 1.0245e+00 -3.3721e-01 2.2556e-02 1.4602e-03 -1.0536e-01 -5.8175e-01 -2.3315e-01
-6.7823e-01 -3.5524e+00 -4.1890e+00 5.3992e+00 -8.6128e-01 7.0445e-01 2.1494e-01 1.2440e+01 1.2110e-01 -3.4505e-01 -3.3392e-01 -3.7307e+00 -2.0171e+00 5.6364e+01 -1.8352e+00 -1.6274e-01 -4.1114e+00 -3.5255e-02 -9.1949e-02 -6.0209e-01 2.1266e+01 -7.8843e-01 9.0600e-01 4.2012e+00 -1.5826e+00 -3.4166e-01 -2.8280e+00 4.0115e+00 6.0313e+00 2.3000e-01 -1.8428e+00 -9.3761e-01 -1.2169e+00 -1.0608e+00 -1.3738e+00 8.3448e+00 -4.6230e-03 -1.6886e+00 -3.6601e-01 5.4681e-01 -2.6349e-01 2.2446e+00 2.4494e-01 -3.2853e-01 1.8344e+00 -4.9460e-02 -2.4529e-01 1.8876e+00 -1.2739e-01 9.6080e-01 -4.4275e+00 4.0070e+00
3.1128e-02 1.6314e-01 1.1580e-01 2.4791e+00 -1.1919e-01 1.4821e-01 -1.5676e+00 4.0131e+00 -3.3256e-01 -5.2522e-02 7.6541e-01 -2.0946e-01 2.3829e-01 -1.8352e+00 1.7791e+01 4.5305e-01 2.3033e+00 -2.8040e-01 -3.4441e-01 -1.2341e-01 -4.2047e+00 4.1262e-01 -7.7182e-01 8.7387e-01 -5.6652e-01 2.1373e+00 9.8855e-01 1.3184e-01 -4.8239e-01 -2.5272e-02 2.9239e-01 5.0541e-02 -5.7549e-01 -1.4517e-01 -4.0183e-01 -2.0134e+00 -2.8563e-01 -1.2822e-01 1.7465e-01 9.9841e-01 -1.1770e-02 -1.6496e-01 -8.0505e-02 -6.9217e-02 5.9189e-02 -4.8768e-02 -9.5839e-02 -1.6029e-01 -3.5905e-01 -1.3010e-01 -2.1686e-01 1.3131e-01
-3.6927e-01 2.3875e-01 -2.8005e-02 1.3518e+00 -4.2354e-01 2.1695e+00 2.9111e+00 -6.5698e+00 -2.1452e+00 -3.6709e+00 7.4439e-01 -2.0953e-02 1.8644e+00 -1.6274e-01 4.5305e-01 4.0341e+01 2.5958e+00 2.3618e-01 7.4651e-01 -2.5751e-01 1.0115e+01 -1.0463e+00 -1.9726e+00 4.2602e+00 -9.2220e-01 -5.0576e-01 5.4337e-03 2.6117e-01 2.5985e+00 -8.4239e-02 4.5714e+00 3.7785e+00 2.6325e-01 -6.9675e-01 -8.3594e-01 2.4105e-01 -3.7748e-02 -1.4533e-01 5.1265e-03 1.4802e+00 1.1617e-01 -2.7297e-01 7.5333e-02 2.8341e-01 -3.2260e-01 -4.4401e-02 9.3200e-01 -4.7645e-01 1.3269e+00 -5.0632e-02 -2.0998e-01 2.4424e-01
1.8602e+00 1.2326e+01 1.2828e+01 3.4870e+00 6.2503e-01 -2.3226e+00 4.4656e+00 -1.3493e+01 6.2131e+00 1.1276e+01 6.2227e-02 1.1695e+01 1.3989e+00 -4.1114e+00 2.3033e+00 2.5958e+00 1.0602e+02 1.3120e+00 1.8077e+00 1.6103e-02 7.5786e+00 3.3431e+00 -3.5966e-01 -3.0059e+00 -1.3115e+00 3.9055e-01 -3.5865e+00 -1.6555e+00 1.9103e+00 -8.4039e-01 1.7620e+00 -6.0841e+00 -9.1647e+00 -1.2637e+00 -3.3205e+00 2.3922e+00 -5.5795e-01 1.6653e+00 -9.6118e+00 7.5828e-01 -3.4584e-01 1.7521e-01 2.8010e-01 -4.5614e-01 5.0895e-01 4.6259e-02 -2.5760e+00 2.1949e-01 8.8133e-01 1.1747e-01 8.6670e+00 -1.7706e+00
-2.0873e-01 -1.9034e-02 -6.2278e-01 -3.1513e+00 7.6332e-02 -1.7553e-02 -1.0919e+00 -2.1233e+00 1.1319e-01 -1.6810e-02 -1.0632e-01 -2.9720e-02 1.3418e-01 -3.5255e-02 -2.8040e-01 2.3618e-01 1.3120e+00 1.2701e+01 7.5107e-01 -6.6050e-02 -1.0118e+00 -1.6228e-01 -4.4674e-01 2.7383e-01 -3.1649e-01 -1.4899e-01 -4.0789e-01 -7.6280e-02 5.6172e-01 -2.6871e-02 3.1741e-01 -1.6377e-01 -4.1207e-01 4.3085e-02 -1.3970e-01 -6.7221e-02 -1.2384e-01 -2.0283e-01 -3.3128e-02 -4.0059e-01 -8.9907e-02 -8.7757e-02 -3.8250e-02 -2.7643e-02 -1.3532e-01 -3.2141e-02 2.1124e-02 -3.8751e-02 -1.6415e-01 -8.3141e-02 -6.9240e-02 -8.0785e-02
2.4143e+00 1.3178e-01 -3.6717e-01 -2.5607e+00 1.0424e+00 -2.4100e+00 7.8269e+00 -4.5933e-01 -2.9076e+00 -9.1391e-01 -1.3092e-02 2.3891e-01 1.9389e-01 -9.1949e-02 -3.4441e-01 7.4651e-01 1.8077e+00 7.5107e-01 2.0554e+01 3.2512e-01 4.5985e-01 -1.2635e+00 -5.2830e-01 -2.3330e-01 4.6488e+00 -1.5009e-01 -3.0854e-01 -4.7783e-01 -1.6334e-01 -8.8998e-02 6.2496e-02 -5.3496e-01 3.5651e+00 -7.6808e-02 -7.5529e-02 -1.2887e-01 -2.8788e-01 -1.1567e-01 -5.1520e-01 3.4968e-01 -1.6290e-01 -2.4795e-01 1.1312e-01 -4.4684e-02 -1.0512e-01 -4.8260e-02 -2.3657e-01 -1.1376e-01 -1.9581e-01 -1.4540e-01 4.4352e-02 -4.8243e-01
4.3871e-01 -1.4742e-01 2.5395e-02 -2.5640e-01 3.1250e-02 -7.2201e-01 5.8848e-01 5.4801e-01 -4.1121e-01 -5.1295e-02 -2.3530e-03 -1.2076e-02 2.9564e-01 -6.0209e-01 -1.2341e-01 -2.5751e-01 1.6103e-02 -6.6050e-02 3.2512e-01 6.2116e+00 6.4431e-01 5.2070e-03 -1.4435e-01 -2.4242e-01 -9.9203e-02 -2.8398e-02 1.2544e+00 -4.6243e-03 -1.3363e-01 -5.0344e-02 -1.3858e-01 2.3046e-01 1.8382e-01 -7.1233e-02 -4.1027e-02 1.6298e+00 6.8454e-02 -9.3355e-02 -5.7486e-02 7.0332e-02 -1.0878e-02 -3.5113e-02 -1.9694e-02 -1.3294e-02 -7.3529e-02 2.3815e-01 -6.1935e-02 -3.6021e-02 -6.1022e-02 -2.0350e-02 -2.0423e-02 2.1599e-01
-6.5376e-01 3.6758e-01 5.7893e-01 1.1297e+01 6.0934e-01 1.7993e+00 -4.1289e+00 -1.2506e+01 -6.1771e-01 -3.2333e+00 -6.8770e-01 1.0589e-01 -1.3982e+00 2.1266e+01 -4.2047e+00 1.0115e+01 7.5786e+00 -1.0118e+00 4.5985e-01 6.4431e-01 7.8332e+01 7.1163e-01 4.9111e+00 -3.7421e+00 -2.8181e+00 -5.9320e-01 -9.9528e-01 1.0519e+00 5.2006e+00 -8.2000e-02 -2.2141e+00 -7.9102e-01 -2.5636e+00 -1.4421e+00 3.5605e+00 1.9131e+01 4.2277e-01 -1.0917e+00 1.0384e+00 8.4957e-01 7.6413e-02 -4.7239e-01 8.2820e-02 7.2279e-02 2.1568e+00 -1.3875e-01 -4.8948e-01 7.3392e-01 2.2792e+00 4.4901e-01 9.8573e-02 1.0417e+00
6.2422e+00 -1.3528e-01 -1.1437e+00 -3.8063e+00 4.6936e-01 -1.2495e+01 4.0227e+00 5.0466e+00 -4.5005e+00 1.6695e+00 -7.7284e-02 1.2862e-01 5.8269e-01 -7.8843e-01 4.1262e-01 -1.0463e+00 3.3431e+00 -1.6228e-01 -1.2635e+00 5.2070e-03 7.1163e-01 3.2789e+01 -1.9703e-01 -3.3913e-02 -5.1115e-01 -9.9685e-02 4.2483e-01 1.8919e-01 -1.9573e-01 -2.0948e-01 -2.9624e-02 -5.3895e+00 -3.8905e+00 -3.5589e-01 -9.7216e-02 -1.3414e-01 5.3708e-01 -3.3682e-01 -2.3467e+00 8.1953e+00 -2.9746e-01 -5.0427e-01 -9.7110e-02 1.8748e-01 6.8432e-02 7.6074e-02 2.7065e-01 -9.5872e-02 -2.2048e-01 -6.9758e-01 7.8062e-02 1.8688e-01
9.9356e-01 2.3482e-01 2.1177e-01 1.2084e+00 4.6388e-02 -2.3045e-02 -1.4838e+00 5.6100e-01 -2.3763e+00 -3.7347e+00 -7.5878e-01 1.8949e-01 -1.6273e+00 9.0600e-01 -7.7182e-01 -1.9726e+00 -3.5966e-01 -4.4674e-01 -5.2830e-01 -1.4435e-01 4.9111e+00 -1.9703e-01 3.4286e+01 -1.0650e+00 -6.3003e-01 -2.6983e-01 -8.3873e-01 8.8870e-02 -2.4125e-02 -4.7187e-02 -5.3175e-01 -2.7846e-01 -1.0054e+00 -5.5885e-02 5.2931e+00 7.0033e+00 1.0480e+00 -6.2700e-01 -8.3631e-01 -5.8900e-01 -8.5058e-02 -2.1974e-02 -3.6793e-01 -2.0127e-01 -1.0446e-01 -9.0865e-02 -5.9893e-01 1.3707e+00 6.1195e-01 -2.0254e-01 1.6229e-01 8.3772e-02
2.7470e-01 1.7819e-01 3.6333e-01 -1.2884e-01 1.1590e+00 9.8199e-02 -9.6314e-01 6.3431e-01 -1.1272e+00 -1.5145e+00 4.8978e+00 8.6104e-02 3.2540e+00 4.2012e+00 8.7387e-01 4.2602e+00 -3.0059e+00 2.7383e-01 -2.3330e-01 -2.4242e-01 -3.7421e+00 -3.3913e-02 -1.0650e+00 2.4543e+01 -8.2989e-02 -7.6514e-02 -1.4593e+00 5.6825e-01 -2.2688e-01 -1.4258e-02 6.1140e+00 -4.4009e-02 -9.0209e-02 -6.5572e-01 -7.2102e-01 -2.3622e+00 2.3756e-01 -5.7655e-01 3.5790e-01 1.5369e-01 -1.1664e-01 2.7706e-02 -1.2233e-01 3.7084e-02 -2.5240e-01 -1.0142e-01 -3.7865e-01 1.0177e-01 -3.4723e-01 1.3017e-04 4.4564e-02 5.5969e-01
-2.9883e-01 -2.7544e+00 -2.4173e+00 -5.3032e+00 -8.7638e-01 -1.1887e+00 1.7414e+00 -1.5813e+00 -5.8006e-01 4.0686e-02 2.8636e-01 -2.8289e+00 6.2287e-01 -1.5826e+00 -5.6652e-01 -9.2220e-01 -1.3115e+00 -3.1649e-01 4.6488e+00 -9.9203e-02 -2.8181e+00 -5.1115e-01 -6.3003e-01 -8.2989e-02 2.5242e+01 7.4313e-01 6.8329e-01 -1.4598e+00 -1.4823e-01 2.7095e-02 1.6233e+00 -8.8576e-01 8.6258e+00 -1.0346e-01 1.0425e+00 -1.1234e+00 -1.3086e-01 5.0927e-01 -1.8460e-01 1.5173e-01 -1.3091e-01 -2.1086e-01 -9.2240e-02 -1.4170e-01 -8.6023e-02 -4.8684e-02 1.6573e-01 5.2691e-02 -3.0916e-01 -2.5471e-01 6.1031e+00 -1.4882e+00
-1.0446e-01 -1.6957e-01 -1.1473e-01 7.9620e-01 -1.1996e-01 2.2731e-01 -5.8172e-01 9.4528e-01 8.8536e-02 -4.8592e-03 -6.9976e-02 -2.5069e-01 3.8776e-01 -3.4166e-01 2.1373e+00 -5.0576e-01 3.9055e-01 -1.4899e-01 -1.5009e-01 -2.8398e-02 -5.9320e-01 -9.9685e-02 -2.6983e-01 -7.6514e-02 7.4313e-01 9.2577e+00 -3.9218e-02 -1.4435e-01 -1.0245e-01 -1.1171e-02 -1.3828e-01 8.6942e-03 6.6779e-02 8.2809e-02 -9.4571e-02 -8.6615e-01 -3.7358e-02 -5.1102e-03 -4.8236e-02 -4.6108e-01 6.1590e-02 -1.0063e-01 -2.5235e-03 1.8869e-02 -2.9035e-02 -2.0596e-02 8.5411e-02 5.0178e-02 -1.6979e-01 -7.5614e-02 -2.2443e-01 -1.4568e-01
9.2461e-02 4.8912e-01 1.3376e-01 -9.6475e-01 -6.9452e-01 1.1791e-02 1.2361e+00 -2.1830e+00 -2.2301e-01 -9.9435e-01 -8.3683e-04 3.6052e-01 2.3171e+00 -2.8280e+00 9.8855e-01 5.4337e-03 -3.5865e+00 -4.0789e-01 -3.0854e-01 1.2544e+00 -9.9528e-01 4.2483e-01 -8.3873e-01 -1.4593e+00 6.8329e-01 -3.9218e-02 2.7977e+01 1.1574e+00 -5.5310e-01 -2.3731e-02 -7.6204e-01 -7.5086e-02 -3.1264e-01 -6.1363e-02 -4.2852e-01 -3.5839e-01 -2.3490e-01 -4.4351e-01 1.1934e-01 -3.9542e-01 -1.0184e-01 -3.7895e-02 9.4348e-02 -4.2423e-02 -1.4673e-01 -8.9801e-02 6.6628e-02 -4.5165e-01 -3.8916e-01 -1.0021e-01 2.6959e-01 1.1442e+00
7.0716e-02 -4.3421e-01 -1.0660e+00 -6.8734e-01 -2.4873e+00 -7.7916e-01 2.7700e+00 -3.3990e-01 -6.4877e-01 -3.0594e-01 -2.3030e-01 -5.7989e-01 -2.1449e-01 4.0115e+00 1.3184e-01 2.6117e-01 -1.6555e+00 -7.6280e-02 -4.7783e-01 -4.6243e-03 1.0519e+00 1.8919e-01 8.8870e-02 5.6825e-01 -1.4598e+00 -1.4435e-01 1.1574e+00 2.2699e+01 -1.1506e-01 -1.3848e-01 -1.1066e+00 9.2193e-02 4.4150e-03 -1.6735e+00 2.9380e-01 7.4967e-01 -1.0173e+00 4.7546e-01 4.3228e-01 8.9373e-01 -8.1170e-02 1.6147e-01 -1.4591e-02 -2.2617e-01 7.8710e-02 -5.9300e-02 9.5997e-02 1.3933e-01 2.5817e-01 -1.2624e-01 -2.0630e+00 2.1517e+01
5.0964e-01 7.6319e-02 8.4063e-02 -3.7098e-02 -1.4679e-02 2.1703e-01 -7.4744e-01 4.3923e-01 -5.6656e-02 -2.1152e-01 1.2692e-01 -5.3640e-02 2.3630e-01 6.0313e+00 -4.8239e-01 2.5985e+00 1.9103e+00 5.6172e-01 -1.6334e-01 -1.3363e-01 5.2006e+00 -1.9573e-01 -2.4125e-02 -2.2688e-01 -1.4823e-01 -1.0245e-01 -5.5310e-01 -1.1506e-01 1.2470e+01 3.1997e-01 1.8220e-01 2.2198e-01 -2.4558e-01 -1.9175e-01 -3.0130e-01 6.2411e+00 -9.9562e-02 -3.1594e-01 -9.3058e-03 -2.8464e-01 1.0697e-02 -4.3384e-02 4.3305e-03 -6.5716e-02 -1.1624e-01 2.8166e-01 -7.8958e-02 -1.7263e-01 -2.3017e-01 6.0492e-02 -1.5634e-01 -1.2313e-01
-7.4879e-02 -1.8309e-01 -1.6886e-01 -4.8145e-01 -7.0525e-02 3.4170e-01 1.1965e-01 -4.0546e-01 -1.0351e-01 -7.0503e-02 -4.2744e-02 -1.7519e-01 -7.0059e-02 2.3000e-01 -2.5272e-02 -8.4239e-02 -8.4039e-01 -2.6871e-02 -8.8998e-02 -5.0344e-02 -8.2000e-02 -2.0948e-01 -4.7187e-02 -1.4258e-02 2.7095e-02 -1.1171e-02 -2.3731e-02 -1.3848e-01 3.1997e-01 4.0575e+00 -3.9931e-02 4.7881e-01 5.8847e-01 -6.9000e-04 -7.1425e-03 -2.0135e-02 -4.8664e-02 -4.2676e-02 2.3838e-02 -1.1793e-01 -2.3191e-02 -4.9911e-02 -1.1700e-02 -2.2639e-02 4.0940e-02 -8.6588e-03 6.8095e-02 8.5450e-04 2.1372e-02 -3.5681e-02 -1.5368e-01 -1.3943e-01
-6.4539e-02 -1.9967e-01 -1.7652e-01 1.2053e-01 2.7463e-01 1.0838e-01 -2.5231e-02 4.4539e-01 -2.8938e-01 -1.1254e+00 1.5255e+00 -2.1584e-01 -1.6251e-01 -1.8428e+00 2.9239e-01 4.5714e+00 1.7620e+00 3.1741e-01 6.2496e-02 -1.3858e-01 -2.2141e+00 -2.9624e-02 -5.3175e-01 6.1140e+00 1.6233e+00 -1.3828e-01 -7.6204e-01 -1.1066e+00 1.8220e-01 -3.9931e-02 1.6176e+01 -1.3368e-01 -4.1916e-02 -9.3296e-02 -3.2803e-01 -5.6037e-01 9.5723e-01 -3.3491e-01 9.8874e-01 -1.9078e-01 1.2228e-02 -7.5894e-02 -3.1865e-02 -9.6967e-02 -1.1975e-01 4.8563e-02 -2.4088e-02 -1.9413e-01 -2.3086e-01 -5.9674e-02 1.2422e+00 -1.1290e+00
-1.6803e+00 -3.4710e-02 9.4742e-01 -4.2132e+00 -1.9016e-01 9.1550e-01 -5.3859e+00 -5.7247e+00 3.6312e+00 2.9451e+00 -1.5646e-01 -6.3044e-01 -3.4224e-02 -9.3761e-01 5.0541e-02 3.7785e+00 -6.0841e+00 -1.6377e-01 -5.3496e-01 2.3046e-01 -7.9102e-01 -5.3895e+00 -2.7846e-01 -4.4009e-02 -8.8576e-01 8.6942e-03 -7.5086e-02 9.2193e-02 2.2198e-01 4.7881e-01 -1.3368e-01 3.8659e+01 2.1726e+01 4.7761e-01 3.0372e-01 -1.4884e-01 -5.5972e-02 -3.9654e-01 -3.0930e+00 -2.1144e+00 -4.2673e-01 -4.4310e-01 -1.6309e-01 5.6236e-02 1.2982e-01 -5.7556e-02 7.6386e-01 4.3747e-01 -7.0418e-02 -5.9536e-01 -7.5385e-01 8.4437e-02
-1.3964e+00 -1.2973e+00 -1.1948e-01 -7.4806e+00 -5.0265e-02 -1.8166e+00 -1.9503e+00 -1.7674e+00 3.3804e+00 2.2506e+00 -2.3346e-01 2.4189e-01 -3.3319e-01 -1.2169e+00 -5.7549e-01 2.6325e-01 -9.1647e+00 -4.1207e-01 3.5651e+00 1.8382e-01 -2.5636e+00 -3.8905e+00 -1.0054e+00 -9.0209e-02 8.6258e+00 6.6779e-02 -3.1264e-01 4.4150e-03 -2.4558e-01 5.8847e-01 -4.1916e-02 2.1726e+01 3.9221e+01 -2.1226e-01 9.3105e-01 -1.1134e+00 1.6940e+00 -3.2255e-01 -1.9380e+00 -2.2229e+00 -3.7476e-01 -3.4412e-01 -1.8423e-01 9.7917e-02 1.2571e-01 -1.5660e-02 -5.4123e-01 4.1523e-01 -1.7098e-01 -5.3212e-01 1.5142e-01 4.7562e-03
-2.7819e-01 -2.3199e-01 3.7689e-02 -2.8038e-01 -6.4538e-02 3.5996e-01 -8.6840e-01 -5.0354e-01 -1.1062e+00 -1.4744e+00 -4.5937e-02 1.5598e-02 -3.7162e-01 -1.0608e+00 -1.4517e-01 -6.9675e-01 -1.2637e+00 4.3085e-02 -7.6808e-02 -7.1233e-02 -1.4421e+00 -3.5589e-01 -5.5885e-02 -6.5572e-01 -1.0346e-01 8.2809e-02 -6.1363e-02 -1.6735e+00 -1.9175e-01 -6.9000e-04 -9.3296e-02 4.7761e-01 -2.1226e-01 1.4235e+01 -2.9537e-01 -7.7213e-01 -1.2389e-01 -2.2739e-01 -2.1572e-01 -9.0825e-02 -9.0195e-02 -2.0970e-02 -9.1280e-02 -1.0590e-01 -1.2044e-01 2.4273e-02 3.6562e+00 -9.7311e-02 1.0202e-03 -9.5906e-02 -4.8602e-02 -1.6762e+00
3.5267e-01 -5.2132e-01 -2.4308e-01 -8.5776e-01 1.6425e-02 -8.9855e-02 1.6485e+00 8.8815e-01 -4.1273e-01 8.3054e-01 -2.2200e-01 -3.0032e-01 -3.5324e-01 -1.3738e+00 -4.0183e-01 -8.3594e-01 -3.3205e+00 -1.3970e-01 -7.5529e-02 -4.1027e-02 3.5605e+00 -9.7216e-02 5.2931e+00 -7.2102e-01 1.0425e+00 -9.4571e-02 -4.2852e-01 2.9380e-01 -3.0130e-01 -7.1425e-03 -3.2803e-01 3.0372e-01 9.3105e-01 -2.9537e-01 1.3461e+01 4.4398e+00 2.9058e-01 -3.4901e-01 -1.2537e-01 9.3116e-02 -2.7005e-02 -3.7850e-02 -9.1604e-02 -5.6231e-02 -1.5020e-01 -1.7556e-02 1.1274e-02 -1.4033e-01 -2.1335e-01 -6.1415e-02 -3.4022e-01 2.9687e-01
-2.7669e-02 -1.2665e+00 2.3835e-01 4.0566e+00 1.3066e-01 -5.4698e-01 -1.0744e+00 8.5635e-01 -5.0028e-01 -1.8695e+00 1.3487e-01 7.3600e-04 1.8000e+00 8.3448e+00 -2.0134e+00 2.4105e-01 2.3922e+00 -6.7221e-02 -1.2887e-01 1.6298e+00 1.9131e+01 -1.3414e-01 7.0033e+00 -2.3622e+00 -1.1234e+00 -8.6615e-01 -3.5839e-01 7.4967e-01 6.2411e+00 -2.0135e-02 -5.6037e-01 -1.4884e-01 -1.1134e+00 -7.7213e-01 4.4398e+00 4.2335e+01 -4.4232e-01 -1.0524e+00 2.0991e-01 -9.1538e-01 3.9228e-01 1.0073e-01 1.1122e-01 -1.7535e-01 -4.4930e-01 1.8917e-01 -3.5850e-01 7.7075e-01 -8.6094e-01 8.3888e-01 -1.3670e-01 7.3686e-01
-1.5156e-01 -9.4523e-01 1.5994e-01 5.6913e-01 3.7448e-01 -7.4719e-01 -1.2066e+00 -4.9638e-01 4.1857e-01 2.3426e-01 -1.0576e-01 9.7233e-02 1.5346e-01 -4.6230e-03 -2.8563e-01 -3.7748e-02 -5.5795e-01 -1.2384e-01 -2.8788e-01 6.8454e-02 4.2277e-01 5.3708e-01 1.0480e+00 2.3756e-01 -1.3086e-01 -3.7358e-02 -2.3490e-01 -1.0173e+00 -9.9562e-02 -4.8664e-02 9.5723e-01 -5.5972e-02 1.6940e+00 -1.2389e-01 2.9058e-01 -4.4232e-01 1.2344e+01 -3.3696e-02 -2.5061e-01 9.6924e-01 -1.0285e-01 -1.6704e-01 -6.4280e-02 -8.4630e-03 -4.1763e-02 -3.7588e-02 -1.0129e-01 -5.2884e-02 -6.7792e-02 -1.3769e-01 -1.5238e-02 -1.0121e+00
3.1348e-01 -1.5901e-01 -1.5939e-01 2.2346e-01 -1.1360e-01 -2.1307e-01 -7.8962e-01 -4.6185e-01 -9.3072e-01 1.6013e-01 -1.5711e-01 -2.4303e-01 -3.3086e-01 -1.6886e+00 -1.2822e-01 -1.4533e-01 1.6653e+00 -2.0283e-01 -1.1567e-01 -9.3355e-02 -1.0917e+00 -3.3682e-01 -6.2700e-01 -5.7655e-01 5.0927e-01 -5.1102e-03 -4.4351e-01 4.7546e-01 -3.1594e-01 -4.2676e-02 -3.3491e-01 -3.9654e-01 -3.2255e-01 -2.2739e-01 -3.4901e-01 -1.0524e+00 -3.3696e-02 1.3300e+01 -1.8365e-01 -1.3332e-02 -6.4095e-02 -5.1065e-02 -7.1393e-02 7.9374e-01 -2.7779e-01 5.2995e-02 9.1771e-02 -9.2393e-02 -1.7463e-01 -8.2956e-02 -3.1551e-01 8.7268e-01
-1.3492e+00 4.1468e-01 4.5448e-01 -9.8237e-01 2.3940e-01 -2.2920e+00 -1.4243e+00 4.7264e+00 -7.0769e+00 -8.7618e+00 6.8676e-01 2.5555e-01 -3.1457e-01 -3.6601e-01 1.7465e-01 5.1265e-03 -9.6118e+00 -3.3128e-02 -5.1520e-01 -5.7486e-02 1.0384e+00 -2.3467e+00 -8.3631e-01 3.5790e-01 -1.8460e-01 -4.8236e-02 1.1934e-01 4.3228e-01 -9.3058e-03 2.3838e-02 9.8874e-01 -3.0930e+00 -1.9380e+00 -2.1572e-01 -1.2537e-01 2.0991e-01 -2.5061e-01 -1.8365e-01 2.5180e+01 -2.8926e-01 1.4096e+00 -9.3826e-02 2.4123e-01 3.4982e-02 -7.7692e-02 -1.1058e-01 -5.1044e-01 -2.5088e-01 4.0599e-01 -3.4046e-01 2.3637e-01 4.2942e-01
7.5593e+00 -1.7132e+00 -2.5285e+00 -2.7574e+00 4.2127e-01 -4.2310e+00 1.0641e+01 5.3655e+00 -6.7732e+00 2.5993e-01 -1.4978e-01 -1.0461e+00 -8.5464e-02 5.4681e-01 9.9841e-01 1.4802e+00 7.5828e-01 -4.0059e-01 3.4968e-01 7.0332e-02 8.4957e-01 8.1953e+00 -5.8900e-01 1.5369e-01 1.5173e-01 -4.6108e-01 -3.9542e-01 8.9373e-01 -2.8464e-01 -1.1793e-01 -1.9078e-01 -2.1144e+00 -2.2229e+00 -9.0825e-02 9.3116e-02 -9.1538e-01 9.6924e-01 -1.3332e-02 -2.8926e-01 2.7779e+01 -9.0176e-02 -3.5700e-01 -5.7275e-03 -7.1515e-02 -5.4142e-02 1.4742e-01 -1.3858e-01 4.1336e-01 -4.2901e-01 -6.6749e-02 -1.0305e+00 8.8492e-01
-6.0885e-02 -7.5430e-02 1.2158e-02 2.0102e-01 -1.0439e-01 -5.1945e-01 -1.2987e-01 4.3254e-01 -3.2891e-02 -4.8565e-02 2.6223e-02 -2.5210e-02 -1.7603e-01 -2.6349e-01 -1.1770e-02 1.1617e-01 -3.4584e-01 -8.9907e-02 -1.6290e-01 -1.0878e-02 7.6413e-02 -2.9746e-01 -8.5058e-02 -1.1664e-01 -1.3091e-01 6.1590e-02 -1.0184e-01 -8.1170e-02 1.0697e-02 -2.3191e-02 1.2228e-02 -4.2673e-01 -3.7476e-01 -9.0195e-02 -2.7005e-02 3.9228e-01 -1.0285e-01 -6.4095e-02 1.4096e+00 -9.0176e-02 7.0904e+00 -5.0058e-03 2.8817e-01 3.3936e-01 -2.9426e-02 -2.1349e-02 -5.3647e-02 7.6715e-03 5.1068e-01 -5.0101e-02 -7.7618e-02 -8.3493e-02
-1.3686e-01 3.8625e-01 8.2913e-02 -3.9365e-01 -1.6505e-01 6.9711e-01 1.2036e-01 7.1590e-01 1.7061e-01 9.9473e-03 -7.1603e-02 3.3727e-01 -1.4735e-01 2.2446e+00 -1.6496e-01 -2.7297e-01 1.7521e-01 -8.7757e-02 -2.4795e-01 -3.5113e-02 -4.7239e-01 -5.0427e-01 -2.1974e-02 2.7706e-02 -2.1086e-01 -1.0063e-01 -3.7895e-02 1.6147e-01 -4.3384e-02 -4.9911e-02 -7.5894e-02 -4.4310e-01 -3.4412e-01 -2.0970e-02 -3.7850e-02 1.0073e-01 -1.6704e-01 -5.1065e-02 -9.3826e-02 -3.5700e-01 -5.0058e-03 8.8837e+00 -5.3266e-02 -1.3665e-02 1.9362e-02 -3.2242e-02 -8.5664e-02 -2.4362e-02 -8.6793e-02 1.8538e-01 2.5081e-01 1.5485e-01
8.1451e-02 -3.9834e-02 7.5384e-02 2.8086e-01 3.3070e-02 -5.8341e-02 3.6294e-01 -1.3695e-01 -2.3524e-01 -5.0946e-01 1.3359e-01 2.7693e-02 -1.7633e-01 2.4494e-01 -8.0505e-02 7.5333e-02 2.8010e-01 -3.8250e-02 1.1312e-01 -1.9694e-02 8.2820e-02 -9.7110e-02 -3.6793e-01 -1.2233e-01 -9.2240e-02 -2.5235e-03 9.4348e-02 -1.4591e-02 4.3305e-03 -1.1700e-02 -3.1865e-02 -1.6309e-01 -1.8423e-01 -9.1280e-02 -9.1604e-02 1.1122e-01 -6.4280e-02 -7.1393e-02 2.4123e-01 -5.7275e-03 2.8817e-01 -5.3266e-02 7.4658e+00 -4.9394e-02 1.6387e-01 -1.1529e-02 -1.0331e-01 -2.6881e-02 -5.7461e-02 -4.9091e-02 1.8270e-02 -1.5564e-02
-7.3072e-02 -2.0270e-01 -1.9720e-01 1.3418e-01 -1.1166e-01 -1.2686e-01 -2.9266e-01 -5.6598e-02 -1.2736e-01 -6.2232e-02 -1.4750e-01 -2.3351e-01 -1.6053e-01 -3.2853e-01 -6.9217e-02 2.8341e-01 -4.5614e-01 -2.7643e-02 -4.4684e-02 -1.3294e-02 7.2279e-02 1.8748e-01 -2.0127e-01 3.7084e-02 -1.4170e-01 1.8869e-02 -4.2423e-02 -2.2617e-01 -6.5716e-02 -2.2639e-02 -9.6967e-02 5.6236e-02 9.7917e-02 -1.0590e-01 -5.6231e-02 -1.7535e-01 -8.4630e-03 7.9374e-01 3.4982e-02 -7.1515e-02 3.3936e-01 -1.3665e-02 -4.9394e-02 5.9071e+00 -6.2532e-02 -2.5638e-02 -8.1017e-02 -3.5819e-02 -6.2264e-02 -4.0282e-02 5.7711e-01 -2.3068e-01
-9.1086e-02 3.2265e-02 -6.1839e-01 3.3293e-01 -2.3537e-02 4.1680e-02 -1.4828e-01 3.7348e-01 4.2067e-02 -6.1932e-03 -8.1289e-02 -3.6631e-02 -8.3751e-02 1.8344e+00 5.9189e-02 -3.2260e-01 5.0895e-01 -1.3532e-01 -1.0512e-01 -7.3529e-02 2.1568e+00 6.8432e-02 -1.0446e-01 -2.5240e-01 -8.6023e-02 -2.9035e-02 -1.4673e-01 7.8710e-02 -1.1624e-01 4.0940e-02 -1.1975e-01 1.2982e-01 1.2571e-01 -1.2044e-01 -1.5020e-01 -4.4930e-01 -4.1763e-02 -2.7779e-01 -7.7692e-02 -5.4142e-02 -2.9426e-02 1.9362e-02 1.6387e-01 -6.2532e-02 6.8709e+00 -1.5840e-02 -7.2756e-02 -5.1178e-02 -8.9992e-02 -2.5284e-02 -4.2379e-02 7.8318e-02
1.2075e-01 1.6703e-02 1.2626e-01 -3.1178e-02 2.0933e-01 -1.2564e-01 3.1469e-02 -2.1869e-01 -2.8555e-01 -1.2255e-01 -5.4406e-02 -1.9476e-02 1.0245e+00 -4.9460e-02 -4.8768e-02 -4.4401e-02 4.6259e-02 -3.2141e-02 -4.8260e-02 2.3815e-01 -1.3875e-01 7.6074e-02 -9.0865e-02 -1.0142e-01 -4.8684e-02 -2.0596e-02 -8.9801e-02 -5.9300e-02 2.8166e-01 -8.6588e-03 4.8563e-02 -5.7556e-02 -1.5660e-02 2.4273e-02 -1.7556e-02 1.8917e-01 -3.7588e-02 5.2995e-02 -1.1058e-01 1.4742e-01 -2.1349e-02 -3.2242e-02 -1.1529e-02 -2.5638e-02 -1.5840e-02 5.6510e+00 1.6536e-01 -4.2370e-02 -3.4236e-02 -3.3431e-02 -8.3178e-02 -6.3005e-02
-3.1493e-01 1.0635e-01 -8.3126e-02 -8.8518e-01 -1.3701e-01 -1.5981e-01 -1.0989e+00 -6.3771e-01 -1.9746e+00 -4.4533e-01 -2.6861e-01 5.0719e-02 -3.3721e-01 -2.4529e-01 -9.5839e-02 9.3200e-01 -2.5760e+00 2.1124e-02 -2.3657e-01 -6.1935e-02 -4.8948e-01 2.7065e-01 -5.9893e-01 -3.7865e-01 1.6573e-01 8.5411e-02 6.6628e-02 9.5997e-02 -7.8958e-02 6.8095e-02 -2.4088e-02 7.6386e-01 -5.4123e-01 3.6562e+00 1.1274e-02 -3.5850e-01 -1.0129e-01 9.1771e-02 -5.1044e-01 -1.3858e-01 -5.3647e-02 -8.5664e-02 -1.0331e-01 -8.1017e-02 -7.2756e-02 1.6536e-01 1.2848e+01 -9.9758e-03 8.3628e-03 -2.0299e-02 3.3027e-02 9.4872e-02
-1.5210e-01 -3.3762e-01 -2.7256e-01 -9.7358e-02 9.5463e-03 -8.2282e-02 1.3033e+00 -7.9005e-01 7.0803e-01 4.1665e-01 -6.0758e-02 -3.6563e-01 2.2556e-02 1.8876e+00 -1.6029e-01 -4.7645e-01 2.1949e-01 -3.8751e-02 -1.1376e-01 -3.6021e-02 7.3392e-01 -9.5872e-02 1.3707e+00 1.0177e-01 5.2691e-02 5.0178e-02 -4.5165e-01 1.3933e-01 -1.7263e-01 8.5450e-04 -1.9413e-01 4.3747e-01 4.1523e-01 -9.7311e-02 -1.4033e-01 7.7075e-01 -5.2884e-02 -9.2393e-02 -2.5088e-01 4.1336e-01 7.6715e-03 -2.4362e-02 -2.6881e-02 -3.5819e-02 -5.1178e-02 -4.2370e-02 -9.9758e-03 8.9722e+00 -1.2208e-01 1.8543e-02 -2.7235e-01 1.3657e-01
-2.2186e-01 -2.4222e-01 -2.2875e-01 1.0652e+00 7.7656e-02 3.0358e-01 -6.7747e-01 -1.0345e+00 2.5799e-01 1.1929e+00 -5.5566e-02 -3.7607e-01 1.4602e-03 -1.2739e-01 -3.5905e-01 1.3269e+00 8.8133e-01 -1.6415e-01 -1.9581e-01 -6.1022e-02 2.2792e+00 -2.2048e-01 6.1195e-01 -3.4723e-01 -3.0916e-01 -1.6979e-01 -3.8916e-01 2.5817e-01 -2.3017e-01 2.1372e-02 -2.3086e-01 -7.0418e-02 -1.7098e-01 1.0202e-03 -2.1335e-01 -8.6094e-01 -6.7792e-02 -1.7463e-01 4.0599e-01 -4.2901e-01 5.1068e-01 -8.6793e-02 -5.7461e-02 -6.2264e-02 -8.9992e-02 -3.4236e-02 8.3628e-03 -1.2208e-01 1.2367e+01 -1.0067e-01 -4.0795e-01 2.5383e-01
8.9822e-01 -1.7509e-01 -6.6811e-02 7.5711e-01 -1.7809e-01 -3.6859e-01 4.0388e-01 1.4539e+00 -1.1698e-01 3.7314e-01 3.9600e-02 -6.9389e-02 -1.0536e-01 9.6080e-01 -1.3010e-01 -5.0632e-02 1.1747e-01 -8.3141e-02 -1.4540e-01 -2.0350e-02 4.4901e-01 -6.9758e-01 -2.0254e-01 1.3017e-04 -2.5471e-01 -7.5614e-02 -1.0021e-01 -1.2624e-01 6.0492e-02 -3.5681e-02 -5.9674e-02 -5.9536e-01 -5.3212e-01 -9.5906e-02 -6.1415e-02 8.3888e-01 -1.3769e-01 -8.2956e-02 -3.4046e-01 -6.6749e-02 -5.0101e-02 1.8538e-01 -4.9091e-02 -4.0282e-02 -2.5284e-02 -3.3431e-02 -2.0299e-02 1.8543e-02 -1.0067e-01 9.5722e+00 -1.9193e-01 -1.3214e-01
1.2554e-01 9.3251e+00 9.2237e+00 -6.1246e-02 -7.6998e-01 -3.7130e-01 -4.8725e+00 -6.9360e+00 -1.6321e+00 -4.3912e-01 -1.7286e-01 1.5522e+01 -5.8175e-01 -4.4275e+00 -2.1686e-01 -2.0998e-01 8.6670e+00 -6.9240e-02 4.4352e-02 -2.0423e-02 9.8573e-02 7.8062e-02 1.6229e-01 4.4564e-02 6.1031e+00 -2.2443e-01 2.6959e-01 -2.0630e+00 -1.5634e-01 -1.5368e-01 1.2422e+00 -7.5385e-01 1.5142e-01 -4.8602e-02 -3.4022e-01 -1.3670e-01 -1.5238e-02 -3.1551e-01 2.3637e-01 -1.0305e+00 -7.7618e-02 2.5081e-01 1.8270e-02 5.7711e-01 -4.2379e-02 -8.3178e-02 3.3027e-02 -2.7235e-01 -4.0795e-01 -1.9193e-01 2.2124e+01 -2.2289e+00
6.9380e-02 -5.6869e-01 -1.1948e+00 -6.5833e-01 -2.4886e+00 -7.8432e-01 2.7234e+00 -3.0298e-01 -5.6849e-01 -3.0413e-01 -2.3834e-01 -7.1406e-01 -2.3315e-01 4.0070e+00 1.3131e-01 2.4424e-01 -1.7706e+00 -8.0785e-02 -4.8243e-01 2.1599e-01 1.0417e+00 1.8688e-01 8.3772e-02 5.5969e-01 -1.4882e+00 -1.4568e-01 1.1442e+00 2.1517e+01 -1.2313e-01 -1.3943e-01 -1.1290e+00 8.4437e-02 4.7562e-03 -1.6762e+00 2.9687e-01 7.3686e-01 -1.0121e+00 8.7268e-01 4.2942e-01 8.8492e-01 -8.3493e-02 1.5485e-01 -1.5564e-02 -2.3068e-01 7.8318e-02 -6.3005e-02 9.4872e-02 1.3657e-01 2.5383e-01 -1.3214e-01 -2.2289e+00 2.2058e+01
