1.0357e+02 -8.3515e+00 -1.2263e+00 -1.6019e+00 -2.6303e+00 -2.6146e+01 -6.8477e+00 -2.6154e+01 -3.8451e+00 4.9456e+00 -3.3650e-02 -2.0579e+00 1.6250e+00 5.2062e-01 1.2897e+00 -2.8434e+01 -1.0619e+00 -3.7123e+00 -5.2488e-01 -2.1387e+01 -2.5073e-01 -2.3236e+01 -2.7841e+00 4.4064e+00 2.0102e+01 -1.3057e+00 -2.5715e+00 -1.4072e+00 5.1700e+00 -1.5420e+00 2.1803e+00 -8.6216e-01 -9.8440e-02 2.8674e+00 -4.0819e-02 4.8203e+00 -1.3888e+01 -8.1465e+00 4.7248e+00 -5.5722e-01 8.0644e+00 6.0213e-01 -1.2883e+00 -2.4080e-01 -5.3029e-01 -5.6845e-02 -9.4852e-01 -6.7012e-01 5.8165e-01 4.7585e-02 2.6991e-01 -1.0357e-01
-8.3515e+00 4.6218e+01 1.9104e+01 2.4960e+00 2.5842e+01 -8.2973e+00 1.0234e+01 -2.1039e+00 -8.4752e+00 -6.3111e+00 3.2290e-01 5.9213e-01 -1.4508e+00 -3.1343e-01 -5.0470e-02 -8.2518e+00 7.7244e-01 2.4058e+01 5.6296e-01 -4.6374e-01 5.7819e-01 1.5999e+00 2.5445e+01 -2.5527e-01 2.8959e-01 1.7508e+00 -4.6831e-01 -4.4659e-01 -4.0816e+00 -1.0948e+00 -9.1882e-01 1.1254e-01 -1.8815e+00 -1.0781e+00 -1.9849e+00 -4.4548e+00 2.5126e+01 4.6413e+00 -2.4676e+00 -2.1588e+01 -1.8635e-01 -8.7646e-01 7.6098e-01 1.0163e+00 1.2162e-01 7.6586e-01 7.4989e-01 1.5881e-01 2.3444e-01 4.3856e-01 -4.5564e-01 9.0266e-01
-1.2263e+00 1.9104e+01 4.8381e+01 4.2509e+00 1.9299e+01 -2.3644e+01 7.6537e+00 3.8110e-01 -6.1112e+00 -7.5318e+00 5.5298e-01 5.8294e-01 -1.0507e+00 -2.5975e-01 -2.6013e+00 -9.0963e+00 8.2283e-01 2.3388e+01 -3.2793e+00 -1.8360e+00 5.4115e-01 -3.4623e+00 1.6750e+01 7.0634e-01 -4.3822e+00 1.7658e+00 -3.6905e-01 -4.5911e-01 -1.2401e+01 -4.5836e-01 2.4613e+00 3.3760e-01 -1.9701e+00 -1.1232e+00 -1.7045e+00 3.4809e+00 1.4095e+01 6.3095e+00 -5.3391e+00 -9.6764e+00 -1.4180e-02 -7.4306e-02 -6.1725e-01 2.4364e-01 1.8933e-01 7.2936e-02 -1.4244e+00 1.1687e-01 2.1087e-01 4.0617e-01 -1.4597e-02 -5.0949e-02
-1.6019e+00 2.4960e+00 4.2509e+00 4.1313e+01 8.9090e-01 -3.5245e+00 9.6395e-01 3.5619e-01 -2.3321e+00 1.6204e+01 3.0654e+00 -1.4253e+00 -4.9019e+00 -1.2061e+00 1.3445e+00 7.5092e+00 -3.5416e+00 6.6926e+00 -5.6406e-01 8.0415e-01 9.2232e-02 1.1593e+00 1.6009e+00 4.5368e-02 -5.7866e+00 -4.3230e+00 -5.6684e-01 -1.2340e-01 -2.1517e+00 9.5574e-01 -6.4348e+00 -7.7339e-02 -3.2092e-01 1.3583e-01 -6.1807e-01 -9.0602e+00 3.3637e+00 -9.6329e-01 -1.4656e+00 -4.8576e+00 5.1982e-02 -1.6723e-01 -2.4226e-01 -1.2150e-01 -3.6891e-01 -2.6863e-01 -7.0380e-01 -9.4075e-02 1.8385e-01 2.1151e-01 -6.9066e-01 -7.5860e-01
-2.6303e+00 2.5842e+01 1.9299e+01 8.9090e-01 3.3683e+01 -8.7297e+00 9.7041e+00 -2.4938e-01 -1.0132e+01 -4.4561e+00 3.4185e-02 2.1721e-01 -1.8085e+00 -2.4009e-01 -2.2409e-01 -7.4525e+00 4.0176e-01 2.2176e+01 1.5224e-01 -6.5374e-01 4.9568e-01 8.2228e-01 2.3199e+01 -3.7198e-01 -1.9902e+00 1.5550e-01 -9.5814e-01 -4.8871e-01 -4.0001e+00 -6.2123e-01 -2.0160e-01 3.4690e-02 -1.6680e+00 -1.2239e+00 -1.6141e+00 4.3876e-01 2.0391e+01 4.3781e+00 -2.6198e+00 -1.7206e+01 1.8036e-02 -1.7771e-01 6.8239e-01 1.3877e+00 2.5396e-01 2.3199e-02 5.8609e-01 -9.1598e-02 1.3323e-01 3.7418e-01 4.4467e-01 -6.2385e-02
-2.6146e+01 -8.2973e+00 -2.3644e+01 -3.5245e+00 -8.7297e+00 1.4758e+02 -2.7769e+01 -8.2469e+00 -4.0260e+00 -6.2022e+00 1.3546e+00 4.7763e-01 -7.3844e+00 -2.3359e+00 -1.3810e+00 5.9290e+00 -2.0106e+00 -1.3975e+01 4.5750e+00 5.8315e+01 2.2764e-01 5.7557e+01 -1.4390e+01 -1.1138e+00 -7.4839e+00 -2.5150e+00 -2.2385e+00 -3.6912e-01 1.1779e+01 -1.6034e+00 -4.6273e+00 -7.7229e-01 5.5999e+00 4.3319e+00 -9.3417e-03 -9.9195e+00 -4.9536e+00 -2.0600e+01 2.8854e+00 -1.1294e+01 -3.0636e+00 -6.0422e-01 3.9911e+00 1.3851e+00 -1.1423e-01 2.8539e-01 1.5338e-01 1.2320e+00 -2.0748e+00 -2.3313e-01 2.9241e+00 -2.9465e+00
-6.8477e+00 1.0234e+01 7.6537e+00 9.6395e-01 9.7041e+00 -2.7769e+01 6.4361e+01 -5.7801e-01 4.5696e+00 1.4775e+00 2.2718e-01 -2.4823e-01 5.2302e+00 -4.1849e-01 1.9628e+00 4.7052e+00 2.9663e-01 7.5722e+00 5.7265e-01 5.9704e-01 -2.8003e-01 2.4926e+00 9.2489e+00 3.8918e-01 4.3307e-01 1.1095e+00 -3.1512e+00 -2.1966e-01 -1.7466e+01 -2.4499e-01 5.4961e-01 5.7315e-01 -5.3264e+00 -3.2131e+00 -1.0485e+00 -4.2780e+00 6.9255e+00 1.6537e+01 -4.6748e+00 8.9324e+00 3.0980e-01 -9.1790e-01 1.3659e+00 3.8418e-01 5.0843e-01 -1.6881e-01 -3.8734e-01 1.0522e-01 1.8358e-01 5.7819e-01 2.2712e+00 1.2350e+00
-2.6154e+01 -2.1039e+00 3.8110e-01 3.5619e-01 -2.4938e-01 -8.2469e+00 -5.7801e-01 6.5133e+01 5.0468e+00 -1.9135e+00 1.4667e-01 8.4601e-01 4.1159e-01 -8.6007e-01 -5.2160e-01 2.2544e+01 -6.7279e-01 -2.2931e+00 2.4110e-02 -3.3283e+00 -3.7425e-01 -5.6929e+00 -2.2700e+00 1.4807e-01 -1.6232e+01 -3.1872e-01 5.7208e+00 9.3373e-01 3.6645e+00 1.3017e+00 5.5317e-01 2.9694e-01 -1.1306e+00 -6.8807e-01 -2.0875e-01 6.7053e+00 -7.7365e-01 3.9126e-01 -6.2830e-01 2.0086e+00 -4.3109e+00 4.6064e-01 -1.2316e+00 -2.7542e-01 -7.6708e-01 -9.3337e-02 9.9742e-01 -2.0674e-01 -1.1376e+00 -4.7538e-02 -2.2056e-01 6.2697e-02
-3.8451e+00 -8.4752e+00 -6.1112e+00 -2.3321e+00 -1.0132e+01 -4.0260e+00 4.5696e+00 5.0468e+00 6.0430e+01 -4.4291e+00 -9.4765e-03 -2.3268e+00 -3.1288e+00 -4.9315e-01 2.0647e+00 2.5917e+01 -1.2165e+00 -1.2157e+01 -1.9522e-01 8.2455e+00 -4.9439e-01 7.5917e+00 -1.0292e+01 1.2129e+00 4.4120e+00 -1.1757e+00 4.1915e-01 -4.2017e-01 3.8955e-02 -2.5683e-02 -5.7692e+00 -3.1113e-01 -1.1698e+00 -8.0919e-01 -1.2496e+00 2.0299e+00 -9.6240e+00 1.4533e+00 -2.0902e+00 1.0786e+01 2.2320e-01 -2.9377e-01 -6.5430e-01 -9.8415e-01 1.0345e+00 -8.2500e-04 1.2301e-01 -6.7963e-01 4.9076e-01 2.1441e-01 -3.9424e-01 -6.4937e-01
4.9456e+00 -6.3111e+00 -7.5318e+00 1.6204e+01 -4.4561e+00 -6.2022e+00 1.4775e+00 -1.9135e+00 -4.4291e+00 6.3263e+01 -4.0806e+00 -1.4929e+00 -4.5335e+00 7.1880e-02 -7.7400e-01 2.1697e+01 -2.5545e+00 -9.6975e+00 -8.8000e-02 -1.0477e+01 -1.0243e+00 -1.4784e+01 -6.3858e+00 7.8037e-01 6.9353e+00 -5.4676e+00 -1.5915e+00 2.3503e-02 2.2828e+00 -1.5618e+00 -5.4826e+00 -1.6917e-01 -1.9225e-01 -6.3911e-02 -2.2117e-01 -1.1403e+01 -5.8075e+00 1.3989e+00 -1.8946e+00 4.9430e+00 7.3693e-01 -3.7842e-01 -8.4790e-02 -3.0512e-01 -1.1868e+00 -5.7101e-01 9.7690e-01 3.3346e-02 2.0831e-01 -2.5970e-01 -2.4871e-01 -6.0311e-02
-3.3650e-02 3.2290e-01 5.5298e-01 3.0654e+00 3.4185e-02 1.3546e+00 2.2718e-01 1.4667e-01 -9.4765e-03 -4.0806e+00 1.7625e+01 -3.4769e-01 -1.0366e+00 -1.0186e-01 -4.1399e-01 -2.8279e+00 -8.1255e-02 9.2749e-01 -2.9025e-01 4.8139e+00 2.8519e-01 3.2695e+00 -3.0539e-01 -3.8641e-02 -2.8291e+00 -6.8912e-01 -5.0576e-02 -1.2094e-01 9.7420e-01 3.7229e+00 -1.9652e+00 -1.0710e-01 -6.9796e-02 -1.5944e-02 -2.4811e-01 2.1739e+00 -1.9398e+00 3.7938e-01 -2.0418e-01 -6.1760e-01 -2.6084e-01 -2.2130e-02 -1.0353e-01 -6.4611e-02 -1.0104e-01 3.5015e-01 -1.9872e-01 -2.2999e-02 -7.9068e-02 -4.2018e-02 1.5909e-01 1.1336e-01
-2.0579e+00 5.9213e-01 5.8294e-01 -1.4253e+00 2.1721e-01 4.7763e-01 -2.4823e-01 8.4601e-01 -2.3268e+00 -1.4929e+00 -3.4769e-01 1.7732e+01 -7.8326e-01 1.2670e+00 -2.2498e-01 -1.1644e-01 8.9918e-01 -1.0997e+00 -3.8041e-01 -1.3568e+00 -4.0387e-02 -1.6082e-01 -6.6317e-02 -1.9367e-01 3.5128e+00 -6.0977e-01 2.1318e+00 -2.7271e-01 -6.7250e-01 4.8891e-01 -1.5459e+00 -8.9179e-02 3.3436e-01 -8.9119e-02 4.3816e-01 -1.3130e+00 1.2885e+00 7.7445e-02 -2.7789e-01 -9.2699e-01 6.6924e-01 -2.1070e-01 -8.8935e-02 -1.0014e-01 -1.2460e-01 2.9584e-01 2.4349e+00 3.8337e-01 3.8675e-02 -2.7151e-02 -1.7489e-01 -6.3293e-02
1.6250e+00 -1.4508e+00 -1.0507e+00 -4.9019e+00 -1.8085e+00 -7.3844e+00 5.2302e+00 4.1159e-01 -3.1288e+00 -4.5335e+00 -1.0366e+00 -7.8326e-01 3.6269e+01 -9.8026e-02 3.9995e+00 -5.0335e+00 1.4570e+00 1.2345e+00 -3.4975e-01 -1.1754e+00 -5.4294e-02 -2.3986e+00 -4.1007e-01 -3.4208e-01 9.3134e-02 -5.2829e-01 -1.1651e+00 -4.6696e-01 -4.6767e+00 -2.1127e-01 1.4424e+01 -2.7505e-01 -8.8441e-01 -3.7139e-01 1.5229e+00 6.4576e+00 2.2099e-01 1.8432e+00 -8.7830e-01 1.8729e+00 -2.9502e-02 3.5213e-01 -1.0688e-01 -4.2036e-01 3.8900e-02 -3.0256e-02 7.2529e-01 2.8976e-02 -2.0062e-01 -6.5847e-02 3.5114e-01 1.2871e-01
5.2062e-01 -3.1343e-01 -2.5975e-01 -1.2061e+00 -2.4009e-01 -2.3359e+00 -4.1849e-01 -8.6007e-01 -4.9315e-01 7.1880e-02 -1.0186e-01 1.2670e+00 -9.8026e-02 1.4319e+01 -1.5445e-01 2.2554e+00 1.9703e+00 -1.0372e-01 -8.5104e-02 -2.8875e+00 -1.2286e-01 -2.9709e+00 1.3912e-01 -5.4943e-02 -2.3467e+00 -1.4715e-01 -5.6549e-01 2.4715e-01 -1.4442e+00 1.4602e-01 -3.1111e-01 1.0141e+00 1.6115e-01 7.8504e-02 -6.5872e-02 -1.2833e+00 -6.9758e-02 -5.1512e-01 6.0643e-01 -7.7183e-02 -5.5884e-01 -2.7635e-01 -2.7224e-01 -1.1226e-01 1.6223e-01 8.5261e-02 -2.6127e-01 -8.8537e-02 -1.4653e-01 9.7227e-02 6.0575e-03 -3.7578e-01
1.2897e+00 -5.0470e-02 -2.6013e+00 1.3445e+00 -2.2409e-01 -1.3810e+00 1.9628e+00 -5.2160e-01 2.0647e+00 -7.7400e-01 -4.1399e-01 -2.2498e-01 3.9995e+00 -1.5445e-01 3.1605e+01 -8.4154e+00 -2.6363e-01 3.7937e-01 -5.4343e-01 -7.9166e-01 -5.1576e-01 -3.4584e+00 -4.6484e-01 -5.7802e-01 4.6692e+00 -5.9977e-01 5.3866e-02 -3.2420e-01 6.9231e+00 -4.6737e-01 -2.0285e+00 3.4451e-01 -2.9312e-01 1.4653e-01 -2.7756e-01 -2.1964e+00 1.4373e+00 -1.9116e+00 -2.2319e-01 3.4148e-01 4.2160e-02 2.3899e-01 -3.2300e-01 5.4241e-02 6.8820e-02 -1.8166e-01 4.5492e-01 -9.0485e-02 1.3382e+00 -3.4078e-02 -4.3610e-01 -4.8933e-01
-2.8434e+01 -8.2518e+00 -9.0963e+00 7.5092e+00 -7.4525e+00 5.9290e+00 4.7052e+00 2.2544e+01 2.5917e+01 2.1697e+01 -2.8279e+00 -1.1644e-01 -5.0335e+00 2.2554e+00 -8.4154e+00 1.2717e+02 -2.3045e+00 -2.0137e+01 6.9418e-01 1.7563e+01 -2.6060e-02 2.2062e+01 -1.3478e+01 2.3599e+00 -4.2488e+01 -5.9433e+00 4.3290e+00 -9.4109e-01 -2.6868e+01 -3.0456e-01 -3.2388e+00 -1.9102e-01 -1.8892e+00 -2.6222e+00 -1.0419e+00 -3.4691e+01 -1.4576e+01 3.4188e+00 -5.0095e+00 9.4367e+00 2.6977e+00 -1.1214e+00 3.0874e-01 -5.1379e-01 5.5973e-01 -1.6622e-01 1.5007e+00 -9.2581e-01 -1.0384e+00 -9.0575e-02 -3.7948e-01 -5.3380e-01
-1.0619e+00 7.7244e-01 8.2283e-01 -3.5416e+00 4.0176e-01 -2.0106e+00 2.9663e-01 -6.7279e-01 -1.2165e+00 -2.5545e+00 -8.1255e-02 8.9918e-01 1.4570e+00 1.9703e+00 -2.6363e-01 -2.3045e+00 1.6830e+01 1.6623e+00 -2.1549e-01 -4.6864e-01 -1.5033e-01 -1.9348e+00 1.1651e+00 9.2556e-02 -2.1128e+00 4.8556e+00 5.4801e-01 -1.5014e-01 3.5847e-01 -2.1463e-01 -1.0114e+00 -1.4905e-01 1.1937e-01 -1.8325e-01 -2.9285e-01 3.1289e+00 1.5037e+00 1.1336e-01 -4.1322e-01 -1.1377e+00 -4.1179e-01 -1.7742e-01 -1.3630e-01 -1.4290e-01 -9.5809e-02 -3.3808e-02 -1.0863e-01 2.0876e-01 5.4810e-02 -2.5374e-02 5.6667e-03 -1.8239e-01
-3.7123e+00 2.4058e+01 2.3388e+01 6.6926e+00 2.2176e+01 -1.3975e+01 7.5722e+00 -2.2931e+00 -1.2157e+01 -9.6975e+00 9.2749e-01 -1.0997e+00 1.2345e+00 -1.0372e-01 3.7937e-01 -2.0137e+01 1.6623e+00 5.6318e+01 1.3440e+00 -2.5114e+00 7.9293e-01 3.9629e-01 3.2611e+01 -3.4205e-01 -9.3272e+00 1.1344e+00 -1.3305e+00 -3.1677e-01 -8.2040e+00 -5.1459e-01 1.9715e+00 1.9801e-01 -5.2418e-01 -5.1608e-01 -2.6210e+00 7.9392e+00 2.4922e+01 3.4126e+00 -3.3179e+00 -2.2618e+01 1.2325e-01 1.7141e-01 1.1203e+00 1.2015e+00 -1.1923e+00 2.7128e-02 -4.7123e-01 2.2028e-01 2.5419e-01 3.1998e-01 7.1122e-01 -4.2206e-02
-5.2488e-01 5.6296e-01 -3.2793e+00 -5.6406e-01 1.5224e-01 4.5750e+00 5.7265e-01 2.4110e-02 -1.9522e-01 -8.8000e-02 -2.9025e-01 -3.8041e-01 -3.4975e-01 -8.5104e-02 -5.4343e-01 6.9418e-01 -2.1549e-01 1.3440e+00 1.5155e+01 2.5057e-01 2.3768e-01 4.1837e+00 7.0442e-01 -8.3526e-02 -2.2832e+00 -5.0789e-01 -3.5003e-01 -8.0995e-02 -1.2083e+00 -2.2823e-01 -9.3402e-01 -6.5425e-02 4.0541e-01 -1.6883e-01 -4.9310e-02 -1.0641e+00 -3.4028e-01 -1.3855e+00 1.2826e+00 -7.9838e-01 -4.1933e-02 -2.1012e-02 2.7712e+00 4.4044e-01 -1.2303e-01 1.4642e-02 -9.9045e-03 -8.0435e-02 -2.7966e-02 -4.0599e-02 5.7556e-02 4.8405e-02
-2.1387e+01 -4.6374e-01 -1.8360e+00 8.0415e-01 -6.5374e-01 5.8315e+01 5.9704e-01 -3.3283e+00 8.2455e+00 -1.0477e+01 4.8139e+00 -1.3568e+00 -1.1754e+00 -2.8875e+00 -7.9166e-01 1.7563e+01 -4.6864e-01 -2.5114e+00 2.5057e-01 8.2942e+01 -4.7790e-01 6.9863e+01 -6.7006e+00 -8.4471e-01 -1.8789e+01 -2.3296e-01 -3.8302e+00 -3.8734e-01 -2.0790e+01 -1.5756e+00 -2.5429e-01 -5.3088e-01 6.1076e-01 -9.1876e-01 5.4649e-01 -1.7170e+01 -2.4128e+00 -1.0107e+00 -8.9493e-01 -1.5606e+00 -3.4165e+00 -2.5820e-01 2.1907e+00 1.3139e+00 -5.3364e-01 1.2137e-01 -1.0082e+00 5.3536e-01 -1.6415e+00 1.6045e-01 -7.5599e-02 -1.6635e+00
-2.5073e-01 5.7819e-01 5.4115e-01 9.2232e-02 4.9568e-01 2.2764e-01 -2.8003e-01 -3.7425e-01 -4.9439e-01 -1.0243e+00 2.8519e-01 -4.0387e-02 -5.4294e-02 -1.2286e-01 -5.1576e-01 -2.6060e-02 -1.5033e-01 7.9293e-01 2.3768e-01 -4.7790e-01 1.4276e+01 -9.0160e-02 5.5722e-01 -3.4939e-01 -4.9853e-01 -1.0020e-01 -3.1246e-01 -8.9888e-02 -9.4128e-01 3.5118e-01 3.4127e-01 -8.3239e-02 -4.5831e-02 -1.8427e-01 -1.5365e-01 -6.3484e-01 1.0773e+00 -2.2493e-02 1.6757e-01 -4.0734e-01 -2.5045e-01 -8.3852e-02 1.5949e-01 -1.9190e-01 -4.9144e-02 -4.8940e-02 -6.9666e-02 -2.8458e-02 -2.4004e-01 7.7291e-01 -4.6624e-01 -4.5646e-01
-2.3236e+01 1.5999e+00 -3.4623e+00 1.1593e+00 8.2228e-01 5.7557e+01 2.4926e+00 -5.6929e+00 7.5917e+00 -1.4784e+01 3.2695e+00 -1.6082e-01 -2.3986e+00 -2.9709e+00 -3.4584e+00 2.2062e+01 -1.9348e+00 3.9629e-01 4.1837e+00 6.9863e+01 -9.0160e-02 1.0744e+02 -6.1042e+00 -2.2134e+00 -2.5465e+01 -9.2551e-01 -4.0216e+00 -5.7138e-01 -2.7919e+01 -2.1701e+00 -2.9037e+00 -7.2517e-01 4.1624e-01 -1.2504e+00 -2.9585e-01 -2.3138e+01 -9.8530e-01 -1.6131e+00 -1.1815e-01 -2.1894e+00 -2.1580e+00 -3.4263e-01 4.6973e+00 2.2936e+00 1.8060e+00 5.2094e-01 -1.0013e+00 4.4873e-01 3.1333e+00 8.7565e-02 -1.7185e-01 -1.3745e+00
-2.7841e+00 2.5445e+01 1.6750e+01 1.6009e+00 2.3199e+01 -1.4390e+01 9.2489e+00 -2.2700e+00 -1.0292e+01 -6.3858e+00 -3.0539e-01 -6.6317e-02 -4.1007e-01 1.3912e-01 -4.6484e-01 -1.3478e+01 1.1651e+00 3.2611e+01 7.0442e-01 -6.7006e+00 5.5722e-01 -6.1042e+00 5.5578e+01 -3.4734e-01 -1.2709e+00 6.6445e-01 3.3527e-03 -2.7367e-01 -7.7623e-01 -6.0992e-01 -3.1335e+00 1.8928e-01 -1.8079e+00 -1.1052e+00 -3.5700e+00 1.0087e+00 2.9677e+01 5.6463e+00 -4.1775e+00 -3.1897e+01 1.1413e+00 2.0759e-02 1.0515e+00 1.0121e+00 -2.3187e-01 -5.3070e-01 7.6925e-01 -3.6720e-01 -1.3512e-01 4.1911e-01 4.5486e+00 1.8696e-01
4.4064e+00 -2.5527e-01 7.0634e-01 4.5368e-02 -3.7198e-01 -1.1138e+00 3.8918e-01 1.4807e-01 1.2129e+00 7.8037e-01 -3.8641e-02 -1.9367e-01 -3.4208e-01 -5.4943e-02 -5.7802e-01 2.3599e+00 9.2556e-02 -3.4205e-01 -8.3526e-02 -8.4471e-01 -3.4939e-01 -2.2134e+00 -3.4734e-01 1.4681e+01 -1.0303e+00 -1.6569e-01 9.5650e-01 -1.3432e-01 -1.9259e+00 -2.0293e-01 -7.4322e-01 2.2514e-01 -1.2979e-01 -1.6861e-01 -1.0962e-01 -2.0208e+00 -7.3004e+00 3.7785e-01 -2.9124e-01 1.4650e+00 2.6334e-02 -2.5865e-02 -1.2572e-01 2.3602e-02 -1.8409e-01 2.0863e-01 -6.5388e-02 -3.6680e-02 -3.9839e-01 1.1450e-01 3.7866e-02 1.0838e-01
2.0102e+01 2.8959e-01 -4.3822e+00 -5.7866e+00 -1.9902e+00 -7.4839e+00 4.3307e-01 -1.6232e+01 4.4120e+00 6.9353e+00 -2.8291e+00 3.5128e+00 9.3134e-02 -2.3467e+00 4.6692e+00 -4.2488e+01 -2.1128e+00 -9.3272e+00 -2.2832e+00 -1.8789e+01 -4.9853e-01 -2.5465e+01 -1.2709e+00 -1.0303e+00 1.2131e+02 -5.2712e+00 1.5189e+00 -1.5261e+00 4.8838e+01 -2.1970e+00 -6.1187e+00 2.7381e-01 -3.5616e-01 7.6501e-01 -1.0671e+00 4.6704e+00 5.2584e-01 1.0239e+00 1.2961e+00 1.7978e+00 -2.7509e+00 9.3963e-01 -1.3418e+00 -8.7412e-02 -1.0325e+00 1.8337e-01 3.0880e+00 5.5907e-01 -4.4668e-01 -1.5374e-01 -1.2897e-01 6.7798e-01
-1.3057e+00 1.7508e+00 1.7658e+00 -4.3230e+00 1.5550e-01 -2.5150e+00 1.1095e+00 -3.1872e-01 -1.1757e+00 -5.4676e+00 -6.8912e-01 -6.0977e-01 -5.2829e-01 -1.4715e-01 -5.9977e-01 -5.9433e+00 4.8556e+00 1.1344e+00 -5.0789e-01 -2.3296e-01 -1.0020e-01 -9.2551e-01 6.6445e-01 -1.6569e-01 -5.2712e+00 2.5008e+01 -9.5340e-01 2.9226e-01 -5.2043e+00 -3.6524e-01 -2.4333e+00 -1.6680e-01 -2.7009e-01 3.2411e-01 -3.5524e-01 8.5772e+00 2.0412e+00 7.3923e-01 -8.5384e-01 -1.3749e+00 -1.4159e-01 -1.9306e-01 -1.9212e-01 2.5278e-02 -2.3435e-01 -5.2755e-02 -3.1748e-01 1.5005e-01 1.2814e-01 -6.7452e-02 2.2126e-01 -1.3381e-01
-2.5715e+00 -4.6831e-01 -3.6905e-01 -5.6684e-01 -9.5814e-01 -2.2385e+00 -3.1512e+00 5.7208e+00 4.1915e-01 -1.5915e+00 -5.0576e-02 2.1318e+00 -1.1651e+00 -5.6549e-01 5.3866e-02 4.3290e+00 5.4801e-01 -1.3305e+00 -3.5003e-01 -3.8302e+00 -3.1246e-01 -4.0216e+00 3.3527e-03 9.5650e-01 1.5189e+00 -9.5340e-01 3.3897e+01 8.1541e-01 1.0992e+01 -4.5972e-02 -2.9240e+00 3.2484e-02 -3.0082e-01 3.6081e+00 -1.7171e-01 1.1080e+01 -5.4776e+00 -4.1719e+00 -6.9660e-01 7.7694e-01 -1.5649e+00 1.8500e+00 -2.6446e-01 -2.1733e-01 1.9371e+00 -8.4023e-02 2.7956e+00 1.2488e-01 -1.5282e-01 -3.1491e-02 -1.3184e-01 7.4992e-02
-1.4072e+00 -4.4659e-01 -4.5911e-01 -1.2340e-01 -4.8871e-01 -3.6912e-01 -2.1966e-01 9.3373e-01 -4.2017e-01 2.3503e-02 -1.2094e-01 -2.7271e-01 -4.6696e-01 2.4715e-01 -3.2420e-01 -9.4109e-01 -1.5014e-01 -3.1677e-01 -8.0995e-02 -3.8734e-01 -8.9888e-02 -5.7138e-01 -2.7367e-01 -1.3432e-01 -1.5261e+00 2.9226e-01 8.1541e-01 1.1062e+01 -4.1111e-01 -1.3540e-01 -6.6452e-01 -7.6935e-03 1.8983e-03 3.8729e-02 6.1355e-01 -8.8287e-01 -1.4779e+00 -2.1167e-04 -1.6352e-01 1.0409e+00 -2.3039e-01 -1.3029e-01 3.5550e-01 -1.0685e-01 -3.2363e-02 -2.6460e-02 -1.3126e-01 -2.9545e-02 -7.6105e-02 -2.8240e-02 -3.5734e-02 -8.6696e-02
5.1700e+00 -4.0816e+00 -1.2401e+01 -2.1517e+00 -4.0001e+00 1.1779e+01 -1.7466e+01 3.6645e+00 3.8955e-02 2.2828e+00 9.7420e-01 -6.7250e-01 -4.6767e+00 -1.4442e+00 6.9231e+00 -2.6868e+01 3.5847e-01 -8.2040e+00 -1.2083e+00 -2.0790e+01 -9.4128e-01 -2.7919e+01 -7.7623e-01 -1.9259e+00 4.8838e+01 -5.2043e+00 1.0992e+01 -4.1111e-01 1.5293e+02 3.7302e+00 -3.1390e+00 3.7110e-01 -2.3950e+00 5.0760e+00 -1.3271e+00 4.4731e+01 7.8706e+00 -2.1245e+01 7.4664e+00 -2.0289e+01 -3.7359e+00 1.8487e+00 -1.6811e+00 -1.2110e+00 -8.3209e-01 1.2185e+00 3.5322e+00 -9.8930e-01 8.3148e-01 -1.7670e-01 -1.5370e+00 4.4293e+00
-1.5420e+00 -1.0948e+00 -4.5836e-01 9.5574e-01 -6.2123e-01 -1.6034e+00 -2.4499e-01 1.3017e+00 -2.5683e-02 -1.5618e+00 3.7229e+00 4.8891e-01 -2.1127e-01 1.4602e-01 -4.6737e-01 -3.0456e-01 -2.1463e-01 -5.1459e-01 -2.2823e-01 -1.5756e+00 3.5118e-01 -2.1701e+00 -6.0992e-01 -2.0293e-01 -2.1970e+00 -3.6524e-01 -4.5972e-02 -1.3540e-01 3.7302e+00 1.8192e+01 -1.3150e+00 -1.5617e-01 -1.0775e-01 -1.1465e-01 -2.4867e-01 2.6976e+00 2.6241e-01 5.5441e-01 -2.7393e-01 1.0649e+00 -3.2375e-01 -1.6660e-01 1.5378e-02 -1.1208e-01 -5.4546e-02 -6.2098e-02 3.1684e-01 -5.4199e-02 1.3809e-02 -5.4020e-02 4.8820e-02 8.1833e-02
2.1803e+00 -9.1882e-01 2.4613e+00 -6.4348e+00 -2.0160e-01 -4.6273e+00 5.4961e-01 5.5317e-01 -5.7692e+00 -5.4826e+00 -1.9652e+00 -1.5459e+00 1.4424e+01 -3.1111e-01 -2.0285e+00 -3.2388e+00 -1.0114e+00 1.9715e+00 -9.3402e-01 -2.5429e-01 3.4127e-01 -2.9037e+00 -3.1335e+00 -7.4322e-01 -6.1187e+00 -2.4333e+00 -2.9240e+00 -6.6452e-01 -3.1390e+00 -1.3150e+00 5.6302e+01 5.7491e-01 1.7584e-01 -2.2042e-01 -7.5584e-01 2.5190e+01 4.4795e+00 1.9556e-01 6.1582e-01 -1.6456e+00 -9.4897e-01 4.1738e-01 1.1880e-02 -3.5974e-01 -5.0312e-01 2.9327e-01 1.5896e-02 6.3819e-01 -1.2856e-02 -7.1207e-02 -2.8906e-01 -1.0387e-01
-8.6216e-01 1.1254e-01 3.3760e-01 -7.7339e-02 3.4690e-02 -7.7229e-01 5.7315e-01 2.9694e-01 -3.1113e-01 -1.6917e-01 -1.0710e-01 -8.9179e-02 -2.7505e-01 1.0141e+00 3.4451e-01 -1.9102e-01 -1.4905e-01 1.9801e-01 -6.5425e-02 -5.3088e-01 -8.3239e-02 -7.2517e-01 1.8928e-01 2.2514e-01 2.7381e-01 -1.6680e-01 3.2484e-02 -7.6935e-03 3.7110e-01 -1.5617e-01 5.7491e-01 1.0944e+01 -1.3792e-01 -1.0945e-01 -1.8901e-01 -5.5287e-01 8.1274e-01 -9.0797e-03 -2.4217e-01 9.9195e-02 -2.0660e-01 1.1695e-01 5.2993e-03 -6.6619e-02 -7.0512e-02 -5.2263e-02 -1.6696e-01 -6.2851e-02 -7.5342e-02 -3.0517e-02 -1.8322e-01 -2.3519e-01
-9.8440e-02 -1.8815e+00 -1.9701e+00 -3.2092e-01 -1.6680e+00 5.5999e+00 -5.3264e+00 -1.1306e+00 -1.1698e+00 -1.9225e-01 -6.9796e-02 3.3436e-01 -8.8441e-01 1.6115e-01 -2.9312e-01 -1.8892e+00 1.1937e-01 -5.2418e-01 4.0541e-01 6.1076e-01 -4.5831e-02 4.1624e-01 -1.8079e+00 -1.2979e-01 -3.5616e-01 -2.7009e-01 -3.0082e-01 1.8983e-03 -2.3950e+00 -1.0775e-01 1.7584e-01 -1.3792e-01 1.8333e+01 -3.5012e-01 1.3435e+00 -1.8581e+00 1.5342e+00 5.8789e-01 -6.7209e-01 3.1534e+00 -2.0804e-01 6.0561e-01 -1.3232e-01 1.2733e-01 -1.4543e-01 -1.3494e-02 4.5951e-01 -2.5913e-02 -9.6390e-02 -8.3888e-02 5.3555e-02 -7.9553e-01
2.8674e+00 -1.0781e+00 -1.1232e+00 1.3583e-01 -1.2239e+00 4.3319e+00 -3.2131e+00 -6.8807e-01 -8.0919e-01 -6.3911e-02 -1.5944e-02 -8.9119e-02 -3.7139e-01 7.8504e-02 1.4653e-01 -2.6222e+00 -1.8325e-01 -5.1608e-01 -1.6883e-01 -9.1876e-01 -1.8427e-01 -1.2504e+00 -1.1052e+00 -1.6861e-01 7.6501e-01 3.2411e-01 3.6081e+00 3.8729e-02 5.0760e+00 -1.1465e-01 -2.2042e-01 -1.0945e-01 -3.5012e-01 1.4074e+01 -2.8878e-01 4.4070e+00 -1.7035e+00 -4.8080e+00 -4.4899e-01 -3.6863e+00 -1.2885e-01 7.4261e-01 -1.6638e-01 -1.2417e-01 6.1404e-01 -6.5549e-02 -6.0106e-02 -4.6359e-02 -2.2606e-01 6.9541e-02 4.2095e-01 -1.4834e+00
-4.0819e-02 -1.9849e+00 -1.7045e+00 -6.1807e-01 -1.6141e+00 -9.3417e-03 -1.0485e+00 -2.0875e-01 -1.2496e+00 -2.2117e-01 -2.4811e-01 4.3816e-01 1.5229e+00 -6.5872e-02 -2.7756e-01 -1.0419e+00 -2.9285e-01 -2.6210e+00 -4.9310e-02 5.4649e-01 -1.5365e-01 -2.9585e-01 -3.5700e+00 -1.0962e-01 -1.0671e+00 -3.5524e-01 -1.7171e-01 6.1355e-01 -1.3271e+00 -2.4867e-01 -7.5584e-01 -1.8901e-01 1.3435e+00 -2.8878e-01 1.7897e+01 -1.6627e+00 -2.8615e+00 6.9425e-01 1.9629e+00 4.7403e+00 1.1606e+00 5.1438e-01 -2.0514e-01 -6.8036e-02 -5.4061e-02 -6.4717e-02 3.0990e-01 -1.0390e-01 -6.1754e-02 -9.5000e-02 2.8582e-01 -3.8311e-01
4.8203e+00 -4.4548e+00 3.4809e+00 -9.0602e+00 4.3876e-01 -9.9195e+00 -4.2780e+00 6.7053e+00 2.0299e+00 -1.1403e+01 2.1739e+00 -1.3130e+00 6.4576e+00 -1.2833e+00 -2.1964e+00 -3.4691e+01 3.1289e+00 7.9392e+00 -1.0641e+00 -1.7170e+01 -6.3484e-01 -2.3138e+01 1.0087e+00 -2.0208e+00 4.6704e+00 8.5772e+00 1.1080e+01 -8.8287e-01 4.4731e+01 2.6976e+00 2.5190e+01 -5.5287e-01 -1.8581e+00 4.4070e+00 -1.6627e+00 1.4478e+02 7.3750e+00 -3.0136e+00 7.1404e-01 -2.1042e+00 -2.9074e+00 1.4403e+00 -1.5764e+00 -2.2913e-01 -1.1943e+00 -5.1827e-03 2.6392e+00 1.0892e+00 -1.7288e-01 -1.5386e-01 -3.4136e-01 1.8203e-01
-1.3888e+01 2.5126e+01 1.4095e+01 3.3637e+00 2.0391e+01 -4.9536e+00 6.9255e+00 -7.7365e-01 -9.6240e+00 -5.8075e+00 -1.9398e+00 1.2885e+00 2.2099e-01 -6.9758e-02 1.4373e+00 -1.4576e+01 1.5037e+00 2.4922e+01 -3.4028e-01 -2.4128e+00 1.0773e+00 -9.8530e-01 2.9677e+01 -7.3004e+00 5.2584e-01 2.0412e+00 -5.4776e+00 -1.4779e+00 7.8706e+00 2.6241e-01 4.4795e+00 8.1274e-01 1.5342e+00 -1.7035e+00 -2.8615e+00 7.3750e+00 9.0341e+01 5.4489e+00 -5.2332e+00 -3.4104e+01 7.8203e-01 7.9939e-01 1.1261e+00 1.2540e+00 -6.1590e-01 1.5869e-02 1.1978e+00 2.8549e-01 9.2771e-01 2.6809e-01 -6.8017e-02 -3.3350e-01
-8.1465e+00 4.6413e+00 6.3095e+00 -9.6329e-01 4.3781e+00 -2.0600e+01 1.6537e+01 3.9126e-01 1.4533e+00 1.3989e+00 3.7938e-01 7.7445e-02 1.8432e+00 -5.1512e-01 -1.9116e+00 3.4188e+00 1.1336e-01 3.4126e+00 -1.3855e+00 -1.0107e+00 -2.2493e-02 -1.6131e+00 5.6463e+00 3.7785e-01 1.0239e+00 7.3923e-01 -4.1719e+00 -2.1167e-04 -2.1245e+01 5.5441e-01 1.9556e-01 -9.0797e-03 5.8789e-01 -4.8080e+00 6.9425e-01 -3.0136e+00 5.4489e+00 4.4293e+01 -6.8972e+00 2.4760e+01 -5.6740e-01 -8.8085e-01 2.7218e-01 2.2163e-01 -1.4596e-01 -3.7101e-01 2.4060e-01 6.0258e-02 -4.9350e-01 9.0491e-02 8.4471e+00 1.5870e+01
4.7248e+00 -2.4676e+00 -5.3391e+00 -1.4656e+00 -2.6198e+00 2.8854e+00 -4.6748e+00 -6.2830e-01 -2.0902e+00 -1.8946e+00 -2.0418e-01 -2.7789e-01 -8.7830e-01 6.0643e-01 -2.2319e-01 -5.0095e+00 -4.1322e-01 -3.3179e+00 1.2826e+00 -8.9493e-01 1.6757e-01 -1.1815e-01 -4.1775e+00 -2.9124e-01 1.2961e+00 -8.5384e-01 -6.9660e-01 -1.6352e-01 7.4664e+00 -2.7393e-01 6.1582e-01 -2.4217e-01 -6.7209e-01 -4.4899e-01 1.9629e+00 7.1404e-01 -5.2332e+00 -6.8972e+00 2.3999e+01 -1.1310e+00 -1.2235e-01 -1.1141e-01 -3.6030e-01 -4.9090e-01 -1.6534e-01 -9.0099e-02 -1.9115e-01 -6.6676e-02 -1.6828e-01 -1.3905e-01 -4.4765e-01 8.5469e-01
-5.5722e-01 -2.1588e+01 -9.6764e+00 -4.8576e+00 -1.7206e+01 -1.1294e+01 8.9324e+00 2.0086e+00 1.0786e+01 4.9430e+00 -6.1760e-01 -9.2699e-01 1.8729e+00 -7.7183e-02 3.4148e-01 9.4367e+00 -1.1377e+00 -2.2618e+01 -7.9838e-01 -1.5606e+00 -4.0734e-01 -2.1894e+00 -3.1897e+01 1.4650e+00 1.7978e+00 -1.3749e+00 7.7694e-01 1.0409e+00 -2.0289e+01 1.0649e+00 -1.6456e+00 9.9195e-02 3.1534e+00 -3.6863e+00 4.7403e+00 -2.1042e+00 -3.4104e+01 2.4760e+01 -1.1310e+00 7.8796e+01 -5.8657e-02 -4.2529e-01 -7.0229e-02 -1.0337e+00 -3.6039e-02 -1.9218e-01 -4.0270e-01 -3.1138e-01 -1.1303e-01 -4.2728e-01 1.1346e+01 7.2033e+00
8.0644e+00 -1.8635e-01 -1.4180e-02 5.1982e-02 1.8036e-02 -3.0636e+00 3.0980e-01 -4.3109e+00 2.2320e-01 7.3693e-01 -2.6084e-01 6.6924e-01 -2.9502e-02 -5.5884e-01 4.2160e-02 2.6977e+00 -4.1179e-01 1.2325e-01 -4.1933e-02 -3.4165e+00 -2.5045e-01 -2.1580e+00 1.1413e+00 2.6334e-02 -2.7509e+00 -1.4159e-01 -1.5649e+00 -2.3039e-01 -3.7359e+00 -3.2375e-01 -9.4897e-01 -2.0660e-01 -2.0804e-01 -1.2885e-01 1.1606e+00 -2.9074e+00 7.8203e-01 -5.6740e-01 -1.2235e-01 -5.8657e-02 2.2769e+01 -3.3050e-01 1.6173e-01 -1.8506e-01 3.3551e-02 -2.5133e-02 -1.9982e-01 -1.3929e-01 1.1227e-01 -5.9428e-03 -8.3313e-02 -4.8166e-01
6.0213e-01 -8.7646e-01 -7.4306e-02 -1.6723e-01 -1.7771e-01 -6.0422e-01 -9.1790e-01 4.6064e-01 -2.9377e-01 -3.7842e-01 -2.2130e-02 -2.1070e-01 3.5213e-01 -2.7635e-01 2.3899e-01 -1.1214e+00 -1.7742e-01 1.7141e-01 -2.1012e-02 -2.5820e-01 -8.3852e-02 -3.4263e-01 2.0759e-02 -2.5865e-02 9.3963e-01 -1.9306e-01 1.8500e+00 -1.3029e-01 1.8487e+00 -1.6660e-01 4.1738e-01 1.1695e-01 6.0561e-01 7.4261e-01 5.1438e-01 1.4403e+00 7.9939e-01 -8.8085e-01 -1.1141e-01 -4.2529e-01 -3.3050e-01 1.0524e+01 -2.3762e-01 -6.3762e-02 -7.4980e-02 4.9653e-02 -1.1725e-01 -6.0644e-02 -2.1858e-01 -1.5985e-02 -1.0677e-01 -5.6907e-01
-1.2883e+00 7.6098e-01 -6.1725e-01 -2.4226e-01 6.8239e-01 3.9911e+00 1.3659e+00 -1.2316e+00 -6.5430e-01 -8.4790e-02 -1.0353e-01 -8.8935e-02 -1.0688e-01 -2.7224e-01 -3.2300e-01 3.0874e-01 -1.3630e-01 1.1203e+00 2.7712e+00 2.1907e+00 1.5949e-01 4.6973e+00 1.0515e+00 -1.2572e-01 -1.3418e+00 -1.9212e-01 -2.6446e-01 3.5550e-01 -1.6811e+00 1.5378e-02 1.1880e-02 5.2993e-03 -1.3232e-01 -1.6638e-01 -2.0514e-01 -1.5764e+00 1.1261e+00 2.7218e-01 -3.6030e-01 -7.0229e-02 1.6173e-01 -2.3762e-01 1.3201e+01 -1.7026e-01 1.1024e-01 -5.9747e-03 -2.9044e-02 1.2137e-01 -1.7559e-01 -2.8370e-02 7.8441e-01 -1.1711e-01
-2.4080e-01 1.0163e+00 2.4364e-01 -1.2150e-01 1.3877e+00 1.3851e+00 3.8418e-01 -2.7542e-01 -9.8415e-01 -3.0512e-01 -6.4611e-02 -1.0014e-01 -4.2036e-01 -1.1226e-01 5.4241e-02 -5.1379e-01 -1.4290e-01 1.2015e+00 4.4044e-01 1.3139e+00 -1.9190e-01 2.2936e+00 1.0121e+00 2.3602e-02 -8.7412e-02 2.5278e-02 -2.1733e-01 -1.0685e-01 -1.2110e+00 -1.1208e-01 -3.5974e-01 -6.6619e-02 1.2733e-01 -1.2417e-01 -6.8036e-02 -2.2913e-01 1.2540e+00 2.2163e-01 -4.9090e-01 -1.0337e+00 -1.8506e-01 -6.3762e-02 -1.7026e-01 1.1518e+01 1.1630e-01 -3.3281e-02 -2.2865e-02 -7.0594e-02 -1.4004e-01 -6.1576e-02 -5.7742e-02 6.0197e-02
-5.3029e-01 1.2162e-01 1.8933e-01 -3.6891e-01 2.5396e-01 -1.1423e-01 5.0843e-01 -7.6708e-01 1.0345e+00 -1.1868e+00 -1.0104e-01 -1.2460e-01 3.8900e-02 1.6223e-01 6.8820e-02 5.5973e-01 -9.5809e-02 -1.1923e+00 -1.2303e-01 -5.3364e-01 -4.9144e-02 1.8060e+00 -2.3187e-01 -1.8409e-01 -1.0325e+00 -2.3435e-01 1.9371e+00 -3.2363e-02 -8.3209e-01 -5.4546e-02 -5.0312e-01 -7.0512e-02 -1.4543e-01 6.1404e-01 -5.4061e-02 -1.1943e+00 -6.1590e-01 -1.4596e-01 -1.6534e-01 -3.6039e-02 3.3551e-02 -7.4980e-02 1.1024e-01 1.1630e-01 1.0386e+01 -6.2037e-02 -8.9591e-02 2.0216e-01 -1.2969e-01 -2.3053e-02 -3.9262e-01 -4.3731e-01
-5.6845e-02 7.6586e-01 7.2936e-02 -2.6863e-01 2.3199e-02 2.8539e-01 -1.6881e-01 -9.3337e-02 -8.2500e-04 -5.7101e-01 3.5015e-01 2.9584e-01 -3.0256e-02 8.5261e-02 -1.8166e-01 -1.6622e-01 -3.3808e-02 2.7128e-02 1.4642e-02 1.2137e-01 -4.8940e-02 5.2094e-01 -5.3070e-01 2.0863e-01 1.8337e-01 -5.2755e-02 -8.4023e-02 -2.6460e-02 1.2185e+00 -6.2098e-02 2.9327e-01 -5.2263e-02 -1.3494e-02 -6.5549e-02 -6.4717e-02 -5.1827e-03 1.5869e-02 -3.7101e-01 -9.0099e-02 -1.9218e-01 -2.5133e-02 4.9653e-02 -5.9747e-03 -3.3281e-02 -6.2037e-02 5.7411e+00 -1.6070e-02 4.0029e-01 -8.3457e-02 1.9616e-02 -5.6899e-01 5.1475e-01
-9.4852e-01 7.4989e-01 -1.4244e+00 -7.0380e-01 5.8609e-01 1.5338e-01 -3.8734e-01 9.9742e-01 1.2301e-01 9.7690e-01 -1.9872e-01 2.4349e+00 7.2529e-01 -2.6127e-01 4.5492e-01 1.5007e+00 -1.0863e-01 -4.7123e-01 -9.9045e-03 -1.0082e+00 -6.9666e-02 -1.0013e+00 7.6925e-01 -6.5388e-02 3.0880e+00 -3.1748e-01 2.7956e+00 -1.3126e-01 3.5322e+00 3.1684e-01 1.5896e-02 -1.6696e-01 4.5951e-01 -6.0106e-02 3.0990e-01 2.6392e+00 1.1978e+00 2.4060e-01 -1.9115e-01 -4.0270e-01 -1.9982e-01 -1.1725e-01 -2.9044e-02 -2.2865e-02 -8.9591e-02 -1.6070e-02 1.1809e+01 -7.1938e-02 -3.6077e-02 -2.5167e-02 -1.5664e-02 -3.7921e-02
-6.7012e-01 1.5881e-01 1.1687e-01 -9.4075e-02 -9.1598e-02 1.2320e+00 1.0522e-01 -2.0674e-01 -6.7963e-01 3.3346e-02 -2.2999e-02 3.8337e-01 2.8976e-02 -8.8537e-02 -9.0485e-02 -9.2581e-01 2.0876e-01 2.2028e-01 -8.0435e-02 5.3536e-01 -2.8458e-02 4.4873e-01 -3.6720e-01 -3.6680e-02 5.5907e-01 1.5005e-01 1.2488e-01 -2.9545e-02 -9.8930e-01 -5.4199e-02 6.3819e-01 -6.2851e-02 -2.5913e-02 -4.6359e-02 -1.0390e-01 1.0892e+00 2.8549e-01 6.0258e-02 -6.6676e-02 -3.1138e-01 -1.3929e-01 -6.0644e-02 1.2137e-01 -7.0594e-02 2.0216e-01 4.0029e-01 -7.1938e-02 6.7614e+00 -4.0717e-02 2.9047e-02 -4.1576e-02 3.5106e-02
5.8165e-01 2.3444e-01 2.1087e-01 1.8385e-01 1.3323e-01 -2.0748e+00 1.8358e-01 -1.1376e+00 4.9076e-01 2.0831e-01 -7.9068e-02 3.8675e-02 -2.0062e-01 -1.4653e-01 1.3382e+00 -1.0384e+00 5.4810e-02 2.5419e-01 -2.7966e-02 -1.6415e+00 -2.4004e-01 3.1333e+00 -1.3512e-01 -3.9839e-01 -4.4668e-01 1.2814e-01 -1.5282e-01 -7.6105e-02 8.3148e-01 1.3809e-02 -1.2856e-02 -7.5342e-02 -9.6390e-02 -2.2606e-01 -6.1754e-02 -1.7288e-01 9.2771e-01 -4.9350e-01 -1.6828e-01 -1.1303e-01 1.1227e-01 -2.1858e-01 -1.7559e-01 -1.4004e-01 -1.2969e-01 -8.3457e-02 -3.6077e-02 -4.0717e-02 1.2240e+01 -2.4473e-02 -2.7977e-01 1.1518e-01
4.7585e-02 4.3856e-01 4.0617e-01 2.1151e-01 3.7418e-01 -2.3313e-01 5.7819e-01 -4.7538e-02 2.1441e-01 -2.5970e-01 -4.2018e-02 -2.7151e-02 -6.5847e-02 9.7227e-02 -3.4078e-02 -9.0575e-02 -2.5374e-02 3.1998e-01 -4.0599e-02 1.6045e-01 7.7291e-01 8.7565e-02 4.1911e-01 1.1450e-01 -1.5374e-01 -6.7452e-02 -3.1491e-02 -2.8240e-02 -1.7670e-01 -5.4020e-02 -7.1207e-02 -3.0517e-02 -8.3888e-02 6.9541e-02 -9.5000e-02 -1.5386e-01 2.6809e-01 9.0491e-02 -1.3905e-01 -4.2728e-01 -5.9428e-03 -1.5985e-02 -2.8370e-02 -6.1576e-02 -2.3053e-02 1.9616e-02 -2.5167e-02 2.9047e-02 -2.4473e-02 4.1544e+00 -6.4861e-02 -3.6661e-02
2.6991e-01 -4.5564e-01 -1.4597e-02 -6.9066e-01 4.4467e-01 2.9241e+00 2.2712e+00 -2.2056e-01 -3.9424e-01 -2.4871e-01 1.5909e-01 -1.7489e-01 3.5114e-01 6.0575e-03 -4.3610e-01 -3.7948e-01 5.6667e-03 7.1122e-01 5.7556e-02 -7.5599e-02 -4.6624e-01 -1.7185e-01 4.5486e+00 3.7866e-02 -1.2897e-01 2.2126e-01 -1.3184e-01 -3.5734e-02 -1.5370e+00 4.8820e-02 -2.8906e-01 -1.8322e-01 5.3555e-02 4.2095e-01 2.8582e-01 -3.4136e-01 -6.8017e-02 8.4471e+00 -4.4765e-01 1.1346e+01 -8.3313e-02 -1.0677e-01 7.8441e-01 -5.7742e-02 -3.9262e-01 -5.6899e-01 -1.5664e-02 -4.1576e-02 -2.7977e-01 -6.4861e-02 1.8060e+01 5.6366e+00
-1.0357e-01 9.0266e-01 -5.0949e-02 -7.5860e-01 -6.2385e-02 -2.9465e+00 1.2350e+00 6.2697e-02 -6.4937e-01 -6.0311e-02 1.1336e-01 -6.3293e-02 1.2871e-01 -3.7578e-01 -4.8933e-01 -5.3380e-01 -1.8239e-01 -4.2206e-02 4.8405e-02 -1.6635e+00 -4.5646e-01 -1.3745e+00 1.8696e-01 1.0838e-01 6.7798e-01 -1.3381e-01 7.4992e-02 -8.6696e-02 4.4293e+00 8.1833e-02 -1.0387e-01 -2.3519e-01 -7.9553e-01 -1.4834e+00 -3.8311e-01 1.8203e-01 -3.3350e-01 1.5870e+01 8.5469e-01 7.2033e+00 -4.8166e-01 -5.6907e-01 -1.1711e-01 6.0197e-02 -4.3731e-01 5.1475e-01 -3.7921e-02 3.5106e-02 1.1518e-01 -3.6661e-02 5.6366e+00 1.9716e+01
