1.3256e+02 -4.1945e+01 -4.3103e+01 -3.1113e+00 5.1789e+01 -6.8940e+00 -9.3410e+00 -3.5793e-01 -4.0055e+00 -2.6355e+01 -3.8200e+00 -2.9724e+00 4.0506e+00 7.3472e-03 1.2626e+00 -4.5895e-01 -1.6613e+00 9.9372e+00 -3.2188e+00 7.0429e+00 3.9175e-02 1.2613e+01 -2.9154e-01 1.7860e-03 7.1536e+00 1.3506e+00 1.0710e+01 -4.1296e-01 3.4981e+00 -2.4442e+01 2.7587e+00 7.9083e-01 -7.8806e-01 -3.1071e+00 -4.8076e+00 -2.0070e+00 -1.8247e+00 7.8541e-01 -1.1791e+00 1.0365e-01 6.2884e-01 1.9817e-01 1.5665e+00 -1.9767e-01 -3.3991e-01 6.4896e-01 -5.1617e-01 3.2075e+00 1.3078e+00 7.8652e-01 -2.6065e-01 -4.9824e-01
-4.1945e+01 9.2644e+01 7.0680e+01 -7.7142e+00 -5.6184e+01 -1.1036e+01 1.0228e+01 2.8932e-01 -3.0640e+01 4.3192e+01 7.1002e-01 4.0619e+00 -2.6129e+00 -2.3234e+00 3.9774e-01 5.2325e-01 2.5053e+00 -1.3113e+01 3.3929e+00 6.5775e-02 -7.6304e-01 -1.3393e+01 2.7911e+00 -7.4523e-02 -4.5903e+00 1.0610e-01 -1.8270e-01 1.7614e+00 -4.3058e+00 3.9492e+01 -8.3347e-01 -8.9500e-01 4.2684e-01 8.3866e-01 3.6263e+00 -9.2258e-01 3.1413e+00 -1.0591e+00 1.2680e+00 2.2165e+00 -8.3028e-01 -2.1363e-01 1.6147e+00 -4.2133e-01 2.3869e-01 -1.4116e-01 -1.5337e-01 -1.0764e+00 -1.1402e-01 -3.6095e+00 3.8770e-01 2.1540e-01
-4.3103e+01 7.0680e+01 1.0619e+02 -6.3077e+00 -4.2102e+01 3.6037e+00 7.7963e-02 -5.4976e+00 -2.4845e+01 3.3569e+01 -2.9457e+00 3.0268e+00 -2.5583e+00 -8.5259e+00 -6.0356e-02 -1.4823e+00 2.0794e+00 -1.3116e+01 3.7487e+00 -6.5547e+00 8.0548e-01 -1.5509e+01 2.7736e-01 1.4149e-01 3.9508e+00 9.7809e-01 -1.1189e+00 1.8531e+00 -7.3458e+00 3.3544e+01 2.4864e-01 -1.2841e+00 6.7355e-01 -4.4985e-01 1.1204e+00 -1.2237e+00 2.4755e+00 -4.6379e-01 8.9903e-01 -2.3795e+00 -9.8953e-01 -4.6229e-01 -9.7864e-01 -2.7474e-01 2.9650e-01 -8.5547e-03 1.3349e+00 -2.3781e+00 6.3440e-02 2.9574e-01 4.0168e+00 -4.6695e+00
-3.1113e+00 -7.7142e+00 -6.3077e+00 5.5449e+01 -2.5198e+01 -8.1568e+00 -3.9779e-01 -1.3171e+00 9.3018e+00 -4.5092e+00 -1.9794e+00 7.1521e-01 -5.0273e-01 -1.1448e+00 -1.6794e-01 3.6323e-01 -2.4299e-01 1.8416e-01 -1.4257e+00 -2.3510e+00 -3.6823e-02 -1.7363e+00 -3.3584e+00 1.9468e+00 -1.5884e+00 -2.1947e+00 9.7893e+00 -5.3435e-01 -7.8434e+00 5.3895e+00 6.1189e+00 -9.9930e-01 -6.5186e+00 -1.4636e+00 -3.1814e+00 -2.1437e+00 -5.1811e-01 2.6504e-01 -7.8043e-01 4.8690e-01 4.0050e-01 7.0006e-01 -2.7244e-01 2.5864e-01 -1.3691e-01 7.2261e-01 1.2244e+00 4.6992e+00 -3.6946e-01 -3.5502e-01 1.6780e-01 -8.2786e-01
5.1789e+01 -5.6184e+01 -4.2102e+01 -2.5198e+01 1.3384e+02 1.4306e+01 -1.6192e+01 -1.7823e-01 1.1531e+01 -3.5966e+01 1.9574e+00 -4.5484e+00 7.5075e-01 2.7935e+00 1.1865e-01 -3.3772e+00 -3.0656e+00 1.0384e+01 -2.6226e+00 1.3787e+00 -6.8275e-01 1.6277e+01 1.9092e+00 -1.2113e+00 5.6550e+00 -3.5508e+00 2.9437e+00 -1.6276e+00 -1.7805e+00 -2.5319e+01 -3.3068e+00 1.0487e+00 1.0941e+00 2.2937e+00 -8.6778e+00 2.0941e+00 -7.4318e+00 8.2501e-01 -9.5211e-01 1.2442e+00 1.5854e+00 -1.9343e-01 -1.2564e+00 3.9991e-01 7.1664e-01 3.6339e-01 -7.4665e-01 -2.7064e+00 4.6175e-02 2.0272e+00 -2.1897e-01 -3.1007e-01
-6.8940e+00 -1.1036e+01 3.6037e+00 -8.1568e+00 1.4306e+01 5.9420e+01 -1.0351e+01 -7.4468e-01 1.5376e+01 -2.9309e-01 -1.4941e+00 -3.2433e+00 1.2374e+00 9.8504e-01 1.2822e-01 -2.0393e+00 -7.2372e-01 2.3663e-02 -3.8003e+00 -9.6804e-02 3.5827e-01 -1.2712e+00 5.9336e-01 3.5497e-01 -2.2742e-01 5.5155e-01 -1.7426e+00 3.1201e-01 -1.6389e+00 -1.0759e+00 -8.9765e+00 5.3266e-01 1.1180e+00 4.2838e+00 -1.5743e+00 -1.3724e+00 -2.1920e+00 -3.6833e-01 -1.2550e+00 2.9980e+00 9.6336e-02 2.5106e-02 -2.3581e+00 -5.1456e-01 -1.1736e-01 4.4372e-01 6.6401e-02 -1.8847e-01 3.3619e-02 1.8549e+00 -1.4234e-01 -8.2808e-01
-9.3410e+00 1.0228e+01 7.7963e-02 -3.9779e-01 -1.6192e+01 -1.0351e+01 5.4690e+01 -5.9918e-01 3.7533e+00 2.0195e+01 1.9657e+00 -1.3333e+00 -3.0825e+00 -1.1010e-03 1.3511e-01 -2.2261e-01 3.7849e-01 2.9957e+00 -8.1709e-01 -3.2923e-01 -1.4270e-01 -6.9082e-01 -2.3811e-01 -5.3834e-01 -2.5105e+00 -3.8956e-01 1.1849e+00 6.7832e-01 -2.0418e+00 1.3520e+01 -6.3608e-01 -2.7987e-01 -3.3647e-01 -8.3421e+00 -8.9987e-01 2.8748e+00 -5.2051e+00 7.9642e-02 -4.4792e-01 -2.7750e+00 -6.5018e-01 -1.9024e-02 2.0491e+00 -3.7445e-01 7.6349e-02 -9.7606e-02 -1.9980e-01 -3.4426e-01 -5.1038e-02 2.2778e-01 -6.0454e-01 -2.8550e-01
-3.5793e-01 2.8932e-01 -5.4976e+00 -1.3171e+00 -1.7823e-01 -7.4468e-01 -5.9918e-01 1.9042e+01 2.6707e+00 -5.6811e-01 -1.5696e+00 3.9184e-01 -4.1364e-01 1.2756e+01 -1.2859e-01 -1.8344e-02 -3.9029e-02 -8.6732e-01 7.6457e-02 1.2170e+01 -9.1496e-01 1.1922e-01 8.9220e-02 7.2567e-03 -2.9846e-01 -1.7483e+00 4.4297e-01 -2.8042e-01 -6.2746e-01 6.5415e-01 -4.4935e-01 5.0557e-02 -3.5646e-01 -7.8865e-01 -3.8000e-04 9.0481e-02 1.6305e-01 1.5208e-02 2.9603e-03 9.8246e+00 2.8457e-02 -1.4688e-01 3.4211e-02 1.1072e-03 2.9940e-02 -3.5467e-01 -1.2848e+00 -2.2893e-01 4.2333e-01 -4.1704e-02 6.8735e+00 1.4342e+01
-4.0055e+00 -3.0640e+01 -2.4845e+01 9.3018e+00 1.1531e+01 1.5376e+01 3.7533e+00 2.6707e+00 1.0736e+02 -3.6602e+01 -3.9004e+00 -3.0801e+00 2.2783e+00 2.8918e+00 9.8677e-01 -9.3937e-02 6.0528e-01 -1.6483e+01 -2.8005e+00 2.4357e+00 7.4866e-01 -6.5209e+00 -4.0623e+00 -3.7657e-01 7.7339e-01 -5.8701e-02 1.2112e+00 -5.8550e-01 2.8306e+00 -2.3124e+01 -4.2701e+00 1.2071e-01 -2.6787e-01 -3.6153e+00 -4.1996e+00 1.9417e+00 -8.6958e+00 -8.1519e-01 -8.4292e-01 2.3947e+00 6.1904e-01 -3.5989e-01 -1.8293e+00 1.3229e+00 -3.7098e-01 -1.1234e-01 -2.2329e-01 1.0807e+00 -4.2360e-01 1.5352e+00 1.2033e+00 1.8184e+00
-2.6355e+01 4.3192e+01 3.3569e+01 -4.5092e+00 -3.5966e+01 -2.9309e-01 2.0195e+01 -5.6811e-01 -3.6602e+01 7.5726e+01 1.7658e+00 -1.7861e+00 -4.9166e+00 1.8751e+00 -2.1816e+00 -1.3272e-01 7.3151e-01 2.7456e+00 -2.2472e+00 -3.2215e-01 -8.6745e-01 -5.0241e+00 3.1645e+00 -2.8269e-02 -5.0625e+00 3.8698e-01 1.1111e+00 1.8496e+00 -8.8137e+00 4.4576e+01 -1.4560e+00 -4.2971e-01 7.5665e-01 5.0594e-01 5.6341e+00 -6.8041e-01 4.5420e+00 -1.7048e-01 -1.7582e-01 1.5704e+00 -9.7325e-01 -2.3593e-01 1.0544e+00 -1.4070e-01 3.5945e-01 -6.4864e-01 2.0900e-04 -1.6986e+00 -2.8961e-01 -2.1219e+00 4.3306e-02 -6.5931e-01
-3.8200e+00 7.1002e-01 -2.9457e+00 -1.9794e+00 1.9574e+00 -1.4941e+00 1.9657e+00 -1.5696e+00 -3.9004e+00 1.7658e+00 3.7654e+01 -5.9583e-01 -7.5703e-01 -2.5877e+00 1.2313e+00 4.1286e-01 -6.5824e-01 1.2750e+00 -4.5465e-01 9.6064e-01 -3.6322e-01 -9.4230e-02 6.3637e-01 -2.0689e-01 5.0552e-01 5.8647e+00 -5.2040e+00 -2.8045e-01 4.9015e+00 -4.7397e+00 -6.6407e-01 5.3378e-02 -1.4254e+00 -7.2963e-01 -8.8385e-01 -7.8396e-01 6.6735e-01 2.4352e-01 5.6731e-02 -2.3538e+00 -2.1738e-01 -1.3545e-01 5.7474e-02 -1.6270e-01 9.7379e-01 -1.4725e-01 -1.2587e-01 -4.1032e-02 -4.3851e-01 -2.4941e-01 -2.1132e+00 3.1774e+00
-2.9724e+00 4.0619e+00 3.0268e+00 7.1521e-01 -4.5484e+00 -3.2433e+00 -1.3333e+00 3.9184e-01 -3.0801e+00 -1.7861e+00 -5.9583e-01 2.4724e+01 -7.3370e-01 5.6982e-01 -2.9262e-01 -2.3530e-01 3.1472e+00 -6.4680e-01 7.5106e+00 3.8641e-01 1.1878e+00 -6.9196e-01 4.6129e-01 -2.1703e-01 -4.3746e-01 -6.0619e-01 5.3165e-01 -1.7948e-01 -1.6107e+00 3.5529e-02 7.8559e+00 5.1752e-01 -5.5009e-01 -1.3141e+00 5.8685e-01 -3.7938e-01 -4.7117e-01 2.6657e-01 -1.7384e-01 1.1334e+00 -3.4427e-02 -1.0539e-01 -1.6260e-01 -1.3770e-01 -6.8544e-02 1.7442e+00 -1.8531e-01 1.6694e+00 -1.2454e-01 -2.6793e-01 1.6042e-01 2.9482e-01
4.0506e+00 -2.6129e+00 -2.5583e+00 -5.0273e-01 7.5075e-01 1.2374e+00 -3.0825e+00 -4.1364e-01 2.2783e+00 -4.9166e+00 -7.5703e-01 -7.3370e-01 2.8158e+01 1.7882e-01 1.6334e+00 -1.1702e-01 3.7917e+00 3.3447e+00 -3.4255e-01 9.3466e-01 -2.4276e-01 -1.2885e+00 -8.3508e-01 -1.0031e-01 -1.6906e+00 -2.2625e-01 -3.3144e+00 -4.9227e-01 1.0929e+01 -7.5938e+00 -4.2988e-01 -1.5822e-01 -2.8375e-01 -2.0311e+00 -6.3537e-01 -3.3707e-01 -1.2663e+00 1.9027e-01 4.6487e-01 3.8659e-01 -1.0523e-01 -6.8764e-02 -7.6341e-02 -9.0690e-02 2.7375e-01 -1.6844e-01 1.5152e-01 -4.1345e-01 -4.1941e-01 -3.6078e-01 -7.2986e-02 -1.4330e-01
7.3472e-03 -2.3234e+00 -8.5259e+00 -1.1448e+00 2.7935e+00 9.8504e-01 -1.1010e-03 1.2756e+01 2.8918e+00 1.8751e+00 -2.5877e+00 5.6982e-01 1.7882e-01 2.9731e+01 -1.9484e-01 1.1459e-02 -2.3334e-01 -9.4909e-01 3.4002e-01 1.3547e+01 -1.3220e+00 -1.0209e-01 4.8599e-01 -1.3760e-01 -2.4054e-02 -1.3175e+00 3.2672e-02 -2.7685e-02 1.0446e+00 -1.3670e+00 -1.8537e-01 2.8579e-02 -5.8793e-02 -5.5259e-01 4.9151e-01 1.6353e-01 1.2780e-02 1.0026e-01 -1.3546e-01 1.1939e+01 1.6258e-01 -1.7839e-01 -1.2684e-01 7.5547e-02 4.0902e-03 -5.1152e-01 -1.3035e+00 -2.4153e-01 3.8868e-01 2.0820e-01 1.1714e+01 9.6170e+00
1.2626e+00 3.9774e-01 -6.0356e-02 -1.6794e-01 1.1865e-01 1.2822e-01 1.3511e-01 -1.2859e-01 9.8677e-01 -2.1816e+00 1.2313e+00 -2.9262e-01 1.6334e+00 -1.9484e-01 1.5122e+01 7.4791e-01 -1.7377e-01 -6.0567e-01 -9.9219e-02 -2.3785e-01 -6.9249e-02 -1.8846e-01 -1.0799e-01 -1.0376e-01 -5.4685e-01 3.3692e-01 -3.1929e-01 -4.0529e-02 2.9356e+00 -1.8029e+00 3.6707e-02 -1.0044e-01 -1.8272e-01 -1.4521e+00 -2.4844e-02 -2.9687e-01 -5.9170e-01 -5.9404e-02 -1.0792e-01 3.3433e-02 -3.6103e-02 9.0242e-01 -4.6577e-02 4.8510e-02 5.0648e-01 -2.6140e-02 -3.0811e-02 -5.9113e-01 5.9911e-01 -1.3515e-01 -3.9184e-01 -2.4942e-01
-4.5895e-01 5.2325e-01 -1.4823e+00 3.6323e-01 -3.3772e+00 -2.0393e+00 -2.2261e-01 -1.8344e-02 -9.3937e-02 -1.3272e-01 4.1286e-01 -2.3530e-01 -1.1702e-01 1.1459e-02 7.4791e-01 9.5279e+00 7.2129e-02 -7.1493e-02 -1.3619e-01 -3.7715e-02 -3.4209e-02 -1.6764e-01 -4.5938e-01 -2.8141e-01 -1.6405e-01 1.0112e+00 -3.6579e+00 -5.6047e-02 3.1944e+00 -3.4547e+00 2.9228e-02 -4.5923e-02 -3.2329e-01 -3.7237e-01 9.8492e-01 -3.2359e-01 5.5717e-01 -1.9725e-02 -8.4469e-02 2.3239e-02 -5.8520e-02 -4.7401e-02 -4.8501e-02 -4.4758e-02 -5.3190e-02 -4.3348e-01 -5.1133e-02 -4.1647e-01 -5.5851e-02 -3.1512e-02 -1.2458e-01 -6.0894e-02
-1.6613e+00 2.5053e+00 2.0794e+00 -2.4299e-01 -3.0656e+00 -7.2372e-01 3.7849e-01 -3.9029e-02 6.0528e-01 7.3151e-01 -6.5824e-01 3.1472e+00 3.7917e+00 -2.3334e-01 -1.7377e-01 7.2129e-02 1.6509e+01 5.1314e+00 9.7843e-01 5.1352e-01 7.8787e-02 -7.4281e-01 -4.2619e-01 -1.1202e-01 -8.6667e-01 -5.0335e-01 -1.5468e+00 -3.2627e-01 -2.1744e+00 2.9090e+00 9.0012e-01 4.6526e-02 -1.6652e-01 -1.0149e+00 -4.6508e-01 1.1181e+00 -7.3844e-01 -1.0325e-01 -1.1538e-01 9.2950e-02 -5.0670e-03 -4.5446e-02 4.7497e-02 -8.3149e-02 3.0905e-01 -3.3731e-02 -8.9847e-02 -3.5345e-01 -2.3951e-01 -8.0308e-02 1.1322e-02 -5.3396e-02
9.9372e+00 -1.3113e+01 -1.3116e+01 1.8416e-01 1.0384e+01 2.3663e-02 2.9957e+00 -8.6732e-01 -1.6483e+01 2.7456e+00 1.2750e+00 -6.4680e-01 3.3447e+00 -9.4909e-01 -6.0567e-01 -7.1493e-02 5.1314e+00 4.0190e+01 -4.4542e-01 -1.9073e-01 -4.3589e-02 1.1255e+01 -4.9885e-01 -2.9576e-01 -1.2744e+00 -1.2171e+00 -2.9223e+00 -5.0832e-01 -2.1172e+00 -6.1653e+00 -6.8182e-01 -2.1298e-01 -6.2823e-01 -2.6193e+00 1.1577e+00 -5.7445e-01 -1.2082e+00 6.5758e-01 -2.0727e-01 -1.7091e+00 -3.6173e-02 3.7004e-01 1.1678e-01 -4.8792e-02 2.4789e-01 -7.0349e-02 -6.8184e-02 -1.2778e+00 -3.1112e-01 -4.7895e-01 -1.1403e+00 -1.8833e-01
-3.2188e+00 3.3929e+00 3.7487e+00 -1.4257e+00 -2.6226e+00 -3.8003e+00 -8.1709e-01 7.6457e-02 -2.8005e+00 -2.2472e+00 -4.5465e-01 7.5106e+00 -3.4255e-01 3.4002e-01 -9.9219e-02 -1.3619e-01 9.7843e-01 -4.4542e-01 2.0446e+01 1.8118e-01 1.1752e-01 9.4624e-02 -5.6023e-01 1.6227e-01 -3.9723e-03 -4.8704e-01 -1.9775e+00 3.8633e-01 3.8189e-01 -2.1927e+00 6.6552e+00 2.1404e-02 -2.3997e-03 -1.0087e+00 -5.5354e-01 1.8798e-01 -4.4168e-01 3.5878e-01 -1.0824e-01 7.3275e-01 -5.1187e-02 7.4133e-03 -5.7600e-02 -1.2731e-01 -3.8564e-02 2.2517e-01 -2.0341e-01 -7.9259e-02 -1.6581e-02 -3.3478e-01 -4.8512e-02 1.9135e-02
7.0429e+00 6.5775e-02 -6.5547e+00 -2.3510e+00 1.3787e+00 -9.6804e-02 -3.2923e-01 1.2170e+01 2.4357e+00 -3.2215e-01 9.6064e-01 3.8641e-01 9.3466e-01 1.3547e+01 -2.3785e-01 -3.7715e-02 5.1352e-01 -1.9073e-01 1.8118e-01 3.3988e+01 -8.6916e-01 3.7216e-01 4.8794e-01 1.2405e-01 6.4221e-01 -5.6004e-01 2.6450e+00 -8.9128e-01 3.7377e+00 -3.5647e+00 -3.3786e-01 -4.0302e-02 -4.7517e-01 4.1795e-02 4.9562e-01 8.5539e-02 2.1344e-01 3.8907e-02 -6.7166e-01 1.1562e+01 2.1757e-01 -2.1172e-01 4.3532e-02 -8.9820e-03 2.0554e-01 -4.8024e-01 -1.1850e+00 -5.1813e-01 5.4031e-01 1.2593e-01 7.4616e+00 1.0606e+01
3.9175e-02 -7.6304e-01 8.0548e-01 -3.6823e-02 -6.8275e-01 3.5827e-01 -1.4270e-01 -9.1496e-01 7.4866e-01 -8.6745e-01 -3.6322e-01 1.1878e+00 -2.4276e-01 -1.3220e+00 -6.9249e-02 -3.4209e-02 7.8787e-02 -4.3589e-02 1.1752e-01 -8.6916e-01 1.1274e+01 -3.5522e-01 8.0765e-01 1.9072e-03 1.1073e-01 -3.6901e-01 3.7337e-01 -9.4980e-02 4.9927e-01 -1.1173e+00 1.0514e+00 9.1807e-02 3.1289e-02 -3.0056e-01 7.5825e-01 -9.0856e-02 -7.6037e-02 4.5380e-01 1.4868e-01 -8.4676e-01 -7.5681e-02 3.5292e-02 -1.0723e-01 2.2599e-01 -7.3624e-02 -9.8547e-02 9.6126e-01 -7.0071e-02 -1.1037e-01 -1.6068e-01 5.1644e-01 -1.1219e+00
1.2613e+01 -1.3393e+01 -1.5509e+01 -1.7363e+00 1.6277e+01 -1.2712e+00 -6.9082e-01 1.1922e-01 -6.5209e+00 -5.0241e+00 -9.4230e-02 -6.9196e-01 -1.2885e+00 -1.0209e-01 -1.8846e-01 -1.6764e-01 -7.4281e-01 1.1255e+01 9.4624e-02 3.7216e-01 -3.5522e-01 4.0686e+01 -1.5511e+00 -4.2427e-01 -4.0579e-01 -9.1558e-01 -1.6976e+00 2.2190e+00 -3.4228e+00 -6.2886e+00 3.7855e-01 -6.6773e-01 5.6061e-01 -1.2064e+00 -2.5297e-01 -7.0472e-01 7.2332e-02 3.3809e-01 -2.6819e-01 3.4044e-01 -5.5185e-01 2.6946e-01 -2.5637e-01 1.8252e-02 -1.6836e-01 -7.1445e-01 -2.0726e-01 -1.7614e+00 -1.2181e-01 -5.6080e-01 -9.0060e-03 8.7969e-02
-2.9154e-01 2.7911e+00 2.7736e-01 -3.3584e+00 1.9092e+00 5.9336e-01 -2.3811e-01 8.9220e-02 -4.0623e+00 3.1645e+00 6.3637e-01 4.6129e-01 -8.3508e-01 4.8599e-01 -1.0799e-01 -4.5938e-01 -4.2619e-01 -4.9885e-01 -5.6023e-01 4.8794e-01 8.0765e-01 -1.5511e+00 2.6541e+01 -5.7226e-01 -9.6427e-01 -1.0402e+00 2.7270e+00 3.4209e-02 -2.1045e-01 -1.7245e+00 -1.6272e-02 -5.7451e-01 -1.4271e+00 -1.4444e+00 5.2139e+00 -7.7506e-01 -6.8774e-01 4.6452e-02 3.4330e-02 2.0118e-01 -2.4151e-01 -1.4679e-01 -1.5849e-01 -1.3540e-01 1.2239e+00 -1.0204e+00 -1.3634e-01 -5.2938e-01 -2.8779e-01 9.0673e-01 3.2484e-02 5.8566e-02
1.7860e-03 -7.4523e-02 1.4149e-01 1.9468e+00 -1.2113e+00 3.5497e-01 -5.3834e-01 7.2567e-03 -3.7657e-01 -2.8269e-02 -2.0689e-01 -2.1703e-01 -1.0031e-01 -1.3760e-01 -1.0376e-01 -2.8141e-01 -1.1202e-01 -2.9576e-01 1.6227e-01 1.2405e-01 1.9072e-03 -4.2427e-01 -5.7226e-01 1.2379e+01 -6.5911e-02 -5.3954e-01 2.2745e+00 -1.9041e-01 -1.3508e+00 1.8310e+00 -9.3819e-02 -2.7388e-01 -1.0287e+00 9.2862e-01 3.6433e-01 -3.5698e-01 5.1004e-01 -5.4578e-02 -1.2894e-01 -2.2231e-01 -3.6410e-02 9.5356e-01 7.9685e-02 -7.2422e-02 -5.7518e-03 -5.9603e-01 3.7414e-02 -6.7198e-01 -9.4296e-02 -1.1488e-01 -1.5668e-03 -1.1769e-02
7.1536e+00 -4.5903e+00 3.9508e+00 -1.5884e+00 5.6550e+00 -2.2742e-01 -2.5105e+00 -2.9846e-01 7.7339e-01 -5.0625e+00 5.0552e-01 -4.3746e-01 -1.6906e+00 -2.4054e-02 -5.4685e-01 -1.6405e-01 -8.6667e-01 -1.2744e+00 -3.9723e-03 6.4221e-01 1.1073e-01 -4.0579e-01 -9.6427e-01 -6.5911e-02 3.9573e+01 -1.5280e+00 -4.6860e+00 1.0259e+00 -3.5620e+00 -2.6977e+00 1.6398e+00 -2.8369e-01 2.9054e-01 1.3722e+00 -1.3355e+00 -3.9927e-01 -2.2161e+00 4.4937e-01 2.8940e-01 -1.1176e+00 -3.2670e-01 -7.0423e-02 3.8346e-01 4.8102e-02 -3.5173e-01 2.0400e-01 5.4392e-01 3.3087e+00 1.3357e-01 3.4814e+00 -9.9609e-01 -5.6358e-01
1.3506e+00 1.0610e-01 9.7809e-01 -2.1947e+00 -3.5508e+00 5.5155e-01 -3.8956e-01 -1.7483e+00 -5.8701e-02 3.8698e-01 5.8647e+00 -6.0619e-01 -2.2625e-01 -1.3175e+00 3.3692e-01 1.0112e+00 -5.0335e-01 -1.2171e+00 -4.8704e-01 -5.6004e-01 -3.6901e-01 -9.1558e-01 -1.0402e+00 -5.3954e-01 -1.5280e+00 4.0185e+01 -1.5132e+01 -4.6738e-01 2.0360e+01 -2.0641e+01 -6.0242e-03 1.3116e-01 5.7582e+00 -2.1496e+00 -2.3173e+00 -9.8370e-01 -3.5102e-01 -7.9365e-02 -3.9907e-01 -3.2872e+00 -3.1017e-01 -6.8421e-02 -1.8179e-01 -2.5742e-01 -3.6609e-01 -8.7599e-01 8.1803e-01 -7.2036e-01 -4.8681e-01 3.4017e-01 -3.4744e-01 1.3233e+00
1.0710e+01 -1.8270e-01 -1.1189e+00 9.7893e+00 2.9437e+00 -1.7426e+00 1.1849e+00 4.4297e-01 1.2112e+00 1.1111e+00 -5.2040e+00 5.3165e-01 -3.3144e+00 3.2672e-02 -3.1929e-01 -3.6579e+00 -1.5468e+00 -2.9223e+00 -1.9775e+00 2.6450e+00 3.7337e-01 -1.6976e+00 2.7270e+00 2.2745e+00 -4.6860e+00 -1.5132e+01 8.0572e+01 -2.1319e+00 -4.1607e+01 4.2426e+01 1.3746e-01 1.2356e+00 -1.9214e+01 4.4317e+00 6.3691e-01 2.8285e+00 2.3041e+00 -2.1438e-01 1.2753e-01 -2.4505e+00 8.6694e-01 3.5438e-01 -4.4270e-02 -1.1177e-01 -9.5979e-01 -2.9115e-01 -3.9841e-01 1.7584e+00 2.3769e+00 -7.7140e-01 1.4176e-01 2.8209e-01
-4.1296e-01 1.7614e+00 1.8531e+00 -5.3435e-01 -1.6276e+00 3.1201e-01 6.7832e-01 -2.8042e-01 -5.8550e-01 1.8496e+00 -2.8045e-01 -1.7948e-01 -4.9227e-01 -2.7685e-02 -4.0529e-02 -5.6047e-02 -3.2627e-01 -5.0832e-01 3.8633e-01 -8.9128e-01 -9.4980e-02 2.2190e+00 3.4209e-02 -1.9041e-01 1.0259e+00 -4.6738e-01 -2.1319e+00 1.4808e+01 -1.2352e+00 2.8147e+00 -2.1928e-01 -1.8654e-01 1.3208e+00 -9.8060e-01 2.9590e+00 -7.4390e-02 -2.7866e-01 -7.8768e-02 -1.1733e-01 -4.8091e-01 -1.6322e-01 -5.4037e-02 -7.9255e-02 5.1087e-02 -1.2780e-01 -1.9717e-01 -5.2447e-02 -3.8104e-01 -4.4808e-02 -3.2069e-01 -1.0995e-01 -1.8039e-01
3.4981e+00 -4.3058e+00 -7.3458e+00 -7.8434e+00 -1.7805e+00 -1.6389e+00 -2.0418e+00 -6.2746e-01 2.8306e+00 -8.8137e+00 4.9015e+00 -1.6107e+00 1.0929e+01 1.0446e+00 2.9356e+00 3.1944e+00 -2.1744e+00 -2.1172e+00 3.8189e-01 3.7377e+00 4.9927e-01 -3.4228e+00 -2.1045e-01 -1.3508e+00 -3.5620e+00 2.0360e+01 -4.1607e+01 -1.2352e+00 9.6044e+01 -8.2179e+01 3.7989e-01 -1.0648e+00 1.0519e+01 -7.7026e+00 5.8707e+00 -8.0149e-01 -4.5423e+00 -1.9647e-01 -6.8563e-01 -3.7526e+00 -8.5162e-01 -3.8409e-01 -3.9597e-01 1.4827e-02 -1.2547e+00 2.8016e-01 6.0349e-01 -2.3864e+00 -1.7461e+00 9.2798e-02 -7.2887e-02 -3.2923e-01
-2.4442e+01 3.9492e+01 3.3544e+01 5.3895e+00 -2.5319e+01 -1.0759e+00 1.3520e+01 6.5415e-01 -2.3124e+01 4.4576e+01 -4.7397e+00 3.5529e-02 -7.5938e+00 -1.3670e+00 -1.8029e+00 -3.4547e+00 2.9090e+00 -6.1653e+00 -2.1927e+00 -3.5647e+00 -1.1173e+00 -6.2886e+00 -1.7245e+00 1.8310e+00 -2.6977e+00 -2.0641e+01 4.2426e+01 2.8147e+00 -8.2179e+01 1.4578e+02 -4.2646e+00 4.5566e-01 -1.0802e+01 9.5186e+00 -1.2144e+00 6.3210e-01 8.2879e+00 3.2337e-02 3.9150e-01 3.1597e+00 -6.6685e-01 2.9697e-01 1.4233e+00 -1.6293e-01 1.4345e+00 -5.5618e-01 -4.6766e-01 3.8957e-01 1.6239e+00 -3.2268e+00 2.5556e-01 3.2231e-01
2.7587e+00 -8.3347e-01 2.4864e-01 6.1189e+00 -3.3068e+00 -8.9765e+00 -6.3608e-01 -4.4935e-01 -4.2701e+00 -1.4560e+00 -6.6407e-01 7.8559e+00 -4.2988e-01 -1.8537e-01 3.6707e-02 2.9228e-02 9.0012e-01 -6.8182e-01 6.6552e+00 -3.3786e-01 1.0514e+00 3.7855e-01 -1.6272e-02 -9.3819e-02 1.6398e+00 -6.0242e-03 1.3746e-01 -2.1928e-01 3.7989e-01 -4.2646e+00 4.4734e+01 -4.5553e-01 -8.1136e-01 -1.4025e+00 1.1290e+00 -6.5117e-02 1.7487e+00 6.4384e-01 -4.1198e-01 1.0050e+00 5.2802e-01 -1.2319e-01 -2.6003e-01 -6.2067e-01 4.5451e-02 -5.5790e-01 1.1876e+00 3.7216e-01 1.5683e-01 -5.3883e-01 3.1721e-01 -1.3254e-01
7.9083e-01 -8.9500e-01 -1.2841e+00 -9.9930e-01 1.0487e+00 5.3266e-01 -2.7987e-01 5.0557e-02 1.2071e-01 -4.2971e-01 5.3378e-02 5.1752e-01 -1.5822e-01 2.8579e-02 -1.0044e-01 -4.5923e-02 4.6526e-02 -2.1298e-01 2.1404e-02 -4.0302e-02 9.1807e-02 -6.6773e-01 -5.7451e-01 -2.7388e-01 -2.8369e-01 1.3116e-01 1.2356e+00 -1.8654e-01 -1.0648e+00 4.5566e-01 -4.5553e-01 1.2614e+01 -1.1543e+00 -2.0260e-01 1.9293e-01 -3.8829e-01 -1.7529e-01 3.6851e-02 -1.3355e-01 -3.0788e-01 -7.7022e-02 -8.2357e-02 -8.0082e-02 -1.4269e-02 -2.9020e-02 -5.6150e-01 -5.4200e-02 3.1352e-02 7.5981e-01 -8.5400e-02 1.7495e-02 2.8717e-02
-7.8806e-01 4.2684e-01 6.7355e-01 -6.5186e+00 1.0941e+00 1.1180e+00 -3.3647e-01 -3.5646e-01 -2.6787e-01 7.5665e-01 -1.4254e+00 -5.5009e-01 -2.8375e-01 -5.8793e-02 -1.8272e-01 -3.2329e-01 -1.6652e-01 -6.2823e-01 -2.3997e-03 -4.7517e-01 3.1289e-02 5.6061e-01 -1.4271e+00 -1.0287e+00 2.9054e-01 5.7582e+00 -1.9214e+01 1.3208e+00 1.0519e+01 -1.0802e+01 -8.1136e-01 -1.1543e+00 3.3889e+01 -1.0412e+00 -3.2197e+00 -1.3669e+00 -1.2062e+00 -9.4473e-02 -2.1305e-01 -3.9622e-02 -3.1824e-01 -2.4221e-01 -1.6434e-01 -1.6378e-01 2.9506e-01 1.7395e+00 -6.9856e-02 -1.4359e+00 -2.8531e-01 8.4507e-01 -4.5714e-01 -3.7881e-01
-3.1071e+00 8.3866e-01 -4.4985e-01 -1.4636e+00 2.2937e+00 4.2838e+00 -8.3421e+00 -7.8865e-01 -3.6153e+00 5.0594e-01 -7.2963e-01 -1.3141e+00 -2.0311e+00 -5.5259e-01 -1.4521e+00 -3.7237e-01 -1.0149e+00 -2.6193e+00 -1.0087e+00 4.1795e-02 -3.0056e-01 -1.2064e+00 -1.4444e+00 9.2862e-01 1.3722e+00 -2.1496e+00 4.4317e+00 -9.8060e-01 -7.7026e+00 9.5186e+00 -1.4025e+00 -2.0260e-01 -1.0412e+00 5.7544e+01 -1.5989e+00 -5.5798e-01 2.1613e+01 -3.6413e-01 -3.6484e-01 2.4869e-01 -3.8301e-01 1.9538e-01 -2.1604e-01 -1.0646e-01 -1.4721e-01 1.8621e-01 -2.5167e-01 -1.8971e+00 5.9671e-02 -1.1602e+00 -1.2174e+00 -1.0306e+00
-4.8076e+00 3.6263e+00 1.1204e+00 -3.1814e+00 -8.6778e+00 -1.5743e+00 -8.9987e-01 -3.8000e-04 -4.1996e+00 5.6341e+00 -8.8385e-01 5.8685e-01 -6.3537e-01 4.9151e-01 -2.4844e-02 9.8492e-01 -4.6508e-01 1.1577e+00 -5.5354e-01 4.9562e-01 7.5825e-01 -2.5297e-01 5.2139e+00 3.6433e-01 -1.3355e+00 -2.3173e+00 6.3691e-01 2.9590e+00 5.8707e+00 -1.2144e+00 1.1290e+00 1.9293e-01 -3.2197e+00 -1.5989e+00 4.0988e+01 -8.8658e-01 2.9823e+00 2.0675e-01 1.2892e+00 5.2615e-02 -5.0925e-01 -1.3959e-02 3.1707e-01 -1.5088e-01 7.0820e-01 -1.0933e+00 -1.3947e-01 -5.1319e-01 -3.7259e-01 1.3273e-01 -6.1000e-03 1.6523e-01
-2.0070e+00 -9.2258e-01 -1.2237e+00 -2.1437e+00 2.0941e+00 -1.3724e+00 2.8748e+00 9.0481e-02 1.9417e+00 -6.8041e-01 -7.8396e-01 -3.7938e-01 -3.3707e-01 1.6353e-01 -2.9687e-01 -3.2359e-01 1.1181e+00 -5.7445e-01 1.8798e-01 8.5539e-02 -9.0856e-02 -7.0472e-01 -7.7506e-01 -3.5698e-01 -3.9927e-01 -9.8370e-01 2.8285e+00 -7.4390e-02 -8.0149e-01 6.3210e-01 -6.5117e-02 -3.8829e-01 -1.3669e+00 -5.5798e-01 -8.8658e-01 1.8153e+01 -4.4744e-01 -1.2112e-01 -4.9205e-02 -3.1153e+00 1.1580e-01 -1.2168e-01 -2.8873e-02 -5.7236e-02 -4.3398e-02 7.0583e-01 1.4706e-02 -7.3025e-01 -1.2056e-01 -1.5521e-01 -4.3376e-02 6.1558e-02
-1.8247e+00 3.1413e+00 2.4755e+00 -5.1811e-01 -7.4318e+00 -2.1920e+00 -5.2051e+00 1.6305e-01 -8.6958e+00 4.5420e+00 6.6735e-01 -4.7117e-01 -1.2663e+00 1.2780e-02 -5.9170e-01 5.5717e-01 -7.3844e-01 -1.2082e+00 -4.4168e-01 2.1344e-01 -7.6037e-02 7.2332e-02 -6.8774e-01 5.1004e-01 -2.2161e+00 -3.5102e-01 2.3041e+00 -2.7866e-01 -4.5423e+00 8.2879e+00 1.7487e+00 -1.7529e-01 -1.2062e+00 2.1613e+01 2.9823e+00 -4.4744e-01 4.2028e+01 -2.2833e-01 6.8370e-01 5.9753e-01 -3.2689e-01 -1.4613e-01 -5.3414e-02 -1.4097e-01 -1.9673e-01 -2.2487e-01 -2.1090e-01 -1.5671e+00 -6.9355e-02 -9.7907e-01 3.4524e-01 1.0497e-01
7.8541e-01 -1.0591e+00 -4.6379e-01 2.6504e-01 8.2501e-01 -3.6833e-01 7.9642e-02 1.5208e-02 -8.1519e-01 -1.7048e-01 2.4352e-01 2.6657e-01 1.9027e-01 1.0026e-01 -5.9404e-02 -1.9725e-02 -1.0325e-01 6.5758e-01 3.5878e-01 3.8907e-02 4.5380e-01 3.3809e-01 4.6452e-02 -5.4578e-02 4.4937e-01 -7.9365e-02 -2.1438e-01 -7.8768e-02 -1.9647e-01 3.2337e-02 6.4384e-01 3.6851e-02 -9.4473e-02 -3.6413e-01 2.0675e-01 -1.2112e-01 -2.2833e-01 7.7186e+00 -4.2863e-02 8.6682e-02 -7.8973e-02 -1.2006e-02 1.7595e-01 1.4944e-01 -5.0204e-02 -9.7670e-02 -2.7295e-03 -4.6524e-02 4.4411e-02 1.3990e-02 -4.8214e-02 -1.9828e-03
-1.1791e+00 1.2680e+00 8.9903e-01 -7.8043e-01 -9.5211e-01 -1.2550e+00 -4.4792e-01 2.9603e-03 -8.4292e-01 -1.7582e-01 5.6731e-02 -1.7384e-01 4.6487e-01 -1.3546e-01 -1.0792e-01 -8.4469e-02 -1.1538e-01 -2.0727e-01 -1.0824e-01 -6.7166e-01 1.4868e-01 -2.6819e-01 3.4330e-02 -1.2894e-01 2.8940e-01 -3.9907e-01 1.2753e-01 -1.1733e-01 -6.8563e-01 3.9150e-01 -4.1198e-01 -1.3355e-01 -2.1305e-01 -3.6484e-01 1.2892e+00 -4.9205e-02 6.8370e-01 -4.2863e-02 9.2937e+00 -4.6158e-02 -5.7552e-02 -2.3709e-02 5.4471e-01 1.5873e-01 2.0161e-01 -1.4914e-01 -5.0354e-02 -1.8669e-01 -9.2736e-02 -7.5617e-02 8.1651e-02 -3.8743e-02
1.0365e-01 2.2165e+00 -2.3795e+00 4.8690e-01 1.2442e+00 2.9980e+00 -2.7750e+00 9.8246e+00 2.3947e+00 1.5704e+00 -2.3538e+00 1.1334e+00 3.8659e-01 1.1939e+01 3.3433e-02 2.3239e-02 9.2950e-02 -1.7091e+00 7.3275e-01 1.1562e+01 -8.4676e-01 3.4044e-01 2.0118e-01 -2.2231e-01 -1.1176e+00 -3.2872e+00 -2.4505e+00 -4.8091e-01 -3.7526e+00 3.1597e+00 1.0050e+00 -3.0788e-01 -3.9622e-02 2.4869e-01 5.2615e-02 -3.1153e+00 5.9753e-01 8.6682e-02 -4.6158e-02 4.2296e+01 1.1707e-01 -2.4424e-01 4.0231e-02 3.6249e-01 1.6038e-01 -2.0434e-01 -1.0324e+00 -9.3408e-02 6.7042e-01 2.5391e-01 6.5141e+00 7.3536e+00
6.2884e-01 -8.3028e-01 -9.8953e-01 4.0050e-01 1.5854e+00 9.6336e-02 -6.5018e-01 2.8457e-02 6.1904e-01 -9.7325e-01 -2.1738e-01 -3.4427e-02 -1.0523e-01 1.6258e-01 -3.6103e-02 -5.8520e-02 -5.0670e-03 -3.6173e-02 -5.1187e-02 2.1757e-01 -7.5681e-02 -5.5185e-01 -2.4151e-01 -3.6410e-02 -3.2670e-01 -3.1017e-01 8.6694e-01 -1.6322e-01 -8.5162e-01 -6.6685e-01 5.2802e-01 -7.7022e-02 -3.1824e-01 -3.8301e-01 -5.0925e-01 1.1580e-01 -3.2689e-01 -7.8973e-02 -5.7552e-02 1.1707e-01 8.6504e+00 -2.9774e-02 -7.1627e-02 -6.9655e-02 2.6598e-01 3.1602e-01 -3.0405e-02 1.2783e-02 -3.7637e-02 -2.0790e-01 1.7108e-01 3.2116e-02
1.9817e-01 -2.1363e-01 -4.6229e-01 7.0006e-01 -1.9343e-01 2.5106e-02 -1.9024e-02 -1.4688e-01 -3.5989e-01 -2.3593e-01 -1.3545e-01 -1.0539e-01 -6.8764e-02 -1.7839e-01 9.0242e-01 -4.7401e-02 -4.5446e-02 3.7004e-01 7.4133e-03 -2.1172e-01 3.5292e-02 2.6946e-01 -1.4679e-01 9.5356e-01 -7.0423e-02 -6.8421e-02 3.5438e-01 -5.4037e-02 -3.8409e-01 2.9697e-01 -1.2319e-01 -8.2357e-02 -2.4221e-01 1.9538e-01 -1.3959e-02 -1.2168e-01 -1.4613e-01 -1.2006e-02 -2.3709e-02 -2.4424e-01 -2.9774e-02 5.2923e+00 -1.7182e-02 -2.6581e-02 -2.2429e-02 -1.5104e-01 1.0320e-03 -2.1400e-01 -3.8904e-02 -4.5427e-02 -2.9905e-01 -2.1039e-01
1.5665e+00 1.6147e+00 -9.7864e-01 -2.7244e-01 -1.2564e+00 -2.3581e+00 2.0491e+00 3.4211e-02 -1.8293e+00 1.0544e+00 5.7474e-02 -1.6260e-01 -7.6341e-02 -1.2684e-01 -4.6577e-02 -4.8501e-02 4.7497e-02 1.1678e-01 -5.7600e-02 4.3532e-02 -1.0723e-01 -2.5637e-01 -1.5849e-01 7.9685e-02 3.8346e-01 -1.8179e-01 -4.4270e-02 -7.9255e-02 -3.9597e-01 1.4233e+00 -2.6003e-01 -8.0082e-02 -1.6434e-01 -2.1604e-01 3.1707e-01 -2.8873e-02 -5.3414e-02 1.7595e-01 5.4471e-01 4.0231e-02 -7.1627e-02 -1.7182e-02 7.1255e+00 -4.8050e-02 6.5536e-02 -3.4464e-02 -4.1270e-02 -8.8526e-02 -2.3891e-02 -1.4093e-01 6.9708e-03 3.0855e-02
-1.9767e-01 -4.2133e-01 -2.7474e-01 2.5864e-01 3.9991e-01 -5.1456e-01 -3.7445e-01 1.1072e-03 1.3229e+00 -1.4070e-01 -1.6270e-01 -1.3770e-01 -9.0690e-02 7.5547e-02 4.8510e-02 -4.4758e-02 -8.3149e-02 -4.8792e-02 -1.2731e-01 -8.9820e-03 2.2599e-01 1.8252e-02 -1.3540e-01 -7.2422e-02 4.8102e-02 -2.5742e-01 -1.1177e-01 5.1087e-02 1.4827e-02 -1.6293e-01 -6.2067e-01 -1.4269e-02 -1.6378e-01 -1.0646e-01 -1.5088e-01 -5.7236e-02 -1.4097e-01 1.4944e-01 1.5873e-01 3.6249e-01 -6.9655e-02 -2.6581e-02 -4.8050e-02 7.6471e+00 -2.8603e-02 -8.8008e-02 -3.4307e-02 -8.9442e-02 -4.4779e-02 4.8086e-02 4.8320e-03 -2.5649e-02
-3.3991e-01 2.3869e-01 2.9650e-01 -1.3691e-01 7.1664e-01 -1.1736e-01 7.6349e-02 2.9940e-02 -3.7098e-01 3.5945e-01 9.7379e-01 -6.8544e-02 2.7375e-01 4.0902e-03 5.0648e-01 -5.3190e-02 3.0905e-01 2.4789e-01 -3.8564e-02 2.0554e-01 -7.3624e-02 -1.6836e-01 1.2239e+00 -5.7518e-03 -3.5173e-01 -3.6609e-01 -9.5979e-01 -1.2780e-01 -1.2547e+00 1.4345e+00 4.5451e-02 -2.9020e-02 2.9506e-01 -1.4721e-01 7.0820e-01 -4.3398e-02 -1.9673e-01 -5.0204e-02 2.0161e-01 1.6038e-01 2.6598e-01 -2.2429e-02 6.5536e-02 -2.8603e-02 7.9895e+00 -4.7907e-02 -5.0959e-02 2.6980e-01 -1.2952e-01 -1.1078e-01 -8.0067e-02 4.9468e-03
6.4896e-01 -1.4116e-01 -8.5547e-03 7.2261e-01 3.6339e-01 4.4372e-01 -9.7606e-02 -3.5467e-01 -1.1234e-01 -6.4864e-01 -1.4725e-01 1.7442e+00 -1.6844e-01 -5.1152e-01 -2.6140e-02 -4.3348e-01 -3.3731e-02 -7.0349e-02 2.2517e-01 -4.8024e-01 -9.8547e-02 -7.1445e-01 -1.0204e+00 -5.9603e-01 2.0400e-01 -8.7599e-01 -2.9115e-01 -1.9717e-01 2.8016e-01 -5.5618e-01 -5.5790e-01 -5.6150e-01 1.7395e+00 1.8621e-01 -1.0933e+00 7.0583e-01 -2.2487e-01 -9.7670e-02 -1.4914e-01 -2.0434e-01 3.1602e-01 -1.5104e-01 -3.4464e-02 -8.8008e-02 -4.7907e-02 1.6370e+01 3.7217e-02 3.7410e+00 -1.1801e-01 -6.4193e-02 -5.8886e-01 -4.5779e-01
-5.1617e-01 -1.5337e-01 1.3349e+00 1.2244e+00 -7.4665e-01 6.6401e-02 -1.9980e-01 -1.2848e+00 -2.2329e-01 2.0900e-04 -1.2587e-01 -1.8531e-01 1.5152e-01 -1.3035e+00 -3.0811e-02 -5.1133e-02 -8.9847e-02 -6.8184e-02 -2.0341e-01 -1.1850e+00 9.6126e-01 -2.0726e-01 -1.3634e-01 3.7414e-02 5.4392e-01 8.1803e-01 -3.9841e-01 -5.2447e-02 6.0349e-01 -4.6766e-01 1.1876e+00 -5.4200e-02 -6.9856e-02 -2.5167e-01 -1.3947e-01 1.4706e-02 -2.1090e-01 -2.7295e-03 -5.0354e-02 -1.0324e+00 -3.0405e-02 1.0320e-03 -4.1270e-02 -3.4307e-02 -5.0959e-02 3.7217e-02 7.4846e+00 1.0561e+00 -6.1535e-02 -6.1482e-03 -1.8644e-02 -6.5100e-01
3.2075e+00 -1.0764e+00 -2.3781e+00 4.6992e+00 -2.7064e+00 -1.8847e-01 -3.4426e-01 -2.2893e-01 1.0807e+00 -1.6986e+00 -4.1032e-02 1.6694e+00 -4.1345e-01 -2.4153e-01 -5.9113e-01 -4.1647e-01 -3.5345e-01 -1.2778e+00 -7.9259e-02 -5.1813e-01 -7.0071e-02 -1.7614e+00 -5.2938e-01 -6.7198e-01 3.3087e+00 -7.2036e-01 1.7584e+00 -3.8104e-01 -2.3864e+00 3.8957e-01 3.7216e-01 3.1352e-02 -1.4359e+00 -1.8971e+00 -5.1319e-01 -7.3025e-01 -1.5671e+00 -4.6524e-02 -1.8669e-01 -9.3408e-02 1.2783e-02 -2.1400e-01 -8.8526e-02 -8.9442e-02 2.6980e-01 3.7410e+00 1.0561e+00 2.5050e+01 -1.6711e-01 -2.0723e-01 -4.2755e-01 -3.4132e-01
1.3078e+00 -1.1402e-01 6.3440e-02 -3.6946e-01 4.6175e-02 3.3619e-02 -5.1038e-02 4.2333e-01 -4.2360e-01 -2.8961e-01 -4.3851e-01 -1.2454e-01 -4.1941e-01 3.8868e-01 5.9911e-01 -5.5851e-02 -2.3951e-01 -3.1112e-01 -1.6581e-02 5.4031e-01 -1.1037e-01 -1.2181e-01 -2.8779e-01 -9.4296e-02 1.3357e-01 -4.8681e-01 2.3769e+00 -4.4808e-02 -1.7461e+00 1.6239e+00 1.5683e-01 7.5981e-01 -2.8531e-01 5.9671e-02 -3.7259e-01 -1.2056e-01 -6.9355e-02 4.4411e-02 -9.2736e-02 6.7042e-01 -3.7637e-02 -3.8904e-02 -2.3891e-02 -4.4779e-02 -1.2952e-01 -1.1801e-01 -6.1535e-02 -1.6711e-01 1.0325e+01 -6.0670e-02 3.6018e-02 3.0221e-01
7.8652e-01 -3.6095e+00 2.9574e-01 -3.5502e-01 2.0272e+00 1.8549e+00 2.2778e-01 -4.1704e-02 1.5352e+00 -2.1219e+00 -2.4941e-01 -2.6793e-01 -3.6078e-01 2.0820e-01 -1.3515e-01 -3.1512e-02 -8.0308e-02 -4.7895e-01 -3.3478e-01 1.2593e-01 -1.6068e-01 -5.6080e-01 9.0673e-01 -1.1488e-01 3.4814e+00 3.4017e-01 -7.7140e-01 -3.2069e-01 9.2798e-02 -3.2268e+00 -5.3883e-01 -8.5400e-02 8.4507e-01 -1.1602e+00 1.3273e-01 -1.5521e-01 -9.7907e-01 1.3990e-02 -7.5617e-02 2.5391e-01 -2.0790e-01 -4.5427e-02 -1.4093e-01 4.8086e-02 -1.1078e-01 -6.4193e-02 -6.1482e-03 -2.0723e-01 -6.0670e-02 1.5943e+01 -4.8798e-02 -8.9226e-02
-2.6065e-01 3.8770e-01 4.0168e+00 1.6780e-01 -2.1897e-01 -1.4234e-01 -6.0454e-01 6.8735e+00 1.2033e+00 4.3306e-02 -2.1132e+00 1.6042e-01 -7.2986e-02 1.1714e+01 -3.9184e-01 -1.2458e-01 1.1322e-02 -1.1403e+00 -4.8512e-02 7.4616e+00 5.1644e-01 -9.0060e-03 3.2484e-02 -1.5668e-03 -9.9609e-01 -3.4744e-01 1.4176e-01 -1.0995e-01 -7.2887e-02 2.5556e-01 3.1721e-01 1.7495e-02 -4.5714e-01 -1.2174e+00 -6.1000e-03 -4.3376e-02 3.4524e-01 -4.8214e-02 8.1651e-02 6.5141e+00 1.7108e-01 -2.9905e-01 6.9708e-03 4.8320e-03 -8.0067e-02 -5.8886e-01 -1.8644e-02 -4.2755e-01 3.6018e-02 -4.8798e-02 1.5596e+01 4.6109e+00
-4.9824e-01 2.1540e-01 -4.6695e+00 -8.2786e-01 -3.1007e-01 -8.2808e-01 -2.8550e-01 1.4342e+01 1.8184e+00 -6.5931e-01 3.1774e+00 2.9482e-01 -1.4330e-01 9.6170e+00 -2.4942e-01 -6.0894e-02 -5.3396e-02 -1.8833e-01 1.9135e-02 1.0606e+01 -1.1219e+00 8.7969e-02 5.8566e-02 -1.1769e-02 -5.6358e-01 1.3233e+00 2.8209e-01 -1.8039e-01 -3.2923e-01 3.2231e-01 -1.3254e-01 2.8717e-02 -3.7881e-01 -1.0306e+00 1.6523e-01 6.1558e-02 1.0497e-01 -1.9828e-03 -3.8743e-02 7.3536e+00 3.2116e-02 -2.1039e-01 3.0855e-02 -2.5649e-02 4.9468e-03 -4.5779e-01 -6.5100e-01 -3.4132e-01 3.0221e-01 -8.9226e-02 4.6109e+00 1.8534e+01
