1.9737e+01 1.2205e-01 -4.1428e+00 2.2047e-01 -2.4110e+00 8.3935e-01 1.0474e-02 -1.2575e+00 1.8342e+00 -7.9651e-02 -2.6134e-02 -2.1010e+00 -5.8287e-01 4.8025e-02 -2.1701e-01 3.6855e-01 -2.8192e-02 7.3590e-03 1.8589e-01 -3.6626e-01 -7.6709e-02 -3.5212e-01 -3.7106e+00 4.7808e-02 -4.7355e-01 1.1330e-02 -4.1958e+00 -4.4278e-01 7.0087e+00 -5.6163e-01 -6.5429e-02 1.8911e-01 -5.5558e-01 -4.7620e-01 -1.2221e+00 1.7489e-01 -1.3623e-02 2.0588e-02 5.1896e-02 -9.3327e-01 -1.4390e-02 -1.2272e+00 -7.1211e-01 -5.6409e-01 -1.2577e-01 4.8126e-02 -8.4225e-02 4.5983e-01 9.0597e-03 -1.5216e-01 1.4619e+01 -2.5990e+00
1.2205e-01 3.0029e+01 -1.7028e+00 2.1138e-01 1.1036e+01 -6.2939e-01 1.2232e+01 -1.2962e+00 2.0113e-01 -7.5573e-01 1.5205e-01 -3.5450e+00 1.6191e-01 -2.7204e+00 -2.3011e-01 -5.4473e-01 1.9361e-01 2.1334e-02 4.1435e-02 1.9049e+00 5.0077e-02 3.7458e-01 1.0186e+01 4.3649e-01 1.2202e-01 -1.8591e-01 6.9741e+00 1.2691e-01 2.0909e+00 -7.9150e-01 -5.9555e-02 2.6875e-01 4.2043e-01 -4.1749e+00 -1.5116e+00 -1.6380e-02 5.0011e-02 5.2890e-02 -5.0959e-02 -1.1997e+00 1.8426e-01 -3.9481e-01 5.4331e-01 2.9473e-01 -9.9782e-02 7.9497e-02 -3.0138e-02 4.4655e-01 -1.2879e-01 -6.1401e-02 -4.5928e+00 6.2481e+00
-4.1428e+00 -1.7028e+00 1.0482e+02 -9.2355e-02 3.4991e+00 -2.5301e+00 -1.4527e+00 -4.3777e+01 -5.0403e-01 1.4691e+00 5.3259e-01 -3.5097e+00 9.2918e+00 -1.8870e-01 -7.5021e-01 -4.1536e+01 1.5466e+00 -2.1010e+00 1.3427e-01 7.6948e+00 -4.4199e-01 3.7684e+01 2.9241e-01 -1.0477e+00 2.9711e-02 6.5598e+00 1.8517e+01 5.6667e+00 -1.8421e+01 1.5606e+01 -7.4451e-02 -7.5165e-01 -7.6487e+00 1.6125e+01 1.1974e+01 2.8723e+00 -3.7744e+00 6.8831e+00 -8.4138e-02 1.7361e+01 1.8506e+00 -1.6969e+00 1.7697e-01 -1.9715e-01 -6.6395e-01 -4.9912e-01 3.7555e-01 -5.6638e-01 -3.3296e-01 -5.8442e-01 -5.0948e+00 2.1186e+00
2.2047e-01 2.1138e-01 -9.2355e-02 8.9849e+01 2.1942e-01 1.2914e+01 1.7931e-01 -3.8912e+01 -3.8672e+01 2.2207e+01 -4.9258e+00 2.6519e+00 -8.2032e+00 8.0121e+00 -7.2727e-01 -9.4377e+00 2.3504e+00 -2.4175e+00 -2.0282e+00 4.2698e+00 1.5747e+00 1.1974e+01 3.4618e+00 -1.5784e-01 3.4357e-01 8.7185e+00 -1.9807e+01 2.9505e+01 -2.7373e+01 8.5857e-01 -2.1373e-01 6.6504e-01 -5.3418e+00 -2.6629e+00 -1.0144e+00 3.7162e-01 -1.2302e+00 -8.7939e+00 4.7017e-03 1.3589e+01 -6.8792e-03 -4.9254e-01 -5.0369e-01 -1.8180e+00 8.3837e-02 -4.1447e-01 -1.9610e-01 4.0018e-01 -2.6673e+00 -1.2338e-01 1.6127e-01 1.7729e-01
-2.4110e+00 1.1036e+01 3.4991e+00 2.1942e-01 2.6983e+01 -3.2778e-01 7.0713e+00 -2.0920e+00 6.2263e-01 -2.3869e-01 -2.4413e-01 -5.1240e+00 -5.6931e-01 -2.6047e+00 -7.5933e-01 -3.4786e-01 6.0367e-02 1.6742e-01 5.3047e-03 1.6535e+00 -5.7452e-02 -8.2183e-04 4.5404e+00 2.1551e-01 2.6880e-01 1.1351e-01 3.6076e+00 8.6969e-02 2.1634e+00 -1.1734e+00 -6.4045e-03 1.2303e-01 1.4144e-01 -5.9997e+00 1.4812e+00 -2.1153e-01 -2.8343e-01 -4.8620e-02 3.8613e-02 1.7815e+00 -6.0421e-02 -1.5593e+00 -8.5536e-02 -3.5188e-01 -9.3790e-02 3.3861e-02 2.6680e-03 -6.7522e-02 -3.2475e-01 6.0280e-02 -8.4413e+00 1.9583e+01
8.3935e-01 -6.2939e-01 -2.5301e+00 1.2914e+01 -3.2778e-01 6.7497e+01 2.9394e-01 -1.4018e+01 -9.8324e+00 1.8410e+01 -1.0928e+01 5.7333e-01 -6.3502e+00 -3.2772e-01 -2.5706e+00 4.8111e-01 7.5733e-03 1.4209e-01 -5.9138e+00 3.1099e+01 1.7085e+00 7.7504e-01 2.8710e+01 -1.7153e+00 -1.0994e+00 -1.9019e-01 -2.6578e-01 1.0691e+01 -3.3223e+01 -2.2683e+00 -2.1442e-01 -3.0756e+00 -5.0051e-01 1.2038e+00 -2.2735e+00 9.3033e-02 -2.5957e-01 -2.2147e+00 -7.0303e-02 2.2997e-01 -2.8908e+00 -1.7854e+00 -1.6845e+00 -3.8907e-01 -1.0545e-02 -1.6819e+00 -2.0238e-02 -1.1742e-01 -4.1102e-01 -1.1266e+00 4.7712e-01 -1.1386e-01
1.0474e-02 1.2232e+01 -1.4527e+00 1.7931e-01 7.0713e+00 2.9394e-01 3.1163e+01 2.8777e-01 -8.1512e-01 3.4225e-01 6.9080e-02 -4.1562e+00 -4.0053e-01 1.5372e+00 -4.6213e-01 -2.1413e-01 -1.1925e-03 -6.6220e-02 2.0499e-01 1.4075e+00 3.0177e-01 8.1883e-02 8.9341e+00 3.6174e-01 -7.3554e-02 -6.2609e-02 6.7178e+00 5.9244e-02 2.9258e+00 6.8817e-01 -6.2135e-02 1.6597e-01 1.9511e-01 -4.9434e+00 -2.4076e+00 -2.1158e-01 -6.4178e-02 5.7411e-02 1.7212e-01 -1.9489e+00 1.1987e-01 2.8264e+00 3.2312e-01 -1.1668e+00 -2.2577e-02 5.9235e-02 -4.3649e-02 -3.4528e-01 -2.8062e-02 4.6888e-02 -3.4295e+00 1.9202e+00
-1.2575e+00 -1.2962e+00 -4.3777e+01 -3.8912e+01 -2.0920e+00 -1.4018e+01 2.8777e-01 1.3322e+02 4.2762e+01 -1.1143e+00 -7.6201e+00 -1.9753e+00 -2.4843e+00 3.0601e+00 -5.3709e-01 6.3392e+01 9.1663e-01 1.2173e+00 -1.7145e-02 -1.5683e+01 -1.9325e+00 -4.7069e+01 -1.8685e+01 -1.2592e+00 -5.2647e-02 -1.8803e+01 -8.6493e+00 -2.9373e+01 4.5848e+01 -1.2818e+01 2.1026e-01 -4.6791e-01 4.8277e+00 -1.8510e+01 4.3106e-01 -5.6710e+00 1.3798e+00 3.4122e+00 -3.5977e-01 -2.1468e+01 5.4825e+00 3.6442e+00 1.3073e+00 6.9148e-01 -2.2928e-01 -4.8580e-01 -2.0049e-01 -4.3471e-01 7.6403e-01 1.3852e+00 2.7672e+00 -2.5710e+00
1.8342e+00 2.0113e-01 -5.0403e-01 -3.8672e+01 6.2263e-01 -9.8324e+00 -8.1512e-01 4.2762e+01 1.2532e+02 -2.7344e+01 4.0397e+00 -3.3174e+00 2.7038e+00 -8.8976e+00 4.2327e+00 1.4394e+01 -9.5555e-01 2.9676e-01 -4.0115e+00 -1.0051e+01 1.0802e-01 -3.8115e+00 -5.7499e+00 -3.6814e+00 -1.8117e+00 -1.0865e+01 1.4693e+01 -3.9197e+00 3.0270e+01 -3.6128e+00 -3.1835e-02 -2.4903e+00 -6.3163e+00 3.6846e+00 -3.4564e+00 -1.2008e+00 -1.1058e+00 2.1736e+00 -4.0705e-01 -4.0156e+00 2.7076e+00 -2.1742e+00 -1.7820e+00 1.4963e+00 -8.4349e-01 -4.4028e-01 -4.3991e-01 -1.8065e+00 -1.2504e-01 -1.5042e+00 7.7366e-01 -2.5394e-01
-7.9651e-02 -7.5573e-01 1.4691e+00 2.2207e+01 -2.3869e-01 1.8410e+01 3.4225e-01 -1.1143e+00 -2.7344e+01 7.9523e+01 -6.3033e+00 2.7902e-01 1.0605e+00 4.1304e+00 -1.1375e+00 1.0650e+01 1.1723e+00 6.5302e-01 1.5834e-01 9.1498e+00 -2.1843e-01 1.0866e+00 3.5733e+00 -1.1946e+00 -3.5434e-01 -2.1689e+00 -1.9658e+01 -1.3429e+01 -1.0564e+01 2.1506e-01 -6.1673e-01 -1.3940e+00 3.1629e+00 -1.5588e+01 -1.5896e+00 3.7598e-01 8.0255e-01 1.2584e+00 3.8954e-01 6.2335e-03 -1.0870e+00 -6.9003e-01 -1.0892e+00 -6.6721e-01 7.2077e-02 -9.3101e-01 1.1079e-02 5.3003e-01 4.8789e-02 -7.1189e-01 1.1343e-02 -2.8842e-01
-2.6134e-02 1.5205e-01 5.3259e-01 -4.9258e+00 -2.4413e-01 -1.0928e+01 6.9080e-02 -7.6201e+00 4.0397e+00 -6.3033e+00 3.8948e+01 -4.6037e-01 -2.9222e+00 -3.4195e+00 -3.2071e-01 -2.5922e+00 -1.0011e+00 -3.3159e-01 -6.6066e-01 7.4365e+00 -5.8494e-01 2.9857e+00 7.1369e+00 -8.5441e-01 -3.1000e-01 4.7715e-01 3.8040e+00 -4.2175e+00 4.1276e+00 1.3110e+00 2.8063e-01 -7.2082e-01 -2.3792e+00 3.6779e+00 -8.5492e-01 1.4626e+00 -2.6565e-01 -3.0479e-02 -7.1597e-02 -2.5697e+00 -7.8277e-01 -2.7039e-01 -4.3891e-01 2.2306e-01 -1.9860e-01 7.4750e-01 -6.3224e-02 -2.7752e-01 3.0048e-01 -3.7280e-01 1.1619e-02 -2.8278e-01
-2.1010e+00 -3.5450e+00 -3.5097e+00 2.6519e+00 -5.1240e+00 5.7333e-01 -4.1562e+00 -1.9753e+00 -3.3174e+00 2.7902e-01 -4.6037e-01 2.3524e+01 -3.3576e-01 -3.5197e-01 1.3063e-01 -9.1914e-01 -2.2510e-01 -2.1191e-01 -4.1244e-01 -7.6830e-02 -1.7519e-02 -1.3581e+00 -1.2603e+00 2.3534e-01 -2.0142e-01 -6.0681e-01 -2.4540e+00 2.0193e+00 -6.5440e+00 -1.2225e+00 7.9474e-02 -2.8747e-01 9.1338e-01 1.3158e+00 9.9963e-02 -4.4134e-01 -3.1881e-01 -1.6071e-01 3.9360e-01 3.9217e+00 -1.5296e-01 -6.0349e-02 -8.5595e-02 1.8467e-01 -1.3850e-01 -1.4489e-01 -2.6508e-02 -1.7839e-01 -1.9119e-01 -2.5661e-01 5.7608e+00 -2.3059e+00
-5.8287e-01 1.6191e-01 9.2918e+00 -8.2032e+00 -5.6931e-01 -6.3502e+00 -4.0053e-01 -2.4843e+00 2.7038e+00 1.0605e+00 -2.9222e+00 -3.3576e-01 5.4786e+01 -2.4343e+00 -4.3284e-01 -9.1567e+00 4.8260e+00 5.7891e+00 1.1999e+01 -1.1155e+01 -9.3535e-01 1.0947e+01 -5.0807e+00 -8.9726e-01 -2.2735e-01 7.4325e+00 -4.4723e+00 -3.7003e+00 -5.4053e+00 -1.0792e+00 -2.4993e-01 -1.1036e+00 -5.0514e+00 -5.8701e+00 2.7604e+00 -1.6463e+00 -1.0658e+00 2.5826e+00 -1.6459e-01 1.3615e+01 -7.5924e-01 -5.6013e-01 -1.2019e+00 6.6460e-01 -6.3813e-01 -4.5172e-01 -7.8996e-02 -3.2594e-01 -1.9993e-01 -9.5839e-01 -2.8962e-02 1.1522e-01
4.8025e-02 -2.7204e+00 -1.8870e-01 8.0121e+00 -2.6047e+00 -3.2772e-01 1.5372e+00 3.0601e+00 -8.8976e+00 4.1304e+00 -3.4195e+00 -3.5197e-01 -2.4343e+00 5.3667e+01 -2.8617e-01 8.7763e-01 -1.6114e+00 -5.0820e-01 1.1836e+00 -2.2774e+00 2.4963e+00 -4.4733e+00 -7.1335e+00 -6.5463e-01 -4.4122e-01 -1.7375e+00 -3.4494e+00 -9.6522e-01 -2.2496e+01 1.0040e+01 1.3193e-01 8.0993e-01 -2.2675e+00 -4.2080e+00 -3.0165e-01 -1.3886e+00 -8.6790e-01 2.6374e+00 -1.7896e-01 -4.3972e+00 4.2713e-01 1.1057e+01 -4.0904e-02 -6.8701e-01 -1.8199e-01 2.5711e-01 -5.8985e-02 -2.5547e-01 2.5752e-01 -1.1480e+00 4.1610e+00 -2.5486e+00
-2.1701e-01 -2.3011e-01 -7.5021e-01 -7.2727e-01 -7.5933e-01 -2.5706e+00 -4.6213e-01 -5.3709e-01 4.2327e+00 -1.1375e+00 -3.2071e-01 1.3063e-01 -4.3284e-01 -2.8617e-01 1.0883e+01 4.1428e-01 -9.9336e-02 1.9154e-02 -4.4680e-01 -3.6035e+00 -2.0446e-01 -3.1427e-01 -3.6386e+00 -6.2240e-01 -9.6607e-02 2.6935e-01 -1.8404e-01 -1.1811e+00 3.9524e+00 -3.4117e-01 -6.2243e-02 2.4532e+00 -2.2798e-01 4.5296e-01 -4.3441e-01 -4.7727e-02 6.7426e-01 -3.6473e-02 -2.7099e-02 -4.3651e-01 -1.8305e-01 -1.3626e-01 -1.4874e-01 -5.4617e-02 1.6950e-02 9.7617e-03 -1.0189e-02 -5.4250e-02 1.0524e+00 -2.4906e-01 -3.8505e-02 -7.1185e-01
3.6855e-01 -5.4473e-01 -4.1536e+01 -9.4377e+00 -3.4786e-01 4.8111e-01 -2.1413e-01 6.3392e+01 1.4394e+01 1.0650e+01 -2.5922e+00 -9.1914e-01 -9.1567e+00 8.7763e-01 4.1428e-01 1.1364e+02 -2.8957e+00 3.6898e+00 2.7258e-01 4.1919e+00 -1.2962e+00 -4.9440e+01 3.2606e+00 -6.3904e-01 1.6813e-01 -1.6038e+01 -3.8887e+01 -2.9550e+01 3.0647e+01 -1.5926e+01 -8.2175e-03 -2.0976e-01 8.4819e+00 -2.2463e+01 3.9594e+00 -1.5112e+00 3.5556e+00 -7.7526e+00 -1.5609e-02 -2.0281e+01 7.3768e-01 2.0916e-01 -9.5259e-01 1.3994e+00 -2.3406e-01 4.8330e-01 -3.4801e-01 1.6400e-01 2.8608e-01 1.7152e+00 1.2144e-01 -3.3028e-01
-2.8192e-02 1.9361e-01 1.5466e+00 2.3504e+00 6.0367e-02 7.5733e-03 -1.1925e-03 9.1663e-01 -9.5555e-01 1.1723e+00 -1.0011e+00 -2.2510e-01 4.8260e+00 -1.6114e+00 -9.9336e-02 -2.8957e+00 1.4854e+01 -3.0041e-01 -1.6701e-01 -1.0289e-01 -1.6941e-01 3.2073e+00 8.4447e-01 -2.9365e-01 8.1486e-02 -5.5779e-01 -1.1858e+00 -1.7091e+00 -2.4594e+00 -3.0871e-01 -5.3254e-02 -9.8969e-02 -8.0507e-01 -8.6021e-01 -7.0557e-01 -4.9048e-01 -4.2317e-01 -2.5718e-01 -3.1647e-02 3.7571e+00 -2.3133e-01 -5.8778e-02 -3.8078e-01 -8.1800e-03 -8.0445e-02 -1.2666e-01 -6.0295e-03 -3.1872e-02 -2.8527e-01 3.1362e-01 -3.0118e-02 4.6302e-02
7.3590e-03 2.1334e-02 -2.1010e+00 -2.4175e+00 1.6742e-01 1.4209e-01 -6.6220e-02 1.2173e+00 2.9676e-01 6.5302e-01 -3.3159e-01 -2.1191e-01 5.7891e+00 -5.0820e-01 1.9154e-02 3.6898e+00 -3.0041e-01 1.3631e+01 -1.9093e-01 5.2866e-01 3.8664e-01 -2.2832e+00 4.5909e-01 -3.8906e-01 -2.9050e-02 -5.7660e-01 -2.1623e+00 -2.5551e+00 1.5408e+00 -3.3234e-01 -6.5500e-02 -1.2771e-01 1.5702e+00 -1.7605e+00 4.9696e+00 -2.3421e-01 -4.4604e-01 -4.6028e-01 -5.8925e-02 -1.9452e+00 -2.5207e-02 2.0920e-03 -2.9771e-01 2.6698e-01 -1.0034e-01 -2.6722e-02 2.2141e-01 5.4700e-04 6.2755e-02 -1.3223e-01 -3.7546e-02 1.5469e-01
1.8589e-01 4.1435e-02 1.3427e-01 -2.0282e+00 5.3047e-03 -5.9138e+00 2.0499e-01 -1.7145e-02 -4.0115e+00 1.5834e-01 -6.6066e-01 -4.1244e-01 1.1999e+01 1.1836e+00 -4.4680e-01 2.7258e-01 -1.6701e-01 -1.9093e-01 2.2973e+01 -7.9591e+00 -3.8344e-01 -3.7856e-01 -1.0131e+01 7.7251e-01 -3.0466e-01 -8.6436e-01 -1.0350e+00 -2.6065e+00 4.2231e+00 7.8687e-01 2.1201e-02 -3.4089e-01 -5.5808e-01 -7.9089e-01 -6.5243e-01 -1.0569e-01 -7.8428e-02 2.7255e+00 -6.5108e-02 3.3575e-03 -5.2111e-01 -2.7803e-01 -2.4951e-01 2.5377e-01 -1.2060e-03 2.0119e-01 -2.8923e-02 1.2684e-01 -2.9512e-01 -3.6718e-01 5.9033e-02 -9.4878e-02
-3.6626e-01 1.9049e+00 7.6948e+00 4.2698e+00 1.6535e+00 3.1099e+01 1.4075e+00 -1.5683e+01 -1.0051e+01 9.1498e+00 7.4365e+00 -7.6830e-02 -1.1155e+01 -2.2774e+00 -3.6035e+00 4.1919e+00 -1.0289e-01 5.2866e-01 -7.9591e+00 8.4818e+01 4.5756e-01 -2.6064e+00 5.4175e+01 -3.2381e+00 -1.7060e+00 -9.6154e-01 -2.0180e+00 9.4300e+00 -4.6218e+01 9.8166e-01 5.4149e-02 -4.4053e+00 3.0098e+00 3.5183e+00 -2.9208e+00 1.2328e+00 -4.9233e-01 -2.8895e+00 4.7201e-02 -3.2570e+00 -2.2926e+00 -1.2232e+00 5.7653e-02 -1.6271e-01 1.7102e-01 -1.5721e+00 -5.2165e-02 -6.1453e-01 -1.0140e-01 -1.9762e+00 -1.7868e+00 8.8550e-01
-7.6709e-02 5.0077e-02 -4.4199e-01 1.5747e+00 -5.7452e-02 1.7085e+00 3.0177e-01 -1.9325e+00 1.0802e-01 -2.1843e-01 -5.8494e-01 -1.7519e-02 -9.3535e-01 2.4963e+00 -2.0446e-01 -1.2962e+00 -1.6941e-01 3.8664e-01 -3.8344e-01 4.5756e-01 1.8227e+01 -6.7021e-01 4.9619e-01 3.2928e+00 -8.1504e-02 -9.7240e-01 -4.2436e-02 2.8149e-01 -1.9409e+00 -1.2099e-01 -4.2081e-02 1.3868e+00 -1.4795e+00 4.8675e-01 4.8189e-01 -7.9749e-02 2.1874e+00 -3.5716e-01 -5.5239e-02 -1.0343e+00 -5.9619e-02 6.2488e-01 -2.8548e-01 -1.3013e-01 -1.1823e-01 -9.2611e-02 -4.8940e-02 -7.1868e-02 -4.9156e-02 -7.1743e-02 -1.1594e-01 -8.3440e-02
-3.5212e-01 3.7458e-01 3.7684e+01 1.1974e+01 -8.2183e-04 7.7504e-01 8.1883e-02 -4.7069e+01 -3.8115e+00 1.0866e+00 2.9857e+00 -1.3581e+00 1.0947e+01 -4.4733e+00 -3.1427e-01 -4.9440e+01 3.2073e+00 -2.2832e+00 -3.7856e-01 -2.6064e+00 -6.7021e-01 7.7563e+01 3.6946e+00 9.2223e-01 -4.3923e-02 1.9642e+01 1.2004e+01 2.4048e+01 -3.2047e+01 1.7740e+01 -3.1739e-01 -8.1474e-01 -8.7580e+00 1.5395e+01 -1.2780e+00 5.5452e-01 -3.1831e+00 -2.0948e+00 -4.1664e-01 3.0783e+01 -3.8278e-01 -3.5812e-01 -1.2345e+00 -1.4041e-02 3.1226e+00 -9.1489e-02 -1.2046e-01 -1.6049e-01 -1.1258e+00 -1.7758e+00 -1.6053e-01 -6.5939e-02
-3.7106e+00 1.0186e+01 2.9241e-01 3.4618e+00 4.5404e+00 2.8710e+01 8.9341e+00 -1.8685e+01 -5.7499e+00 3.5733e+00 7.1369e+00 -1.2603e+00 -5.0807e+00 -7.1335e+00 -3.6386e+00 3.2606e+00 8.4447e-01 4.5909e-01 -1.0131e+01 5.4175e+01 4.9619e-01 3.6946e+00 1.0116e+02 -3.4181e+00 -1.8338e+00 2.1379e+00 1.0099e+01 8.3741e+00 -4.3311e+01 -2.5097e+00 -4.8401e-02 -4.1027e+00 -2.3101e-01 1.9492e+00 -3.7581e+00 5.5512e-01 2.9154e-01 -7.7006e+00 -5.2553e-02 2.5763e+00 -2.1225e+00 -3.3895e+00 1.6757e+00 -6.7898e-01 -2.2804e-02 -6.0395e-01 -3.5909e-01 -8.7035e-01 4.3416e-01 -1.3831e+00 -7.2528e+00 2.9829e+00
4.7808e-02 4.3649e-01 -1.0477e+00 -1.5784e-01 2.1551e-01 -1.7153e+00 3.6174e-01 -1.2592e+00 -3.6814e+00 -1.1946e+00 -8.5441e-01 2.3534e-01 -8.9726e-01 -6.5463e-01 -6.2240e-01 -6.3904e-01 -2.9365e-01 -3.8906e-01 7.7251e-01 -3.2381e+00 3.2928e+00 9.2223e-01 -3.4181e+00 2.6846e+01 -3.9460e-01 -3.9301e-01 -2.4177e+00 1.3030e+00 5.2383e-01 -4.5315e-01 1.7778e-01 -4.8086e-01 2.9283e+00 -1.6557e+00 5.6858e+00 1.0394e-01 -4.3059e-01 -3.2590e-01 -6.8215e-02 -1.1085e+00 -5.5845e-01 -3.4951e-01 4.0101e-01 1.8298e-01 2.3587e-01 -2.5210e-01 1.1500e-01 -2.7727e-01 -4.2238e-01 5.5292e-02 1.2010e-02 7.0213e-02
-4.7355e-01 1.2202e-01 2.9711e-02 3.4357e-01 2.6880e-01 -1.0994e+00 -7.3554e-02 -5.2647e-02 -1.8117e+00 -3.5434e-01 -3.1000e-01 -2.0142e-01 -2.2735e-01 -4.4122e-01 -9.6607e-02 1.6813e-01 8.1486e-02 -2.9050e-02 -3.0466e-01 -1.7060e+00 -8.1504e-02 -4.3923e-02 -1.8338e+00 -3.9460e-01 1.0703e+01 -7.9189e-02 -7.0305e-01 -2.2452e-01 1.3985e+00 -5.6650e-01 -3.9328e-02 -4.0648e-01 4.4364e-01 -5.4946e-01 -4.2097e-01 -6.4889e-02 -1.6502e-01 -9.9748e-02 -8.8885e-03 -9.1591e-02 -1.0734e-01 -2.7749e-01 4.5200e-03 1.8773e-01 -4.7555e-02 -1.0729e-01 2.2989e-02 -1.2345e-01 1.9016e-01 -2.5492e-01 -6.4973e-01 1.5671e-01
1.1330e-02 -1.8591e-01 6.5598e+00 8.7185e+00 1.1351e-01 -1.9019e-01 -6.2609e-02 -1.8803e+01 -1.0865e+01 -2.1689e+00 4.7715e-01 -6.0681e-01 7.4325e+00 -1.7375e+00 2.6935e-01 -1.6038e+01 -5.5779e-01 -5.7660e-01 -8.6436e-01 -9.6154e-01 -9.7240e-01 1.9642e+01 2.1379e+00 -3.9301e-01 -7.9189e-02 3.9702e+01 -6.6202e+00 1.5473e+01 -2.2977e+01 -9.8852e-01 -2.0928e-01 7.9202e-02 -3.2376e+00 -4.8983e+00 -1.1892e+00 -5.5351e-01 1.0330e+00 -3.8383e-01 -2.0074e-01 1.7987e+01 -2.2539e-01 -1.7433e-01 -5.2925e-01 -3.1464e-01 8.9005e-01 -1.5210e-01 1.8452e-02 -1.0861e-01 1.5936e-01 -2.4599e-01 -4.2855e-02 8.1024e-02
-4.1958e+00 6.9741e+00 1.8517e+01 -1.9807e+01 3.6076e+00 -2.6578e-01 6.7178e+00 -8.6493e+00 1.4693e+01 -1.9658e+01 3.8040e+00 -2.4540e+00 -4.4723e+00 -3.4494e+00 -1.8404e-01 -3.8887e+01 -1.1858e+00 -2.1623e+00 -1.0350e+00 -2.0180e+00 -4.2436e-02 1.2004e+01 1.0099e+01 -2.4177e+00 -7.0305e-01 -6.6202e+00 9.4505e+01 3.5040e+00 2.1191e+01 1.7870e+01 3.4394e-01 -1.1527e+00 -9.8265e+00 3.4538e+01 -4.2313e+00 -1.0679e+00 -3.3445e+00 7.5825e+00 -1.2756e-01 -1.2749e+01 1.1431e+00 -1.3332e-01 4.1652e-01 -4.6316e-01 -1.4810e+00 -4.2117e-01 1.6872e-03 -4.9597e-01 -1.2476e+00 4.1412e-01 -6.3236e+00 2.7936e+00
-4.4278e-01 1.2691e-01 5.6667e+00 2.9505e+01 8.6969e-02 1.0691e+01 5.9244e-02 -2.9373e+01 -3.9197e+00 -1.3429e+01 -4.2175e+00 2.0193e+00 -3.7003e+00 -9.6522e-01 -1.1811e+00 -2.9550e+01 -1.7091e+00 -2.5551e+00 -2.6065e+00 9.4300e+00 2.8149e-01 2.4048e+01 8.3741e+00 1.3030e+00 -2.2452e-01 1.5473e+01 3.5040e+00 1.4609e+02 -3.8658e+01 5.9967e+00 -5.7674e-01 1.3710e+00 7.7540e+00 -1.4293e+00 -1.6133e+00 -4.2282e+00 -4.5262e+00 -9.7511e+00 -3.0428e-02 2.3570e+01 -1.8617e-01 -6.0894e-01 -2.5391e+00 -1.4029e+00 1.6995e+00 -8.1176e-01 -8.9791e-02 6.0517e-02 -3.9558e+00 -4.4594e+00 -4.4155e-01 -3.5468e-02
7.0087e+00 2.0909e+00 -1.8421e+01 -2.7373e+01 2.1634e+00 -3.3223e+01 2.9258e+00 4.5848e+01 3.0270e+01 -1.0564e+01 4.1276e+00 -6.5440e+00 -5.4053e+00 -2.2496e+01 3.9524e+00 3.0647e+01 -2.4594e+00 1.5408e+00 4.2231e+00 -4.6218e+01 -1.9409e+00 -3.2047e+01 -4.3311e+01 5.2383e-01 1.3985e+00 -2.2977e+01 2.1191e+01 -3.8658e+01 1.6959e+02 4.3338e-01 5.2535e-01 4.0582e+00 1.0666e+01 1.5785e+01 6.1459e+00 3.6048e+00 2.0757e+00 3.2081e+00 -3.1191e-01 -4.8471e+01 9.9755e-01 -4.2396e+00 -1.8665e-01 1.1730e+00 -4.3552e+00 2.2701e+00 -1.4018e-01 8.2581e-01 -9.5882e-02 3.1702e+00 4.8517e+00 1.9193e-01
-5.6163e-01 -7.9150e-01 1.5606e+01 8.5857e-01 -1.1734e+00 -2.2683e+00 6.8817e-01 -1.2818e+01 -3.6128e+00 2.1506e-01 1.3110e+00 -1.2225e+00 -1.0792e+00 1.0040e+01 -3.4117e-01 -1.5926e+01 -3.0871e-01 -3.3234e-01 7.8687e-01 9.8166e-01 -1.2099e-01 1.7740e+01 -2.5097e+00 -4.5315e-01 -5.6650e-01 -9.8852e-01 1.7870e+01 5.9967e+00 4.3338e-01 4.0576e+01 -1.8121e-01 -8.2351e-01 -1.7832e+00 1.5646e+01 -1.9792e+00 -7.2002e-01 -1.0643e+00 -2.4834e-01 -1.0430e-01 -2.5844e+00 1.7093e+00 9.9061e+00 1.3781e+00 1.3005e-01 -7.8744e-01 -2.5674e-01 2.4552e-02 -3.3554e-01 5.0007e-01 -7.3418e-01 4.3973e+00 -1.7973e+00
-6.5429e-02 -5.9555e-02 -7.4451e-02 -2.1373e-01 -6.4045e-03 -2.1442e-01 -6.2135e-02 2.1026e-01 -3.1835e-02 -6.1673e-01 2.8063e-01 7.9474e-02 -2.4993e-01 1.3193e-01 -6.2243e-02 -8.2175e-03 -5.3254e-02 -6.5500e-02 2.1201e-02 5.4149e-02 -4.2081e-02 -3.1739e-01 -4.8401e-02 1.7778e-01 -3.9328e-02 -2.0928e-01 3.4394e-01 -5.7674e-01 5.2535e-01 -1.8121e-01 6.1995e+00 -6.7759e-02 -2.6004e-01 3.7366e-01 5.5136e-02 1.4868e-01 -9.1749e-02 -1.4424e-01 -2.1034e-02 -5.3464e-01 -2.7710e-02 -7.4640e-02 4.1218e-01 -4.6803e-02 -1.0754e-01 -2.6494e-02 -8.0247e-03 -4.5743e-02 -5.8705e-02 1.0996e-02 1.0729e-01 -3.9944e-02
1.8911e-01 2.6875e-01 -7.5165e-01 6.6504e-01 1.2303e-01 -3.0756e+00 1.6597e-01 -4.6791e-01 -2.4903e+00 -1.3940e+00 -7.2082e-01 -2.8747e-01 -1.1036e+00 8.0993e-01 2.4532e+00 -2.0976e-01 -9.8969e-02 -1.2771e-01 -3.4089e-01 -4.4053e+00 1.3868e+00 -8.1474e-01 -4.1027e+00 -4.8086e-01 -4.0648e-01 7.9202e-02 -1.1527e+00 1.3710e+00 4.0582e+00 -8.2351e-01 -6.7759e-02 1.9927e+01 5.6201e-01 -5.3722e-01 -6.6293e-01 -1.3851e-01 1.0603e+00 1.0413e+00 -9.4871e-02 -7.6920e-01 -6.6275e-01 -4.3478e-01 -2.4955e-01 -1.4907e-01 -4.3652e-02 2.4439e+00 -2.5577e-02 2.7399e+00 -1.1528e-01 -3.0621e-01 6.6731e-02 1.5863e-01
-5.5558e-01 4.2043e-01 -7.6487e+00 -5.3418e+00 1.4144e-01 -5.0051e-01 1.9511e-01 4.8277e+00 -6.3163e+00 3.1629e+00 -2.3792e+00 9.1338e-01 -5.0514e+00 -2.2675e+00 -2.2798e-01 8.4819e+00 -8.0507e-01 1.5702e+00 -5.5808e-01 3.0098e+00 -1.4795e+00 -8.7580e+00 -2.3101e-01 2.9283e+00 4.4364e-01 -3.2376e+00 -9.8265e+00 7.7540e+00 1.0666e+01 -1.7832e+00 -2.6004e-01 5.6201e-01 6.1894e+01 -8.6078e+00 -1.3843e+00 -1.3650e+00 -2.2230e+00 -5.8026e-01 3.2864e-01 -7.7518e+00 -2.1565e-01 9.6189e-02 1.9700e+00 1.5416e+00 -3.7837e-01 -3.6669e-01 1.3767e-01 -8.0066e-02 7.1351e-01 -8.8321e-01 -6.6188e-01 1.3352e-01
-4.7620e-01 -4.1749e+00 1.6125e+01 -2.6629e+00 -5.9997e+00 1.2038e+00 -4.9434e+00 -1.8510e+01 3.6846e+00 -1.5588e+01 3.6779e+00 1.3158e+00 -5.8701e+00 -4.2080e+00 4.5296e-01 -2.2463e+01 -8.6021e-01 -1.7605e+00 -7.9089e-01 3.5183e+00 4.8675e-01 1.5395e+01 1.9492e+00 -1.6557e+00 -5.4946e-01 -4.8983e+00 3.4538e+01 -1.4293e+00 1.5785e+01 1.5646e+01 3.7366e-01 -5.3722e-01 -8.6078e+00 8.2847e+01 -4.6504e+00 5.4331e+00 -2.8369e+00 -2.0442e+00 -1.6728e-02 -1.3001e+01 -4.5419e-01 -1.1458e+00 -5.5617e-01 -1.8795e-01 2.6658e+00 -2.9181e-01 -1.3068e-01 -3.2346e-01 -2.9748e-02 5.6388e-01 2.0746e+00 1.7179e+00
-1.2221e+00 -1.5116e+00 1.1974e+01 -1.0144e+00 1.4812e+00 -2.2735e+00 -2.4076e+00 4.3106e-01 -3.4564e+00 -1.5896e+00 -8.5492e-01 9.9963e-02 2.7604e+00 -3.0165e-01 -4.3441e-01 3.9594e+00 -7.0557e-01 4.9696e+00 -6.5243e-01 -2.9208e+00 4.8189e-01 -1.2780e+00 -3.7581e+00 5.6858e+00 -4.2097e-01 -1.1892e+00 -4.2313e+00 -1.6133e+00 6.1459e+00 -1.9792e+00 5.5136e-02 -6.6293e-01 -1.3843e+00 -4.6504e+00 4.0647e+01 -1.0679e+00 -1.0722e+00 -8.0388e-01 -1.6803e-01 2.5368e+00 8.7027e-01 -8.9682e-01 -8.5281e-01 1.2921e+00 6.6812e-02 -2.8431e-02 1.3307e-01 -2.1136e-01 -7.9793e-02 -1.3448e-01 -2.0499e+00 9.6948e-01
1.7489e-01 -1.6380e-02 2.8723e+00 3.7162e-01 -2.1153e-01 9.3033e-02 -2.1158e-01 -5.6710e+00 -1.2008e+00 3.7598e-01 1.4626e+00 -4.4134e-01 -1.6463e+00 -1.3886e+00 -4.7727e-02 -1.5112e+00 -4.9048e-01 -2.3421e-01 -1.0569e-01 1.2328e+00 -7.9749e-02 5.5452e-01 5.5512e-01 1.0394e-01 -6.4889e-02 -5.5351e-01 -1.0679e+00 -4.2282e+00 3.6048e+00 -7.2002e-01 1.4868e-01 -1.3851e-01 -1.3650e+00 5.4331e+00 -1.0679e+00 1.7758e+01 -4.3609e-01 -2.9535e-01 3.2394e-01 -2.2348e+00 2.1380e-01 -1.6316e-01 8.2917e-02 -1.2422e-03 -1.4879e-01 -5.1100e-02 -3.7163e-02 -2.0996e-02 -7.3243e-03 -6.1710e-01 8.8856e-02 -2.8879e-02
-1.3623e-02 5.0011e-02 -3.7744e+00 -1.2302e+00 -2.8343e-01 -2.5957e-01 -6.4178e-02 1.3798e+00 -1.1058e+00 8.0255e-01 -2.6565e-01 -3.1881e-01 -1.0658e+00 -8.6790e-01 6.7426e-01 3.5556e+00 -4.2317e-01 -4.4604e-01 -7.8428e-02 -4.9233e-01 2.1874e+00 -3.1831e+00 2.9154e-01 -4.3059e-01 -1.6502e-01 1.0330e+00 -3.3445e+00 -4.5262e+00 2.0757e+00 -1.0643e+00 -9.1749e-02 1.0603e+00 -2.2230e+00 -2.8369e+00 -1.0722e+00 -4.3609e-01 2.2155e+01 -6.2657e-01 -1.1344e-01 -2.8510e+00 -2.5493e-01 1.3449e+00 -4.1885e-01 -1.0446e-01 -3.1448e-01 5.4537e-01 -1.4618e-02 -4.9054e-02 4.2262e+00 -3.5065e-01 -4.4029e-02 -2.7625e-01
2.0588e-02 5.2890e-02 6.8831e+00 -8.7939e+00 -4.8620e-02 -2.2147e+00 5.7411e-02 3.4122e+00 2.1736e+00 1.2584e+00 -3.0479e-02 -1.6071e-01 2.5826e+00 2.6374e+00 -3.6473e-02 -7.7526e+00 -2.5718e-01 -4.6028e-01 2.7255e+00 -2.8895e+00 -3.5716e-01 -2.0948e+00 -7.7006e+00 -3.2590e-01 -9.9748e-02 -3.8383e-01 7.5825e+00 -9.7511e+00 3.2081e+00 -2.4834e-01 -1.4424e-01 1.0413e+00 -5.8026e-01 -2.0442e+00 -8.0388e-01 -2.9535e-01 -6.2657e-01 2.2331e+01 -6.8650e-02 -3.9949e-01 -1.7412e-01 -9.9706e-02 -3.1242e-01 6.9489e-01 -2.1497e-01 -1.1207e-01 2.2851e-01 2.0889e-02 -3.6600e-01 -2.2750e-01 4.0499e-02 -3.2611e-02
5.1896e-02 -5.0959e-02 -8.4138e-02 4.7017e-03 3.8613e-02 -7.0303e-02 1.7212e-01 -3.5977e-01 -4.0705e-01 3.8954e-01 -7.1597e-02 3.9360e-01 -1.6459e-01 -1.7896e-01 -2.7099e-02 -1.5609e-02 -3.1647e-02 -5.8925e-02 -6.5108e-02 4.7201e-02 -5.5239e-02 -4.1664e-01 -5.2553e-02 -6.8215e-02 -8.8885e-03 -2.0074e-01 -1.2756e-01 -3.0428e-02 -3.1191e-01 -1.0430e-01 -2.1034e-02 -9.4871e-02 3.2864e-01 -1.6728e-02 -1.6803e-01 3.2394e-01 -1.1344e-01 -6.8650e-02 5.2891e+00 5.0868e-01 5.5036e-02 -5.4594e-02 9.0538e-02 -2.7126e-02 -2.9590e-02 -3.6397e-02 -1.4694e-02 -3.3926e-02 -4.7125e-02 -7.4452e-02 1.1494e-02 6.3745e-02
-9.3327e-01 -1.1997e+00 1.7361e+01 1.3589e+01 1.7815e+00 2.2997e-01 -1.9489e+00 -2.1468e+01 -4.0156e+00 6.2335e-03 -2.5697e+00 3.9217e+00 1.3615e+01 -4.3972e+00 -4.3651e-01 -2.0281e+01 3.7571e+00 -1.9452e+00 3.3575e-03 -3.2570e+00 -1.0343e+00 3.0783e+01 2.5763e+00 -1.1085e+00 -9.1591e-02 1.7987e+01 -1.2749e+01 2.3570e+01 -4.8471e+01 -2.5844e+00 -5.3464e-01 -7.6920e-01 -7.7518e+00 -1.3001e+01 2.5368e+00 -2.2348e+00 -2.8510e+00 -3.9949e-01 5.0868e-01 7.5528e+01 6.8013e-01 -8.9223e-01 -1.9380e+00 -5.0586e-01 1.2184e-01 -3.2649e-01 -5.6669e-02 -2.7051e-01 -1.7640e+00 -1.1213e+00 -1.7581e+00 1.3329e+00
-1.4390e-02 1.8426e-01 1.8506e+00 -6.8792e-03 -6.0421e-02 -2.8908e+00 1.1987e-01 5.4825e+00 2.7076e+00 -1.0870e+00 -7.8277e-01 -1.5296e-01 -7.5924e-01 4.2713e-01 -1.8305e-01 7.3768e-01 -2.3133e-01 -2.5207e-02 -5.2111e-01 -2.2926e+00 -5.9619e-02 -3.8278e-01 -2.1225e+00 -5.5845e-01 -1.0734e-01 -2.2539e-01 1.1431e+00 -1.8617e-01 9.9755e-01 1.7093e+00 -2.7710e-02 -6.6275e-01 -2.1565e-01 -4.5419e-01 8.7027e-01 2.1380e-01 -2.5493e-01 -1.7412e-01 5.5036e-02 6.8013e-01 1.6616e+01 6.9215e-01 3.6893e+00 -9.8834e-02 2.6743e-01 -2.0102e-01 -3.0150e-02 -2.4337e-01 -1.0400e-01 -3.8808e-01 6.7607e-02 -6.9625e-02
-1.2272e+00 -3.9481e-01 -1.6969e+00 -4.9254e-01 -1.5593e+00 -1.7854e+00 2.8264e+00 3.6442e+00 -2.1742e+00 -6.9003e-01 -2.7039e-01 -6.0349e-02 -5.6013e-01 1.1057e+01 -1.3626e-01 2.0916e-01 -5.8778e-02 2.0920e-03 -2.7803e-01 -1.2232e+00 6.2488e-01 -3.5812e-01 -3.3895e+00 -3.4951e-01 -2.7749e-01 -1.7433e-01 -1.3332e-01 -6.0894e-01 -4.2396e+00 9.9061e+00 -7.4640e-02 -4.3478e-01 9.6189e-02 -1.1458e+00 -8.9682e-01 -1.6316e-01 1.3449e+00 -9.9706e-02 -5.4594e-02 -8.9223e-01 6.9215e-01 2.0216e+01 -3.9130e-01 -2.5227e-01 -8.3396e-02 5.4376e-01 2.4748e-02 -2.4557e-01 1.4808e-01 -2.0880e-01 3.1592e+00 -2.2551e+00
-7.1211e-01 5.4331e-01 1.7697e-01 -5.0369e-01 -8.5536e-02 -1.6845e+00 3.2312e-01 1.3073e+00 -1.7820e+00 -1.0892e+00 -4.3891e-01 -8.5595e-02 -1.2019e+00 -4.0904e-02 -1.4874e-01 -9.5259e-01 -3.8078e-01 -2.9771e-01 -2.4951e-01 5.7653e-02 -2.8548e-01 -1.2345e+00 1.6757e+00 4.0101e-01 4.5200e-03 -5.2925e-01 4.1652e-01 -2.5391e+00 -1.8665e-01 1.3781e+00 4.1218e-01 -2.4955e-01 1.9700e+00 -5.5617e-01 -8.5281e-01 8.2917e-02 -4.1885e-01 -3.1242e-01 9.0538e-02 -1.9380e+00 3.6893e+00 -3.9130e-01 1.8236e+01 2.6837e-01 -1.2972e-01 -1.4159e-01 -1.9215e-02 -7.6412e-02 2.1556e+00 -2.7749e-01 -8.3712e-01 -1.0932e-01
-5.6409e-01 2.9473e-01 -1.9715e-01 -1.8180e+00 -3.5188e-01 -3.8907e-01 -1.1668e+00 6.9148e-01 1.4963e+00 -6.6721e-01 2.2306e-01 1.8467e-01 6.6460e-01 -6.8701e-01 -5.4617e-02 1.3994e+00 -8.1800e-03 2.6698e-01 2.5377e-01 -1.6271e-01 -1.3013e-01 -1.4041e-02 -6.7898e-01 1.8298e-01 1.8773e-01 -3.1464e-01 -4.6316e-01 -1.4029e+00 1.1730e+00 1.3005e-01 -4.6803e-02 -1.4907e-01 1.5416e+00 -1.8795e-01 1.2921e+00 -1.2422e-03 -1.0446e-01 6.9489e-01 -2.7126e-02 -5.0586e-01 -9.8834e-02 -2.5227e-01 2.6837e-01 9.6759e+00 -9.4763e-02 1.0276e-01 -2.0276e-02 -7.3180e-02 -1.0455e-01 -1.7768e-03 -3.6941e-01 -1.5707e-01
-1.2577e-01 -9.9782e-02 -6.6395e-01 8.3837e-02 -9.3790e-02 -1.0545e-02 -2.2577e-02 -2.2928e-01 -8.4349e-01 7.2077e-02 -1.9860e-01 -1.3850e-01 -6.3813e-01 -1.8199e-01 1.6950e-02 -2.3406e-01 -8.0445e-02 -1.0034e-01 -1.2060e-03 1.7102e-01 -1.1823e-01 3.1226e+00 -2.2804e-02 2.3587e-01 -4.7555e-02 8.9005e-01 -1.4810e+00 1.6995e+00 -4.3552e+00 -7.8744e-01 -1.0754e-01 -4.3652e-02 -3.7837e-01 2.6658e+00 6.6812e-02 -1.4879e-01 -3.1448e-01 -2.1497e-01 -2.9590e-02 1.2184e-01 2.6743e-01 -8.3396e-02 -1.2972e-01 -9.4763e-02 1.0070e+01 -4.6325e-03 -2.8144e-02 5.6992e-03 -1.1550e-01 1.1333e-01 -1.7014e-01 -1.2166e-01
4.8126e-02 7.9497e-02 -4.9912e-01 -4.1447e-01 3.3861e-02 -1.6819e+00 5.9235e-02 -4.8580e-01 -4.4028e-01 -9.3101e-01 7.4750e-01 -1.4489e-01 -4.5172e-01 2.5711e-01 9.7617e-03 4.8330e-01 -1.2666e-01 -2.6722e-02 2.0119e-01 -1.5721e+00 -9.2611e-02 -9.1489e-02 -6.0395e-01 -2.5210e-01 -1.0729e-01 -1.5210e-01 -4.2117e-01 -8.1176e-01 2.2701e+00 -2.5674e-01 -2.6494e-02 2.4439e+00 -3.6669e-01 -2.9181e-01 -2.8431e-02 -5.1100e-02 5.4537e-01 -1.1207e-01 -3.6397e-02 -3.2649e-01 -2.0102e-01 5.4376e-01 -1.4159e-01 1.0276e-01 -4.6325e-03 8.2573e+00 -8.2505e-03 2.7140e+00 -4.8881e-02 1.1615e-03 1.8197e-02 7.6398e-03
-8.4225e-02 -3.0138e-02 3.7555e-01 -1.9610e-01 2.6680e-03 -2.0238e-02 -4.3649e-02 -2.0049e-01 -4.3991e-01 1.1079e-02 -6.3224e-02 -2.6508e-02 -7.8996e-02 -5.8985e-02 -1.0189e-02 -3.4801e-01 -6.0295e-03 2.2141e-01 -2.8923e-02 -5.2165e-02 -4.8940e-02 -1.2046e-01 -3.5909e-01 1.1500e-01 2.2989e-02 1.8452e-02 1.6872e-03 -8.9791e-02 -1.4018e-01 2.4552e-02 -8.0247e-03 -2.5577e-02 1.3767e-01 -1.3068e-01 1.3307e-01 -3.7163e-02 -1.4618e-02 2.2851e-01 -1.4694e-02 -5.6669e-02 -3.0150e-02 2.4748e-02 -1.9215e-02 -2.0276e-02 -2.8144e-02 -8.2505e-03 3.9305e+00 -2.5238e-02 -2.1391e-02 9.2412e-02 -1.3785e-01 -1.4439e-02
4.5983e-01 4.4655e-01 -5.6638e-01 4.0018e-01 -6.7522e-02 -1.1742e-01 -3.4528e-01 -4.3471e-01 -1.8065e+00 5.3003e-01 -2.7752e-01 -1.7839e-01 -3.2594e-01 -2.5547e-01 -5.4250e-02 1.6400e-01 -3.1872e-02 5.4700e-04 1.2684e-01 -6.1453e-01 -7.1868e-02 -1.6049e-01 -8.7035e-01 -2.7727e-01 -1.2345e-01 -1.0861e-01 -4.9597e-01 6.0517e-02 8.2581e-01 -3.3554e-01 -4.5743e-02 2.7399e+00 -8.0066e-02 -3.2346e-01 -2.1136e-01 -2.0996e-02 -4.9054e-02 2.0889e-02 -3.3926e-02 -2.7051e-01 -2.4337e-01 -2.4557e-01 -7.6412e-02 -7.3180e-02 5.6992e-03 2.7140e+00 -2.5238e-02 9.1332e+00 -5.6042e-02 1.1673e-01 3.2412e-01 -1.3314e-01
9.0597e-03 -1.2879e-01 -3.3296e-01 -2.6673e+00 -3.2475e-01 -4.1102e-01 -2.8062e-02 7.6403e-01 -1.2504e-01 4.8789e-02 3.0048e-01 -1.9119e-01 -1.9993e-01 2.5752e-01 1.0524e+00 2.8608e-01 -2.8527e-01 6.2755e-02 -2.9512e-01 -1.0140e-01 -4.9156e-02 -1.1258e+00 4.3416e-01 -4.2238e-01 1.9016e-01 1.5936e-01 -1.2476e+00 -3.9558e+00 -9.5882e-02 5.0007e-01 -5.8705e-02 -1.1528e-01 7.1351e-01 -2.9748e-02 -7.9793e-02 -7.3243e-03 4.2262e+00 -3.6600e-01 -4.7125e-02 -1.7640e+00 -1.0400e-01 1.4808e-01 2.1556e+00 -1.0455e-01 -1.1550e-01 -4.8881e-02 -2.1391e-02 -5.6042e-02 1.4311e+01 4.3083e-01 -5.3324e-02 -3.6314e-01
-1.5216e-01 -6.1401e-02 -5.8442e-01 -1.2338e-01 6.0280e-02 -1.1266e+00 4.6888e-02 1.3852e+00 -1.5042e+00 -7.1189e-01 -3.7280e-01 -2.5661e-01 -9.5839e-01 -1.1480e+00 -2.4906e-01 1.7152e+00 3.1362e-01 -1.3223e-01 -3.6718e-01 -1.9762e+00 -7.1743e-02 -1.7758e+00 -1.3831e+00 5.5292e-02 -2.5492e-01 -2.4599e-01 4.1412e-01 -4.4594e+00 3.1702e+00 -7.3418e-01 1.0996e-02 -3.0621e-01 -8.8321e-01 5.6388e-01 -1.3448e-01 -6.1710e-01 -3.5065e-01 -2.2750e-01 -7.4452e-02 -1.1213e+00 -3.8808e-01 -2.0880e-01 -2.7749e-01 -1.7768e-03 1.1333e-01 1.1615e-03 9.2412e-02 1.1673e-01 4.3083e-01 1.6531e+01 -2.3428e-01 2.8539e-02
1.4619e+01 -4.5928e+00 -5.0948e+00 1.6127e-01 -8.4413e+00 4.7712e-01 -3.4295e+00 2.7672e+00 7.7366e-01 1.1343e-02 1.1619e-02 5.7608e+00 -2.8962e-02 4.1610e+00 -3.8505e-02 1.2144e-01 -3.0118e-02 -3.7546e-02 5.9033e-02 -1.7868e+00 -1.1594e-01 -1.6053e-01 -7.2528e+00 1.2010e-02 -6.4973e-01 -4.2855e-02 -6.3236e+00 -4.4155e-01 4.8517e+00 4.3973e+00 1.0729e-01 6.6731e-02 -6.6188e-01 2.0746e+00 -2.0499e+00 8.8856e-02 -4.4029e-02 4.0499e-02 1.1494e-02 -1.7581e+00 6.7607e-02 3.1592e+00 -8.3712e-01 -3.6941e-01 -1.7014e-01 1.8197e-02 -1.3785e-01 3.2412e-01 -5.3324e-02 -2.3428e-01 2.3764e+01 -6.2672e+00
-2.5990e+00 6.2481e+00 2.1186e+00 1.7729e-01 1.9583e+01 -1.1386e-01 1.9202e+00 -2.5710e+00 -2.5394e-01 -2.8842e-01 -2.8278e-01 -2.3059e+00 1.1522e-01 -2.5486e+00 -7.1185e-01 -3.3028e-01 4.6302e-02 1.5469e-01 -9.4878e-02 8.8550e-01 -8.3440e-02 -6.5939e-02 2.9829e+00 7.0213e-02 1.5671e-01 8.1024e-02 2.7936e+00 -3.5468e-02 1.9193e-01 -1.7973e+00 -3.9944e-02 1.5863e-01 1.3352e-01 1.7179e+00 9.6948e-01 -2.8879e-02 -2.7625e-01 -3.2611e-02 6.3745e-02 1.3329e+00 -6.9625e-02 -2.2551e+00 -1.0932e-01 -1.5707e-01 -1.2166e-01 7.6398e-03 -1.4439e-02 -1.3314e-01 -3.6314e-01 2.8539e-02 -6.2672e+00 2.1258e+01
