7.6177e+01 2.2050e+01 4.9060e-01 -1.0150e+00 3.9358e-02 -1.2018e+00 3.7665e+00 1.9206e+00 -2.2362e+00 7.2956e-01 -7.6693e-01 2.3732e-02 -7.1072e+00 1.3813e+00 2.7228e-01 -8.9325e-01 -4.1716e+00 -4.6908e-01 7.1093e-01 -1.6518e+00 6.0420e-01 -6.0270e+00 1.9209e+00 3.2777e-01 -1.0039e-02 -1.2905e+01 -3.1584e-01 4.0282e-01 -2.2758e-01 7.3665e+00 -3.1025e-01 -4.6944e+00 3.3467e+00 -1.3074e+00 6.4083e-02 -6.7317e-02 -2.3226e+00 -2.7401e+00 1.1663e+01 -1.0277e+01 -7.3424e-02 4.6515e+00 -1.6271e+00 -2.8966e+00 -1.0883e+00 -6.5934e-01 3.2330e-01 -1.2764e-01 -6.0882e-02 -7.0633e-01 2.9045e+00 3.7833e-01
2.2050e+01 8.2815e+01 -1.6789e-01 -7.0389e-01 -9.6103e-01 -2.2460e-01 -2.0566e+01 -5.8512e+00 -2.2383e+01 -3.4853e+00 -5.5679e-01 -1.1917e-01 -3.9562e+00 -2.6760e-01 -1.4680e-01 -9.0465e-01 -1.8622e+00 3.9271e-01 8.6398e-01 3.8450e+00 -3.6333e-01 -1.0071e+01 -7.5607e-01 3.9235e-02 1.4336e-01 1.0374e+01 6.8392e-01 8.5910e-01 -4.2033e-01 -2.2742e+01 -1.5802e-01 1.3149e+00 -2.8077e-02 -5.0495e-01 4.7510e-01 4.4118e-03 1.2372e+00 -5.1643e+00 7.6151e+00 5.9227e+00 -7.4293e-03 -6.6681e+00 6.0923e-01 -3.1267e-01 1.8431e+00 -1.7313e-01 7.8654e-01 -5.4860e-01 -9.8410e-02 -1.5921e+00 -8.9362e+00 1.1379e+01
4.9060e-01 -1.6789e-01 1.0584e+02 9.7470e+00 -5.9459e+01 3.8663e+01 -1.1903e-01 -5.8772e-01 -2.3228e+00 -5.1505e+01 -2.3907e+00 3.4466e+00 -5.4428e+01 -7.8964e+00 -5.8918e+00 -4.8222e+00 1.2404e+01 5.2319e-01 -2.5698e+00 -4.2038e+00 -4.4204e+00 6.1697e-01 4.6217e-01 -6.0132e-01 -2.3337e-01 -3.3998e+01 -1.2602e+00 3.2914e-01 8.3934e-01 2.4766e+00 2.2727e-03 8.2563e-01 2.8332e+01 -3.8760e+01 9.5952e+00 -9.0155e+00 -6.3616e+00 -7.1300e-01 3.2541e-01 -2.0210e+01 -6.2293e-02 -1.5028e+00 -1.5269e+00 9.5819e-01 8.3903e-02 1.2519e+00 6.8474e+00 -3.1366e+00 6.3068e-01 -4.1812e-01 -1.8069e+00 3.4785e-02
-1.0150e+00 -7.0389e-01 9.7470e+00 5.8687e+01 2.4136e+00 1.6672e+00 -1.0604e+00 -1.5258e-01 8.3397e-01 -1.1758e+01 -1.8151e+00 9.4033e-03 -7.3949e+00 1.0170e-01 6.6828e-02 -1.0653e+01 7.7808e-01 4.1925e-02 6.9279e-01 1.0482e+00 -2.9131e-01 1.4064e+00 -9.0953e-01 8.0512e-01 9.6763e-02 -1.1931e+00 -4.8571e-01 -1.1743e-01 -4.8772e-01 8.2257e-01 -2.3837e-01 3.7091e+00 2.6537e+00 -4.3020e+00 -4.2414e-02 -2.3762e+00 1.1601e+01 -7.6609e-02 -1.9315e+00 -7.2731e-01 -2.0981e-01 -9.1193e-02 1.8201e-02 2.3672e+00 -3.1299e-01 1.0564e-01 2.4243e+00 -1.3632e+00 -3.1599e-02 -1.2888e-01 -1.0832e-01 -7.7592e-02
3.9358e-02 -9.6103e-01 -5.9459e+01 2.4136e+00 9.6684e+01 -3.6405e+01 8.9512e-03 5.9164e-01 -3.4674e-01 5.2928e+01 1.2347e+01 -3.6164e+00 5.0522e+01 8.6936e+00 4.5409e+00 8.9987e-01 -1.7439e+01 -8.7612e-01 2.7356e+00 7.8321e+00 1.0317e+01 -5.5947e-01 -1.7052e+00 1.1276e+00 9.1902e-01 4.4856e+01 -1.2255e-01 -1.0250e+00 -1.5358e+00 -1.4956e+00 4.3573e-01 -1.3642e+00 -1.4948e+01 2.7180e+01 -7.9460e+00 9.4792e+00 1.0490e+01 7.9064e+00 -6.4770e-01 2.0500e+01 1.0697e-02 2.6122e+00 4.3804e-01 -1.3551e+00 2.0612e-01 -1.2200e+00 3.2244e-01 2.2183e+00 -8.8025e-01 2.6054e-01 2.8426e+00 1.0167e-04
-1.2018e+00 -2.2460e-01 3.8663e+01 1.6672e+00 -3.6405e+01 8.0773e+01 -2.7999e-01 -1.5212e+00 5.4776e-01 -5.8659e+01 -1.0655e+01 -5.1701e-01 -2.7438e+01 -5.9562e+00 -3.1361e+00 -2.0804e-01 1.9381e+01 -5.5730e-01 -2.0256e+00 -8.6117e+00 -1.5011e+01 1.4429e-01 1.6053e+00 2.7273e-01 -6.0875e-01 -7.2196e+00 4.8756e-01 7.9561e-01 1.4604e+00 1.7737e+00 2.7076e-02 -1.0666e+00 2.7641e+01 -2.2756e+01 -3.9868e+00 -5.2427e+00 -8.3390e+00 -9.2621e+00 -6.7985e-01 -8.5271e+00 -7.4012e-01 -2.7182e+00 -1.5106e+00 7.1231e-01 -1.7260e-01 1.9810e+00 1.7981e+00 -1.2503e+00 -2.8816e-01 -3.8275e-01 -2.9633e+00 -2.4404e-01
3.7665e+00 -2.0566e+01 -1.1903e-01 -1.0604e+00 8.9512e-03 -2.7999e-01 4.0740e+01 1.4168e+01 -1.4169e+00 -3.0497e+00 -1.2877e+00 7.1893e-02 2.5560e+00 2.2542e-01 2.5962e-01 1.5744e-01 -1.8446e-01 -4.0992e-03 -1.7957e-01 -7.4973e+00 -8.1583e-01 1.0122e+00 4.5239e-01 -6.5576e-02 -2.9526e-01 1.7706e+00 3.6347e-01 -5.8474e-01 3.3834e-02 1.7513e+01 2.2023e-02 -3.6007e-01 1.3586e-01 -1.6649e-01 4.0843e-02 -1.3852e-02 -4.9727e+00 8.4000e-01 9.2665e-01 -1.6465e+00 -1.7019e-01 1.0698e+00 1.8551e-01 6.0388e-03 -5.3010e-02 -4.0661e-02 -6.3267e-01 -4.7807e-01 1.4015e-02 4.5308e-01 1.4456e+00 5.6882e+00
1.9206e+00 -5.8512e+00 -5.8772e-01 -1.5258e-01 5.9164e-01 -1.5212e+00 1.4168e+01 3.4496e+01 -3.2850e+00 -3.9917e+00 -1.4893e+00 -3.3398e-01 1.1114e+00 6.8000e-01 1.4463e-01 1.1273e-01 -3.9285e-01 -1.5069e-01 9.1598e-01 2.3275e-01 -5.0400e-01 1.8316e-01 3.6220e-01 4.9270e-02 6.2302e-01 -1.6268e+00 2.1720e-01 -7.5470e-01 -2.4265e-02 5.9163e+00 -9.6641e-02 1.9112e-01 8.2724e-01 -4.6020e-01 2.6805e-01 -1.3391e+00 3.7679e-01 7.5142e-01 4.8811e-01 -4.9182e+00 -2.8486e-01 -5.4387e-01 1.1369e-01 2.8389e-02 -2.6929e-02 -5.7066e-02 -5.8754e-01 -1.3502e-01 -1.9041e-01 1.6496e-01 -4.4992e-01 4.4624e+00
-2.2362e+00 -2.2383e+01 -2.3228e+00 8.3397e-01 -3.4674e-01 5.4776e-01 -1.4169e+00 -3.2850e+00 8.3734e+01 8.1490e-01 7.5279e-01 3.5847e-01 -7.3453e+00 9.3654e-02 -1.6576e-01 -6.8418e-02 -2.6994e-01 1.0911e-01 6.6821e-02 -3.3115e+00 -1.0993e-01 9.7397e+00 -3.5820e-01 1.4747e-01 -1.6113e-01 -1.4371e+01 -4.1271e-01 1.4012e-01 -2.4147e-02 8.4095e+00 -8.3020e-01 -3.5328e+00 1.4804e+00 -1.2696e-02 6.2103e-01 -1.7994e+00 1.0002e+01 4.7387e+00 -9.8376e+00 -5.1437e+00 5.7362e-02 1.3038e+00 -1.2510e+00 -2.2013e+00 -1.0887e+00 6.2296e-01 9.0332e-01 1.3360e+00 1.6419e-01 -1.7940e+00 3.2063e-01 5.1522e-01
7.2956e-01 -3.4853e+00 -5.1505e+01 -1.1758e+01 5.2928e+01 -5.8659e+01 -3.0497e+00 -3.9917e+00 8.1490e-01 1.1751e+02 1.1167e+01 -4.3466e+00 5.7389e+01 4.1112e+00 3.6038e+00 -2.3661e+00 -1.7003e+01 -4.9039e-02 1.8678e+00 5.6151e+00 1.0460e+01 -4.4343e-01 -1.9772e+00 -3.9609e-01 -1.3773e-01 2.7710e+01 -1.7412e+00 -2.1355e-02 -1.5357e+00 -1.6958e+00 -2.3108e-01 -8.7348e-01 -2.7275e+01 4.7529e+01 1.7645e-03 8.8376e+00 1.2232e+01 9.2067e+00 -6.0055e-01 1.3609e+01 2.5382e-01 9.4183e+00 1.6768e+00 -1.5042e+00 -4.9523e-02 -1.5201e+00 -2.6254e+00 1.8879e+00 -9.7430e-01 1.5108e-01 9.5008e+00 -3.9245e+00
-7.6693e-01 -5.5679e-01 -2.3907e+00 -1.8151e+00 1.2347e+01 -1.0655e+01 -1.2877e+00 -1.4893e+00 7.5279e-01 1.1167e+01 3.7775e+01 -1.1938e+00 1.2351e+01 1.5143e+01 1.4378e+00 -1.7300e-01 -2.8676e+00 -7.7396e-01 -1.2653e+00 -3.1035e+00 1.9803e+01 -5.3554e-01 -6.7894e-01 1.0230e+00 -3.4948e-01 6.8951e+00 -3.9790e-01 -3.9983e-01 -7.8168e-01 -2.2720e-01 1.6422e-01 -2.8472e-01 -6.3789e+00 -1.1178e+01 -9.4550e-01 -2.7357e+00 3.2733e-01 1.4624e+01 -9.7348e-01 -8.5487e-01 3.0920e-01 -1.9935e+00 3.1514e-02 -3.5653e-01 -6.4316e-02 -1.5483e-01 -6.7154e-01 -4.8152e-01 -1.0012e-01 2.5701e+00 1.6183e-01 2.3587e-01
2.3732e-02 -1.1917e-01 3.4466e+00 9.4033e-03 -3.6164e+00 -5.1701e-01 7.1893e-02 -3.3398e-01 3.5847e-01 -4.3466e+00 -1.1938e+00 1.7231e+01 -1.6404e-01 2.1182e+00 -8.8764e-01 -4.3123e-01 -1.5502e+00 -1.3441e-01 5.8838e-01 9.6247e-01 -1.4807e+00 -2.2114e-01 -1.9400e-01 -1.2883e-01 -2.1881e-01 8.7502e-01 -1.0420e-01 -1.0087e-01 -3.3518e-01 4.2429e-01 -7.9146e-02 -2.3837e-01 -1.8145e+00 -2.3398e+00 3.2066e+00 1.0581e+00 8.8583e-01 -8.7385e-01 -4.3258e-01 3.3548e+00 -1.5076e-01 3.1094e-01 -1.1756e-01 -1.1809e-01 -6.6092e-02 -1.6234e-01 -1.6614e-01 7.7694e-01 -1.4605e-01 -1.2689e-01 1.9721e-01 -1.2152e-01
-7.1072e+00 -3.9562e+00 -5.4428e+01 -7.3949e+00 5.0522e+01 -2.7438e+01 2.5560e+00 1.1114e+00 -7.3453e+00 5.7389e+01 1.2351e+01 -1.6404e-01 1.3388e+02 3.8112e+01 4.9761e+00 3.3865e+00 -1.7923e+01 -1.7598e+00 1.3497e+00 4.7498e+00 8.5598e+00 -1.4782e+00 9.6265e-02 -3.9485e-01 -2.2058e-01 6.3989e+01 -2.3529e+00 6.5520e-01 -4.7775e-01 8.7548e-01 5.4082e-02 4.8414e+00 -3.5024e+01 5.2569e+01 -1.0120e+01 8.1490e+00 1.3330e+01 9.3272e+00 -3.2968e-01 4.0033e+01 2.1883e-01 -2.8384e+00 8.7658e-01 2.0217e+00 -1.6474e-01 -1.6992e+00 -9.0778e+00 1.4571e+00 -6.8999e-01 4.4499e+00 1.6088e+00 -6.2848e-01
1.3813e+00 -2.6760e-01 -7.8964e+00 1.0170e-01 8.6936e+00 -5.9562e+00 2.2542e-01 6.8000e-01 9.3654e-02 4.1112e+00 1.5143e+01 2.1182e+00 3.8112e+01 7.7683e+01 9.2208e+00 2.7223e+00 -1.1379e+01 -6.7771e-01 -2.8195e+00 -8.4096e+00 1.5892e+01 -4.2451e-01 1.0662e+00 3.5708e-01 -1.5561e+00 3.0906e+01 -6.0636e-01 4.3147e-02 -1.9440e+00 -2.8382e+00 -4.0085e-01 -4.8071e-01 -2.0288e+01 8.1680e+00 1.3150e+00 -8.8104e+00 4.9910e+00 1.4922e+01 4.7493e-01 2.6055e+01 -4.5800e-01 1.3478e-01 1.8821e+00 -5.4008e-01 -1.5606e-01 -6.0754e-01 -4.8522e+00 -1.7037e+00 1.2077e-01 1.0900e-01 -1.7379e-01 -2.3592e-02
2.7228e-01 -1.4680e-01 -5.8918e+00 6.6828e-02 4.5409e+00 -3.1361e+00 2.5962e-01 1.4463e-01 -1.6576e-01 3.6038e+00 1.4378e+00 -8.8764e-01 4.9761e+00 9.2208e+00 2.3471e+01 -7.6480e-01 -1.5291e+00 -2.8867e-02 -4.5171e-01 -1.7445e+00 1.0656e+00 -2.6325e-01 7.3416e-02 1.1040e+00 -5.8120e-02 3.2017e+00 -1.8676e-01 -1.5239e-01 -4.0358e-01 -4.0555e+00 -1.3052e-01 -3.4864e-01 -3.7768e+00 4.9431e+00 -1.1889e+00 -8.8704e-01 -4.3692e-01 -1.8174e-01 1.5461e+00 5.0880e+00 -1.2117e-01 4.0956e-01 1.3289e-01 -1.3320e-01 5.1257e-01 -1.8836e-01 -8.4980e-01 -3.8625e-01 -1.1921e-01 4.0150e-01 2.9246e-01 -1.2626e-01
-8.9325e-01 -9.0465e-01 -4.8222e+00 -1.0653e+01 8.9987e-01 -2.0804e-01 1.5744e-01 1.1273e-01 -6.8418e-02 -2.3661e+00 -1.7300e-01 -4.3123e-01 3.3865e+00 2.7223e+00 -7.6480e-01 3.4612e+01 -1.2502e+00 -4.4168e-01 -3.2857e-01 -5.2062e-01 1.1784e+00 -3.7942e-01 3.2377e-01 -3.5353e-01 5.7506e-02 -2.1892e+00 -9.7538e-01 -2.5604e-01 -3.5023e-01 4.4551e-01 -2.8381e-01 -1.1165e+00 7.5405e-01 -3.7494e+00 9.7789e-02 1.6041e+00 -2.2238e+00 2.8298e+00 1.6048e+00 -1.0480e+00 -1.2276e-02 4.0601e-01 -9.6233e-02 -5.1903e-01 -2.9742e-01 1.4320e-01 6.5602e-02 -3.8213e-01 -1.9103e-02 -7.4939e-02 3.1436e-01 -2.5453e-02
-4.1716e+00 -1.8622e+00 1.2404e+01 7.7808e-01 -1.7439e+01 1.9381e+01 -1.8446e-01 -3.9285e-01 -2.6994e-01 -1.7003e+01 -2.8676e+00 -1.5502e+00 -1.7923e+01 -1.1379e+01 -1.5291e+00 -1.2502e+00 3.9504e+01 -2.4269e-01 -4.9362e-01 -2.7394e+00 -4.2740e+00 1.4107e+00 2.4390e-01 -2.9063e-01 -4.4591e-01 -2.2761e+01 -4.6340e-01 1.4812e-01 2.1385e+00 5.4865e-01 3.0883e-01 -4.0395e-02 6.4444e+00 -1.5290e+01 -1.4506e+00 -3.0707e+00 -1.4962e+01 -2.7319e+00 5.3950e-01 -9.3547e+00 -9.9049e-02 -2.1831e+00 -5.6745e-01 1.2612e+00 -2.6545e-01 -1.5532e-01 -6.9963e-01 -3.3136e-01 -1.9384e-01 -1.2333e-01 -2.2733e+00 -3.0969e-02
-4.6908e-01 3.9271e-01 5.2319e-01 4.1925e-02 -8.7612e-01 -5.5730e-01 -4.0992e-03 -1.5069e-01 1.0911e-01 -4.9039e-02 -7.7396e-01 -1.3441e-01 -1.7598e+00 -6.7771e-01 -2.8867e-02 -4.4168e-01 -2.4269e-01 9.9486e+00 2.0973e-01 -3.8386e-01 -1.0057e+00 -7.1505e-02 -1.1835e-01 -5.9044e-02 -8.2971e-02 -2.2461e+00 -1.3038e-01 -9.9516e-02 -9.6889e-02 -2.7118e-01 -2.2898e-02 5.2631e-02 -1.2460e+00 1.2342e+00 -1.5338e-01 -5.3746e-01 -4.1476e-01 -7.7131e-01 -2.3433e-01 -4.9115e-01 -9.8072e-02 -2.0287e-01 5.4465e-01 -5.4034e-02 -4.9477e-02 2.2568e-01 -8.9131e-02 -1.2190e-01 1.5180e-02 -4.7091e-02 -2.5620e-01 2.9972e-01
7.1093e-01 8.6398e-01 -2.5698e+00 6.9279e-01 2.7356e+00 -2.0256e+00 -1.7957e-01 9.1598e-01 6.6821e-02 1.8678e+00 -1.2653e+00 5.8838e-01 1.3497e+00 -2.8195e+00 -4.5171e-01 -3.2857e-01 -4.9362e-01 2.0973e-01 1.5967e+01 4.5870e+00 -1.4152e+00 2.8908e-01 -2.4037e-01 -8.1069e-02 -8.8538e-02 -1.4692e+00 3.5822e-01 1.3742e-01 -3.0058e-01 9.4189e-02 1.6288e-01 6.9924e-02 -4.2478e-01 2.4636e+00 4.6837e-02 -4.6145e-01 8.9109e-01 -1.0665e+00 -4.6181e-01 -1.2918e+00 -1.0165e-03 -8.8060e-02 -1.1625e-01 1.2721e-02 -1.3157e-01 2.3555e-01 -3.0369e-01 -1.9043e-01 -1.5027e-02 -1.0495e-01 -1.8415e-01 2.3243e-01
-1.6518e+00 3.8450e+00 -4.2038e+00 1.0482e+00 7.8321e+00 -8.6117e+00 -7.4973e+00 2.3275e-01 -3.3115e+00 5.6151e+00 -3.1035e+00 9.6247e-01 4.7498e+00 -8.4096e+00 -1.7445e+00 -5.2062e-01 -2.7394e+00 -3.8386e-01 4.5870e+00 5.0120e+01 -3.7249e+00 -8.0829e-01 -6.1893e-01 -5.3471e-02 5.7012e-01 1.9971e+00 -6.6884e-01 -2.9021e-01 -3.9880e-01 -4.0834e-02 2.2950e-01 -2.8612e-01 -6.3623e+00 7.4913e+00 -1.7338e+00 -1.5513e+00 5.6409e+00 -5.8542e-01 -1.3570e+00 -5.2531e+00 1.9425e+00 -4.1180e-02 -3.8740e-01 7.8093e-01 9.7202e-03 -2.8131e-01 1.0001e+00 -9.4419e-01 -2.8858e-01 -3.0075e-01 -3.7108e-01 -2.2086e-01
6.0420e-01 -3.6333e-01 -4.4204e+00 -2.9131e-01 1.0317e+01 -1.5011e+01 -8.1583e-01 -5.0400e-01 -1.0993e-01 1.0460e+01 1.9803e+01 -1.4807e+00 8.5598e+00 1.5892e+01 1.0656e+00 1.1784e+00 -4.2740e+00 -1.0057e+00 -1.4152e+00 -3.7249e+00 4.1419e+01 8.4370e-02 -9.5901e-01 -2.0788e-01 -4.3336e-01 8.9941e+00 -3.5289e-01 -5.6161e-01 -1.1452e+00 -2.4901e-01 -8.0185e-02 -2.8076e-01 -9.2780e+00 -1.6341e+01 -8.0398e-01 -2.5559e+00 1.6726e+00 1.7993e+01 -6.6844e-01 -3.5131e+00 -3.3527e-01 4.7164e-01 -3.0859e-01 -5.0993e-01 -1.1888e-01 -2.6866e-01 -1.6622e+00 1.1471e-01 -1.3802e-01 2.9575e-01 3.0129e-01 -1.0011e+00
-6.0270e+00 -1.0071e+01 6.1697e-01 1.4064e+00 -5.5947e-01 1.4429e-01 1.0122e+00 1.8316e-01 9.7397e+00 -4.4343e-01 -5.3554e-01 -2.2114e-01 -1.4782e+00 -4.2451e-01 -2.6325e-01 -3.7942e-01 1.4107e+00 -7.1505e-02 2.8908e-01 -8.0829e-01 8.4370e-02 2.2000e+01 -1.4421e-01 -8.0297e-02 -8.3633e-02 -2.6718e+00 2.1368e-01 -7.3090e-02 -2.0290e-01 2.1740e+00 -1.0883e-01 -1.9340e-02 1.4817e-02 -1.2436e-01 -3.7009e-01 -9.1323e-02 -1.8330e+00 -6.0942e-01 -1.6085e+00 -2.8655e+00 6.0909e-02 9.2580e-02 -2.9671e-01 -7.7873e-02 -4.7565e-01 1.1230e+00 6.7338e-01 -1.3233e-01 2.2970e-01 -4.2707e-01 -2.3195e-01 2.3627e-01
1.9209e+00 -7.5607e-01 4.6217e-01 -9.0953e-01 -1.7052e+00 1.6053e+00 4.5239e-01 3.6220e-01 -3.5820e-01 -1.9772e+00 -6.7894e-01 -1.9400e-01 9.6265e-02 1.0662e+00 7.3416e-02 3.2377e-01 2.4390e-01 -1.1835e-01 -2.4037e-01 -6.1893e-01 -9.5901e-01 -1.4421e-01 1.0908e+01 -1.3264e-02 -7.8653e-02 1.2530e-01 -1.3440e-01 8.5661e-01 -1.9388e-01 1.8319e-01 -4.7608e-02 -9.6666e-02 -9.8610e-01 2.0574e-01 -2.0667e-01 -2.2569e-01 3.8825e-01 -8.0636e-01 -2.2725e-01 -5.3322e-01 -3.2721e-02 -1.8715e+00 1.7709e-01 -4.3371e-02 -3.2188e-02 -6.1254e-02 -2.3290e-01 1.3893e-01 -3.0316e-02 -1.0858e-01 -1.9880e+00 -1.7215e-01
3.2777e-01 3.9235e-02 -6.0132e-01 8.0512e-01 1.1276e+00 2.7273e-01 -6.5576e-02 4.9270e-02 1.4747e-01 -3.9609e-01 1.0230e+00 -1.2883e-01 -3.9485e-01 3.5708e-01 1.1040e+00 -3.5353e-01 -2.9063e-01 -5.9044e-02 -8.1069e-02 -5.3471e-02 -2.0788e-01 -8.0297e-02 -1.3264e-02 7.7323e+00 -7.0841e-02 2.1171e+00 8.1498e-01 -3.3994e-02 -5.7472e-02 1.1296e-01 -4.5825e-02 -1.5835e-01 5.9117e-01 5.4592e-01 -2.4074e-01 -2.1787e-01 2.8033e-01 -5.0159e-02 1.2314e-01 1.3561e-01 -3.7977e-02 -4.1441e-02 -7.5928e-02 -6.5508e-03 -3.3853e-02 1.9663e-01 9.7921e-01 -1.2270e-01 -3.9808e-02 -1.9160e-02 -4.9322e-02 -2.4770e-02
-1.0039e-02 1.4336e-01 -2.3337e-01 9.6763e-02 9.1902e-01 -6.0875e-01 -2.9526e-01 6.2302e-01 -1.6113e-01 -1.3773e-01 -3.4948e-01 -2.1881e-01 -2.2058e-01 -1.5561e+00 -5.8120e-02 5.7506e-02 -4.4591e-01 -8.2971e-02 -8.8538e-02 5.7012e-01 -4.3336e-01 -8.3633e-02 -7.8653e-02 -7.0841e-02 8.7952e+00 -2.3243e+00 -8.3200e-02 -5.7564e-02 5.6829e-02 -1.4323e-01 -4.4873e-02 -1.2617e-01 1.1406e-01 -4.0010e-02 -1.8892e-01 -2.7597e-01 -1.0630e+00 -3.0757e-01 -1.6215e-01 -1.3841e-01 -6.3010e-02 -7.7545e-02 7.0540e-03 8.7528e-01 1.8768e-01 -2.5768e-02 1.8842e+00 6.3475e-01 -5.8338e-02 8.7385e-02 -5.3536e-02 1.6240e-01
-1.2905e+01 1.0374e+01 -3.3998e+01 -1.1931e+00 4.4856e+01 -7.2196e+00 1.7706e+00 -1.6268e+00 -1.4371e+01 2.7710e+01 6.8951e+00 8.7502e-01 6.3989e+01 3.0906e+01 3.2017e+00 -2.1892e+00 -2.2761e+01 -2.2461e+00 -1.4692e+00 1.9971e+00 8.9941e+00 -2.6718e+00 1.2530e-01 2.1171e+00 -2.3243e+00 1.3744e+02 -1.2330e+00 3.2431e-01 -2.5188e+00 -1.7470e+01 -1.1083e+00 7.3488e+00 -1.3420e+01 3.5972e+01 -7.9200e+00 5.5194e+00 2.6134e+01 5.5342e+00 -4.0314e+00 4.3955e+01 -2.4509e-01 1.4964e+00 3.8909e+00 1.5281e+00 4.4841e+00 -7.9738e-01 -5.2117e+00 1.7155e+00 -1.0985e+00 -2.9046e-01 1.1253e+00 -1.3094e+00
-3.1584e-01 6.8392e-01 -1.2602e+00 -4.8571e-01 -1.2255e-01 4.8756e-01 3.6347e-01 2.1720e-01 -4.1271e-01 -1.7412e+00 -3.9790e-01 -1.0420e-01 -2.3529e+00 -6.0636e-01 -1.8676e-01 -9.7538e-01 -4.6340e-01 -1.3038e-01 3.5822e-01 -6.6884e-01 -3.5289e-01 2.1368e-01 -1.3440e-01 8.1498e-01 -8.3200e-02 -1.2330e+00 1.7272e+01 -6.0907e-03 -1.0026e-01 -1.2234e+00 3.2885e-01 -3.4624e-02 -9.1369e-02 1.1364e+00 -3.7174e-01 -3.9017e-01 2.2680e+00 1.3174e-01 -2.0400e-01 -9.5309e-01 -2.2122e-01 -9.0487e-01 8.3592e-02 -2.6498e-01 -7.8504e-02 7.8061e-01 8.0650e-01 1.4951e-02 -3.2420e-02 -8.9913e-02 -9.8174e-01 9.2927e-02
4.0282e-01 8.5910e-01 3.2914e-01 -1.1743e-01 -1.0250e+00 7.9561e-01 -5.8474e-01 -7.5470e-01 1.4012e-01 -2.1355e-02 -3.9983e-01 -1.0087e-01 6.5520e-01 4.3147e-02 -1.5239e-01 -2.5604e-01 1.4812e-01 -9.9516e-02 1.3742e-01 -2.9021e-01 -5.6161e-01 -7.3090e-02 8.5661e-01 -3.3994e-02 -5.7564e-02 3.2431e-01 -6.0907e-03 8.0147e+00 6.8685e-01 -7.2904e-01 -3.9219e-02 -1.2782e-01 -9.0239e-01 1.3538e+00 -5.6618e-03 8.3206e-01 6.4336e-01 -4.5756e-01 -2.1317e-01 5.3743e-01 -3.8318e-02 -6.9415e-01 -5.7606e-02 -6.0681e-02 -5.6328e-02 -4.1344e-02 -8.4572e-02 3.4724e-02 -1.6360e-02 -2.1935e-02 -7.2046e-01 6.1335e-02
-2.2758e-01 -4.2033e-01 8.3934e-01 -4.8772e-01 -1.5358e+00 1.4604e+00 3.3834e-02 -2.4265e-02 -2.4147e-02 -1.5357e+00 -7.8168e-01 -3.3518e-01 -4.7775e-01 -1.9440e+00 -4.0358e-01 -3.5023e-01 2.1385e+00 -9.6889e-02 -3.0058e-01 -3.9880e-01 -1.1452e+00 -2.0290e-01 -1.9388e-01 -5.7472e-02 5.6829e-02 -2.5188e+00 -1.0026e-01 6.8685e-01 1.0864e+01 5.1393e-02 -9.6233e-03 -2.1955e-01 1.0792e+00 -1.2428e+00 -2.3030e-01 -4.8432e-01 -1.9317e+00 -9.9329e-01 -2.8725e-01 -8.9595e-01 -5.8721e-02 2.3493e-01 -1.5902e-01 -8.2364e-02 -1.3106e-01 2.1158e-01 -1.0531e-02 -3.0431e-02 -4.7477e-02 -5.6346e-02 1.9233e-01 -1.5428e-02
7.3665e+00 -2.2742e+01 2.4766e+00 8.2257e-01 -1.4956e+00 1.7737e+00 1.7513e+01 5.9163e+00 8.4095e+00 -1.6958e+00 -2.2720e-01 4.2429e-01 8.7548e-01 -2.8382e+00 -4.0555e+00 4.4551e-01 5.4865e-01 -2.7118e-01 9.4189e-02 -4.0834e-02 -2.4901e-01 2.1740e+00 1.8319e-01 1.1296e-01 -1.4323e-01 -1.7470e+01 -1.2234e+00 -7.2904e-01 5.1393e-02 5.9450e+01 2.3253e-01 4.4663e-01 1.7406e+00 -6.6923e-01 -4.1287e-01 5.4630e-01 3.5127e+00 2.7825e-01 2.1264e+00 -1.3534e+01 -1.1866e-01 3.6885e+00 -3.0709e+00 2.9146e-02 -4.2683e+00 -4.5048e-01 3.8374e-01 -6.4200e-01 -2.1719e-02 5.8504e-01 4.0054e+00 1.0823e+01
-3.1025e-01 -1.5802e-01 2.2727e-03 -2.3837e-01 4.3573e-01 2.7076e-02 2.2023e-02 -9.6641e-02 -8.3020e-01 -2.3108e-01 1.6422e-01 -7.9146e-02 5.4082e-02 -4.0085e-01 -1.3052e-01 -2.8381e-01 3.0883e-01 -2.2898e-02 1.6288e-01 2.2950e-01 -8.0185e-02 -1.0883e-01 -4.7608e-02 -4.5825e-02 -4.4873e-02 -1.1083e+00 3.2885e-01 -3.9219e-02 -9.6233e-03 2.3253e-01 7.4783e+00 -2.4104e-01 -5.5047e-01 -3.3063e-01 8.4707e-02 2.1917e+00 -1.1840e+00 -5.1958e-02 -3.3523e-01 -1.5339e-01 9.8975e-02 -2.9287e-01 -6.0636e-02 -1.2307e-01 -2.8023e-02 -5.4892e-03 1.1895e-01 -7.3882e-02 1.1065e-03 -2.9892e-03 -2.7867e-01 -3.4034e-02
-4.6944e+00 1.3149e+00 8.2563e-01 3.7091e+00 -1.3642e+00 -1.0666e+00 -3.6007e-01 1.9112e-01 -3.5328e+00 -8.7348e-01 -2.8472e-01 -2.3837e-01 4.8414e+00 -4.8071e-01 -3.4864e-01 -1.1165e+00 -4.0395e-02 5.2631e-02 6.9924e-02 -2.8612e-01 -2.8076e-01 -1.9340e-02 -9.6666e-02 -1.5835e-01 -1.2617e-01 7.3488e+00 -3.4624e-02 -1.2782e-01 -2.1955e-01 4.4663e-01 -2.4104e-01 2.0874e+01 1.8655e+00 -2.1989e+00 2.3846e+00 -5.1194e-01 5.1682e+00 -3.6415e-01 -1.0998e+00 -1.2587e+00 -1.2076e-01 -7.7405e-02 -1.1482e-01 3.5289e+00 3.2473e-01 4.0316e-01 6.3001e-01 7.7255e-01 1.5053e+00 -1.1667e-01 -1.3928e-01 1.0256e-01
3.3467e+00 -2.8077e-02 2.8332e+01 2.6537e+00 -1.4948e+01 2.7641e+01 1.3586e-01 8.2724e-01 1.4804e+00 -2.7275e+01 -6.3789e+00 -1.8145e+00 -3.5024e+01 -2.0288e+01 -3.7768e+00 7.5405e-01 6.4444e+00 -1.2460e+00 -4.2478e-01 -6.3623e+00 -9.2780e+00 1.4817e-02 -9.8610e-01 5.9117e-01 1.1406e-01 -1.3420e+01 -9.1369e-02 -9.0239e-01 1.0792e+00 1.7406e+00 -5.5047e-01 1.8655e+00 8.3718e+01 -3.8158e+01 7.6990e+00 -5.6930e+00 -1.2328e+01 -7.7616e+00 4.3816e+00 -2.0806e+01 -8.1543e-01 1.1319e+00 -1.0651e+00 9.8950e-01 -2.3432e-01 2.1144e+00 9.0274e+00 1.8568e+00 8.9389e-01 -2.4052e-01 9.2521e-01 -1.0066e-01
-1.3074e+00 -5.0495e-01 -3.8760e+01 -4.3020e+00 2.7180e+01 -2.2756e+01 -1.6649e-01 -4.6020e-01 -1.2696e-02 4.7529e+01 -1.1178e+01 -2.3398e+00 5.2569e+01 8.1680e+00 4.9431e+00 -3.7494e+00 -1.5290e+01 1.2342e+00 2.4636e+00 7.4913e+00 -1.6341e+01 -1.2436e-01 2.0574e-01 5.4592e-01 -4.0010e-02 3.5972e+01 1.1364e+00 1.3538e+00 -1.2428e+00 -6.6923e-01 -3.3063e-01 -2.1989e+00 -3.8158e+01 1.0742e+02 -1.1265e+01 9.0598e+00 1.1692e+01 -1.3081e+01 6.2036e-01 3.4919e+01 4.6825e-01 -1.0649e+00 2.0369e+00 -1.8760e+00 7.0985e-03 -9.8528e-01 -9.0682e+00 1.6492e+00 -5.3975e-01 1.4631e+00 9.6414e-01 1.4531e-02
6.4083e-02 4.7510e-01 9.5952e+00 -4.2414e-02 -7.9460e+00 -3.9868e+00 4.0843e-02 2.6805e-01 6.2103e-01 1.7645e-03 -9.4550e-01 3.2066e+00 -1.0120e+01 1.3150e+00 -1.1889e+00 9.7789e-02 -1.4506e+00 -1.5338e-01 4.6837e-02 -1.7338e+00 -8.0398e-01 -3.7009e-01 -2.0667e-01 -2.4074e-01 -1.8892e-01 -7.9200e+00 -3.7174e-01 -5.6618e-03 -2.3030e-01 -4.1287e-01 8.4707e-02 2.3846e+00 7.6990e+00 -1.1265e+01 3.2540e+01 -1.4117e+00 -3.2259e-02 -7.8595e-01 -4.9110e-01 -4.5677e-01 -6.0684e-01 1.0007e-01 -3.5267e-01 -2.5126e-01 1.4505e+00 -3.1552e-01 6.2494e+00 -6.5423e-01 1.1475e+00 -1.3584e-01 1.7306e-02 -2.7263e-02
-6.7317e-02 4.4118e-03 -9.0155e+00 -2.3762e+00 9.4792e+00 -5.2427e+00 -1.3852e-02 -1.3391e+00 -1.7994e+00 8.8376e+00 -2.7357e+00 1.0581e+00 8.1490e+00 -8.8104e+00 -8.8704e-01 1.6041e+00 -3.0707e+00 -5.3746e-01 -4.6145e-01 -1.5513e+00 -2.5559e+00 -9.1323e-02 -2.2569e-01 -2.1787e-01 -2.7597e-01 5.5194e+00 -3.9017e-01 8.3206e-01 -4.8432e-01 5.4630e-01 2.1917e+00 -5.1194e-01 -5.6930e+00 9.0598e+00 -1.4117e+00 3.2605e+01 9.0499e-01 -2.7931e+00 -7.5398e-01 1.6337e+01 1.3344e+00 -4.0781e-02 -4.1113e-01 -5.4712e-01 -2.4455e-01 -7.2684e-02 -6.9094e-01 -4.6328e-01 -1.3037e-01 4.4575e-01 3.7666e-01 -9.8847e-03
-2.3226e+00 1.2372e+00 -6.3616e+00 1.1601e+01 1.0490e+01 -8.3390e+00 -4.9727e+00 3.7679e-01 1.0002e+01 1.2232e+01 3.2733e-01 8.8583e-01 1.3330e+01 4.9910e+00 -4.3692e-01 -2.2238e+00 -1.4962e+01 -4.1476e-01 8.9109e-01 5.6409e+00 1.6726e+00 -1.8330e+00 3.8825e-01 2.8033e-01 -1.0630e+00 2.6134e+01 2.2680e+00 6.4336e-01 -1.9317e+00 3.5127e+00 -1.1840e+00 5.1682e+00 -1.2328e+01 1.1692e+01 -3.2259e-02 9.0499e-01 9.3073e+01 1.1408e+01 -6.3292e+00 2.0740e-01 4.2247e-01 1.3320e+00 -5.4638e-01 -6.6514e-01 -6.6663e-01 -4.0578e-01 1.7662e+00 3.1824e-01 -6.7068e-03 -1.3588e+00 6.3822e-01 9.8939e-02
-2.7401e+00 -5.1643e+00 -7.1300e-01 -7.6609e-02 7.9064e+00 -9.2621e+00 8.4000e-01 7.5142e-01 4.7387e+00 9.2067e+00 1.4624e+01 -8.7385e-01 9.3272e+00 1.4922e+01 -1.8174e-01 2.8298e+00 -2.7319e+00 -7.7131e-01 -1.0665e+00 -5.8542e-01 1.7993e+01 -6.0942e-01 -8.0636e-01 -5.0159e-02 -3.0757e-01 5.5342e+00 1.3174e-01 -4.5756e-01 -9.9329e-01 2.7825e-01 -5.1958e-02 -3.6415e-01 -7.7616e+00 -1.3081e+01 -7.8595e-01 -2.7931e+00 1.1408e+01 3.9378e+01 -9.6156e-01 -5.3589e+00 -2.2098e-01 1.4762e+00 -6.8622e-01 5.1002e-01 -1.7688e-01 -2.2786e-01 -1.2060e+00 -5.2754e-01 -9.5860e-02 -2.7321e-01 1.1450e+00 5.0337e-02
1.1663e+01 7.6151e+00 3.2541e-01 -1.9315e+00 -6.4770e-01 -6.7985e-01 9.2665e-01 4.8811e-01 -9.8376e+00 -6.0055e-01 -9.7348e-01 -4.3258e-01 -3.2968e-01 4.7493e-01 1.5461e+00 1.6048e+00 5.3950e-01 -2.3433e-01 -4.6181e-01 -1.3570e+00 -6.6844e-01 -1.6085e+00 -2.2725e-01 1.2314e-01 -1.6215e-01 -4.0314e+00 -2.0400e-01 -2.1317e-01 -2.8725e-01 2.1264e+00 -3.3523e-01 -1.0998e+00 4.3816e+00 6.2036e-01 -4.9110e-01 -7.5398e-01 -6.3292e+00 -9.6156e-01 3.3904e+01 -3.4953e+00 -8.5252e-02 4.6919e-01 -5.8604e-01 -4.6387e-01 -5.7543e-01 -3.4519e-01 6.0026e-02 -3.5613e-01 -6.4652e-02 -5.9957e-02 2.6189e-01 1.4984e-01
-1.0277e+01 5.9227e+00 -2.0210e+01 -7.2731e-01 2.0500e+01 -8.5271e+00 -1.6465e+00 -4.9182e+00 -5.1437e+00 1.3609e+01 -8.5487e-01 3.3548e+00 4.0033e+01 2.6055e+01 5.0880e+00 -1.0480e+00 -9.3547e+00 -4.9115e-01 -1.2918e+00 -5.2531e+00 -3.5131e+00 -2.8655e+00 -5.3322e-01 1.3561e-01 -1.3841e-01 4.3955e+01 -9.5309e-01 5.3743e-01 -8.9595e-01 -1.3534e+01 -1.5339e-01 -1.2587e+00 -2.0806e+01 3.4919e+01 -4.5677e-01 1.6337e+01 2.0740e-01 -5.3589e+00 -3.4953e+00 1.0547e+02 -1.0887e-01 -1.5775e+00 6.0076e+00 -2.6685e-01 4.3224e+00 -7.3091e-01 -3.6641e+00 -2.5966e+00 -3.0185e-01 4.3990e+00 5.4112e+00 -1.1262e+00
-7.3424e-02 -7.4293e-03 -6.2293e-02 -2.0981e-01 1.0697e-02 -7.4012e-01 -1.7019e-01 -2.8486e-01 5.7362e-02 2.5382e-01 3.0920e-01 -1.5076e-01 2.1883e-01 -4.5800e-01 -1.2117e-01 -1.2276e-02 -9.9049e-02 -9.8072e-02 -1.0165e-03 1.9425e+00 -3.3527e-01 6.0909e-02 -3.2721e-02 -3.7977e-02 -6.3010e-02 -2.4509e-01 -2.2122e-01 -3.8318e-02 -5.8721e-02 -1.1866e-01 9.8975e-02 -1.2076e-01 -8.1543e-01 4.6825e-01 -6.0684e-01 1.3344e+00 4.2247e-01 -2.2098e-01 -8.5252e-02 -1.0887e-01 1.1525e+01 -1.9552e-01 6.1182e-02 -5.4486e-02 -7.8572e-02 -1.3070e-01 -3.8764e-01 -1.1177e-01 -8.6945e-03 4.8254e-01 3.0412e-01 -2.4220e-01
4.6515e+00 -6.6681e+00 -1.5028e+00 -9.1193e-02 2.6122e+00 -2.7182e+00 1.0698e+00 -5.4387e-01 1.3038e+00 9.4183e+00 -1.9935e+00 3.1094e-01 -2.8384e+00 1.3478e-01 4.0956e-01 4.0601e-01 -2.1831e+00 -2.0287e-01 -8.8060e-02 -4.1180e-02 4.7164e-01 9.2580e-02 -1.8715e+00 -4.1441e-02 -7.7545e-02 1.4964e+00 -9.0487e-01 -6.9415e-01 2.3493e-01 3.6885e+00 -2.9287e-01 -7.7405e-02 1.1319e+00 -1.0649e+00 1.0007e-01 -4.0781e-02 1.3320e+00 1.4762e+00 4.6919e-01 -1.5775e+00 -1.9552e-01 3.5531e+01 1.2482e-01 2.4609e-01 -1.5168e-01 -1.7568e-01 3.3675e-01 -1.8993e-01 4.8814e-02 -3.2445e+00 2.8744e+01 -4.9109e+00
-1.6271e+00 6.0923e-01 -1.5269e+00 1.8201e-02 4.3804e-01 -1.5106e+00 1.8551e-01 1.1369e-01 -1.2510e+00 1.6768e+00 3.1514e-02 -1.1756e-01 8.7658e-01 1.8821e+00 1.3289e-01 -9.6233e-02 -5.6745e-01 5.4465e-01 -1.1625e-01 -3.8740e-01 -3.0859e-01 -2.9671e-01 1.7709e-01 -7.5928e-02 7.0540e-03 3.8909e+00 8.3592e-02 -5.7606e-02 -1.5902e-01 -3.0709e+00 -6.0636e-02 -1.1482e-01 -1.0651e+00 2.0369e+00 -3.5267e-01 -4.1113e-01 -5.4638e-01 -6.8622e-01 -5.8604e-01 6.0076e+00 6.1182e-02 1.2482e-01 1.2008e+01 1.3972e-01 -1.1101e-01 -1.5039e-01 -2.7954e-01 -1.6745e-01 -2.7990e-02 -8.1357e-02 3.8802e-01 -1.3139e-01
-2.8966e+00 -3.1267e-01 9.5819e-01 2.3672e+00 -1.3551e+00 7.1231e-01 6.0388e-03 2.8389e-02 -2.2013e+00 -1.5042e+00 -3.5653e-01 -1.1809e-01 2.0217e+00 -5.4008e-01 -1.3320e-01 -5.1903e-01 1.2612e+00 -5.4034e-02 1.2721e-02 7.8093e-01 -5.0993e-01 -7.7873e-02 -4.3371e-02 -6.5508e-03 8.7528e-01 1.5281e+00 -2.6498e-01 -6.0681e-02 -8.2364e-02 2.9146e-02 -1.2307e-01 3.5289e+00 9.8950e-01 -1.8760e+00 -2.5126e-01 -5.4712e-01 -6.6514e-01 5.1002e-01 -4.6387e-01 -2.6685e-01 -5.4486e-02 2.4609e-01 1.3972e-01 1.1945e+01 -7.9812e-02 -7.1632e-02 -3.8809e-01 -1.3285e-01 -1.8922e-02 9.4799e-02 2.0199e-01 1.2287e-01
-1.0883e+00 1.8431e+00 8.3903e-02 -3.1299e-01 2.0612e-01 -1.7260e-01 -5.3010e-02 -2.6929e-02 -1.0887e+00 -4.9523e-02 -6.4316e-02 -6.6092e-02 -1.6474e-01 -1.5606e-01 5.1257e-01 -2.9742e-01 -2.6545e-01 -4.9477e-02 -1.3157e-01 9.7202e-03 -1.1888e-01 -4.7565e-01 -3.2188e-02 -3.3853e-02 1.8768e-01 4.4841e+00 -7.8504e-02 -5.6328e-02 -1.3106e-01 -4.2683e+00 -2.8023e-02 3.2473e-01 -2.3432e-01 7.0985e-03 1.4505e+00 -2.4455e-01 -6.6663e-01 -1.7688e-01 -5.7543e-01 4.3224e+00 -7.8572e-02 -1.5168e-01 -1.1101e-01 -7.9812e-02 9.4491e+00 5.4318e-01 1.3232e-01 1.1978e-01 1.3669e-01 -1.0646e-01 -2.0837e-01 -1.4096e-01
-6.5934e-01 -1.7313e-01 1.2519e+00 1.0564e-01 -1.2200e+00 1.9810e+00 -4.0661e-02 -5.7066e-02 6.2296e-01 -1.5201e+00 -1.5483e-01 -1.6234e-01 -1.6992e+00 -6.0754e-01 -1.8836e-01 1.4320e-01 -1.5532e-01 2.2568e-01 2.3555e-01 -2.8131e-01 -2.6866e-01 1.1230e+00 -6.1254e-02 1.9663e-01 -2.5768e-02 -7.9738e-01 7.8061e-01 -4.1344e-02 2.1158e-01 -4.5048e-01 -5.4892e-03 4.0316e-01 2.1144e+00 -9.8528e-01 -3.1552e-01 -7.2684e-02 -4.0578e-01 -2.2786e-01 -3.4519e-01 -7.3091e-01 -1.3070e-01 -1.7568e-01 -1.5039e-01 -7.1632e-02 5.4318e-01 1.0542e+01 -1.9820e-01 -1.8154e-01 -3.3768e-02 -1.4161e-01 -3.0730e-01 4.3376e-01
3.2330e-01 7.8654e-01 6.8474e+00 2.4243e+00 3.2244e-01 1.7981e+00 -6.3267e-01 -5.8754e-01 9.0332e-01 -2.6254e+00 -6.7154e-01 -1.6614e-01 -9.0778e+00 -4.8522e+00 -8.4980e-01 6.5602e-02 -6.9963e-01 -8.9131e-02 -3.0369e-01 1.0001e+00 -1.6622e+00 6.7338e-01 -2.3290e-01 9.7921e-01 1.8842e+00 -5.2117e+00 8.0650e-01 -8.4572e-02 -1.0531e-02 3.8374e-01 1.1895e-01 6.3001e-01 9.0274e+00 -9.0682e+00 6.2494e+00 -6.9094e-01 1.7662e+00 -1.2060e+00 6.0026e-02 -3.6641e+00 -3.8764e-01 3.3675e-01 -2.7954e-01 -3.8809e-01 1.3232e-01 -1.9820e-01 3.0129e+01 -5.5527e-01 -1.1619e-01 -4.8984e-02 2.6216e-01 -1.3143e-01
-1.2764e-01 -5.4860e-01 -3.1366e+00 -1.3632e+00 2.2183e+00 -1.2503e+00 -4.7807e-01 -1.3502e-01 1.3360e+00 1.8879e+00 -4.8152e-01 7.7694e-01 1.4571e+00 -1.7037e+00 -3.8625e-01 -3.8213e-01 -3.3136e-01 -1.2190e-01 -1.9043e-01 -9.4419e-01 1.1471e-01 -1.3233e-01 1.3893e-01 -1.2270e-01 6.3475e-01 1.7155e+00 1.4951e-02 3.4724e-02 -3.0431e-02 -6.4200e-01 -7.3882e-02 7.7255e-01 1.8568e+00 1.6492e+00 -6.5423e-01 -4.6328e-01 3.1824e-01 -5.2754e-01 -3.5613e-01 -2.5966e+00 -1.1177e-01 -1.8993e-01 -1.6745e-01 -1.3285e-01 1.1978e-01 -1.8154e-01 -5.5527e-01 1.9435e+01 -8.3854e-02 -1.7555e-01 -4.1660e-01 2.5417e+00
-6.0882e-02 -9.8410e-02 6.3068e-01 -3.1599e-02 -8.8025e-01 -2.8816e-01 1.4015e-02 -1.9041e-01 1.6419e-01 -9.7430e-01 -1.0012e-01 -1.4605e-01 -6.8999e-01 1.2077e-01 -1.1921e-01 -1.9103e-02 -1.9384e-01 1.5180e-02 -1.5027e-02 -2.8858e-01 -1.3802e-01 2.2970e-01 -3.0316e-02 -3.9808e-02 -5.8338e-02 -1.0985e+00 -3.2420e-02 -1.6360e-02 -4.7477e-02 -2.1719e-02 1.1065e-03 1.5053e+00 8.9389e-01 -5.3975e-01 1.1475e+00 -1.3037e-01 -6.7068e-03 -9.5860e-02 -6.4652e-02 -3.0185e-01 -8.6945e-03 4.8814e-02 -2.7990e-02 -1.8922e-02 1.3669e-01 -3.3768e-02 -1.1619e-01 -8.3854e-02 5.1339e+00 -1.7114e-02 2.0224e-02 -7.0998e-02
-7.0633e-01 -1.5921e+00 -4.1812e-01 -1.2888e-01 2.6054e-01 -3.8275e-01 4.5308e-01 1.6496e-01 -1.7940e+00 1.5108e-01 2.5701e+00 -1.2689e-01 4.4499e+00 1.0900e-01 4.0150e-01 -7.4939e-02 -1.2333e-01 -4.7091e-02 -1.0495e-01 -3.0075e-01 2.9575e-01 -4.2707e-01 -1.0858e-01 -1.9160e-02 8.7385e-02 -2.9046e-01 -8.9913e-02 -2.1935e-02 -5.6346e-02 5.8504e-01 -2.9892e-03 -1.1667e-01 -2.4052e-01 1.4631e+00 -1.3584e-01 4.4575e-01 -1.3588e+00 -2.7321e-01 -5.9957e-02 4.3990e+00 4.8254e-01 -3.2445e+00 -8.1357e-02 9.4799e-02 -1.0646e-01 -1.4161e-01 -4.8984e-02 -1.7555e-01 -1.7114e-02 9.4461e+00 2.5130e-01 2.6819e-02
2.9045e+00 -8.9362e+00 -1.8069e+00 -1.0832e-01 2.8426e+00 -2.9633e+00 1.4456e+00 -4.4992e-01 3.2063e-01 9.5008e+00 1.6183e-01 1.9721e-01 1.6088e+00 -1.7379e-01 2.9246e-01 3.1436e-01 -2.2733e+00 -2.5620e-01 -1.8415e-01 -3.7108e-01 3.0129e-01 -2.3195e-01 -1.9880e+00 -4.9322e-02 -5.3536e-02 1.1253e+00 -9.8174e-01 -7.2046e-01 1.9233e-01 4.0054e+00 -2.7867e-01 -1.3928e-01 9.2521e-01 9.6414e-01 1.7306e-02 3.7666e-01 6.3822e-01 1.1450e+00 2.6189e-01 5.4112e+00 3.0412e-01 2.8744e+01 3.8802e-01 2.0199e-01 -2.0837e-01 -3.0730e-01 2.6216e-01 -4.1660e-01 2.0224e-02 2.5130e-01 3.1201e+01 -5.3529e+00
3.7833e-01 1.1379e+01 3.4785e-02 -7.7592e-02 1.0167e-04 -2.4404e-01 5.6882e+00 4.4624e+00 5.1522e-01 -3.9245e+00 2.3587e-01 -1.2152e-01 -6.2848e-01 -2.3592e-02 -1.2626e-01 -2.5453e-02 -3.0969e-02 2.9972e-01 2.3243e-01 -2.2086e-01 -1.0011e+00 2.3627e-01 -1.7215e-01 -2.4770e-02 1.6240e-01 -1.3094e+00 9.2927e-02 6.1335e-02 -1.5428e-02 1.0823e+01 -3.4034e-02 1.0256e-01 -1.0066e-01 1.4531e-02 -2.7263e-02 -9.8847e-03 9.8939e-02 5.0337e-02 1.4984e-01 -1.1262e+00 -2.4220e-01 -4.9109e+00 -1.3139e-01 1.2287e-01 -1.4096e-01 4.3376e-01 -1.3143e-01 2.5417e+00 -7.0998e-02 2.6819e-02 -5.3529e+00 2.3654e+01
