1.3573e+01 -5.8686e-01 1.2049e-02 -4.5576e-01 -2.7983e-01 -4.1703e-01 -1.1453e+00 2.8208e-01 -1.5278e-01 2.0828e-01 -5.6946e-01 -5.3294e-02 7.0857e+00 -8.1934e-02 1.9523e-02 1.3213e-01 -5.2778e-02 2.8469e-02 -3.9647e-01 -6.5422e-02 7.4558e+00 6.3957e-01 -7.3195e-02 1.7172e-02 1.2416e-02 4.4884e-01 -5.2130e-01 -8.6802e-02 1.0746e-01 2.3828e-01 2.0877e-02 -2.4642e-02 4.0320e-02 -2.3669e-01 -8.4694e-01 8.8120e-01 -9.9842e-01 -2.3819e-01 2.7055e-02 1.2121e-01 6.4069e-02 2.0357e-03 -1.1675e-01 -1.1118e-01 2.5331e-02 -1.4144e-02 3.2630e-02 8.2995e-02 -2.7088e-01 2.7842e-02 6.8951e+00 1.1793e+01
-5.8686e-01 1.2125e+02 -7.6279e-01 -4.0692e+00 -1.9338e+01 -3.7482e+00 -3.1801e+01 -8.7909e+00 1.0460e+00 4.0722e+00 -1.3393e+00 -3.9755e+00 -1.8722e+00 -4.7998e+00 2.3493e+00 -2.7858e+00 -8.3548e-02 2.4388e+00 -4.0862e-01 2.3255e+01 -1.4833e+01 -4.9173e+00 -4.7551e-01 -1.0164e+00 -1.5981e+00 -3.8948e+00 -4.1486e-01 -7.5967e-01 1.3026e+01 4.3651e+00 -9.4864e-01 -1.2727e-01 6.6119e-01 3.5924e+00 1.2435e+01 1.6053e+00 1.1775e+01 1.5948e+00 4.9358e-01 -2.4969e+00 1.7396e+00 2.5901e-02 4.2081e+00 -1.1117e+00 -4.5837e-01 1.5165e-02 -6.0658e-01 3.5238e+00 -1.3900e+00 -4.1618e-01 -1.8242e+00 -7.5191e-01
1.2049e-02 -7.6279e-01 1.2007e+01 -1.0190e-01 -7.6459e-01 -4.8533e-01 8.2985e-01 7.2017e-04 -2.7299e+00 -3.7990e-01 3.2026e-01 8.8999e-01 -1.1541e-01 -3.4476e-01 5.8004e-02 5.5459e-01 1.8796e+00 -2.3354e-01 8.4045e-02 -1.8655e+00 -5.2953e-02 -6.6646e-01 -8.2038e-01 7.8625e-01 -5.0739e-01 4.2583e-01 6.7642e-01 1.2855e-01 -1.3303e-01 5.5096e-01 -8.3790e-01 4.2420e-02 6.2262e-02 -1.4254e+00 1.8923e-01 -1.3132e+00 2.1305e-01 -4.8147e-01 1.4423e+00 3.8020e-01 7.0208e-01 -8.4484e-02 -2.6137e-02 -1.5841e-02 -1.7202e-02 -1.1825e-03 -1.1646e-01 7.3653e-02 3.1985e-02 -7.1435e-02 -1.1930e-01 9.7965e-03
-4.5576e-01 -4.0692e+00 -1.0190e-01 7.8253e+01 -1.4274e+01 1.8169e+00 4.7218e-01 9.9014e+00 -3.3873e+00 -1.1143e+01 2.1628e+00 -5.0230e+00 -2.9863e-01 -1.0924e+00 -1.6786e+00 -1.9819e-01 -1.1842e+00 -4.3131e-01 -1.6643e+00 -1.5475e+01 2.8818e+00 1.3401e+01 -3.4240e-01 3.6358e+00 -1.1617e-01 1.1016e+01 3.0105e+00 5.5054e+00 -3.6804e-01 9.0295e+00 -4.8536e+00 2.9755e-02 -2.9440e-02 3.7955e-02 -3.3149e+00 3.6753e-01 -6.6422e+00 1.0252e+01 -1.7729e+00 7.7324e-02 3.9432e-01 -2.4751e-01 -5.6774e-01 -1.2467e-01 1.4984e+00 -4.7272e-02 -7.3808e-02 5.0417e+00 -9.4921e-01 -1.1069e+00 -4.4825e-01 -6.4439e-01
-2.7983e-01 -1.9338e+01 -7.6459e-01 -1.4274e+01 7.3044e+01 -5.2509e-02 5.7091e-01 2.1427e+01 2.8924e+00 1.2622e-01 3.9334e-02 6.1814e+00 -6.5570e-01 2.1129e+00 -3.3416e+00 -1.0331e+00 1.6412e-01 2.6810e-01 1.2603e-02 8.7439e+00 -9.8377e-01 1.4522e+01 1.7991e-01 -6.5685e+00 -6.6707e-01 -1.9485e+01 6.0044e-01 4.1457e+00 -7.5544e+00 -2.1892e+01 -8.2175e-01 2.0083e-01 -1.6441e+00 -1.4517e-01 7.9544e-01 9.8230e-01 3.5794e+00 4.3348e+00 -2.8439e+00 5.2242e-01 5.5952e-01 -3.6481e-01 -1.8927e+00 2.7449e-02 -1.8544e-01 1.5040e-01 1.4989e-01 -4.6853e-01 2.8731e+00 -4.6105e-01 -7.6866e-01 -3.9621e-01
-4.1703e-01 -3.7482e+00 -4.8533e-01 1.8169e+00 -5.2509e-02 4.4156e+01 3.9187e-01 -1.9753e+01 -3.5029e-02 2.3803e+01 -1.6213e+00 3.7436e-01 2.8043e-01 3.6140e-01 -3.0158e-01 5.2676e-01 8.9359e-02 -2.4665e+00 1.5152e-01 9.7692e-01 6.6526e-02 3.3166e+00 -1.1165e-01 -3.5580e+00 -7.5928e-01 1.9699e+00 5.3013e-01 9.7081e-01 -1.5542e+00 1.2107e-02 -6.1338e+00 -2.2922e-01 -2.5773e+00 4.6748e-01 3.2958e-01 3.9527e-01 -6.5674e-01 3.0781e+00 1.9357e-01 2.5290e-01 -8.2902e-02 4.6132e-01 -7.6195e-01 1.3902e-01 5.0135e-01 1.4340e-01 -1.9076e+00 1.3932e-02 6.6812e-01 1.4009e-01 2.8682e-01 -4.2728e-01
-1.1453e+00 -3.1801e+01 8.2985e-01 4.7218e-01 5.7091e-01 3.9187e-01 7.4146e+01 8.1077e-01 -3.2857e+01 1.0709e-02 -9.3820e-01 -2.3462e+00 -1.0286e+00 4.2998e+00 -3.7943e-01 1.5145e+01 5.3034e-01 8.0418e-01 -2.8476e-01 -3.6477e+01 -9.2983e-01 1.5340e+01 1.1553e+00 -1.1561e+00 5.4725e+00 -6.6452e+00 -2.5943e-01 -1.2143e+00 -6.2888e-01 -9.0325e-01 -4.3881e+00 5.4822e-01 -5.3465e-01 -1.7386e+00 -1.7376e+01 1.0049e+00 -1.4464e+01 1.5580e+00 6.1429e-01 -1.5511e+00 -7.9926e-01 2.9562e-01 -5.5505e-01 -5.1624e-01 2.2671e-01 -2.7864e-01 7.2206e-01 -4.5609e-01 2.2895e-01 -5.7550e-02 -9.2597e-01 -1.2941e+00
2.8208e-01 -8.7909e+00 7.2017e-04 9.9014e+00 2.1427e+01 -1.9753e+01 8.1077e-01 8.9531e+01 5.9333e+00 -2.3854e+01 2.7021e+00 6.2831e-01 -2.6168e-01 -1.6696e+00 1.0231e+00 4.7196e-01 -1.3864e+00 -3.7873e-03 6.7029e-01 1.0510e+01 4.3677e+00 3.6119e+01 1.2117e-01 -9.8865e-01 1.7377e-01 -1.0093e+01 1.7897e+00 4.0653e+00 -9.9332e-01 -1.3182e+01 -6.9835e+00 -4.2049e-02 1.7931e+00 7.3485e-01 5.6409e-01 -4.5845e-01 -4.8148e+00 2.0564e+01 8.5094e-01 -2.0835e+00 1.3882e-01 -2.3090e-01 -1.3644e+00 7.9038e-03 6.6756e-01 -1.4413e-03 4.6384e+00 3.8361e+00 -9.2570e-01 -3.6764e-01 -2.7975e-01 2.5530e-01
-1.5278e-01 1.0460e+00 -2.7299e+00 -3.3873e+00 2.8924e+00 -3.5029e-02 -3.2857e+01 5.9333e+00 9.1716e+01 -1.2107e+01 -9.1489e-01 -3.9263e+00 -1.2545e-01 6.1600e-01 -9.0516e-02 -1.5527e+01 -1.9779e+00 -2.3431e+00 -3.6136e-01 4.0054e+01 1.4538e+00 -3.0413e+01 6.8548e+00 -1.3231e+00 -2.1052e+00 5.9273e-01 -6.3010e+00 -3.9847e+00 1.7055e+00 -3.4604e+00 4.8170e+00 -5.7179e-01 1.0857e+00 7.3474e+00 2.1993e+01 2.7195e+00 1.7831e+01 -4.7384e+00 -3.2261e+00 -4.8558e-01 8.8153e-02 7.0335e-02 4.4591e-01 -3.0809e-01 -2.2046e-01 4.9140e-01 -1.2495e+00 -1.0562e+00 -2.9080e-01 -4.9827e-02 -1.4917e-01 -2.1550e-01
2.0828e-01 4.0722e+00 -3.7990e-01 -1.1143e+01 1.2622e-01 2.3803e+01 1.0709e-02 -2.3854e+01 -1.2107e+01 6.1752e+01 -1.2071e+00 2.1921e+00 1.0785e-01 7.2162e-01 1.2169e+00 -7.0624e-01 7.0276e-02 -1.4920e+00 2.7495e-01 3.9662e+00 -4.4285e+00 7.9940e+00 1.1467e-01 -2.3233e+00 1.0706e+00 3.6455e+00 1.1163e+00 2.1466e+00 7.0745e-01 3.7595e+00 -3.9770e+00 1.4676e-01 -3.1371e+00 -4.3496e-01 1.5376e+00 8.4270e-01 2.2142e+00 3.6718e+00 -8.6779e-02 -7.0361e-01 -8.4156e-02 1.9443e-01 -2.6401e-01 -6.3547e-02 -2.8200e-01 -1.0133e-01 -1.3509e+00 5.8602e-01 5.2245e-01 -6.0138e-02 1.3328e-01 1.9766e-01
-5.6946e-01 -1.3393e+00 3.2026e-01 2.1628e+00 3.9334e-02 -1.6213e+00 -9.3820e-01 2.7021e+00 -9.1489e-01 -1.2071e+00 1.7852e+01 5.9860e+00 -9.5817e-01 3.0399e-01 -2.7053e-01 -2.0290e-01 -1.0379e-01 -1.2955e-01 -2.8019e-01 -2.1320e+00 -1.9585e+00 2.9056e+00 2.7454e-01 -6.7240e-01 1.7631e-01 -1.4728e+00 -9.3982e-01 7.9617e+00 1.4696e+00 -1.1004e+00 -6.4977e-01 -5.7391e-02 -1.7676e-01 -2.4272e-01 -1.8440e+00 -7.5458e-01 -1.5721e+00 -5.3365e+00 4.0004e+00 -3.5675e-01 2.2405e-01 -1.8264e-01 -1.3792e-01 -1.1795e-01 -4.0369e-01 -7.2400e-02 -2.3615e-01 -5.9966e-01 -1.8195e-02 -8.5155e-02 -1.0391e+00 2.2647e+00
-5.3294e-02 -3.9755e+00 8.8999e-01 -5.0230e+00 6.1814e+00 3.7436e-01 -2.3462e+00 6.2831e-01 -3.9263e+00 2.1921e+00 5.9860e+00 4.9261e+01 5.7501e-02 -3.5141e-01 -1.2761e+00 -1.9469e-01 -4.8183e-01 -6.0773e-02 2.3160e+00 3.4923e+00 1.8238e+00 4.2818e+00 5.8842e-01 -1.9152e+00 -1.2640e-01 -5.5545e+00 -2.1635e+00 1.0512e+01 -1.5510e+00 -1.3918e+00 -9.1928e-01 -1.1662e-01 2.5580e-01 -7.7946e-01 -3.4318e+00 1.0737e+00 -4.0817e+00 -7.9057e+00 2.5768e+00 5.7866e+00 1.8745e-02 1.8619e+00 -5.8768e-01 -1.0929e-01 -6.0171e-01 1.2992e-01 1.4607e+00 3.8589e+00 -5.2428e-01 1.0364e+00 3.6628e-02 -3.4756e-02
7.0857e+00 -1.8722e+00 -1.1541e-01 -2.9863e-01 -6.5570e-01 2.8043e-01 -1.0286e+00 -2.6168e-01 -1.2545e-01 1.0785e-01 -9.5817e-01 5.7501e-02 1.4585e+01 -1.6037e-01 3.2465e-02 8.5852e-02 -6.7768e-02 5.8827e-02 -7.2491e-01 1.2686e-01 1.0146e+01 -1.4500e-01 -2.0556e-01 1.3444e-02 -2.9518e-01 4.9940e-01 -4.5887e-01 -1.4299e-01 -2.1557e-01 3.1446e-01 -2.5100e-01 -5.3576e-02 1.2523e-01 -2.3832e-01 -2.1545e-01 1.2049e+00 1.0176e-01 -5.4499e-01 1.7484e-02 1.2715e-01 -9.7410e-02 3.2674e-02 -7.6014e-02 -2.6472e-01 -1.1477e-01 -7.6447e-02 2.4466e-02 -8.0081e-02 3.3650e-01 3.4699e-02 1.3158e+01 6.5031e+00
-8.1934e-02 -4.7998e+00 -3.4476e-01 -1.0924e+00 2.1129e+00 3.6140e-01 4.2998e+00 -1.6696e+00 6.1600e-01 7.2162e-01 3.0399e-01 -3.5141e-01 -1.6037e-01 1.9570e+01 -6.2198e-02 4.0788e-01 -2.6864e-01 -4.0057e-01 -2.0946e-01 -4.0642e+00 8.9782e-01 2.5625e+00 5.6367e+00 5.2976e-02 5.7449e+00 -1.0714e+00 -1.1124e+00 3.4842e-01 -7.3150e-01 -1.1152e+00 -2.2357e+00 -3.2738e-02 -4.1802e-02 4.6545e+00 -2.2740e+00 4.6787e+00 -2.3363e+00 1.6932e-01 -5.6108e-01 -4.7196e-01 -2.6648e-01 -2.0787e-01 -1.7033e-01 -4.1888e-01 8.2298e-02 -1.2647e-01 3.1147e-01 1.1687e-01 -1.5899e-01 -3.2652e-02 -1.6733e-01 -9.5183e-02
1.9523e-02 2.3493e+00 5.8004e-02 -1.6786e+00 -3.3416e+00 -3.0158e-01 -3.7943e-01 1.0231e+00 -9.0516e-02 1.2169e+00 -2.7053e-01 -1.2761e+00 3.2465e-02 -6.2198e-02 1.5634e+01 -2.0600e-01 1.3911e-01 -1.1170e-01 -1.1429e-01 -1.4720e+00 2.7349e-01 1.3791e+00 -9.2666e-02 1.8354e+00 -1.0905e-01 1.5727e+00 -3.4804e-01 -1.0405e+00 -3.6667e-01 1.0531e+00 -1.2437e-01 -3.3807e-02 8.2724e-01 -6.6850e-02 -7.7155e-01 -2.8923e-01 -8.9107e-01 1.5972e+00 3.2231e+00 -9.9203e-02 -1.1544e-01 -1.4849e-01 -1.3079e-01 5.0676e-02 1.1357e-01 -2.5584e-02 1.1060e+00 -4.7390e-01 -1.9627e-01 1.5655e-01 1.7141e-02 -5.1450e-04
1.3213e-01 -2.7858e+00 5.5459e-01 -1.9819e-01 -1.0331e+00 5.2676e-01 1.5145e+01 4.7196e-01 -1.5527e+01 -7.0624e-01 -2.0290e-01 -1.9469e-01 8.5852e-02 4.0788e-01 -2.0600e-01 2.9995e+01 -3.3699e-01 2.3955e+00 -2.6651e-01 -9.0947e+00 -1.0852e+00 1.3394e+01 -3.0668e+00 -1.6983e-01 -3.8242e+00 -1.9980e+00 3.2749e+00 1.1202e+00 -2.6800e-02 8.1480e-01 -5.6324e+00 -1.7040e-01 -2.2092e-01 -7.7017e+00 -7.5173e+00 -7.0824e+00 -6.2287e+00 7.1990e+00 2.4249e-01 -4.4433e-01 -6.3020e-01 2.2006e-01 -2.4977e-01 4.2279e-01 -1.2295e-01 1.4488e-02 5.6294e-01 4.7085e-02 -8.2976e-02 -1.2421e-02 8.0497e-02 1.2331e-01
-5.2778e-02 -8.3548e-02 1.8796e+00 -1.1842e+00 1.6412e-01 8.9359e-02 5.3034e-01 -1.3864e+00 -1.9779e+00 7.0276e-02 -1.0379e-01 -4.8183e-01 -6.7768e-02 -2.6864e-01 1.3911e-01 -3.3699e-01 8.6957e+00 -1.0637e-01 1.5286e-01 -1.4320e+00 -6.6726e-02 -2.0031e+00 -5.8838e-01 -2.4714e-01 -4.9277e-01 -5.8749e-01 7.9958e-01 -4.0009e-01 -1.5537e-01 -2.9177e-01 1.6090e+00 -1.8153e-02 -8.3408e-02 -8.2166e-01 -5.8337e-01 -5.2680e-01 -4.0077e-01 -1.1512e+00 1.1300e+00 -8.8497e-02 -1.4006e-01 -6.2514e-02 -4.5532e-02 -2.6726e-02 -4.6675e-02 -3.3594e-02 -1.2579e-01 -2.5578e-01 1.9798e-02 -5.6538e-02 -7.6037e-02 4.7925e-02
2.8469e-02 2.4388e+00 -2.3354e-01 -4.3131e-01 2.6810e-01 -2.4665e+00 8.0418e-01 -3.7873e-03 -2.3431e+00 -1.4920e+00 -1.2955e-01 -6.0773e-02 5.8827e-02 -4.0057e-01 -1.1170e-01 2.3955e+00 -1.0637e-01 1.6717e+01 4.6741e-01 -5.5327e-02 -4.7327e+00 1.0367e+00 -4.7916e-01 -1.8054e-01 -6.2143e-01 -8.7756e-01 2.1079e-02 -2.3110e-01 -2.6755e-01 -7.8910e-01 -1.2008e+00 -2.6658e-02 1.0930e-01 -1.0607e+00 -2.9416e-01 -1.1125e+00 1.3272e-02 5.3429e-01 -2.9327e-01 -9.0683e-02 -1.1405e-01 4.5101e-02 -1.3925e-01 8.3952e-01 -7.7930e-02 -3.1032e-02 -1.3991e-01 -1.5349e-01 2.4983e-01 9.1063e-02 4.8864e-02 1.2409e-02
-3.9647e-01 -4.0862e-01 8.4045e-02 -1.6643e+00 1.2603e-02 1.5152e-01 -2.8476e-01 6.7029e-01 -3.6136e-01 2.7495e-01 -2.8019e-01 2.3160e+00 -7.2491e-01 -2.0946e-01 -1.1429e-01 -2.6651e-01 1.5286e-01 4.6741e-01 1.3103e+01 2.2659e+00 -6.5825e-01 1.5367e+00 -1.8487e-01 -2.7987e-01 2.8802e-02 -6.0821e-01 -7.8388e-02 -4.3111e-01 -2.6736e-01 -6.3381e-01 -2.3607e-01 1.9882e-03 -1.3531e-01 2.7494e-01 5.4683e-01 -8.2132e-02 -1.9247e-01 3.8964e-01 5.2926e-02 3.8776e-01 6.4562e-01 1.5182e-01 -7.4485e-02 -1.0566e-01 1.6497e-01 -7.2395e-02 -1.8256e-01 -2.0662e-01 -1.3370e-01 1.2486e+00 -7.7890e-01 -4.9161e-01
-6.5422e-02 2.3255e+01 -1.8655e+00 -1.5475e+01 8.7439e+00 9.7692e-01 -3.6477e+01 1.0510e+01 4.0054e+01 3.9662e+00 -2.1320e+00 3.4923e+00 1.2686e-01 -4.0642e+00 -1.4720e+00 -9.0947e+00 -1.4320e+00 -5.5327e-02 2.2659e+00 1.1202e+02 -7.4083e+00 -3.7441e+01 -1.8168e+00 -2.6722e+00 -1.0081e+01 -2.1534e+00 -6.2009e+00 -5.1663e+00 -5.1281e-01 -4.4960e+00 8.2865e+00 -1.6939e-01 -1.2902e+00 -3.9506e+00 4.0856e+01 -7.1510e+00 3.6729e+01 2.0248e-01 -3.8230e+00 -2.6404e+00 1.2921e-01 2.1059e+00 -1.9290e-01 -2.2825e+00 -1.0810e+00 6.6984e-01 -2.7423e-01 -3.2528e+00 -5.1820e-01 1.1203e+00 1.0573e-01 -1.0890e-01
7.4558e+00 -1.4833e+01 -5.2953e-02 2.8818e+00 -9.8377e-01 6.6526e-02 -9.2983e-01 4.3677e+00 1.4538e+00 -4.4285e+00 -1.9585e+00 1.8238e+00 1.0146e+01 8.9782e-01 2.7349e-01 -1.0852e+00 -6.6726e-02 -4.7327e+00 -6.5825e-01 -7.4083e+00 4.9608e+01 4.9783e+00 3.1896e-01 7.3332e-01 -1.0468e-01 5.4663e+00 -1.1110e+00 5.9041e-01 -1.5130e+01 5.1232e+00 1.0953e+00 -2.7621e-01 3.5812e-01 2.2499e-01 -1.6340e+00 1.2229e+00 -8.7890e-02 3.6172e+00 8.3615e-01 1.5207e+00 2.8718e-01 -7.4543e-01 1.0946e+00 -2.8936e-01 8.9663e-02 6.4317e-02 3.1373e-01 -4.9399e+00 -3.4471e+00 -5.9377e-02 9.8749e+00 6.9121e+00
6.3957e-01 -4.9173e+00 -6.6646e-01 1.3401e+01 1.4522e+01 3.3166e+00 1.5340e+01 3.6119e+01 -3.0413e+01 7.9940e+00 2.9056e+00 4.2818e+00 -1.4500e-01 2.5625e+00 1.3791e+00 1.3394e+01 -2.0031e+00 1.0367e+00 1.5367e+00 -3.7441e+01 4.9783e+00 1.3964e+02 1.5406e+00 -5.2983e+00 4.1766e+00 -9.7437e+00 1.0852e+01 8.0578e+00 -2.3744e+00 -1.0276e+01 -3.0777e+01 5.7645e-01 -1.4663e+00 1.2582e+01 -4.1006e+01 1.4831e+01 -4.2602e+01 6.4208e+01 2.6794e+00 -3.0180e-01 -6.9499e-01 3.2111e-01 -1.9069e+00 2.3091e+00 1.1743e+00 -3.6606e-01 2.4910e+00 4.7564e+00 7.7267e-03 -8.0241e-02 -1.6041e-01 6.3169e-01
-7.3195e-02 -4.7551e-01 -8.2038e-01 -3.4240e-01 1.7991e-01 -1.1165e-01 1.1553e+00 1.2117e-01 6.8548e+00 1.1467e-01 2.7454e-01 5.8842e-01 -2.0556e-01 5.6367e+00 -9.2666e-02 -3.0668e+00 -5.8838e-01 -4.7916e-01 -1.8487e-01 -1.8168e+00 3.1896e-01 1.5406e+00 2.5906e+01 -1.0733e-01 9.6914e+00 -1.5084e+00 -2.1275e+00 -3.5101e-01 -4.5427e-01 5.4834e-01 3.0936e+00 -2.7166e-02 3.7902e-01 4.2686e+00 1.3187e+00 4.6391e+00 2.0814e+00 3.0014e+00 -9.0272e-01 1.7343e-02 1.9936e+00 -2.9338e-01 -1.2363e-01 -9.2639e-01 -2.3068e-02 -6.9626e-02 -1.2743e-01 -2.7601e-01 -1.0437e-01 -5.4691e-02 -2.3412e-01 -1.1671e-01
1.7172e-02 -1.0164e+00 7.8625e-01 3.6358e+00 -6.5685e+00 -3.5580e+00 -1.1561e+00 -9.8865e-01 -1.3231e+00 -2.3233e+00 -6.7240e-01 -1.9152e+00 1.3444e-02 5.2976e-02 1.8354e+00 -1.6983e-01 -2.4714e-01 -1.8054e-01 -2.7987e-01 -2.6722e+00 7.3332e-01 -5.2983e+00 -1.0733e-01 2.0455e+01 -2.6467e-01 1.0951e+01 -1.1874e+00 -1.3094e+00 -5.5417e-01 1.0936e+01 -9.1344e-01 -1.6532e-02 -3.2251e-01 -3.4385e-01 -1.7813e+00 -8.1899e-01 -2.1812e+00 3.4022e+00 -2.3922e-01 -3.0189e-01 -2.7745e-02 -3.0488e-03 -2.1291e-02 -6.3036e-02 -3.5450e-01 -6.7580e-02 1.9896e+00 -1.2894e+00 -1.4815e-01 2.9411e-02 7.2028e-03 7.2770e-03
1.2416e-02 -1.5981e+00 -5.0739e-01 -1.1617e-01 -6.6707e-01 -7.5928e-01 5.4725e+00 1.7377e-01 -2.1052e+00 1.0706e+00 1.7631e-01 -1.2640e-01 -2.9518e-01 5.7449e+00 -1.0905e-01 -3.8242e+00 -4.9277e-01 -6.2143e-01 2.8802e-02 -1.0081e+01 -1.0468e-01 4.1766e+00 9.6914e+00 -2.6467e-01 3.2765e+01 -1.8622e+00 -2.1909e+00 -4.7439e-01 -2.9782e-01 7.6210e-02 -2.9136e+00 2.2776e-02 -1.6811e-01 1.7014e+01 -8.7742e+00 1.7191e+01 -7.9885e+00 5.4965e+00 -1.0373e+00 -5.5117e-01 6.5355e-01 -1.9647e-01 -2.0617e-01 -9.0254e-01 3.0761e-02 -1.7987e-01 -7.0523e-02 1.5167e-01 1.5331e-01 -8.4841e-02 -2.9650e-01 8.6770e-03
4.4884e-01 -3.8948e+00 4.2583e-01 1.1016e+01 -1.9485e+01 1.9699e+00 -6.6452e+00 -1.0093e+01 5.9273e-01 3.6455e+00 -1.4728e+00 -5.5545e+00 4.9940e-01 -1.0714e+00 1.5727e+00 -1.9980e+00 -5.8749e-01 -8.7756e-01 -6.0821e-01 -2.1534e+00 5.4663e+00 -9.7437e+00 -1.5084e+00 1.0951e+01 -1.8622e+00 6.7388e+01 -2.8752e+00 -4.2155e+00 -3.1306e+00 3.5710e+01 3.1443e+00 -2.5179e-01 -9.6227e-01 -4.9393e+00 2.1519e+00 -4.3847e+00 -2.6871e+00 2.9228e+00 -9.4074e-01 -1.4809e+00 -3.6380e-01 -3.5276e-01 3.1626e+00 -1.9113e-01 -4.6503e-01 -2.2627e-01 -6.4810e-01 -8.3756e-01 -1.0391e+00 1.6486e-01 5.9987e-01 4.0554e-01
-5.2130e-01 -4.1486e-01 6.7642e-01 3.0105e+00 6.0044e-01 5.3013e-01 -2.5943e-01 1.7897e+00 -6.3010e+00 1.1163e+00 -9.3982e-01 -2.1635e+00 -4.5887e-01 -1.1124e+00 -3.4804e-01 3.2749e+00 7.9958e-01 2.1079e-02 -7.8388e-02 -6.2009e+00 -1.1110e+00 1.0852e+01 -2.1275e+00 -1.1874e+00 -2.1909e+00 -2.8752e+00 3.6854e+01 -2.6614e+00 -2.3253e-02 -2.0956e+00 -3.4541e+00 -2.7977e-02 -1.7860e-01 -5.2008e+00 -5.1402e+00 -5.6383e+00 -5.1705e+00 1.2002e+01 5.4228e-01 3.8404e+00 -3.7214e-01 -3.1140e-01 -9.9330e-02 -4.2994e-01 -4.0916e-01 -6.6467e-04 2.4719e-01 -1.0369e+00 1.3916e+00 -1.9244e-01 -5.0084e-01 -5.3866e-01
-8.6802e-02 -7.5967e-01 1.2855e-01 5.5054e+00 4.1457e+00 9.7081e-01 -1.2143e+00 4.0653e+00 -3.9847e+00 2.1466e+00 7.9617e+00 1.0512e+01 -1.4299e-01 3.4842e-01 -1.0405e+00 1.1202e+00 -4.0009e-01 -2.3110e-01 -4.3111e-01 -5.1663e+00 5.9041e-01 8.0578e+00 -3.5101e-01 -1.3094e+00 -4.7439e-01 -4.2155e+00 -2.6614e+00 3.9224e+01 -1.2724e+00 -3.6822e+00 -1.1908e+00 5.4574e-02 2.6754e-01 -8.6753e-01 -3.6919e+00 -6.8703e-01 -2.0255e+00 -1.3899e+01 3.6131e+00 1.2585e+00 -4.2165e-01 2.9941e-01 -4.7284e-01 -1.4185e-01 -1.0608e+00 -1.4274e-01 2.5131e+00 1.2620e+01 -4.2514e-01 -3.2070e-01 -1.4993e-01 2.0242e-01
1.0746e-01 1.3026e+01 -1.3303e-01 -3.6804e-01 -7.5544e+00 -1.5542e+00 -6.2888e-01 -9.9332e-01 1.7055e+00 7.0745e-01 1.4696e+00 -1.5510e+00 -2.1557e-01 -7.3150e-01 -3.6667e-01 -2.6800e-02 -1.5537e-01 -2.6755e-01 -2.6736e-01 -5.1281e-01 -1.5130e+01 -2.3744e+00 -4.5427e-01 -5.5417e-01 -2.9782e-01 -3.1306e+00 -2.3253e-02 -1.2724e+00 2.4478e+01 -3.2067e+00 3.8483e-01 -1.2282e-02 -2.6404e-01 -5.2044e-01 2.5228e-01 2.8745e-01 -8.7059e-01 -1.1646e+00 -6.8326e-01 -8.8239e-01 -2.0648e-01 6.2557e-01 -5.2071e-01 -1.0744e-01 -1.4005e-01 -4.4760e-02 1.8604e-02 5.1164e+00 -4.3987e-01 -7.7649e-02 -2.2271e-01 1.0550e-01
2.3828e-01 4.3651e+00 5.5096e-01 9.0295e+00 -2.1892e+01 1.2107e-02 -9.0325e-01 -1.3182e+01 -3.4604e+00 3.7595e+00 -1.1004e+00 -1.3918e+00 3.1446e-01 -1.1152e+00 1.0531e+00 8.1480e-01 -2.9177e-01 -7.8910e-01 -6.3381e-01 -4.4960e+00 5.1232e+00 -1.0276e+01 5.4834e-01 1.0936e+01 7.6210e-02 3.5710e+01 -2.0956e+00 -3.6822e+00 -3.2067e+00 6.5728e+01 4.4287e+00 -1.5178e-01 -2.7796e-01 -7.1896e-01 -2.7787e+00 -2.4066e+00 -5.2129e+00 2.4494e+00 -1.0007e+00 1.6359e+00 4.3297e-02 -3.7938e-01 3.1557e+00 -2.1429e-01 -6.9962e-01 -1.3935e-01 -1.0369e+00 -2.7438e+00 -1.3657e+00 2.0535e-01 3.2658e-01 2.0983e-01
2.0877e-02 -9.4864e-01 -8.3790e-01 -4.8536e+00 -8.2175e-01 -6.1338e+00 -4.3881e+00 -6.9835e+00 4.8170e+00 -3.9770e+00 -6.4977e-01 -9.1928e-01 -2.5100e-01 -2.2357e+00 -1.2437e-01 -5.6324e+00 1.6090e+00 -1.2008e+00 -2.3607e-01 8.2865e+00 1.0953e+00 -3.0777e+01 3.0936e+00 -9.1344e-01 -2.9136e+00 3.1443e+00 -3.4541e+00 -1.1908e+00 3.8483e-01 4.4287e+00 6.9464e+01 -3.2061e-01 2.1743e+00 -1.8420e+01 1.0579e+01 -1.8428e+01 8.6474e+00 -1.8427e+01 -1.8209e+00 -6.3542e-01 -1.4010e+00 -5.3723e-01 4.7952e-01 -9.5668e-01 -2.9755e-01 -1.4490e-01 -1.0443e+00 -8.0250e-01 -5.7403e-01 2.1728e-01 -2.9641e-01 4.6068e-02
-2.4642e-02 -1.2727e-01 4.2420e-02 2.9755e-02 2.0083e-01 -2.2922e-01 5.4822e-01 -4.2049e-02 -5.7179e-01 1.4676e-01 -5.7391e-02 -1.1662e-01 -5.3576e-02 -3.2738e-02 -3.3807e-02 -1.7040e-01 -1.8153e-02 -2.6658e-02 1.9882e-03 -1.6939e-01 -2.7621e-01 5.7645e-01 -2.7166e-02 -1.6532e-02 2.2776e-02 -2.5179e-01 -2.7977e-02 5.4574e-02 -1.2282e-02 -1.5178e-01 -3.2061e-01 4.4651e+00 -2.0636e-02 6.7850e-02 -3.1932e-01 3.7633e-02 -2.6122e-01 2.1133e-01 -5.9498e-02 -9.7894e-02 7.8552e-03 -3.2877e-03 -4.0386e-02 -3.9663e-02 -1.8838e-02 -2.5013e-02 -3.1080e-02 9.5255e-02 7.6613e-02 -1.5587e-02 -6.3727e-02 -4.0211e-02
4.0320e-02 6.6119e-01 6.2262e-02 -2.9440e-02 -1.6441e+00 -2.5773e+00 -5.3465e-01 1.7931e+00 1.0857e+00 -3.1371e+00 -1.7676e-01 2.5580e-01 1.2523e-01 -4.1802e-02 8.2724e-01 -2.2092e-01 -8.3408e-02 1.0930e-01 -1.3531e-01 -1.2902e+00 3.5812e-01 -1.4663e+00 3.7902e-01 -3.2251e-01 -1.6811e-01 -9.6227e-01 -1.7860e-01 2.6754e-01 -2.6404e-01 -2.7796e-01 2.1743e+00 -2.0636e-02 1.4674e+01 7.3469e-01 -5.5643e-01 -5.2017e-01 -3.0696e-01 -2.0139e+00 -2.6485e-01 -3.8833e-01 1.6927e-02 -9.8166e-02 -2.3785e-01 3.5062e-02 -6.9063e-02 -9.0662e-03 1.8310e+00 4.1884e-01 -2.5849e-01 -8.1719e-02 1.3825e-01 3.4832e-02
-2.3669e-01 3.5924e+00 -1.4254e+00 3.7955e-02 -1.4517e-01 4.6748e-01 -1.7386e+00 7.3485e-01 7.3474e+00 -4.3496e-01 -2.4272e-01 -7.7946e-01 -2.3832e-01 4.6545e+00 -6.6850e-02 -7.7017e+00 -8.2166e-01 -1.0607e+00 2.7494e-01 -3.9506e+00 2.2499e-01 1.2582e+01 4.2686e+00 -3.4385e-01 1.7014e+01 -4.9393e+00 -5.2008e+00 -8.6753e-01 -5.2044e-01 -7.1896e-01 -1.8420e+01 6.7850e-02 7.3469e-01 6.6090e+01 -2.0734e+01 5.5899e+01 -1.9851e+01 2.2558e+01 -2.2437e+00 -2.0896e+00 -1.0922e+00 4.5560e-01 -3.3350e-01 1.5865e+00 1.8612e-01 7.9528e-02 1.1735e-01 -6.1781e-01 -1.3106e-01 1.6393e-01 -2.5116e-01 -2.6823e-01
-8.4694e-01 1.2435e+01 1.8923e-01 -3.3149e+00 7.9544e-01 3.2958e-01 -1.7376e+01 5.6409e-01 2.1993e+01 1.5376e+00 -1.8440e+00 -3.4318e+00 -2.1545e-01 -2.2740e+00 -7.7155e-01 -7.5173e+00 -5.8337e-01 -2.9416e-01 5.4683e-01 4.0856e+01 -1.6340e+00 -4.1006e+01 1.3187e+00 -1.7813e+00 -8.7742e+00 2.1519e+00 -5.1402e+00 -3.6919e+00 2.5228e-01 -2.7787e+00 1.0579e+01 -3.1932e-01 -5.5643e-01 -2.0734e+01 7.9503e+01 -2.5685e+01 6.6694e+01 -3.1044e+01 -2.3367e+00 -7.8240e-01 3.1001e+00 -5.2445e-01 7.1627e-01 -1.8610e+00 -3.4491e-01 8.1193e-01 -1.0108e+00 -5.1904e-01 -1.9718e-01 -3.2964e-01 -2.9585e-01 -9.3939e-01
8.8120e-01 1.6053e+00 -1.3132e+00 3.6753e-01 9.8230e-01 3.9527e-01 1.0049e+00 -4.5845e-01 2.7195e+00 8.4270e-01 -7.5458e-01 1.0737e+00 1.2049e+00 4.6787e+00 -2.8923e-01 -7.0824e+00 -5.2680e-01 -1.1125e+00 -8.2132e-02 -7.1510e+00 1.2229e+00 1.4831e+01 4.6391e+00 -8.1899e-01 1.7191e+01 -4.3847e+00 -5.6383e+00 -6.8703e-01 2.8745e-01 -2.4066e+00 -1.8428e+01 3.7633e-02 -5.2017e-01 5.5899e+01 -2.5685e+01 8.0701e+01 -2.3289e+01 2.4644e+01 -2.5342e+00 -1.5070e+00 -1.1846e+00 3.5958e-01 -4.9922e-01 1.5127e+00 -1.1755e-02 4.4250e-02 4.0094e-01 1.0672e+00 4.8836e-01 9.9232e-02 1.1587e+00 7.7303e-01
-9.9842e-01 1.1775e+01 2.1305e-01 -6.6422e+00 3.5794e+00 -6.5674e-01 -1.4464e+01 -4.8148e+00 1.7831e+01 2.2142e+00 -1.5721e+00 -4.0817e+00 1.0176e-01 -2.3363e+00 -8.9107e-01 -6.2287e+00 -4.0077e-01 1.3272e-02 -1.9247e-01 3.6729e+01 -8.7890e-02 -4.2602e+01 2.0814e+00 -2.1812e+00 -7.9885e+00 -2.6871e+00 -5.1705e+00 -2.0255e+00 -8.7059e-01 -5.2129e+00 8.6474e+00 -2.6122e-01 -3.0696e-01 -1.9851e+01 6.6694e+01 -2.3289e+01 9.3994e+01 -3.3554e+01 -3.4849e+00 -2.2838e+00 2.9990e+00 1.3066e+00 1.3140e+00 -1.8083e+00 -6.2074e-01 1.2483e-01 -7.6252e-01 -2.7140e+00 1.7143e-01 -4.0967e-01 8.4673e-02 -1.0452e+00
-2.3819e-01 1.5948e+00 -4.8147e-01 1.0252e+01 4.3348e+00 3.0781e+00 1.5580e+00 2.0564e+01 -4.7384e+00 3.6718e+00 -5.3365e+00 -7.9057e+00 -5.4499e-01 1.6932e-01 1.5972e+00 7.1990e+00 -1.1512e+00 5.3429e-01 3.8964e-01 2.0248e-01 3.6172e+00 6.4208e+01 3.0014e+00 3.4022e+00 5.4965e+00 2.9228e+00 1.2002e+01 -1.3899e+01 -1.1646e+00 2.4494e+00 -1.8427e+01 2.1133e-01 -2.0139e+00 2.2558e+01 -3.1044e+01 2.4644e+01 -3.3554e+01 1.4250e+02 -5.0786e+00 -2.8347e+00 -1.8791e+00 -4.7570e-01 -1.0205e+00 1.1995e+00 1.7842e+00 1.1647e-01 -1.5913e+00 -9.9297e+00 -9.8255e-02 3.5766e-01 -5.7453e-01 -4.0992e-01
2.7055e-02 4.9358e-01 1.4423e+00 -1.7729e+00 -2.8439e+00 1.9357e-01 6.1429e-01 8.5094e-01 -3.2261e+00 -8.6779e-02 4.0004e+00 2.5768e+00 1.7484e-02 -5.6108e-01 3.2231e+00 2.4249e-01 1.1300e+00 -2.9327e-01 5.2926e-02 -3.8230e+00 8.3615e-01 2.6794e+00 -9.0272e-01 -2.3922e-01 -1.0373e+00 -9.4074e-01 5.4228e-01 3.6131e+00 -6.8326e-01 -1.0007e+00 -1.8209e+00 -5.9498e-02 -2.6485e-01 -2.2437e+00 -2.3367e+00 -2.5342e+00 -3.4849e+00 -5.0786e+00 2.2358e+01 -8.0077e-01 -3.4105e-01 -7.3877e-02 -2.4905e-01 -1.0877e-01 -4.0090e-02 -1.0213e-01 -2.5374e-01 -8.5304e-01 -1.8790e-01 2.1863e-01 -2.3653e-03 8.4301e-02
1.2121e-01 -2.4969e+00 3.8020e-01 7.7324e-02 5.2242e-01 2.5290e-01 -1.5511e+00 -2.0835e+00 -4.8558e-01 -7.0361e-01 -3.5675e-01 5.7866e+00 1.2715e-01 -4.7196e-01 -9.9203e-02 -4.4433e-01 -8.8497e-02 -9.0683e-02 3.8776e-01 -2.6404e+00 1.5207e+00 -3.0180e-01 1.7343e-02 -3.0189e-01 -5.5117e-01 -1.4809e+00 3.8404e+00 1.2585e+00 -8.8239e-01 1.6359e+00 -6.3542e-01 -9.7894e-02 -3.8833e-01 -2.0896e+00 -7.8240e-01 -1.5070e+00 -2.2838e+00 -2.8347e+00 -8.0077e-01 2.7032e+01 7.8596e-01 -5.8165e-02 -3.7888e-01 -9.7657e-02 -1.4015e-01 -7.7929e-02 5.8719e-02 1.4953e+00 1.0165e+00 2.1421e-02 9.4648e-02 6.9527e-02
6.4069e-02 1.7396e+00 7.0208e-01 3.9432e-01 5.5952e-01 -8.2902e-02 -7.9926e-01 1.3882e-01 8.8153e-02 -8.4156e-02 2.2405e-01 1.8745e-02 -9.7410e-02 -2.6648e-01 -1.1544e-01 -6.3020e-01 -1.4006e-01 -1.1405e-01 6.4562e-01 1.2921e-01 2.8718e-01 -6.9499e-01 1.9936e+00 -2.7745e-02 6.5355e-01 -3.6380e-01 -3.7214e-01 -4.2165e-01 -2.0648e-01 4.3297e-02 -1.4010e+00 7.8552e-03 1.6927e-02 -1.0922e+00 3.1001e+00 -1.1846e+00 2.9990e+00 -1.8791e+00 -3.4105e-01 7.8596e-01 1.2488e+01 -3.5807e-02 -5.2926e-02 -1.4950e-01 -8.7249e-02 -6.1810e-02 -1.1985e-01 -2.3690e-01 1.2283e-01 -4.0618e-02 -1.0077e-01 5.7311e-02
2.0357e-03 2.5901e-02 -8.4484e-02 -2.4751e-01 -3.6481e-01 4.6132e-01 2.9562e-01 -2.3090e-01 7.0335e-02 1.9443e-01 -1.8264e-01 1.8619e+00 3.2674e-02 -2.0787e-01 -1.4849e-01 2.2006e-01 -6.2514e-02 4.5101e-02 1.5182e-01 2.1059e+00 -7.4543e-01 3.2111e-01 -2.9338e-01 -3.0488e-03 -1.9647e-01 -3.5276e-01 -3.1140e-01 2.9941e-01 6.2557e-01 -3.7938e-01 -5.3723e-01 -3.2877e-03 -9.8166e-02 4.5560e-01 -5.2445e-01 3.5958e-01 1.3066e+00 -4.7570e-01 -7.3877e-02 -5.8165e-02 -3.5807e-02 7.8534e+00 3.6173e-03 -4.6050e-02 -1.6776e-01 7.2460e-03 -1.2927e-01 -4.3388e-01 1.2459e-01 1.4349e-01 2.9824e-02 -4.3283e-03
-1.1675e-01 4.2081e+00 -2.6137e-02 -5.6774e-01 -1.8927e+00 -7.6195e-01 -5.5505e-01 -1.3644e+00 4.4591e-01 -2.6401e-01 -1.3792e-01 -5.8768e-01 -7.6014e-02 -1.7033e-01 -1.3079e-01 -2.4977e-01 -4.5532e-02 -1.3925e-01 -7.4485e-02 -1.9290e-01 1.0946e+00 -1.9069e+00 -1.2363e-01 -2.1291e-02 -2.0617e-01 3.1626e+00 -9.9330e-02 -4.7284e-01 -5.2071e-01 3.1557e+00 4.7952e-01 -4.0386e-02 -2.3785e-01 -3.3350e-01 7.1627e-01 -4.9922e-01 1.3140e+00 -1.0205e+00 -2.4905e-01 -3.7888e-01 -5.2926e-02 3.6173e-03 1.1934e+01 -7.2922e-02 -9.4281e-02 4.3352e-02 -9.2986e-02 -9.5727e-02 4.3225e-02 -3.7494e-02 4.0677e-01 -1.3577e-01
-1.1118e-01 -1.1117e+00 -1.5841e-02 -1.2467e-01 2.7449e-02 1.3902e-01 -5.1624e-01 7.9038e-03 -3.0809e-01 -6.3547e-02 -1.1795e-01 -1.0929e-01 -2.6472e-01 -4.1888e-01 5.0676e-02 4.2279e-01 -2.6726e-02 8.3952e-01 -1.0566e-01 -2.2825e+00 -2.8936e-01 2.3091e+00 -9.2639e-01 -6.3036e-02 -9.0254e-01 -1.9113e-01 -4.2994e-01 -1.4185e-01 -1.0744e-01 -2.1429e-01 -9.5668e-01 -3.9663e-02 3.5062e-02 1.5865e+00 -1.8610e+00 1.5127e+00 -1.8083e+00 1.1995e+00 -1.0877e-01 -9.7657e-02 -1.4950e-01 -4.6050e-02 -7.2922e-02 9.7243e+00 -2.1803e-02 4.0378e-02 -4.5393e-02 -8.2993e-02 -3.9585e-02 -2.1544e-02 1.1757e+00 -1.7494e-01
2.5331e-02 -4.5837e-01 -1.7202e-02 1.4984e+00 -1.8544e-01 5.0135e-01 2.2671e-01 6.6756e-01 -2.2046e-01 -2.8200e-01 -4.0369e-01 -6.0171e-01 -1.1477e-01 8.2298e-02 1.1357e-01 -1.2295e-01 -4.6675e-02 -7.7930e-02 1.6497e-01 -1.0810e+00 8.9663e-02 1.1743e+00 -2.3068e-02 -3.5450e-01 3.0761e-02 -4.6503e-01 -4.0916e-01 -1.0608e+00 -1.4005e-01 -6.9962e-01 -2.9755e-01 -1.8838e-02 -6.9063e-02 1.8612e-01 -3.4491e-01 -1.1755e-02 -6.2074e-01 1.7842e+00 -4.0090e-02 -1.4015e-01 -8.7249e-02 -1.6776e-01 -9.4281e-02 -2.1803e-02 1.1277e+01 -3.0150e-02 2.7278e-01 -7.8846e-01 -6.3837e-02 -6.0539e-02 -1.1872e-01 2.1446e-02
-1.4144e-02 1.5165e-02 -1.1825e-03 -4.7272e-02 1.5040e-01 1.4340e-01 -2.7864e-01 -1.4413e-03 4.9140e-01 -1.0133e-01 -7.2400e-02 1.2992e-01 -7.6447e-02 -1.2647e-01 -2.5584e-02 1.4488e-02 -3.3594e-02 -3.1032e-02 -7.2395e-02 6.6984e-01 6.4317e-02 -3.6606e-01 -6.9626e-02 -6.7580e-02 -1.7987e-01 -2.2627e-01 -6.6467e-04 -1.4274e-01 -4.4760e-02 -1.3935e-01 -1.4490e-01 -2.5013e-02 -9.0662e-03 7.9528e-02 8.1193e-01 4.4250e-02 1.2483e-01 1.1647e-01 -1.0213e-01 -7.7929e-02 -6.1810e-02 7.2460e-03 4.3352e-02 4.0378e-02 -3.0150e-02 5.9670e+00 -4.9254e-02 -6.1165e-02 9.2220e-03 -1.6494e-02 -7.2668e-02 -2.6335e-02
3.2630e-02 -6.0658e-01 -1.1646e-01 -7.3808e-02 1.4989e-01 -1.9076e+00 7.2206e-01 4.6384e+00 -1.2495e+00 -1.3509e+00 -2.3615e-01 1.4607e+00 2.4466e-02 3.1147e-01 1.1060e+00 5.6294e-01 -1.2579e-01 -1.3991e-01 -1.8256e-01 -2.7423e-01 3.1373e-01 2.4910e+00 -1.2743e-01 1.9896e+00 -7.0523e-02 -6.4810e-01 2.4719e-01 2.5131e+00 1.8604e-02 -1.0369e+00 -1.0443e+00 -3.1080e-02 1.8310e+00 1.1735e-01 -1.0108e+00 4.0094e-01 -7.6252e-01 -1.5913e+00 -2.5374e-01 5.8719e-02 -1.1985e-01 -1.2927e-01 -9.2986e-02 -4.5393e-02 2.7278e-01 -4.9254e-02 1.3718e+01 2.7852e+00 -1.8260e-03 -1.2347e-01 2.3618e-02 3.0512e-02
8.2995e-02 3.5238e+00 7.3653e-02 5.0417e+00 -4.6853e-01 1.3932e-02 -4.5609e-01 3.8361e+00 -1.0562e+00 5.8602e-01 -5.9966e-01 3.8589e+00 -8.0081e-02 1.1687e-01 -4.7390e-01 4.7085e-02 -2.5578e-01 -1.5349e-01 -2.0662e-01 -3.2528e+00 -4.9399e+00 4.7564e+00 -2.7601e-01 -1.2894e+00 1.5167e-01 -8.3756e-01 -1.0369e+00 1.2620e+01 5.1164e+00 -2.7438e+00 -8.0250e-01 9.5255e-02 4.1884e-01 -6.1781e-01 -5.1904e-01 1.0672e+00 -2.7140e+00 -9.9297e+00 -8.5304e-01 1.4953e+00 -2.3690e-01 -4.3388e-01 -9.5727e-02 -8.2993e-02 -7.8846e-01 -6.1165e-02 2.7852e+00 2.8586e+01 -2.7851e-01 -1.8050e-01 -9.2205e-02 6.3985e-02
-2.7088e-01 -1.3900e+00 3.1985e-02 -9.4921e-01 2.8731e+00 6.6812e-01 2.2895e-01 -9.2570e-01 -2.9080e-01 5.2245e-01 -1.8195e-02 -5.2428e-01 3.3650e-01 -1.5899e-01 -1.9627e-01 -8.2976e-02 1.9798e-02 2.4983e-01 -1.3370e-01 -5.1820e-01 -3.4471e+00 7.7267e-03 -1.0437e-01 -1.4815e-01 1.5331e-01 -1.0391e+00 1.3916e+00 -4.2514e-01 -4.3987e-01 -1.3657e+00 -5.7403e-01 7.6613e-02 -2.5849e-01 -1.3106e-01 -1.9718e-01 4.8836e-01 1.7143e-01 -9.8255e-02 -1.8790e-01 1.0165e+00 1.2283e-01 1.2459e-01 4.3225e-02 -3.9585e-02 -6.3837e-02 9.2220e-03 -1.8260e-03 -2.7851e-01 1.5771e+01 1.2303e-02 5.5056e-01 -4.0559e-01
2.7842e-02 -4.1618e-01 -7.1435e-02 -1.1069e+00 -4.6105e-01 1.4009e-01 -5.7550e-02 -3.6764e-01 -4.9827e-02 -6.0138e-02 -8.5155e-02 1.0364e+00 3.4699e-02 -3.2652e-02 1.5655e-01 -1.2421e-02 -5.6538e-02 9.1063e-02 1.2486e+00 1.1203e+00 -5.9377e-02 -8.0241e-02 -5.4691e-02 2.9411e-02 -8.4841e-02 1.6486e-01 -1.9244e-01 -3.2070e-01 -7.7649e-02 2.0535e-01 2.1728e-01 -1.5587e-02 -8.1719e-02 1.6393e-01 -3.2964e-01 9.9232e-02 -4.0967e-01 3.5766e-01 2.1863e-01 2.1421e-02 -4.0618e-02 1.4349e-01 -3.7494e-02 -2.1544e-02 -6.0539e-02 -1.6494e-02 -1.2347e-01 -1.8050e-01 1.2303e-02 6.1211e+00 2.8112e-02 5.6231e-02
6.8951e+00 -1.8242e+00 -1.1930e-01 -4.4825e-01 -7.6866e-01 2.8682e-01 -9.2597e-01 -2.7975e-01 -1.4917e-01 1.3328e-01 -1.0391e+00 3.6628e-02 1.3158e+01 -1.6733e-01 1.7141e-02 8.0497e-02 -7.6037e-02 4.8864e-02 -7.7890e-01 1.0573e-01 9.8749e+00 -1.6041e-01 -2.3412e-01 7.2028e-03 -2.9650e-01 5.9987e-01 -5.0084e-01 -1.4993e-01 -2.2271e-01 3.2658e-01 -2.9641e-01 -6.3727e-02 1.3825e-01 -2.5116e-01 -2.9585e-01 1.1587e+00 8.4673e-02 -5.7453e-01 -2.3653e-03 9.4648e-02 -1.0077e-01 2.9824e-02 4.0677e-01 1.1757e+00 -1.1872e-01 -7.2668e-02 2.3618e-02 -9.2205e-02 5.5056e-01 2.8112e-02 1.4763e+01 6.2334e+00
1.1793e+01 -7.5191e-01 9.7965e-03 -6.4439e-01 -3.9621e-01 -4.2728e-01 -1.2941e+00 2.5530e-01 -2.1550e-01 1.9766e-01 2.2647e+00 -3.4756e-02 6.5031e+00 -9.5183e-02 -5.1450e-04 1.2331e-01 4.7925e-02 1.2409e-02 -4.9161e-01 -1.0890e-01 6.9121e+00 6.3169e-01 -1.1671e-01 7.2770e-03 8.6770e-03 4.0554e-01 -5.3866e-01 2.0242e-01 1.0550e-01 2.0983e-01 4.6068e-02 -4.0211e-02 3.4832e-02 -2.6823e-01 -9.3939e-01 7.7303e-01 -1.0452e+00 -4.0992e-01 8.4301e-02 6.9527e-02 5.7311e-02 -4.3283e-03 -1.3577e-01 -1.7494e-01 2.1446e-02 -2.6335e-02 3.0512e-02 6.3985e-02 -4.0559e-01 5.6231e-02 6.2334e+00 1.4184e+01
