1.1456e+02 -4.3169e+01 -3.4906e+01 5.9339e+01 1.6716e+01 -3.2201e+01 -1.8149e+01 4.6941e+01 2.0233e+00 -1.5320e+01 -6.1394e+00 4.5185e-01 2.3050e+00 -7.1792e-01 1.4345e+01 -4.2111e-01 3.0428e-01 6.2039e-01 -1.4269e+01 -1.6485e+01 6.8780e-01 -1.1437e+01 -1.8110e+01 3.8931e+00 -3.1428e+00 -2.9666e+00 -7.0228e-01 2.2612e+00 -3.2822e-01 2.0414e+00 1.0141e+00 2.7726e+01 5.8885e-01 2.7078e+00 -3.5515e+00 6.1314e-01 4.1920e+00 -1.7249e+00 -9.9380e-03 1.1685e+01 -5.0136e-01 1.9390e-01 -6.0265e-02 4.1951e-02 1.4650e-01 -9.1239e-01 1.3878e+00 -1.3248e+00 6.8688e-01 4.3356e-01 -6.1659e+00 -3.1878e+00
-4.3169e+01 1.6144e+02 -5.1874e+01 -3.5573e+01 3.6160e+01 2.0321e+01 1.4992e+00 -2.9467e+01 4.2890e+00 7.6046e+00 2.6734e+00 1.6040e+00 2.4776e+01 -1.3019e+00 -1.6173e+01 4.3455e-02 -5.0169e-01 -1.3296e+00 -1.8208e+01 2.5604e+01 -1.5354e+00 1.3624e+01 3.0383e+01 -7.7871e+00 3.5186e+00 1.6841e+00 1.9644e+00 -4.7043e+00 7.6165e+00 -3.0382e+00 -1.6043e-01 -4.0975e+01 7.3610e-01 -2.4785e+00 -2.8717e+00 -4.4906e+00 -1.0249e+00 -2.0147e+00 6.1711e-01 -5.1420e+00 2.5326e-02 -2.4712e-01 -8.7173e-02 -5.4754e-02 1.1857e+00 2.7625e+00 1.1036e+00 1.7323e+00 -2.6670e-01 -1.2492e+00 2.4213e+00 1.6446e+00
-3.4906e+01 -5.1874e+01 1.5123e+02 -2.1268e+00 -4.2868e+01 -3.4917e+01 -7.3311e-01 -1.1118e+01 6.6117e+00 8.2625e+00 -5.9234e+00 8.4592e-01 4.1517e+00 7.3649e-01 -3.5307e+01 -6.9776e-02 -2.0497e-01 -6.1430e-01 3.9237e+01 4.2633e+00 2.4928e+00 -2.5999e+00 -8.5984e+00 1.9585e+00 -4.2778e-01 7.6963e+00 7.1543e-01 7.6027e-01 -8.4325e+00 6.5503e+00 2.0885e+00 1.5191e+01 -1.0036e+00 -4.8424e-02 -1.6350e+00 5.0114e+00 -6.0761e+00 5.6787e+00 -1.3008e+00 -4.5494e+00 -2.4209e+00 -1.1222e+00 -4.9141e-02 -1.5696e-02 -1.2224e+00 -1.5177e+00 -2.4761e+00 7.0412e-01 1.2589e-01 -1.3045e-02 -5.6661e+00 7.5302e+00
5.9339e+01 -3.5573e+01 -2.1268e+00 9.8817e+01 -4.9954e+00 -3.1649e+01 -1.9768e+01 1.9907e+01 5.4765e+00 5.6662e+00 -6.2383e+00 -2.9817e-01 -5.7930e+00 -1.7276e+00 4.7980e+00 3.5273e-01 8.7365e-02 -1.0138e-01 4.8164e+00 -2.7299e+01 1.1167e+00 3.9026e+00 -2.8047e+01 5.6842e+00 -3.7186e-01 -2.6981e+00 -1.9105e+00 1.1278e+00 -3.8574e-01 1.4947e+00 2.7886e-01 2.3341e+01 5.0475e-01 5.4041e-01 -4.8362e+00 7.6054e-01 -1.4805e+00 1.4217e+00 3.8042e-02 8.7413e+00 -3.1629e-01 9.4680e-02 -3.0708e-01 -1.2069e-01 -5.1940e-01 -2.8107e+00 1.5190e+00 -1.9721e-01 1.1094e+00 5.2181e-01 -6.2611e+00 -2.9275e+00
1.6716e+01 3.6160e+01 -4.2868e+01 -4.9954e+00 7.6087e+01 8.6463e+00 4.8164e+00 1.6757e+01 4.6768e+00 -2.8876e+01 -5.0144e-01 -5.2186e-01 1.8141e+00 6.1653e-01 3.0378e+00 8.6706e-01 1.3300e-02 -6.7083e-01 -3.4971e+01 1.1022e+01 -6.5384e-01 2.4199e+00 1.2609e+01 -6.8916e+00 7.4046e-01 -5.7087e-01 7.6246e-01 1.7955e-01 -3.5214e-01 1.2824e+00 4.5728e-02 -1.6787e+01 1.4299e-01 1.4527e+00 -6.4221e+00 4.8010e-02 6.7132e+00 1.5466e+00 1.8608e-01 3.8217e+00 8.2298e-01 4.2121e-01 -1.1518e-01 4.5943e-03 6.0757e-01 7.7245e-01 -9.0224e-01 2.0123e-01 -3.6267e-01 1.3380e-01 -4.9224e-01 -5.8914e-01
-3.2201e+01 2.0321e+01 -3.4917e+01 -3.1649e+01 8.6463e+00 1.3485e+02 5.0565e+00 -2.8724e+01 -3.5720e+00 -5.4007e+00 -9.3732e-01 -2.1958e+00 -2.8173e+01 2.1929e+00 3.5432e+01 -6.6490e-01 -5.8241e-01 -4.6268e-01 -1.7550e+01 1.1123e+01 -6.4076e+00 4.7017e+00 2.3406e+01 -4.0330e+00 2.8596e+00 -6.5907e-01 -3.8634e+00 -2.0900e+00 4.6528e+00 -3.4777e+00 -4.2166e+00 -1.8306e+01 -2.7587e-01 7.5625e-02 8.9051e+00 -8.7848e+00 -8.2451e-01 1.8179e+00 1.1077e-01 -8.9259e+00 1.1036e+00 9.9567e-02 7.9731e-02 1.2704e-01 -8.0789e-01 4.7974e+00 3.2174e-01 9.5574e-01 -7.2642e-03 -9.0212e-01 -9.1597e-01 -7.0868e-01
-1.8149e+01 1.4992e+00 -7.3311e-01 -1.9768e+01 4.8164e+00 5.0565e+00 5.7839e+01 -9.6790e-01 -8.8528e-01 7.2717e-01 5.3283e+00 9.7667e-01 9.1970e-01 2.8725e-01 -1.4854e+00 -8.0381e-01 4.0261e-02 -1.2937e-01 1.6887e+00 2.4809e+00 2.2003e+00 4.9922e-01 5.8268e-01 -7.1495e+00 4.2881e-01 2.4399e+00 1.0062e+00 1.3200e-01 4.7803e-01 9.1334e-02 -3.6185e-01 -8.5577e+00 2.1230e-01 1.0897e-02 1.4434e+00 1.1233e-02 1.1377e+00 -1.8369e-01 -6.6193e-02 1.3403e+00 6.1795e-01 5.8878e-03 -1.3763e-01 -1.7017e-01 6.7055e-02 -4.9286e-02 1.0013e-02 -3.4355e-01 -1.0268e+00 -1.0296e-01 5.2336e+00 1.8555e+00
4.6941e+01 -2.9467e+01 -1.1118e+01 1.9907e+01 1.6757e+01 -2.8724e+01 -9.6790e-01 8.3372e+01 1.6285e-01 -1.7939e+01 -3.0844e+00 -2.9994e-01 5.1861e+00 -4.1395e-01 1.8447e+01 6.8903e-01 5.8367e-01 2.6972e-01 -1.2456e+01 -1.3046e+01 -8.4077e-01 -1.0121e+01 -1.3759e+01 -1.1153e-01 -2.5763e+00 -3.6972e+00 -1.1734e-01 2.8298e+00 -1.4055e-01 -2.4307e+00 8.8575e-01 1.4666e+01 7.3095e-01 2.1753e+00 -2.2082e+00 5.3608e-01 7.7270e+00 -7.3912e-01 -7.8580e-02 -1.5326e+00 -2.1100e-01 7.0669e-01 1.0727e-03 -6.2409e-02 -4.8629e-01 -2.2241e+00 -1.9751e+00 -1.3289e+00 -1.6866e-01 -8.3983e-01 -2.8861e+00 -1.9756e+00
2.0233e+00 4.2890e+00 6.6117e+00 5.4765e+00 4.6768e+00 -3.5720e+00 -8.8528e-01 1.6285e-01 3.6774e+01 3.8025e-01 3.9773e-02 1.4547e+00 -2.4344e+00 -2.0329e+00 1.0604e-01 -1.5196e-01 7.5882e-03 1.5901e-01 1.4547e+00 2.1850e+00 3.1468e+00 3.1948e-01 1.5885e+00 3.6914e+00 -4.1790e-01 3.5662e-02 -1.3817e+00 3.8794e-02 -3.5129e+00 6.7609e-02 -6.6099e-02 -1.7766e+01 1.7819e-01 2.8152e-01 -4.4674e+00 1.4970e-03 7.0764e-01 -2.2344e-01 -6.8731e-02 3.0044e-01 -8.0918e-02 1.3378e-01 -1.2922e-01 1.1633e-01 7.0433e-03 4.0631e-02 1.0695e+00 -2.0338e-02 4.1470e-01 3.6015e-02 3.4747e-02 2.4362e-02
-1.5320e+01 7.6046e+00 8.2625e+00 5.6662e+00 -2.8876e+01 -5.4007e+00 7.2717e-01 -1.7939e+01 3.8025e-01 8.0540e+01 2.5710e+00 1.1839e+00 -2.3147e+00 -1.9033e+00 7.5973e+00 -3.8432e-02 1.9813e-01 1.8034e+00 3.1792e+01 -9.3480e+00 -7.9854e-01 -3.4273e-01 -5.1064e+00 -2.9287e+00 -5.1455e-01 3.4515e-01 -1.5120e+00 -2.2592e+00 8.0163e+00 -1.9644e+00 -1.5658e+00 5.2727e+00 3.6301e-01 -2.7587e+00 2.1225e+00 -3.7546e+00 -5.1527e+00 -2.1978e+00 -7.4586e-01 -3.7544e+00 -1.2063e+00 -4.7094e-01 -2.3986e-01 -1.8884e-01 -1.6990e-01 -1.1254e-01 3.2501e+00 -7.8925e-01 -2.7507e-01 -3.1505e-02 2.2691e+00 3.8390e-01
-6.1394e+00 2.6734e+00 -5.9234e+00 -6.2383e+00 -5.0144e-01 -9.3732e-01 5.3283e+00 -3.0844e+00 3.9773e-02 2.5710e+00 2.5225e+01 6.6528e-02 -9.3925e-01 5.9477e-02 2.8702e-03 -1.3184e+00 4.7407e-02 -1.5199e-01 2.7314e-01 -6.8068e-03 5.1746e-01 -1.8053e-01 -3.2476e-01 -5.8543e-02 2.1315e-02 5.7448e+00 2.3372e-01 -2.7221e+00 1.6712e-01 -2.2083e+00 3.4614e-02 5.8410e+00 7.2940e-02 7.3629e-02 5.5866e-01 4.3663e-01 -9.7945e-02 -6.4375e-01 -1.6585e-01 2.2410e-01 7.7326e-02 1.2928e-01 2.6350e-04 6.9114e-02 -1.1452e-01 -1.7323e-01 -1.0321e+00 3.8905e-02 1.8533e-02 -1.2647e-01 2.3411e+01 4.5039e+00
4.5185e-01 1.6040e+00 8.4592e-01 -2.9817e-01 -5.2186e-01 -2.1958e+00 9.7667e-01 -2.9994e-01 1.4547e+00 1.1839e+00 6.6528e-02 1.2329e+01 3.1248e+00 -1.3577e-01 -1.9033e+00 -8.5370e-02 -1.3502e-01 -5.9792e-03 2.6985e-01 2.3460e-02 8.3645e-01 -1.8468e-01 4.1562e-02 -5.8644e-01 -2.3555e-01 -1.2194e-02 1.3539e-01 -2.2191e-01 -2.7521e-01 -1.8909e-02 -1.0546e-01 -2.2148e+00 3.4741e-01 -2.9131e-02 -3.4105e-01 -1.3426e-01 -5.8825e-01 1.2918e+00 -5.0822e-02 -5.9837e-01 -4.7482e-02 -4.9751e-02 -2.5420e-02 1.4338e-01 -1.7149e-02 1.3783e-01 -1.0170e-01 -1.5954e-01 -5.3332e-02 -9.2737e-02 6.0823e-02 -3.3313e-02
2.3050e+00 2.4776e+01 4.1517e+00 -5.7930e+00 1.8141e+00 -2.8173e+01 9.1970e-01 5.1861e+00 -2.4344e+00 -2.3147e+00 -9.3925e-01 3.1248e+00 7.6654e+01 -8.4934e-02 -3.0047e+01 -9.9288e-01 -4.4468e-01 5.7961e-01 -2.7570e+00 1.5398e+01 -1.9572e+00 -7.0375e-01 4.2181e+00 1.3084e+00 -6.6571e-01 -1.8478e-01 6.9187e+00 -1.6295e+00 -7.7649e+00 1.6417e+00 -1.3610e+00 -2.2249e+00 -3.6988e-01 -1.0414e+00 -1.2738e-01 7.5811e+00 -2.3086e+00 -2.5606e+00 1.0970e-01 -9.0885e-01 -1.1200e+00 -1.8143e-01 -2.1366e-01 -1.1514e-01 1.2373e-01 -5.1389e-01 -2.2183e-01 -1.6195e-01 -2.7910e-01 -2.0908e-01 -8.0179e-01 1.7288e+00
-7.1792e-01 -1.3019e+00 7.3649e-01 -1.7276e+00 6.1653e-01 2.1929e+00 2.8725e-01 -4.1395e-01 -2.0329e+00 -1.9033e+00 5.9477e-02 -1.3577e-01 -8.4934e-02 1.5097e+01 -3.3666e+00 -3.2446e-01 -8.9860e-02 -8.7817e-02 -7.4682e-01 -2.5496e-01 -7.5789e-02 -2.5791e-01 -7.9107e-02 -8.5821e-01 -1.3414e-01 -1.8641e-01 -2.5149e-01 1.3316e-01 -2.1048e+00 -6.5731e-01 -1.2277e-01 -3.4040e-01 -1.8845e-01 1.0688e+00 1.9281e+00 -2.4571e-01 -5.8387e-01 -4.3163e-01 -7.4825e-02 -5.1705e-01 8.0118e-01 -3.5548e-02 -2.8511e-02 -3.2668e-02 -6.5988e-02 -1.8630e-01 1.2492e-01 8.3227e-02 -1.2072e-01 -6.6522e-02 2.4424e-02 -1.5353e-01
1.4345e+01 -1.6173e+01 -3.5307e+01 4.7980e+00 3.0378e+00 3.5432e+01 -1.4854e+00 1.8447e+01 1.0604e-01 7.5973e+00 2.8702e-03 -1.9033e+00 -3.0047e+01 -3.3666e+00 1.1142e+02 2.1952e+00 -6.2033e-01 1.2844e+00 -6.9392e+00 -1.3933e+01 -3.8555e+00 -3.1200e+00 -1.3167e+00 -3.8931e-02 -5.2245e-01 -3.3199e+00 -3.2739e+00 -2.6010e+00 1.5759e+01 -1.1781e+01 -3.0725e+00 2.2584e+00 8.1427e-01 2.3901e+00 -5.6980e-01 -6.5404e+00 -7.4566e+00 -1.1780e+01 6.3909e-01 -2.4817e+00 2.0379e+00 3.6334e-01 2.5653e-02 8.5970e-02 -7.5973e-01 -7.6440e-01 -2.6238e+00 -6.7658e-01 -3.4965e-01 -1.6100e-01 1.6431e-01 -1.5875e+00
-4.2111e-01 4.3455e-02 -6.9776e-02 3.5273e-01 8.6706e-01 -6.6490e-01 -8.0381e-01 6.8903e-01 -1.5196e-01 -3.8432e-02 -1.3184e+00 -8.5370e-02 -9.9288e-01 -3.2446e-01 2.1952e+00 1.2308e+01 -5.7075e-02 1.4758e-01 1.3392e+00 -1.5161e-01 -2.4083e-01 -1.3148e-01 3.8578e-01 -3.9660e-01 -3.3512e-02 1.2114e-01 -3.8081e-01 -2.2628e-01 2.6555e+00 -6.3783e-01 -1.2322e-01 8.0493e-01 -4.6983e-02 -1.6646e-01 -2.7551e-01 -2.6632e-01 -5.5287e-01 -4.5217e-01 -4.4654e-02 1.6608e+00 -1.9834e-01 -4.7130e-02 2.5836e-02 -3.1132e-02 -8.5488e-02 -1.1028e-01 -1.6040e-01 -1.0418e-01 -5.2018e-02 -1.2671e-02 -8.9927e-01 9.2480e-02
3.0428e-01 -5.0169e-01 -2.0497e-01 8.7365e-02 1.3300e-02 -5.8241e-01 4.0261e-02 5.8367e-01 7.5882e-03 1.9813e-01 4.7407e-02 -1.3502e-01 -4.4468e-01 -8.9860e-02 -6.2033e-01 -5.7075e-02 6.3388e+00 -7.6648e-02 -2.7856e-01 4.1500e-01 -1.3769e-01 -1.5754e-01 5.1597e-01 -3.8656e-02 -4.2010e-02 4.5025e-02 -3.3629e-02 -1.5700e-01 2.9244e-01 -1.8625e-01 1.9026e+00 -2.6078e-01 2.0759e-02 -1.1127e-01 -1.4581e-02 4.8104e-02 1.4974e+00 -2.1517e-01 -2.3247e-02 -1.8010e-01 -4.4448e-02 9.3493e-03 7.0328e-03 -9.1720e-03 -1.5449e-02 -4.3061e-02 -4.5421e-02 -7.1608e-02 -9.0932e-03 -6.0157e-02 4.1906e-02 5.5705e-02
6.2039e-01 -1.3296e+00 -6.1430e-01 -1.0138e-01 -6.7083e-01 -4.6268e-01 -1.2937e-01 2.6972e-01 1.5901e-01 1.8034e+00 -1.5199e-01 -5.9792e-03 5.7961e-01 -8.7817e-02 1.2844e+00 1.4758e-01 -7.6648e-02 1.0240e+01 1.8689e+00 -2.8538e-01 1.0633e+00 6.5101e-01 5.3829e-01 1.3504e+00 -1.7757e-01 -3.0008e-02 -1.6143e-01 1.1203e+00 -9.0234e-01 -5.0189e-01 -1.7600e-01 -4.7814e-01 -6.3321e-02 1.0432e+00 -1.7298e-01 -1.8855e-01 -7.3231e-01 -9.8907e-01 1.9224e-01 1.4290e+00 -6.0112e-02 8.7667e-04 -1.2502e-02 -1.9470e-02 -4.7861e-02 2.9816e-01 6.0480e-01 -1.5864e-01 -4.2464e-02 3.2825e-01 -1.5399e-01 -3.3781e-02
-1.4269e+01 -1.8208e+01 3.9237e+01 4.8164e+00 -3.4971e+01 -1.7550e+01 1.6887e+00 -1.2456e+01 1.4547e+00 3.1792e+01 2.7314e-01 2.6985e-01 -2.7570e+00 -7.4682e-01 -6.9392e+00 1.3392e+00 -2.7856e-01 1.8689e+00 8.3398e+01 -1.2552e+01 8.1785e-01 -4.7892e+00 -1.3257e+01 1.4195e+00 -9.6771e-01 1.9834e-01 -1.7172e+00 1.1330e-01 -8.5008e-01 -1.6839e+00 -8.4815e-01 2.3063e+01 -6.9031e-01 -5.7065e-01 8.1044e-01 -3.0452e-01 -9.0742e+00 -1.1930e+00 -2.2367e-01 2.1346e+00 -8.5891e-01 -3.7868e-01 9.3253e-02 -9.5636e-02 -1.7411e-01 2.1217e-01 -7.8978e-03 5.2255e-01 -3.8822e-01 -8.0597e-01 2.5064e-01 1.6926e-01
-1.6485e+01 2.5604e+01 4.2633e+00 -2.7299e+01 1.1022e+01 1.1123e+01 2.4809e+00 -1.3046e+01 2.1850e+00 -9.3480e+00 -6.8068e-03 2.3460e-02 1.5398e+01 -2.5496e-01 -1.3933e+01 -1.5161e-01 4.1500e-01 -2.8538e-01 -1.2552e+01 6.6837e+01 2.1002e+00 -2.8067e+00 4.0149e+01 -4.2470e+00 -5.0103e-01 8.1063e-01 5.8536e+00 -4.8824e-01 -3.2228e+00 -3.0628e+00 2.4769e+00 -2.6909e+01 -6.2453e-01 -1.3247e+00 -2.3116e+00 1.0876e+01 -2.9403e+00 -1.8419e+00 3.2592e-02 -4.8949e+00 -5.5761e-01 -1.2606e-01 6.9920e-02 6.6807e-02 -8.1198e-01 3.8037e+00 8.5272e-01 -3.9674e-01 -1.5615e-01 -4.4720e-01 1.0454e+00 8.3179e-01
6.8780e-01 -1.5354e+00 2.4928e+00 1.1167e+00 -6.5384e-01 -6.4076e+00 2.2003e+00 -8.4077e-01 3.1468e+00 -7.9854e-01 5.1746e-01 8.3645e-01 -1.9572e+00 -7.5789e-02 -3.8555e+00 -2.4083e-01 -1.3769e-01 1.0633e+00 8.1785e-01 2.1002e+00 2.6899e+01 -5.5990e-01 -9.3944e-01 1.8573e-01 -3.8141e-01 3.3835e-01 -4.6090e-01 4.9462e+00 -1.5768e+00 -3.2045e-01 2.2118e+00 -1.8300e+00 -4.0895e-02 5.1647e+00 -3.7599e-01 -2.0368e-01 -1.4353e+00 -1.5929e+00 -1.4114e-01 7.6589e-01 6.5431e-01 2.7319e-01 -3.8117e-02 1.8771e-01 -9.6485e-02 -1.0235e-01 3.1608e+00 6.4689e-02 5.6557e-01 -1.0505e-01 4.9795e-01 2.6509e-01
-1.1437e+01 1.3624e+01 -2.5999e+00 3.9026e+00 2.4199e+00 4.7017e+00 4.9922e-01 -1.0121e+01 3.1948e-01 -3.4273e-01 -1.8053e-01 -1.8468e-01 -7.0375e-01 -2.5791e-01 -3.1200e+00 -1.3148e-01 -1.5754e-01 6.5101e-01 -4.7892e+00 -2.8067e+00 -5.5990e-01 2.5332e+01 6.8165e-01 -2.3403e-01 3.2474e+00 6.0603e-02 -4.9702e-02 -9.1561e-01 -9.8108e-02 6.8895e-01 -2.7349e-01 -1.8727e+01 1.9941e-01 -8.4575e-01 2.3589e-02 -5.7402e-02 -2.5842e+00 -8.5879e-01 2.2765e-02 -1.7706e+00 3.2018e-01 -1.1165e-01 -1.2376e-01 -5.9177e-02 5.7646e-02 -5.6678e-01 -8.0906e-01 1.2362e+00 2.4949e-01 -1.8449e-02 -1.8859e-01 5.7867e-02
-1.8110e+01 3.0383e+01 -8.5984e+00 -2.8047e+01 1.2609e+01 2.3406e+01 5.8268e-01 -1.3759e+01 1.5885e+00 -5.1064e+00 -3.2476e-01 4.1562e-02 4.2181e+00 -7.9107e-02 -1.3167e+00 3.8578e-01 5.1597e-01 5.3829e-01 -1.3257e+01 4.0149e+01 -9.3944e-01 6.8165e-01 5.3732e+01 -2.4178e+00 -5.9247e-01 2.3917e-01 2.4322e+00 -4.1774e-01 -2.8747e-01 -1.2340e+00 -3.3507e-01 -2.8784e+01 -3.5253e-01 -1.0183e+00 5.5798e-02 7.1985e-01 -2.5938e+00 -9.1853e-01 1.5888e-01 -4.0590e+00 -2.1791e-01 1.4671e-01 1.0601e-01 9.8977e-02 -4.5032e-01 4.0103e+00 1.4209e-01 -2.7923e-01 -2.9518e-01 -1.7911e-01 -2.9140e-01 2.1818e-01
3.8931e+00 -7.7871e+00 1.9585e+00 5.6842e+00 -6.8916e+00 -4.0330e+00 -7.1495e+00 -1.1153e-01 3.6914e+00 -2.9287e+00 -5.8543e-02 -5.8644e-01 1.3084e+00 -8.5821e-01 -3.8931e-02 -3.9660e-01 -3.8656e-02 1.3504e+00 1.4195e+00 -4.2470e+00 1.8573e-01 -2.3403e-01 -2.4178e+00 4.7470e+01 -2.6662e-01 5.2163e-01 2.0709e+00 -3.0955e-01 -5.5727e+00 -1.2928e+00 -6.8727e-02 8.4107e+00 -4.6010e-01 -6.0450e-01 -2.4908e+00 -2.8126e+00 -1.5399e-01 -1.8908e+00 -1.3491e-01 -1.1795e+00 -5.4163e-01 -3.0257e-01 -6.4569e-02 -3.6831e-02 2.0003e-01 -2.6250e-01 -2.0368e+00 -3.2619e-01 1.3512e+00 -4.3722e-02 -1.1245e-01 4.6707e-01
-3.1428e+00 3.5186e+00 -4.2778e-01 -3.7186e-01 7.4046e-01 2.8596e+00 4.2881e-01 -2.5763e+00 -4.1790e-01 -5.1455e-01 2.1315e-02 -2.3555e-01 -6.6571e-01 -1.3414e-01 -5.2245e-01 -3.3512e-02 -4.2010e-02 -1.7757e-01 -9.6771e-01 -5.0103e-01 -3.8141e-01 3.2474e+00 -5.9247e-01 -2.6662e-01 1.1910e+01 -3.3977e-01 -1.3163e-01 -2.8871e-01 1.2896e-01 8.6701e-01 7.3652e-03 -3.6114e+00 -2.7192e-02 -2.2243e-01 -4.8821e-01 -2.0151e-01 -5.5323e-01 7.0577e-01 -6.1496e-02 -1.7749e-01 -1.2524e-01 -4.9786e-02 -1.7613e-02 5.2210e-03 -1.2939e-02 -1.3809e-01 -1.6392e-01 1.2528e+00 3.3250e-01 -5.6123e-02 1.9006e-02 -3.4109e-01
-2.9666e+00 1.6841e+00 7.6963e+00 -2.6981e+00 -5.7087e-01 -6.5907e-01 2.4399e+00 -3.6972e+00 3.5662e-02 3.4515e-01 5.7448e+00 -1.2194e-02 -1.8478e-01 -1.8641e-01 -3.3199e+00 1.2114e-01 4.5025e-02 -3.0008e-02 1.9834e-01 8.1063e-01 3.3835e-01 6.0603e-02 2.3917e-01 5.2163e-01 -3.3977e-01 2.5056e+01 3.4230e-01 3.5006e-02 -1.7418e+00 3.9209e-02 1.5441e-01 1.3894e+01 1.7319e-01 -3.3006e-01 2.1348e-01 8.7198e-01 -3.4197e-03 -3.6096e-01 5.1530e-02 -1.0873e+00 9.9216e-02 9.4539e-02 -1.4843e-01 4.5637e-02 -9.2973e-02 -2.1216e-01 -2.5214e+00 5.0166e-02 1.1659e-01 -1.5986e-01 5.6621e+00 2.2396e+01
-7.0228e-01 1.9644e+00 7.1543e-01 -1.9105e+00 7.6246e-01 -3.8634e+00 1.0062e+00 -1.1734e-01 -1.3817e+00 -1.5120e+00 2.3372e-01 1.3539e-01 6.9187e+00 -2.5149e-01 -3.2739e+00 -3.8081e-01 -3.3629e-02 -1.6143e-01 -1.7172e+00 5.8536e+00 -4.6090e-01 -4.9702e-02 2.4322e+00 2.0709e+00 -1.3163e-01 3.4230e-01 1.8639e+01 -1.7529e-02 3.7854e-01 -7.4701e-01 -2.5355e-01 2.0225e+00 -1.5646e-01 -3.0166e-01 -5.7679e-01 2.5396e+00 2.6691e+00 -5.0951e-01 -1.2050e-01 -5.7989e-01 -2.9666e-01 -1.4125e-01 -4.7993e-02 2.4010e-02 -1.4009e-01 -1.9227e-01 -4.8663e-01 7.5255e-01 -1.1475e-01 3.3357e-02 2.0638e-01 3.3935e-01
2.2612e+00 -4.7043e+00 7.6027e-01 1.1278e+00 1.7955e-01 -2.0900e+00 1.3200e-01 2.8298e+00 3.8794e-02 -2.2592e+00 -2.7221e+00 -2.2191e-01 -1.6295e+00 1.3316e-01 -2.6010e+00 -2.2628e-01 -1.5700e-01 1.1203e+00 1.1330e-01 -4.8824e-01 4.9462e+00 -9.1561e-01 -4.1774e-01 -3.0955e-01 -2.8871e-01 3.5006e-02 -1.7529e-02 2.1909e+01 -1.7732e+00 1.5006e+00 1.5880e+00 -3.0094e-01 -1.4771e-01 4.6607e+00 -4.3243e-01 7.3635e-01 5.8330e-01 -1.2380e+00 -1.4321e-01 -2.8443e-01 -3.1787e-01 -6.8988e-02 4.5225e-02 -5.0315e-03 -1.1434e-01 -2.3642e-01 5.5626e-01 -2.0151e-01 -6.2446e-02 5.6282e-01 -2.7067e+00 1.7360e-02
-3.2822e-01 7.6165e+00 -8.4325e+00 -3.8574e-01 -3.5214e-01 4.6528e+00 4.7803e-01 -1.4055e-01 -3.5129e+00 8.0163e+00 1.6712e-01 -2.7521e-01 -7.7649e+00 -2.1048e+00 1.5759e+01 2.6555e+00 2.9244e-01 -9.0234e-01 -8.5008e-01 -3.2228e+00 -1.5768e+00 -9.8108e-02 -2.8747e-01 -5.5727e+00 1.2896e-01 -1.7418e+00 3.7854e-01 -1.7732e+00 5.1898e+01 -3.9606e+00 -1.1655e+00 1.5313e+00 -1.0964e+00 -1.3354e+00 -1.4597e+00 -3.7695e+00 -1.7249e+00 -3.8521e+00 8.4084e-01 7.5693e-01 -9.1605e-01 1.1313e+00 5.0362e-02 -2.6585e-02 -9.2842e-03 -2.8597e-01 -5.0750e-01 -7.6290e-01 -2.4023e-01 -4.9253e-02 4.0877e-01 -1.7503e+00
2.0414e+00 -3.0382e+00 6.5503e+00 1.4947e+00 1.2824e+00 -3.4777e+00 9.1334e-02 -2.4307e+00 6.7609e-02 -1.9644e+00 -2.2083e+00 -1.8909e-02 1.6417e+00 -6.5731e-01 -1.1781e+01 -6.3783e-01 -1.8625e-01 -5.0189e-01 -1.6839e+00 -3.0628e+00 -3.2045e-01 6.8895e-01 -1.2340e+00 -1.2928e+00 8.6701e-01 3.9209e-02 -7.4701e-01 1.5006e+00 -3.9606e+00 4.0435e+01 -5.4804e-01 -2.4666e-01 1.6105e+00 -9.0669e-01 4.4546e-01 -1.0116e+00 -1.6249e+00 1.4091e+01 -4.4759e-02 3.8527e+00 -6.6510e-01 -2.7618e-01 -1.2936e-01 3.7723e-02 -3.2568e-01 2.8247e-01 -1.5320e+00 3.0929e-02 2.7859e-01 -1.9124e-01 -2.1971e+00 2.1860e-02
1.0141e+00 -1.6043e-01 2.0885e+00 2.7886e-01 4.5728e-02 -4.2166e+00 -3.6185e-01 8.8575e-01 -6.6099e-02 -1.5658e+00 3.4614e-02 -1.0546e-01 -1.3610e+00 -1.2277e-01 -3.0725e+00 -1.2322e-01 1.9026e+00 -1.7600e-01 -8.4815e-01 2.4769e+00 2.2118e+00 -2.7349e-01 -3.3507e-01 -6.8727e-02 7.3652e-03 1.5441e-01 -2.5355e-01 1.5880e+00 -1.1655e+00 -5.4804e-01 1.3760e+01 2.1601e-01 -5.2885e-02 -2.8883e-01 -2.2090e-01 -4.4666e-01 3.9749e+00 -4.7547e-01 -1.1028e-01 -7.7892e-01 -2.0155e-01 -1.0213e-01 -2.0601e-02 -3.6477e-02 -3.1964e-02 2.8432e-02 -2.4055e-01 -2.5552e-01 -5.7678e-02 -6.4322e-02 2.6198e-02 1.4789e-01
2.7726e+01 -4.0975e+01 1.5191e+01 2.3341e+01 -1.6787e+01 -1.8306e+01 -8.5577e+00 1.4666e+01 -1.7766e+01 5.2727e+00 5.8410e+00 -2.2148e+00 -2.2249e+00 -3.4040e-01 2.2584e+00 8.0493e-01 -2.6078e-01 -4.7814e-01 2.3063e+01 -2.6909e+01 -1.8300e+00 -1.8727e+01 -2.8784e+01 8.4107e+00 -3.6114e+00 1.3894e+01 2.0225e+00 -3.0094e-01 1.5313e+00 -2.4666e-01 2.1601e-01 1.0324e+02 -3.3348e-01 1.2101e+00 6.4436e+00 3.0729e-01 8.2264e+00 1.5451e+00 1.1099e-01 6.5049e+00 -1.2205e+00 -3.4608e-02 2.4769e-01 -3.5096e-01 3.3520e-01 -2.4867e+00 -1.7118e+00 -1.4090e+00 3.5457e-01 2.8226e-01 5.7389e+00 1.2431e+01
5.8885e-01 7.3610e-01 -1.0036e+00 5.0475e-01 1.4299e-01 -2.7587e-01 2.1230e-01 7.3095e-01 1.7819e-01 3.6301e-01 7.2940e-02 3.4741e-01 -3.6988e-01 -1.8845e-01 8.1427e-01 -4.6983e-02 2.0759e-02 -6.3321e-02 -6.9031e-01 -6.2453e-01 -4.0895e-02 1.9941e-01 -3.5253e-01 -4.6010e-01 -2.7192e-02 1.7319e-01 -1.5646e-01 -1.4771e-01 -1.0964e+00 1.6105e+00 -5.2885e-02 -3.3348e-01 8.7402e+00 -6.1074e-02 -1.0255e-01 -3.2404e-01 5.0000e-01 1.6842e+00 -3.3856e-02 -3.1081e-01 -7.4995e-02 -5.4468e-02 1.8750e-02 3.4589e-02 -7.1470e-02 -3.3720e-02 -2.0716e-01 -5.0804e-02 -4.9319e-02 -5.9042e-02 8.5030e-02 1.5690e-01
2.7078e+00 -2.4785e+00 -4.8424e-02 5.4041e-01 1.4527e+00 7.5625e-02 1.0897e-02 2.1753e+00 2.8152e-01 -2.7587e+00 7.3629e-02 -2.9131e-02 -1.0414e+00 1.0688e+00 2.3901e+00 -1.6646e-01 -1.1127e-01 1.0432e+00 -5.7065e-01 -1.3247e+00 5.1647e+00 -8.4575e-01 -1.0183e+00 -6.0450e-01 -2.2243e-01 -3.3006e-01 -3.0166e-01 4.6607e+00 -1.3354e+00 -9.0669e-01 -2.8883e-01 1.2101e+00 -6.1074e-02 1.8518e+01 -3.3575e-01 -5.3627e-01 2.0893e-01 -1.2009e+00 -1.9881e-01 -1.0837e+00 -2.3183e-01 1.0333e-01 1.9231e-01 -4.0563e-03 -8.6852e-02 -8.6728e-02 1.1308e+00 -5.1466e-02 -7.4778e-02 -1.0837e-01 5.1772e-02 -3.4222e-01
-3.5515e+00 -2.8717e+00 -1.6350e+00 -4.8362e+00 -6.4221e+00 8.9051e+00 1.4434e+00 -2.2082e+00 -4.4674e+00 2.1225e+00 5.5866e-01 -3.4105e-01 -1.2738e-01 1.9281e+00 -5.6980e-01 -2.7551e-01 -1.4581e-02 -1.7298e-01 8.1044e-01 -2.3116e+00 -3.7599e-01 2.3589e-02 5.5798e-02 -2.4908e+00 -4.8821e-01 2.1348e-01 -5.7679e-01 -4.3243e-01 -1.4597e+00 4.4546e-01 -2.2090e-01 6.4436e+00 -1.0255e-01 -3.3575e-01 3.2370e+01 -6.3342e-01 -9.8706e-01 -1.1095e+00 -9.3024e-02 -8.8654e-01 -1.9191e-01 1.4948e-01 -4.7662e-02 -1.6159e-01 -1.1913e-01 3.8349e-01 7.8478e-01 -1.3107e-01 -3.5011e-01 -7.8328e-02 5.3402e-01 1.3196e-01
6.1314e-01 -4.4906e+00 5.0114e+00 7.6054e-01 4.8010e-02 -8.7848e+00 1.1233e-02 5.3608e-01 1.4970e-03 -3.7546e+00 4.3663e-01 -1.3426e-01 7.5811e+00 -2.4571e-01 -6.5404e+00 -2.6632e-01 4.8104e-02 -1.8855e-01 -3.0452e-01 1.0876e+01 -2.0368e-01 -5.7402e-02 7.1985e-01 -2.8126e+00 -2.0151e-01 8.7198e-01 2.5396e+00 7.3635e-01 -3.7695e+00 -1.0116e+00 -4.4666e-01 3.0729e-01 -3.2404e-01 -5.3627e-01 -6.3342e-01 2.9472e+01 -3.8383e-01 -2.3943e+00 1.4506e+00 -7.3907e-01 -3.4827e-01 1.3196e+00 -2.9631e-02 4.5565e-02 -3.4069e-01 -1.1807e-01 -1.8859e-01 -2.9135e-01 -2.0109e-01 -5.3593e-02 4.2248e-01 9.0726e-01
4.1920e+00 -1.0249e+00 -6.0761e+00 -1.4805e+00 6.7132e+00 -8.2451e-01 1.1377e+00 7.7270e+00 7.0764e-01 -5.1527e+00 -9.7945e-02 -5.8825e-01 -2.3086e+00 -5.8387e-01 -7.4566e+00 -5.5287e-01 1.4974e+00 -7.3231e-01 -9.0742e+00 -2.9403e+00 -1.4353e+00 -2.5842e+00 -2.5938e+00 -1.5399e-01 -5.5323e-01 -3.4197e-03 2.6691e+00 5.8330e-01 -1.7249e+00 -1.6249e+00 3.9749e+00 8.2264e+00 5.0000e-01 2.0893e-01 -9.8706e-01 -3.8383e-01 4.9495e+01 -3.7114e+00 -2.6141e-01 -4.6951e+00 -2.4217e-01 1.0092e-01 3.1220e-02 -1.2203e-01 5.3157e-01 -5.1298e-01 -9.5098e-01 -1.8223e-01 -1.2098e-01 -5.4525e-01 -1.2516e-01 -2.9435e-02
-1.7249e+00 -2.0147e+00 5.6787e+00 1.4217e+00 1.5466e+00 1.8179e+00 -1.8369e-01 -7.3912e-01 -2.2344e-01 -2.1978e+00 -6.4375e-01 1.2918e+00 -2.5606e+00 -4.3163e-01 -1.1780e+01 -4.5217e-01 -2.1517e-01 -9.8907e-01 -1.1930e+00 -1.8419e+00 -1.5929e+00 -8.5879e-01 -9.1853e-01 -1.8908e+00 7.0577e-01 -3.6096e-01 -5.0951e-01 -1.2380e+00 -3.8521e+00 1.4091e+01 -4.7547e-01 1.5451e+00 1.6842e+00 -1.2009e+00 -1.1095e+00 -2.3943e+00 -3.7114e+00 5.1182e+01 -3.0975e-02 -2.0191e+00 -5.6581e-01 -3.2765e-01 -1.2575e-01 -9.8635e-02 -2.0287e-01 9.6055e-01 -1.7747e+00 5.0083e-01 2.6074e-01 2.5052e-01 -6.3133e-01 -3.7268e-01
-9.9380e-03 6.1711e-01 -1.3008e+00 3.8042e-02 1.8608e-01 1.1077e-01 -6.6193e-02 -7.8580e-02 -6.8731e-02 -7.4586e-01 -1.6585e-01 -5.0822e-02 1.0970e-01 -7.4825e-02 6.3909e-01 -4.4654e-02 -2.3247e-02 1.9224e-01 -2.2367e-01 3.2592e-02 -1.4114e-01 2.2765e-02 1.5888e-01 -1.3491e-01 -6.1496e-02 5.1530e-02 -1.2050e-01 -1.4321e-01 8.4084e-01 -4.4759e-02 -1.1028e-01 1.1099e-01 -3.3856e-02 -1.9881e-01 -9.3024e-02 1.4506e+00 -2.6141e-01 -3.0975e-02 7.1123e+00 8.5415e-03 -9.1704e-02 1.4672e+00 -3.4823e-03 -4.5120e-03 -4.0933e-02 -6.8828e-02 1.8248e-01 -9.2234e-02 3.2255e-02 -3.4797e-02 2.2500e-01 4.5644e-02
1.1685e+01 -5.1420e+00 -4.5494e+00 8.7413e+00 3.8217e+00 -8.9259e+00 1.3403e+00 -1.5326e+00 3.0044e-01 -3.7544e+00 2.2410e-01 -5.9837e-01 -9.0885e-01 -5.1705e-01 -2.4817e+00 1.6608e+00 -1.8010e-01 1.4290e+00 2.1346e+00 -4.8949e+00 7.6589e-01 -1.7706e+00 -4.0590e+00 -1.1795e+00 -1.7749e-01 -1.0873e+00 -5.7989e-01 -2.8443e-01 7.5693e-01 3.8527e+00 -7.7892e-01 6.5049e+00 -3.1081e-01 -1.0837e+00 -8.8654e-01 -7.3907e-01 -4.6951e+00 -2.0191e+00 8.5415e-03 4.1012e+01 -3.6860e-01 -3.4864e-01 3.1597e-02 3.4258e-02 4.3541e-01 -1.5543e-01 -6.0500e-01 -4.5486e-01 -1.7151e-01 2.3171e+00 2.0779e-01 -1.0915e+00
-5.0136e-01 2.5326e-02 -2.4209e+00 -3.1629e-01 8.2298e-01 1.1036e+00 6.1795e-01 -2.1100e-01 -8.0918e-02 -1.2063e+00 7.7326e-02 -4.7482e-02 -1.1200e+00 8.0118e-01 2.0379e+00 -1.9834e-01 -4.4448e-02 -6.0112e-02 -8.5891e-01 -5.5761e-01 6.5431e-01 3.2018e-01 -2.1791e-01 -5.4163e-01 -1.2524e-01 9.9216e-02 -2.9666e-01 -3.1787e-01 -9.1605e-01 -6.6510e-01 -2.0155e-01 -1.2205e+00 -7.4995e-02 -2.3183e-01 -1.9191e-01 -3.4827e-01 -2.4217e-01 -5.6581e-01 -9.1704e-02 -3.6860e-01 1.1770e+01 -7.5437e-02 -2.1047e-02 8.7187e-02 5.8911e-02 -1.3035e-01 -1.4573e-01 -1.4546e-01 -6.0786e-02 2.7681e-02 5.8743e-02 9.2127e-02
1.9390e-01 -2.4712e-01 -1.1222e+00 9.4680e-02 4.2121e-01 9.9567e-02 5.8878e-03 7.0669e-01 1.3378e-01 -4.7094e-01 1.2928e-01 -4.9751e-02 -1.8143e-01 -3.5548e-02 3.6334e-01 -4.7130e-02 9.3493e-03 8.7667e-04 -3.7868e-01 -1.2606e-01 2.7319e-01 -1.1165e-01 1.4671e-01 -3.0257e-01 -4.9786e-02 9.4539e-02 -1.4125e-01 -6.8988e-02 1.1313e+00 -2.7618e-01 -1.0213e-01 -3.4608e-02 -5.4468e-02 1.0333e-01 1.4948e-01 1.3196e+00 1.0092e-01 -3.2765e-01 1.4672e+00 -3.4864e-01 -7.5437e-02 7.8290e+00 -3.7297e-02 6.1588e-02 -5.8949e-02 -7.0129e-02 -1.7694e-01 -7.1993e-02 -3.0843e-02 -7.0972e-02 1.2554e-01 7.8867e-02
-6.0265e-02 -8.7173e-02 -4.9141e-02 -3.0708e-01 -1.1518e-01 7.9731e-02 -1.3763e-01 1.0727e-03 -1.2922e-01 -2.3986e-01 2.6350e-04 -2.5420e-02 -2.1366e-01 -2.8511e-02 2.5653e-02 2.5836e-02 7.0328e-03 -1.2502e-02 9.3253e-02 6.9920e-02 -3.8117e-02 -1.2376e-01 1.0601e-01 -6.4569e-02 -1.7613e-02 -1.4843e-01 -4.7993e-02 4.5225e-02 5.0362e-02 -1.2936e-01 -2.0601e-02 2.4769e-01 1.8750e-02 1.9231e-01 -4.7662e-02 -2.9631e-02 3.1220e-02 -1.2575e-01 -3.4823e-03 3.1597e-02 -2.1047e-02 -3.7297e-02 4.5132e+00 3.0778e-03 -1.9582e-02 -3.9554e-02 -8.0863e-02 -3.8904e-02 -7.7593e-03 1.2435e-01 -5.4430e-03 -1.5129e-01
4.1951e-02 -5.4754e-02 -1.5696e-02 -1.2069e-01 4.5943e-03 1.2704e-01 -1.7017e-01 -6.2409e-02 1.1633e-01 -1.8884e-01 6.9114e-02 1.4338e-01 -1.1514e-01 -3.2668e-02 8.5970e-02 -3.1132e-02 -9.1720e-03 -1.9470e-02 -9.5636e-02 6.6807e-02 1.8771e-01 -5.9177e-02 9.8977e-02 -3.6831e-02 5.2210e-03 4.5637e-02 2.4010e-02 -5.0315e-03 -2.6585e-02 3.7723e-02 -3.6477e-02 -3.5096e-01 3.4589e-02 -4.0563e-03 -1.6159e-01 4.5565e-02 -1.2203e-01 -9.8635e-02 -4.5120e-03 3.4258e-02 8.7187e-02 6.1588e-02 3.0778e-03 4.0441e+00 -1.5370e-02 -2.4496e-02 -6.1213e-02 -3.7070e-03 -1.3298e-02 2.7990e-03 6.4866e-02 3.5148e-02
1.4650e-01 1.1857e+00 -1.2224e+00 -5.1940e-01 6.0757e-01 -8.0789e-01 6.7055e-02 -4.8629e-01 7.0433e-03 -1.6990e-01 -1.1452e-01 -1.7149e-02 1.2373e-01 -6.5988e-02 -7.5973e-01 -8.5488e-02 -1.5449e-02 -4.7861e-02 -1.7411e-01 -8.1198e-01 -9.6485e-02 5.7646e-02 -4.5032e-01 2.0003e-01 -1.2939e-02 -9.2973e-02 -1.4009e-01 -1.1434e-01 -9.2842e-03 -3.2568e-01 -3.1964e-02 3.3520e-01 -7.1470e-02 -8.6852e-02 -1.1913e-01 -3.4069e-01 5.3157e-01 -2.0287e-01 -4.0933e-02 4.3541e-01 5.8911e-02 -5.8949e-02 -1.9582e-02 -1.5370e-02 7.3026e+00 -1.0222e-01 -1.8589e-01 -6.0753e-02 -2.9030e-02 -5.0134e-02 -1.2269e-01 -9.8212e-02
-9.1239e-01 2.7625e+00 -1.5177e+00 -2.8107e+00 7.7245e-01 4.7974e+00 -4.9286e-02 -2.2241e+00 4.0631e-02 -1.1254e-01 -1.7323e-01 1.3783e-01 -5.1389e-01 -1.8630e-01 -7.6440e-01 -1.1028e-01 -4.3061e-02 2.9816e-01 2.1217e-01 3.8037e+00 -1.0235e-01 -5.6678e-01 4.0103e+00 -2.6250e-01 -1.3809e-01 -2.1216e-01 -1.9227e-01 -2.3642e-01 -2.8597e-01 2.8247e-01 2.8432e-02 -2.4867e+00 -3.3720e-02 -8.6728e-02 3.8349e-01 -1.1807e-01 -5.1298e-01 9.6055e-01 -6.8828e-02 -1.5543e-01 -1.3035e-01 -7.0129e-02 -3.9554e-02 -2.4496e-02 -1.0222e-01 1.3628e+01 5.5102e-01 -7.7865e-02 -9.6960e-02 -1.0663e-01 -1.7468e-01 -2.1952e-01
1.3878e+00 1.1036e+00 -2.4761e+00 1.5190e+00 -9.0224e-01 3.2174e-01 1.0013e-02 -1.9751e+00 1.0695e+00 3.2501e+00 -1.0321e+00 -1.0170e-01 -2.2183e-01 1.2492e-01 -2.6238e+00 -1.6040e-01 -4.5421e-02 6.0480e-01 -7.8978e-03 8.5272e-01 3.1608e+00 -8.0906e-01 1.4209e-01 -2.0368e+00 -1.6392e-01 -2.5214e+00 -4.8663e-01 5.5626e-01 -5.0750e-01 -1.5320e+00 -2.4055e-01 -1.7118e+00 -2.0716e-01 1.1308e+00 7.8478e-01 -1.8859e-01 -9.5098e-01 -1.7747e+00 1.8248e-01 -6.0500e-01 -1.4573e-01 -1.7694e-01 -8.0863e-02 -6.1213e-02 -1.8589e-01 5.5102e-01 3.1082e+01 -3.5628e-01 3.0138e-02 -1.4060e-01 -1.0706e+00 -2.5679e+00
-1.3248e+00 1.7323e+00 7.0412e-01 -1.9721e-01 2.0123e-01 9.5574e-01 -3.4355e-01 -1.3289e+00 -2.0338e-02 -7.8925e-01 3.8905e-02 -1.5954e-01 -1.6195e-01 8.3227e-02 -6.7658e-01 -1.0418e-01 -7.1608e-02 -1.5864e-01 5.2255e-01 -3.9674e-01 6.4689e-02 1.2362e+00 -2.7923e-01 -3.2619e-01 1.2528e+00 5.0166e-02 7.5255e-01 -2.0151e-01 -7.6290e-01 3.0929e-02 -2.5552e-01 -1.4090e+00 -5.0804e-02 -5.1466e-02 -1.3107e-01 -2.9135e-01 -1.8223e-01 5.0083e-01 -9.2234e-02 -4.5486e-01 -1.4546e-01 -7.1993e-02 -3.8904e-02 -3.7070e-03 -6.0753e-02 -7.7865e-02 -3.5628e-01 1.0873e+01 -4.1300e-02 -7.8145e-02 4.3826e-02 4.6627e-02
6.8688e-01 -2.6670e-01 1.2589e-01 1.1094e+00 -3.6267e-01 -7.2642e-03 -1.0268e+00 -1.6866e-01 4.1470e-01 -2.7507e-01 1.8533e-02 -5.3332e-02 -2.7910e-01 -1.2072e-01 -3.4965e-01 -5.2018e-02 -9.0932e-03 -4.2464e-02 -3.8822e-01 -1.5615e-01 5.6557e-01 2.4949e-01 -2.9518e-01 1.3512e+00 3.3250e-01 1.1659e-01 -1.1475e-01 -6.2446e-02 -2.4023e-01 2.7859e-01 -5.7678e-02 3.5457e-01 -4.9319e-02 -7.4778e-02 -3.5011e-01 -2.0109e-01 -1.2098e-01 2.6074e-01 3.2255e-02 -1.7151e-01 -6.0786e-02 -3.0843e-02 -7.7593e-03 -1.3298e-02 -2.9030e-02 -9.6960e-02 3.0138e-02 -4.1300e-02 6.4732e+00 5.3754e-02 1.5015e-02 1.8864e-01
4.3356e-01 -1.2492e+00 -1.3045e-02 5.2181e-01 1.3380e-01 -9.0212e-01 -1.0296e-01 -8.3983e-01 3.6015e-02 -3.1505e-02 -1.2647e-01 -9.2737e-02 -2.0908e-01 -6.6522e-02 -1.6100e-01 -1.2671e-02 -6.0157e-02 3.2825e-01 -8.0597e-01 -4.4720e-01 -1.0505e-01 -1.8449e-02 -1.7911e-01 -4.3722e-02 -5.6123e-02 -1.5986e-01 3.3357e-02 5.6282e-01 -4.9253e-02 -1.9124e-01 -6.4322e-02 2.8226e-01 -5.9042e-02 -1.0837e-01 -7.8328e-02 -5.3593e-02 -5.4525e-01 2.5052e-01 -3.4797e-02 2.3171e+00 2.7681e-02 -7.0972e-02 1.2435e-01 2.7990e-03 -5.0134e-02 -1.0663e-01 -1.4060e-01 -7.8145e-02 5.3754e-02 7.3843e+00 -1.2110e-01 -1.6869e-01
-6.1659e+00 2.4213e+00 -5.6661e+00 -6.2611e+00 -4.9224e-01 -9.1597e-01 5.2336e+00 -2.8861e+00 3.4747e-02 2.2691e+00 2.3411e+01 6.0823e-02 -8.0179e-01 2.4424e-02 1.6431e-01 -8.9927e-01 4.1906e-02 -1.5399e-01 2.5064e-01 1.0454e+00 4.9795e-01 -1.8859e-01 -2.9140e-01 -1.1245e-01 1.9006e-02 5.6621e+00 2.0638e-01 -2.7067e+00 4.0877e-01 -2.1971e+00 2.6198e-02 5.7389e+00 8.5030e-02 5.1772e-02 5.3402e-01 4.2248e-01 -1.2516e-01 -6.3133e-01 2.2500e-01 2.0779e-01 5.8743e-02 1.2554e-01 -5.4430e-03 6.4866e-02 -1.2269e-01 -1.7468e-01 -1.0706e+00 4.3826e-02 1.5015e-02 -1.2110e-01 2.4172e+01 4.4141e+00
-3.1878e+00 1.6446e+00 7.5302e+00 -2.9275e+00 -5.8914e-01 -7.0868e-01 1.8555e+00 -1.9756e+00 2.4362e-02 3.8390e-01 4.5039e+00 -3.3313e-02 1.7288e+00 -1.5353e-01 -1.5875e+00 9.2480e-02 5.5705e-02 -3.3781e-02 1.6926e-01 8.3179e-01 2.6509e-01 5.7867e-02 2.1818e-01 4.6707e-01 -3.4109e-01 2.2396e+01 3.3935e-01 1.7360e-02 -1.7503e+00 2.1860e-02 1.4789e-01 1.2431e+01 1.5690e-01 -3.4222e-01 1.3196e-01 9.0726e-01 -2.9435e-02 -3.7268e-01 4.5644e-02 -1.0915e+00 9.2127e-02 7.8867e-02 -1.5129e-01 3.5148e-02 -9.8212e-02 -2.1952e-01 -2.5679e+00 4.6627e-02 1.8864e-01 -1.6869e-01 4.4141e+00 2.2886e+01
