5.4414e+01 1.6963e+00 -2.1347e+00 -2.9517e+00 2.7589e+01 6.4251e-01 1.5351e-01 -1.0366e+01 6.9275e-01 1.8738e-01 5.9402e-01 2.0938e+00 -2.5106e+00 -6.3315e-01 -1.1513e+01 -3.0402e+00 -4.5511e+00 -4.6042e-01 -4.6938e-01 -2.4553e-01 -1.0168e-01 -2.3058e-01 -3.7323e+00 -7.8049e-01 -1.1292e+00 6.9084e-01 -6.1774e-01 -1.1266e-01 -3.0780e-01 -4.5984e-01 4.7680e-01 2.0672e+00 1.9631e+01 -1.4347e+00 -1.5330e+00 2.7002e-01 1.0739e-02 -1.3753e-02 -1.1091e+01 -4.5222e-01 -1.7829e-01 -2.9577e-01 -3.7303e-02 -7.8986e-01 2.6487e-01 2.5031e-01 -1.3495e-01 -3.4705e-01 2.7353e-01 1.2451e+00 -3.7682e+00 -4.5149e-01
1.6963e+00 4.6304e+01 1.2434e+00 -4.0502e-01 -2.1001e+00 -3.3582e-01 8.8813e-02 5.8329e+00 2.8367e+00 3.1988e-01 -7.9835e-01 -7.6132e-01 3.9930e-01 -3.7842e-01 9.2811e-01 2.4690e+00 -1.7355e+00 1.8019e+01 -1.1868e+00 -3.5812e-01 -1.0680e+00 4.8602e-01 -4.6618e+00 -1.6336e-01 1.5662e+01 3.5485e-01 1.8310e+00 -1.3478e+00 -2.2773e+00 -1.0768e-01 -1.1533e+01 -1.9144e+00 2.0645e+00 -1.8369e+00 -1.0618e+01 -1.8374e+00 4.1214e-01 -6.7308e-01 1.7403e+00 1.4567e-03 -2.5489e-01 -1.1088e-01 -1.6387e-02 -9.1186e-01 2.0057e-01 1.0243e-02 -4.4921e-02 2.2349e+00 -5.3445e-02 7.5071e-01 -3.2510e+00 2.6089e+00
-2.1347e+00 1.2434e+00 4.4330e+01 8.9522e+00 2.8126e+00 9.6101e+00 7.0619e+00 1.9276e+00 -8.7205e-01 -1.8295e+00 2.4811e-01 -4.3174e-01 -1.7717e+00 1.3893e+00 -8.3487e-02 -1.0542e+00 2.0349e-01 1.3806e+00 -8.0174e-02 -9.7586e-01 5.3775e-01 -7.8301e+00 -3.3110e-01 -1.1592e+00 1.7854e+00 6.7551e-01 -8.7192e-01 1.1567e-01 2.0321e-01 3.1000e-01 -2.3617e+00 -7.6506e+00 1.7323e+00 3.1426e-01 -2.3456e+00 2.1961e+00 2.8548e+00 6.2732e-01 -6.7429e+00 -6.4150e-01 -1.9303e-01 -1.7612e-01 -2.8309e-01 7.0841e-02 -6.4523e-01 -6.4615e-01 -5.3870e-02 -9.5963e-02 -9.4815e-02 2.7654e-01 -6.8904e-01 -9.4109e-01
-2.9517e+00 -4.0502e-01 8.9522e+00 4.8481e+01 -4.5126e+00 -2.5225e+00 2.6228e+01 -2.6967e+00 -1.1806e+00 2.4608e+00 -5.0030e-01 9.1995e-01 3.4095e-01 6.5892e-03 -1.0790e+00 -3.2358e+00 -1.4798e+00 -1.0543e-01 7.0320e-02 -6.3704e+00 9.0064e-02 2.6674e+00 -3.4195e+00 -4.0368e+00 -3.9069e+00 -8.2341e-01 -1.0719e+00 5.1537e-01 -1.7437e-01 -8.7874e-02 5.8927e-01 2.9307e+00 8.5310e-01 -5.9215e-01 1.7701e+01 6.3146e-01 4.2910e+00 7.0661e-02 -9.2779e+00 2.8413e-01 6.4484e-02 -4.7616e-02 -1.8544e-02 -3.6591e-01 -3.4720e-01 1.7998e+00 -1.9999e-01 -6.3229e-02 -4.5183e-01 -1.2289e+00 -1.5077e+00 -4.2693e-01
2.7589e+01 -2.1001e+00 2.8126e+00 -4.5126e+00 6.0705e+01 2.9049e+00 8.4780e+00 -9.8068e+00 1.6307e+00 -7.3956e+00 1.1754e+00 -1.1347e+00 4.2839e-01 5.4785e-01 -1.1826e+01 -6.9962e+00 1.1510e+00 -1.6171e+00 -2.8656e-02 -2.6868e-01 -1.7142e-01 -3.7552e-01 1.0154e+00 8.8564e-01 -1.6635e+00 2.0499e+00 8.4231e-01 1.0858e-01 2.7149e-01 -1.6959e-01 8.0232e-01 3.8691e+00 1.5940e+01 3.0612e-01 3.3870e+00 9.6548e-01 7.1488e-01 5.0141e-01 -1.5030e+01 -1.1586e+00 -6.4348e-02 4.2090e-02 3.5233e-02 -5.7362e-01 4.5129e-01 1.1454e-01 2.7770e-01 -2.4219e-01 1.1865e-01 1.5917e+00 -2.3113e+00 7.1055e-01
6.4251e-01 -3.3582e-01 9.6101e+00 -2.5225e+00 2.9049e+00 4.7837e+01 -2.9874e+00 7.2710e+00 -7.6635e-03 -1.2216e+00 2.9297e-01 1.3915e+00 1.7310e+00 -4.4823e-01 -1.4453e+00 -1.1419e+00 7.9488e-01 -5.0132e-02 -9.6731e-01 -1.4827e+00 9.2990e-01 -4.9230e+00 3.1710e-01 -6.9256e-01 -4.2813e-01 -2.2780e-01 -4.9620e-01 3.8241e-01 7.6729e-01 -1.1865e+00 -2.4491e+00 -5.7517e+00 3.0783e-01 -3.6763e-01 -1.3412e+01 4.5157e+00 -3.5978e+00 4.6079e-02 -3.3172e+00 -1.6532e-01 -9.5484e-02 -6.6543e-02 -2.8844e-01 -1.9256e-01 -5.9230e-01 -5.5028e-01 -3.6067e-03 2.7682e-03 -1.4109e+00 -6.3495e-02 -8.6507e-02 -5.4105e-03
1.5351e-01 8.8813e-02 7.0619e+00 2.6228e+01 8.4780e+00 -2.9874e+00 5.1947e+01 -4.0303e+00 -2.8496e-01 -5.7268e+00 -5.6214e-01 9.1937e-01 3.9895e-01 -1.4593e-01 -2.7985e+00 -4.0600e+00 -1.4855e+00 -4.2294e-02 -5.0116e-01 -6.9713e+00 1.6336e-01 1.9571e+00 -4.5556e+00 6.0641e+00 -2.9696e+00 -1.0859e+00 -8.0483e-01 2.0378e-01 -7.2235e-01 1.1589e-01 6.2289e+00 3.4868e+00 -3.5506e+00 9.8245e-01 1.8531e+01 -3.8127e-01 3.3735e+00 9.1142e-02 -8.7127e+00 -4.2966e-01 8.3176e-02 6.1927e-02 2.3787e-02 -1.6492e-01 2.7447e-01 1.8577e+00 1.1534e-01 5.8381e-02 -4.8198e-02 3.4871e+00 -1.2647e+00 -2.5878e-01
-1.0366e+01 5.8329e+00 1.9276e+00 -2.6967e+00 -9.8068e+00 7.2710e+00 -4.0303e+00 9.0592e+01 1.4351e-01 -6.5996e-01 6.6390e-03 8.4661e+00 -6.9628e-01 -1.3661e+00 1.6582e+01 4.3377e-01 3.1138e+00 5.5127e+00 -4.1613e+00 -1.0139e+00 6.8196e-02 -2.0359e+00 -3.3718e+00 -7.1110e-01 6.0260e+00 4.2906e-01 -5.1820e-01 1.5228e+00 -1.0960e+01 2.2629e-01 1.0634e+01 -1.1466e+00 -1.1033e+01 1.0993e+00 1.2135e+01 -1.4246e+01 -8.6403e-01 2.2070e-01 -8.9579e+00 -1.5969e-01 -5.5104e-01 3.5039e-02 -2.9731e-01 3.0279e-01 -2.7060e-01 -2.4888e-01 1.1151e+00 -3.2756e-01 -5.1976e-01 9.4860e-01 4.3620e-01 -5.7366e-01
6.9275e-01 2.8367e+00 -8.7205e-01 -1.1806e+00 1.6307e+00 -7.6635e-03 -2.8496e-01 1.4351e-01 2.2590e+01 -6.3098e-01 1.3126e-01 -1.3836e+00 -8.2818e-02 -1.5634e-01 4.5239e-01 6.0751e-02 3.2567e+00 1.0199e+00 -5.7311e-01 5.5070e-02 -1.8338e-01 1.4532e-01 -2.2284e+00 -1.2908e-01 -2.0643e-01 4.4360e-01 8.5560e-01 9.4651e-02 -5.0535e-01 -1.0774e-01 -4.9120e-02 3.4443e-01 1.0382e+00 -7.4983e-01 -1.7941e+00 -2.5935e-01 2.1454e-01 2.4088e-01 -1.4575e+00 -6.7099e-02 -9.1458e-02 -5.0473e-02 2.4392e-02 6.4826e-02 -1.5520e-01 -3.3710e-03 -6.1009e-01 -1.3944e-02 2.6322e-02 3.1435e-01 -5.6912e-01 1.8100e+01
1.8738e-01 3.1988e-01 -1.8295e+00 2.4608e+00 -7.3956e+00 -1.2216e+00 -5.7268e+00 -6.5996e-01 -6.3098e-01 2.3799e+01 -7.8107e-01 -1.5814e+00 -4.3565e-01 -9.1627e-01 -7.8247e-01 -9.5288e-01 -8.6925e-01 -5.5823e+00 -5.4818e-01 -6.6038e-01 -9.1302e-02 -4.2308e-02 -5.1404e-01 1.8579e+00 -5.2894e+00 -1.9361e+00 5.4634e+00 -2.0987e-02 -1.2909e-01 -6.1660e-01 4.5450e+00 -1.7505e+00 5.9464e-01 2.2050e-01 -4.8971e+00 -4.6021e-01 -1.1023e+00 -1.0179e+00 3.4092e+00 1.3514e+00 -1.3684e-01 1.2997e-02 -7.2029e-02 -1.5008e-01 -3.1466e-01 -5.0807e-01 -2.0502e-01 -8.8423e-02 3.5918e-02 -3.0603e-01 -7.3734e-01 -7.6009e-01
5.9402e-01 -7.9835e-01 2.4811e-01 -5.0030e-01 1.1754e+00 2.9297e-01 -5.6214e-01 6.6390e-03 1.3126e-01 -7.8107e-01 1.6546e+01 -1.0321e+00 1.4410e-01 -1.0468e+00 -1.1552e+00 -6.1936e-01 3.3826e-01 -4.2662e+00 9.9484e-01 -3.2115e-01 -3.7222e-02 -2.3022e-01 -1.5045e-01 -2.5156e-01 -3.1773e+00 -2.3777e+00 2.6618e+00 -8.9558e-02 -9.5787e-02 1.3457e+00 8.6683e-01 7.0200e-01 7.7293e-01 -3.4794e-01 3.8779e+00 -2.4844e-01 -2.9104e-01 4.5453e+00 -2.6037e+00 -1.9007e-02 -7.5634e-02 -6.9581e-02 -2.8435e-02 -1.9427e-01 2.0292e-01 -2.7113e-01 -1.8614e-01 -2.7422e-02 -4.0990e-02 -3.5488e-01 1.0599e-01 8.7842e-02
2.0938e+00 -7.6132e-01 -4.3174e-01 9.1995e-01 -1.1347e+00 1.3915e+00 9.1937e-01 8.4661e+00 -1.3836e+00 -1.5814e+00 -1.0321e+00 5.6375e+01 -6.4754e-01 2.6228e+00 -7.9854e-01 -9.4534e-01 -8.5386e-01 -2.1596e+01 -1.6789e+00 1.2748e+00 -1.8358e-01 1.9197e+00 -8.9921e-02 -7.5809e-01 -1.9607e+01 -4.2860e+00 1.1643e+00 -7.7928e-01 -1.1393e+00 1.5947e+00 -9.4643e+00 -2.4117e+00 1.3623e+00 -4.7838e-01 -9.9384e+00 -2.7585e+00 -1.8278e-01 -1.7644e+00 -3.4514e+00 -1.7560e-01 -2.1637e-01 2.3720e-01 -1.4448e-01 2.3106e-01 -2.5731e-01 4.3902e-01 -1.7657e-01 -1.1647e-01 1.2682e-01 -5.8944e-01 -1.6727e+00 -1.4167e+00
-2.5106e+00 3.9930e-01 -1.7717e+00 3.4095e-01 4.2839e-01 1.7310e+00 3.9895e-01 -6.9628e-01 -8.2818e-02 -4.3565e-01 1.4410e-01 -6.4754e-01 1.4066e+01 -3.9432e-01 -3.0286e-01 -1.1770e-01 -5.4835e-02 2.0340e+00 -2.6569e-01 -4.3115e-01 -6.3102e-02 1.4120e-01 -2.7661e-01 6.3985e-01 -1.9266e+00 -4.6318e-01 9.0045e-01 3.7220e-02 -9.5485e-02 -1.9300e-01 7.8231e-01 -7.3535e-01 -1.0898e+00 8.2767e-01 -7.7774e-01 1.9176e-01 -3.9556e-01 -2.5890e-01 -1.5079e+00 -6.1628e-02 -7.3482e-02 -1.3595e-02 -1.8389e-02 -1.7744e-02 2.3959e-02 -2.2420e-01 -1.6228e-02 -1.7218e-02 -4.9522e-02 -4.5102e-02 -2.2022e-01 -1.0113e-02
-6.3315e-01 -3.7842e-01 1.3893e+00 6.5892e-03 5.4785e-01 -4.4823e-01 -1.4593e-01 -1.3661e+00 -1.5634e-01 -9.1627e-01 -1.0468e+00 2.6228e+00 -3.9432e-01 2.7151e+01 -5.8964e-01 4.8575e-01 -1.0402e-01 -4.7861e+00 -9.0384e-01 8.8440e-01 -1.7636e-01 -3.8469e-01 -6.3008e-01 -7.1775e-01 -3.9697e+00 -3.2331e+00 1.3614e+00 -3.3023e-01 -4.0869e-01 3.2263e-01 -1.2132e+00 1.1945e+00 7.7127e-01 -8.2553e-01 2.0362e+00 4.4830e+00 -3.3143e-01 1.9046e+00 3.5715e+00 -1.5219e-01 -2.2708e-03 3.4010e-01 2.5331e-01 -1.1788e-01 5.9833e-01 -3.1898e-01 -3.0723e-01 -8.1144e-02 -7.5520e-02 -5.2226e-01 -5.3304e-01 -3.4080e-01
-1.1513e+01 9.2811e-01 -8.3487e-02 -1.0790e+00 -1.1826e+01 -1.4453e+00 -2.7985e+00 1.6582e+01 4.5239e-01 -7.8247e-01 -1.1552e+00 -7.9854e-01 -3.0286e-01 -5.8964e-01 3.9860e+01 1.2320e+00 2.5516e+00 -2.6320e+00 5.2069e-01 -7.9175e-01 1.3270e-01 4.3089e-01 7.4292e+00 -1.1651e+00 -1.8906e+00 2.8668e+00 4.7946e+00 -2.3049e-01 -1.6702e-03 -4.9073e-01 -2.3698e+00 -1.0393e+00 -1.5240e+01 -3.4985e-01 3.9615e+00 -2.8857e-01 -5.7123e-01 4.5299e+00 1.1257e+01 -1.3194e-01 -8.7638e-02 -1.0829e-01 5.3091e-02 -2.2890e-01 -8.7903e-02 -2.3332e-01 -3.4658e-01 -3.1110e-01 -2.0065e-01 3.9926e+00 -2.3865e-01 3.7835e-03
-3.0402e+00 2.4690e+00 -1.0542e+00 -3.2358e+00 -6.9962e+00 -1.1419e+00 -4.0600e+00 4.3377e-01 6.0751e-02 -9.5288e-01 -6.1936e-01 -9.4534e-01 -1.1770e-01 4.8575e-01 1.2320e+00 2.5046e+01 1.1671e+00 1.9777e+00 -5.1244e-01 7.5907e+00 -1.1703e-01 -2.8789e-01 -8.6783e-01 -4.0504e-01 3.2240e+00 -1.7996e+00 -1.2066e+00 -1.7395e-01 -1.2451e-01 -1.3040e-01 9.0025e-01 -1.1177e+00 -1.8573e+00 -5.9086e-01 -1.8594e+00 6.6841e-01 -7.0180e-01 4.9915e-01 6.4211e+00 -1.9800e-01 -6.1752e-02 -1.2742e-01 -6.9626e-02 -2.6443e-01 -2.8320e-01 -3.5542e-01 7.0476e-01 2.9790e+00 -5.5477e-02 -8.2673e-02 1.1650e+00 -1.3120e-01
-4.5511e+00 -1.7355e+00 2.0349e-01 -1.4798e+00 1.1510e+00 7.9488e-01 -1.4855e+00 3.1138e+00 3.2567e+00 -8.6925e-01 3.3826e-01 -8.5386e-01 -5.4835e-02 -1.0402e-01 2.5516e+00 1.1671e+00 4.5423e+01 3.4557e-01 -3.7760e-01 2.4555e-01 -4.4119e-01 -3.4931e-01 -4.5570e+00 1.8931e-01 1.0974e+00 2.3093e-01 2.4315e-01 -7.7102e-01 -8.0475e-02 -4.8797e-01 -7.0041e-01 -1.2971e-01 -6.0037e+00 -4.0568e-01 -1.6355e+00 -2.4871e-01 4.5049e-01 1.3019e-01 1.4503e+01 -8.6878e-02 -2.4095e-02 -2.5966e-01 6.2423e-02 1.5156e+00 4.7142e-02 4.4755e-02 -1.2334e+00 4.6535e-01 1.0206e-01 6.8725e-01 1.6109e+01 4.2094e-01
-4.6042e-01 1.8019e+01 1.3806e+00 -1.0543e-01 -1.6171e+00 -5.0132e-02 -4.2294e-02 5.5127e+00 1.0199e+00 -5.5823e+00 -4.2662e+00 -2.1596e+01 2.0340e+00 -4.7861e+00 -2.6320e+00 1.9777e+00 3.4557e-01 7.1921e+01 1.5069e+00 -3.4664e-01 -9.0366e-01 -1.7052e+00 -5.4045e+00 -1.9312e+00 5.4425e+01 9.7229e+00 -1.6511e+01 -1.5987e+00 -3.1020e+00 9.4181e-01 -1.8269e+01 2.8585e+00 4.4805e+00 9.7502e-01 -2.1202e+01 -5.3383e+00 1.5231e+00 -6.0717e+00 -1.1042e+00 1.2411e-02 6.7420e-02 -3.1835e-01 9.1360e-03 4.9811e-02 3.5553e-01 2.6638e-01 3.7837e-01 7.5041e-02 -1.1027e-01 1.4992e+00 -8.4563e-02 9.5411e-01
-4.6938e-01 -1.1868e+00 -8.0174e-02 7.0320e-02 -2.8656e-02 -9.6731e-01 -5.0116e-01 -4.1613e+00 -5.7311e-01 -5.4818e-01 9.9484e-01 -1.6789e+00 -2.6569e-01 -9.0384e-01 5.2069e-01 -5.1244e-01 -3.7760e-01 1.5069e+00 2.1159e+01 -6.1689e-02 -2.3929e-01 -2.1230e-01 5.6689e+00 -2.0388e-01 2.2109e+00 -6.4415e-01 -2.8871e+00 -2.8884e-01 6.0110e+00 1.9193e+00 -3.1609e+00 -7.7540e-01 4.1591e-01 -2.4977e-01 -1.5984e+00 3.9339e+00 3.7355e-01 -9.9678e-01 3.3637e+00 -1.2404e-01 -8.8460e-02 -7.5860e-02 8.2127e-02 6.0551e-01 8.3169e-02 -9.7513e-02 -5.6714e-02 3.9367e-04 -7.4153e-02 -4.9318e-01 -1.7393e-01 -4.5968e-01
-2.4553e-01 -3.5812e-01 -9.7586e-01 -6.3704e+00 -2.6868e-01 -1.4827e+00 -6.9713e+00 -1.0139e+00 5.5070e-02 -6.6038e-01 -3.2115e-01 1.2748e+00 -4.3115e-01 8.8440e-01 -7.9175e-01 7.5907e+00 2.4555e-01 -3.4664e-01 -6.1689e-02 2.2673e+01 -1.3656e-01 -8.5537e-01 -7.6529e-01 -1.2625e+00 -2.7622e-01 -7.6828e-01 1.8665e+00 -1.7349e-01 -2.2418e-01 -1.5563e-01 8.4475e-01 -1.8415e+00 2.5733e-01 -3.4861e-01 -4.9434e+00 2.1455e-01 -1.2285e+00 -2.9770e-01 9.9605e+00 -1.9176e-01 -9.1760e-02 3.9024e-01 -5.8197e-02 -1.4762e-01 -4.3158e-01 -4.5499e-01 -8.3194e-02 -1.0165e-01 -1.0289e-01 -5.5705e-01 -8.4430e-03 -1.5843e-02
-1.0168e-01 -1.0680e+00 5.3775e-01 9.0064e-02 -1.7142e-01 9.2990e-01 1.6336e-01 6.8196e-02 -1.8338e-01 -9.1302e-02 -3.7222e-02 -1.8358e-01 -6.3102e-02 -1.7636e-01 1.3270e-01 -1.1703e-01 -4.4119e-01 -9.0366e-01 -2.3929e-01 -1.3656e-01 1.0399e+01 -3.3168e-01 -4.5081e-01 1.7655e-01 -1.0922e+00 -1.4756e-01 3.2772e-01 7.8900e-01 -3.1060e-01 -1.5090e-01 1.7265e-01 -1.2774e-01 4.4585e-02 -4.9483e-04 -5.4209e-01 1.1239e+00 -2.2916e-01 -5.6846e-02 1.0805e+00 -7.9766e-02 -3.5342e-03 -5.4696e-02 -4.3518e-02 -5.7972e-02 -5.8986e-02 2.9810e-02 -4.3582e-02 7.4088e-01 -4.6981e-02 -2.6885e-01 -4.8743e-01 5.6687e-01
-2.3058e-01 4.8602e-01 -7.8301e+00 2.6674e+00 -3.7552e-01 -4.9230e+00 1.9571e+00 -2.0359e+00 1.4532e-01 -4.2308e-02 -2.3022e-01 1.9197e+00 1.4120e-01 -3.8469e-01 4.3089e-01 -2.8789e-01 -3.4931e-01 -1.7052e+00 -2.1230e-01 -8.5537e-01 -3.3168e-01 2.5208e+01 -9.2671e-01 2.7070e-01 -2.0356e+00 1.4567e-01 -1.7824e+00 -1.4512e-01 -3.5616e-01 -1.2896e-01 -1.9106e-01 1.1281e+01 -8.4279e-01 -4.5795e-01 6.7946e+00 -4.4497e-01 -1.0942e+00 -2.3347e-01 -2.3599e+00 -4.8360e-02 -1.4611e-01 2.3526e-01 -1.1443e-01 -3.5105e-02 -2.3476e-01 -5.2109e-01 -7.1670e-02 -1.2908e-01 3.3635e-01 -3.6312e-01 -2.3591e-02 1.3246e-01
-3.7323e+00 -4.6618e+00 -3.3110e-01 -3.4195e+00 1.0154e+00 3.1710e-01 -4.5556e+00 -3.3718e+00 -2.2284e+00 -5.1404e-01 -1.5045e-01 -8.9921e-02 -2.7661e-01 -6.3008e-01 7.4292e+00 -8.6783e-01 -4.5570e+00 -5.4045e+00 5.6689e+00 -7.6529e-01 -4.5081e-01 -9.2671e-01 4.5139e+01 -7.6211e-01 -5.8895e+00 4.6174e+00 -1.3051e+00 3.7929e-01 1.6983e+01 -3.0657e-01 -1.1317e+00 -2.0144e+00 -5.2459e+00 4.5435e-02 -2.9746e-01 2.1120e+00 -9.7890e-01 -5.9889e-02 7.9323e-01 -4.4894e-01 2.7167e-01 1.2667e-03 8.9362e-02 -4.3970e-01 -1.9675e-01 -5.2522e-02 4.4300e-02 -2.4433e-01 -2.5640e-01 3.6575e+00 -1.5363e+00 4.7418e-01
-7.8049e-01 -1.6336e-01 -1.1592e+00 -4.0368e+00 8.8564e-01 -6.9256e-01 6.0641e+00 -7.1110e-01 -1.2908e-01 1.8579e+00 -2.5156e-01 -7.5809e-01 6.3985e-01 -7.1775e-01 -1.1651e+00 -4.0504e-01 1.8931e-01 -1.9312e+00 -2.0388e-01 -1.2625e+00 1.7655e-01 2.7070e-01 -7.6211e-01 2.2620e+01 -1.6633e+00 -1.2144e+00 1.3524e+00 -1.9915e-01 -1.5528e-01 -2.9690e-01 3.7477e+00 -2.4788e-01 -1.0758e+00 6.2120e+00 -3.7045e+00 -1.9120e-01 -1.2804e+00 -5.6736e-01 5.3568e+00 1.8639e-01 2.3561e-01 -1.1849e-01 1.2407e-02 -2.9614e-02 -4.0249e-01 -5.3086e-01 -1.0195e-01 -6.8108e-02 -7.4481e-02 1.5091e+00 -2.9239e-01 -2.2046e-01
-1.1292e+00 1.5662e+01 1.7854e+00 -3.9069e+00 -1.6635e+00 -4.2813e-01 -2.9696e+00 6.0260e+00 -2.0643e-01 -5.2894e+00 -3.1773e+00 -1.9607e+01 -1.9266e+00 -3.9697e+00 -1.8906e+00 3.2240e+00 1.0974e+00 5.4425e+01 2.2109e+00 -2.7622e-01 -1.0922e+00 -2.0356e+00 -5.8895e+00 -1.6633e+00 8.4799e+01 1.1132e+01 -3.0197e+01 -8.4104e-01 -3.4955e+00 1.2864e+00 -2.0228e+01 3.9882e+00 4.9152e+00 2.1765e+00 -2.2967e+01 -5.8364e+00 3.0897e+00 -5.1311e+00 3.1475e+00 -9.6109e-02 -3.1070e-01 -5.0491e-01 -1.0436e-02 3.6662e-01 2.4978e-01 -1.2592e+00 2.8384e-01 1.4795e+00 -1.5992e-01 3.2539e+00 3.6498e-01 -4.0439e-01
6.9084e-01 3.5485e-01 6.7551e-01 -8.2341e-01 2.0499e+00 -2.2780e-01 -1.0859e+00 4.2906e-01 4.4360e-01 -1.9361e+00 -2.3777e+00 -4.2860e+00 -4.6318e-01 -3.2331e+00 2.8668e+00 -1.7996e+00 2.3093e-01 9.7229e+00 -6.4415e-01 -7.6828e-01 -1.4756e-01 1.4567e-01 4.6174e+00 -1.2144e+00 1.1132e+01 3.2346e+01 -8.8014e+00 -6.1325e-02 -6.9535e-02 1.4209e+00 -2.9203e+00 7.3007e-01 -3.8258e+00 -1.1812e+00 -4.1412e+00 -5.3441e-01 -4.8179e-01 -3.7238e+00 8.1369e+00 -6.3518e-03 2.2245e-02 -2.1694e-01 8.9660e-03 -2.6141e-01 -3.0128e-02 -1.0861e-01 3.2743e-03 -5.0386e-02 -3.7675e-02 4.5390e+00 1.3166e-01 3.7166e-01
-6.1774e-01 1.8310e+00 -8.7192e-01 -1.0719e+00 8.4231e-01 -4.9620e-01 -8.0483e-01 -5.1820e-01 8.5560e-01 5.4634e+00 2.6618e+00 1.1643e+00 9.0045e-01 1.3614e+00 4.7946e+00 -1.2066e+00 2.4315e-01 -1.6511e+01 -2.8871e+00 1.8665e+00 3.2772e-01 -1.7824e+00 -1.3051e+00 1.3524e+00 -3.0197e+01 -8.8014e+00 6.2297e+01 -8.0363e-01 -1.0337e+00 1.6617e+00 2.1887e+00 -1.8718e+00 1.4955e+00 -1.3419e+00 1.1858e+01 -2.4953e+00 -1.6588e+00 1.0802e+01 -5.2789e+00 5.2915e-02 2.9672e-01 -2.4113e-01 -1.2761e-01 -3.9631e-01 -2.9074e-01 1.3250e+00 -5.2061e-01 -1.5741e-01 -1.1716e-01 -2.0583e+00 -2.4194e-01 7.7953e-01
-1.1266e-01 -1.3478e+00 1.1567e-01 5.1537e-01 1.0858e-01 3.8241e-01 2.0378e-01 1.5228e+00 9.4651e-02 -2.0987e-02 -8.9558e-02 -7.7928e-01 3.7220e-02 -3.3023e-01 -2.3049e-01 -1.7395e-01 -7.7102e-01 -1.5987e+00 -2.8884e-01 -1.7349e-01 7.8900e-01 -1.4512e-01 3.7929e-01 -1.9915e-01 -8.4104e-01 -6.1325e-02 -8.0363e-01 1.4460e+01 -7.0948e-01 -1.1642e-01 5.5503e+00 4.8004e-01 -1.0349e-01 -3.8864e-01 4.4156e+00 1.0571e+00 -3.6432e-02 -4.7401e-02 -6.6286e-01 -6.5211e-02 -7.2656e-02 2.1764e-01 -3.1408e-02 -3.0684e-02 -1.9016e-02 -1.1610e-02 -8.1134e-02 1.2460e+00 -1.2212e-01 1.5739e+00 -1.0460e+00 2.9337e+00
-3.0780e-01 -2.2773e+00 2.0321e-01 -1.7437e-01 2.7149e-01 7.6729e-01 -7.2235e-01 -1.0960e+01 -5.0535e-01 -1.2909e-01 -9.5787e-02 -1.1393e+00 -9.5485e-02 -4.0869e-01 -1.6702e-03 -1.2451e-01 -8.0475e-02 -3.1020e+00 6.0110e+00 -2.2418e-01 -3.1060e-01 -3.5616e-01 1.6983e+01 -1.5528e-01 -3.4955e+00 -6.9535e-02 -1.0337e+00 -7.0948e-01 2.2491e+01 -3.1046e-01 -2.1621e+00 -7.6939e-01 1.7535e+00 -3.3377e-01 -5.0154e+00 2.7527e+00 1.4067e-01 -1.0065e-02 2.3704e+00 -3.6516e-01 3.1822e-01 5.4118e-02 -8.2711e-02 -9.9329e-02 2.1603e-02 -3.8836e-02 3.5703e-01 -9.9338e-02 -2.4950e-01 -5.2800e-01 8.9297e-02 -2.7259e-01
-4.5984e-01 -1.0768e-01 3.1000e-01 -8.7874e-02 -1.6959e-01 -1.1865e+00 1.1589e-01 2.2629e-01 -1.0774e-01 -6.1660e-01 1.3457e+00 1.5947e+00 -1.9300e-01 3.2263e-01 -4.9073e-01 -1.3040e-01 -4.8797e-01 9.4181e-01 1.9193e+00 -1.5563e-01 -1.5090e-01 -1.2896e-01 -3.0657e-01 -2.9690e-01 1.2864e+00 1.4209e+00 1.6617e+00 -1.1642e-01 -3.1046e-01 1.6134e+01 -2.4189e+00 -4.4126e-01 8.9346e-01 -4.1775e-01 -8.5024e-01 -5.1153e-01 5.4175e-01 -1.1539e+00 -6.3058e-01 -1.7728e-02 1.1329e-01 -9.7833e-02 -4.8371e-02 -6.1278e-02 -6.5526e-02 -1.8943e-01 -2.2673e-01 -6.3975e-02 -6.2924e-02 -2.4775e-01 3.1835e-01 -1.8074e-01
4.7680e-01 -1.1533e+01 -2.3617e+00 5.8927e-01 8.0232e-01 -2.4491e+00 6.2289e+00 1.0634e+01 -4.9120e-02 4.5450e+00 8.6683e-01 -9.4643e+00 7.8231e-01 -1.2132e+00 -2.3698e+00 9.0025e-01 -7.0041e-01 -1.8269e+01 -3.1609e+00 8.4475e-01 1.7265e-01 -1.9106e-01 -1.1317e+00 3.7477e+00 -2.0228e+01 -2.9203e+00 2.1887e+00 5.5503e+00 -2.1621e+00 -2.4189e+00 8.6149e+01 -6.9523e-01 -1.9712e+01 -1.3017e+00 4.5909e+01 -9.3199e+00 -9.5235e-01 -8.1798e-01 -7.8932e+00 -6.6504e-01 -1.7332e-01 -2.9908e-02 -3.0792e-01 -3.7885e-01 -4.2706e-01 -2.5785e-01 -6.6412e-01 -1.0303e-01 -8.2988e-01 5.9492e+00 -6.0031e-02 -2.4467e-01
2.0672e+00 -1.9144e+00 -7.6506e+00 2.9307e+00 3.8691e+00 -5.7517e+00 3.4868e+00 -1.1466e+00 3.4443e-01 -1.7505e+00 7.0200e-01 -2.4117e+00 -7.3535e-01 1.1945e+00 -1.0393e+00 -1.1177e+00 -1.2971e-01 2.8585e+00 -7.7540e-01 -1.8415e+00 -1.2774e-01 1.1281e+01 -2.0144e+00 -2.4788e-01 3.9882e+00 7.3007e-01 -1.8718e+00 4.8004e-01 -7.6939e-01 -4.4126e-01 -6.9523e-01 4.2817e+01 3.5032e+00 -1.1927e+00 1.1907e+01 -1.7195e+00 -2.5838e+00 -5.4213e-01 -1.3178e+01 -1.7513e-01 1.3763e-03 2.1228e-01 -1.9178e-02 -2.2807e-01 1.5161e+00 4.0857e+00 3.0142e-02 4.7441e-02 -7.2951e-02 -4.1630e-01 2.9494e-02 2.2202e-01
1.9631e+01 2.0645e+00 1.7323e+00 8.5310e-01 1.5940e+01 3.0783e-01 -3.5506e+00 -1.1033e+01 1.0382e+00 5.9464e-01 7.7293e-01 1.3623e+00 -1.0898e+00 7.7127e-01 -1.5240e+01 -1.8573e+00 -6.0037e+00 4.4805e+00 4.1591e-01 2.5733e-01 4.4585e-02 -8.4279e-01 -5.2459e+00 -1.0758e+00 4.9152e+00 -3.8258e+00 1.4955e+00 -1.0349e-01 1.7535e+00 8.9346e-01 -1.9712e+01 3.5032e+00 8.3781e+01 -2.1055e-01 -1.8150e+01 2.6102e+00 6.6970e-01 3.8331e-01 -1.9498e+01 -1.1965e-01 -4.4753e-01 -9.6314e-02 -1.6234e-01 -1.7871e+00 -2.3037e+00 4.4776e-01 8.9466e-01 -1.1083e+00 -5.0121e-02 -8.9932e+00 6.5985e+00 -4.4961e-01
-1.4347e+00 -1.8369e+00 3.1426e-01 -5.9215e-01 3.0612e-01 -3.6763e-01 9.8245e-01 1.0993e+00 -7.4983e-01 2.2050e-01 -3.4794e-01 -4.7838e-01 8.2767e-01 -8.2553e-01 -3.4985e-01 -5.9086e-01 -4.0568e-01 9.7502e-01 -2.4977e-01 -3.4861e-01 -4.9483e-04 -4.5795e-01 4.5435e-02 6.2120e+00 2.1765e+00 -1.1812e+00 -1.3419e+00 -3.8864e-01 -3.3377e-01 -4.1775e-01 -1.3017e+00 -1.1927e+00 -2.1055e-01 2.3612e+01 -3.5860e+00 -5.4443e-01 -6.0376e-01 -5.6981e-01 2.0587e+00 -5.2836e-02 2.2993e-01 -1.4772e-01 -9.4818e-03 -1.2639e-01 -1.7202e-01 -3.6818e-01 -1.9488e-01 -1.3172e-01 2.7607e-02 2.8524e-01 -7.3238e-01 -8.8546e-01
-1.5330e+00 -1.0618e+01 -2.3456e+00 1.7701e+01 3.3870e+00 -1.3412e+01 1.8531e+01 1.2135e+01 -1.7941e+00 -4.8971e+00 3.8779e+00 -9.9384e+00 -7.7774e-01 2.0362e+00 3.9615e+00 -1.8594e+00 -1.6355e+00 -2.1202e+01 -1.5984e+00 -4.9434e+00 -5.4209e-01 6.7946e+00 -2.9746e-01 -3.7045e+00 -2.2967e+01 -4.1412e+00 1.1858e+01 4.4156e+00 -5.0154e+00 -8.5024e-01 4.5909e+01 1.1907e+01 -1.8150e+01 -3.5860e+00 1.3894e+02 -1.1747e+01 1.1984e+01 1.4419e+01 -3.4313e+01 -4.8123e-01 2.9307e-01 -2.6729e-01 -7.0505e-01 -5.8076e-01 9.2841e-01 3.1618e+00 -5.5440e-01 -5.8104e-02 -8.8342e-01 -4.5439e-01 8.7409e-01 5.9798e-01
2.7002e-01 -1.8374e+00 2.1961e+00 6.3146e-01 9.6548e-01 4.5157e+00 -3.8127e-01 -1.4246e+01 -2.5935e-01 -4.6021e-01 -2.4844e-01 -2.7585e+00 1.9176e-01 4.4830e+00 -2.8857e-01 6.6841e-01 -2.4871e-01 -5.3383e+00 3.9339e+00 2.1455e-01 1.1239e+00 -4.4497e-01 2.1120e+00 -1.9120e-01 -5.8364e+00 -5.3441e-01 -2.4953e+00 1.0571e+00 2.7527e+00 -5.1153e-01 -9.3199e+00 -1.7195e+00 2.6102e+00 -5.4443e-01 -1.1747e+01 4.0620e+01 -7.6858e-01 -2.5983e-01 2.5350e+01 -3.6960e-01 1.0043e-01 1.8057e-01 -5.9001e-02 -2.0562e-01 1.2670e-02 -1.5119e-01 1.2047e+00 -2.1746e-02 -4.9367e-01 -6.3323e-01 1.6965e-01 -3.7328e-01
1.0739e-02 4.1214e-01 2.8548e+00 4.2910e+00 7.1488e-01 -3.5978e+00 3.3735e+00 -8.6403e-01 2.1454e-01 -1.1023e+00 -2.9104e-01 -1.8278e-01 -3.9556e-01 -3.3143e-01 -5.7123e-01 -7.0180e-01 4.5049e-01 1.5231e+00 3.7355e-01 -1.2285e+00 -2.2916e-01 -1.0942e+00 -9.7890e-01 -1.2804e+00 3.0897e+00 -4.8179e-01 -1.6588e+00 -3.6432e-02 1.4067e-01 5.4175e-01 -9.5235e-01 -2.5838e+00 6.6970e-01 -6.0376e-01 1.1984e+01 -7.6858e-01 2.7107e+01 -3.5665e-01 -5.6091e+00 1.3926e-01 -9.4343e-02 1.1369e-01 -1.2870e-01 -1.1125e-01 -5.0828e-01 -4.9088e-01 -4.1264e-02 -8.8699e-02 2.2373e-02 2.5071e+00 -3.6700e-02 2.0608e-01
-1.3753e-02 -6.7308e-01 6.2732e-01 7.0661e-02 5.0141e-01 4.6079e-02 9.1142e-02 2.2070e-01 2.4088e-01 -1.0179e+00 4.5453e+00 -1.7644e+00 -2.5890e-01 1.9046e+00 4.5299e+00 4.9915e-01 1.3019e-01 -6.0717e+00 -9.9678e-01 -2.9770e-01 -5.6846e-02 -2.3347e-01 -5.9889e-02 -5.6736e-01 -5.1311e+00 -3.7238e+00 1.0802e+01 -4.7401e-02 -1.0065e-02 -1.1539e+00 -8.1798e-01 -5.4213e-01 3.8331e-01 -5.6981e-01 1.4419e+01 -2.5983e-01 -3.5665e-01 1.9857e+01 -2.2701e+00 8.1148e-03 -1.0962e-01 -1.0382e-01 -5.0071e-02 -2.7535e-02 -5.2367e-02 -3.8768e-01 -1.0831e-01 -4.7319e-02 -1.7030e-02 -3.7923e-01 9.8542e-02 2.4562e-01
-1.1091e+01 1.7403e+00 -6.7429e+00 -9.2779e+00 -1.5030e+01 -3.3172e+00 -8.7127e+00 -8.9579e+00 -1.4575e+00 3.4092e+00 -2.6037e+00 -3.4514e+00 -1.5079e+00 3.5715e+00 1.1257e+01 6.4211e+00 1.4503e+01 -1.1042e+00 3.3637e+00 9.9605e+00 1.0805e+00 -2.3599e+00 7.9323e-01 5.3568e+00 3.1475e+00 8.1369e+00 -5.2789e+00 -6.6286e-01 2.3704e+00 -6.3058e-01 -7.8932e+00 -1.3178e+01 -1.9498e+01 2.0587e+00 -3.4313e+01 2.5350e+01 -5.6091e+00 -2.2701e+00 1.4847e+02 7.4495e-01 -6.3012e-01 1.5419e-01 -3.9631e-01 -2.2841e+00 -2.3679e+00 -2.9998e+00 -5.8083e-01 1.8609e+00 -5.1261e-01 3.9153e+00 6.4854e+00 -3.1107e+00
-4.5222e-01 1.4567e-03 -6.4150e-01 2.8413e-01 -1.1586e+00 -1.6532e-01 -4.2966e-01 -1.5969e-01 -6.7099e-02 1.3514e+00 -1.9007e-02 -1.7560e-01 -6.1628e-02 -1.5219e-01 -1.3194e-01 -1.9800e-01 -8.6878e-02 1.2411e-02 -1.2404e-01 -1.9176e-01 -7.9766e-02 -4.8360e-02 -4.4894e-01 1.8639e-01 -9.6109e-02 -6.3518e-03 5.2915e-02 -6.5211e-02 -3.6516e-01 -1.7728e-02 -6.6504e-01 -1.7513e-01 -1.1965e-01 -5.2836e-02 -4.8123e-01 -3.6960e-01 1.3926e-01 8.1148e-03 7.4495e-01 1.0963e+01 -6.9160e-02 -3.6717e-02 -4.8854e-02 4.0413e-02 -1.1923e-01 -2.7895e-02 -3.4957e-02 -7.5574e-02 -8.4922e-02 -1.4719e-01 -2.8809e-01 -6.9353e-02
-1.7829e-01 -2.5489e-01 -1.9303e-01 6.4484e-02 -6.4348e-02 -9.5484e-02 8.3176e-02 -5.5104e-01 -9.1458e-02 -1.3684e-01 -7.5634e-02 -2.1637e-01 -7.3482e-02 -2.2708e-03 -8.7638e-02 -6.1752e-02 -2.4095e-02 6.7420e-02 -8.8460e-02 -9.1760e-02 -3.5342e-03 -1.4611e-01 2.7167e-01 2.3561e-01 -3.1070e-01 2.2245e-02 2.9672e-01 -7.2656e-02 3.1822e-01 1.1329e-01 -1.7332e-01 1.3763e-03 -4.4753e-01 2.2993e-01 2.9307e-01 1.0043e-01 -9.4343e-02 -1.0962e-01 -6.3012e-01 -6.9160e-02 6.3903e+00 -2.6926e-02 -2.3325e-02 -4.3393e-02 2.9371e-01 -7.9219e-02 -2.3783e-02 -1.3682e-02 -2.6803e-02 -5.3279e-02 -2.0072e-01 -1.3156e-01
-2.9577e-01 -1.1088e-01 -1.7612e-01 -4.7616e-02 4.2090e-02 -6.6543e-02 6.1927e-02 3.5039e-02 -5.0473e-02 1.2997e-02 -6.9581e-02 2.3720e-01 -1.3595e-02 3.4010e-01 -1.0829e-01 -1.2742e-01 -2.5966e-01 -3.1835e-01 -7.5860e-02 3.9024e-01 -5.4696e-02 2.3526e-01 1.2667e-03 -1.1849e-01 -5.0491e-01 -2.1694e-01 -2.4113e-01 2.1764e-01 5.4118e-02 -9.7833e-02 -2.9908e-02 2.1228e-01 -9.6314e-02 -1.4772e-01 -2.6729e-01 1.8057e-01 1.1369e-01 -1.0382e-01 1.5419e-01 -3.6717e-02 -2.6926e-02 5.1502e+00 -1.8022e-02 -9.8435e-03 -1.9224e-02 -3.3631e-02 2.3642e-02 -1.3077e-02 -3.0073e-02 -7.3831e-02 -9.7069e-02 -6.6842e-02
-3.7303e-02 -1.6387e-02 -2.8309e-01 -1.8544e-02 3.5233e-02 -2.8844e-01 2.3787e-02 -2.9731e-01 2.4392e-02 -7.2029e-02 -2.8435e-02 -1.4448e-01 -1.8389e-02 2.5331e-01 5.3091e-02 -6.9626e-02 6.2423e-02 9.1360e-03 8.2127e-02 -5.8197e-02 -4.3518e-02 -1.1443e-01 8.9362e-02 1.2407e-02 -1.0436e-02 8.9660e-03 -1.2761e-01 -3.1408e-02 -8.2711e-02 -4.8371e-02 -3.0792e-01 -1.9178e-02 -1.6234e-01 -9.4818e-03 -7.0505e-01 -5.9001e-02 -1.2870e-01 -5.0071e-02 -3.9631e-01 -4.8854e-02 -2.3325e-02 -1.8022e-02 4.9334e+00 1.0802e-01 -5.0711e-02 4.5381e-02 -1.1408e-02 -2.7359e-02 1.1090e-01 6.1389e-02 -1.9162e-02 -6.8828e-03
-7.8986e-01 -9.1186e-01 7.0841e-02 -3.6591e-01 -5.7362e-01 -1.9256e-01 -1.6492e-01 3.0279e-01 6.4826e-02 -1.5008e-01 -1.9427e-01 2.3106e-01 -1.7744e-02 -1.1788e-01 -2.2890e-01 -2.6443e-01 1.5156e+00 4.9811e-02 6.0551e-01 -1.4762e-01 -5.7972e-02 -3.5105e-02 -4.3970e-01 -2.9614e-02 3.6662e-01 -2.6141e-01 -3.9631e-01 -3.0684e-02 -9.9329e-02 -6.1278e-02 -3.7885e-01 -2.2807e-01 -1.7871e+00 -1.2639e-01 -5.8076e-01 -2.0562e-01 -1.1125e-01 -2.7535e-02 -2.2841e+00 4.0413e-02 -4.3393e-02 -9.8435e-03 1.0802e-01 1.0527e+01 -5.3374e-02 -5.1600e-02 5.9754e-02 -3.8133e-03 4.4252e-03 -2.4588e-01 6.7905e-01 -3.4899e-02
2.6487e-01 2.0057e-01 -6.4523e-01 -3.4720e-01 4.5129e-01 -5.9230e-01 2.7447e-01 -2.7060e-01 -1.5520e-01 -3.1466e-01 2.0292e-01 -2.5731e-01 2.3959e-02 5.9833e-01 -8.7903e-02 -2.8320e-01 4.7142e-02 3.5553e-01 8.3169e-02 -4.3158e-01 -5.8986e-02 -2.3476e-01 -1.9675e-01 -4.0249e-01 2.4978e-01 -3.0128e-02 -2.9074e-01 -1.9016e-02 2.1603e-02 -6.5526e-02 -4.2706e-01 1.5161e+00 -2.3037e+00 -1.7202e-01 9.2841e-01 1.2670e-02 -5.0828e-01 -5.2367e-02 -2.3679e+00 -1.1923e-01 2.9371e-01 -1.9224e-02 -5.0711e-02 -5.3374e-02 1.0280e+01 -2.0809e-01 4.2743e-03 1.0105e-01 -5.6581e-02 -1.1608e-01 -3.3369e-02 -1.8141e-01
2.5031e-01 1.0243e-02 -6.4615e-01 1.7998e+00 1.1454e-01 -5.5028e-01 1.8577e+00 -2.4888e-01 -3.3710e-03 -5.0807e-01 -2.7113e-01 4.3902e-01 -2.2420e-01 -3.1898e-01 -2.3332e-01 -3.5542e-01 4.4755e-02 2.6638e-01 -9.7513e-02 -4.5499e-01 2.9810e-02 -5.2109e-01 -5.2522e-02 -5.3086e-01 -1.2592e+00 -1.0861e-01 1.3250e+00 -1.1610e-02 -3.8836e-02 -1.8943e-01 -2.5785e-01 4.0857e+00 4.4776e-01 -3.6818e-01 3.1618e+00 -1.5119e-01 -4.9088e-01 -3.8768e-01 -2.9998e+00 -2.7895e-02 -7.9219e-02 -3.3631e-02 4.5381e-02 -5.1600e-02 -2.0809e-01 1.1504e+01 -5.6475e-02 1.6518e-01 -3.2115e-02 -1.6457e-01 -2.1899e-02 -1.6658e-02
-1.3495e-01 -4.4921e-02 -5.3870e-02 -1.9999e-01 2.7770e-01 -3.6067e-03 1.1534e-01 1.1151e+00 -6.1009e-01 -2.0502e-01 -1.8614e-01 -1.7657e-01 -1.6228e-02 -3.0723e-01 -3.4658e-01 7.0476e-01 -1.2334e+00 3.7837e-01 -5.6714e-02 -8.3194e-02 -4.3582e-02 -7.1670e-02 4.4300e-02 -1.0195e-01 2.8384e-01 3.2743e-03 -5.2061e-01 -8.1134e-02 3.5703e-01 -2.2673e-01 -6.6412e-01 3.0142e-02 8.9466e-01 -1.9488e-01 -5.5440e-01 1.2047e+00 -4.1264e-02 -1.0831e-01 -5.8083e-01 -3.4957e-02 -2.3783e-02 2.3642e-02 -1.1408e-02 5.9754e-02 4.2743e-03 -5.6475e-02 7.7870e+00 1.9240e-03 -2.8503e-02 -3.8484e-02 3.8763e-01 -5.7401e-01
-3.4705e-01 2.2349e+00 -9.5963e-02 -6.3229e-02 -2.4219e-01 2.7682e-03 5.8381e-02 -3.2756e-01 -1.3944e-02 -8.8423e-02 -2.7422e-02 -1.1647e-01 -1.7218e-02 -8.1144e-02 -3.1110e-01 2.9790e+00 4.6535e-01 7.5041e-02 3.9367e-04 -1.0165e-01 7.4088e-01 -1.2908e-01 -2.4433e-01 -6.8108e-02 1.4795e+00 -5.0386e-02 -1.5741e-01 1.2460e+00 -9.9338e-02 -6.3975e-02 -1.0303e-01 4.7441e-02 -1.1083e+00 -1.3172e-01 -5.8104e-02 -2.1746e-02 -8.8699e-02 -4.7319e-02 1.8609e+00 -7.5574e-02 -1.3682e-02 -1.3077e-02 -2.7359e-02 -3.8133e-03 1.0105e-01 1.6518e-01 1.9240e-03 8.7605e+00 -2.0673e-02 -1.2348e-01 -1.0653e-01 1.2111e+00
2.7353e-01 -5.3445e-02 -9.4815e-02 -4.5183e-01 1.1865e-01 -1.4109e+00 -4.8198e-02 -5.1976e-01 2.6322e-02 3.5918e-02 -4.0990e-02 1.2682e-01 -4.9522e-02 -7.5520e-02 -2.0065e-01 -5.5477e-02 1.0206e-01 -1.1027e-01 -7.4153e-02 -1.0289e-01 -4.6981e-02 3.3635e-01 -2.5640e-01 -7.4481e-02 -1.5992e-01 -3.7675e-02 -1.1716e-01 -1.2212e-01 -2.4950e-01 -6.2924e-02 -8.2988e-01 -7.2951e-02 -5.0121e-02 2.7607e-02 -8.8342e-01 -4.9367e-01 2.2373e-02 -1.7030e-02 -5.1261e-01 -8.4922e-02 -2.6803e-02 -3.0073e-02 1.1090e-01 4.4252e-03 -5.6581e-02 -3.2115e-02 -2.8503e-02 -2.0673e-02 7.4438e+00 -1.4683e-01 -6.8843e-03 7.0170e-03
1.2451e+00 7.5071e-01 2.7654e-01 -1.2289e+00 1.5917e+00 -6.3495e-02 3.4871e+00 9.4860e-01 3.1435e-01 -3.0603e-01 -3.5488e-01 -5.8944e-01 -4.5102e-02 -5.2226e-01 3.9926e+00 -8.2673e-02 6.8725e-01 1.4992e+00 -4.9318e-01 -5.5705e-01 -2.6885e-01 -3.6312e-01 3.6575e+00 1.5091e+00 3.2539e+00 4.5390e+00 -2.0583e+00 1.5739e+00 -5.2800e-01 -2.4775e-01 5.9492e+00 -4.1630e-01 -8.9932e+00 2.8524e-01 -4.5439e-01 -6.3323e-01 2.5071e+00 -3.7923e-01 3.9153e+00 -1.4719e-01 -5.3279e-02 -7.3831e-02 6.1389e-02 -2.4588e-01 -1.1608e-01 -1.6457e-01 -3.8484e-02 -1.2348e-01 -1.4683e-01 2.8199e+01 6.1684e-02 1.6441e-01
-3.7682e+00 -3.2510e+00 -6.8904e-01 -1.5077e+00 -2.3113e+00 -8.6507e-02 -1.2647e+00 4.3620e-01 -5.6912e-01 -7.3734e-01 1.0599e-01 -1.6727e+00 -2.2022e-01 -5.3304e-01 -2.3865e-01 1.1650e+00 1.6109e+01 -8.4563e-02 -1.7393e-01 -8.4430e-03 -4.8743e-01 -2.3591e-02 -1.5363e+00 -2.9239e-01 3.6498e-01 1.3166e-01 -2.4194e-01 -1.0460e+00 8.9297e-02 3.1835e-01 -6.0031e-02 2.9494e-02 6.5985e+00 -7.3238e-01 8.7409e-01 1.6965e-01 -3.6700e-02 9.8542e-02 6.4854e+00 -2.8809e-01 -2.0072e-01 -9.7069e-02 -1.9162e-02 6.7905e-01 -3.3369e-02 -2.1899e-02 3.8763e-01 -1.0653e-01 -6.8843e-03 6.1684e-02 2.0455e+01 -1.3590e+00
-4.5149e-01 2.6089e+00 -9.4109e-01 -4.2693e-01 7.1055e-01 -5.4105e-03 -2.5878e-01 -5.7366e-01 1.8100e+01 -7.6009e-01 8.7842e-02 -1.4167e+00 -1.0113e-02 -3.4080e-01 3.7835e-03 -1.3120e-01 4.2094e-01 9.5411e-01 -4.5968e-01 -1.5843e-02 5.6687e-01 1.3246e-01 4.7418e-01 -2.2046e-01 -4.0439e-01 3.7166e-01 7.7953e-01 2.9337e+00 -2.7259e-01 -1.8074e-01 -2.4467e-01 2.2202e-01 -4.4961e-01 -8.8546e-01 5.9798e-01 -3.7328e-01 2.0608e-01 2.4562e-01 -3.1107e+00 -6.9353e-02 -1.3156e-01 -6.6842e-02 -6.8828e-03 -3.4899e-02 -1.8141e-01 -1.6658e-02 -5.7401e-01 1.2111e+00 7.0170e-03 1.6441e-01 -1.3590e+00 2.0434e+01
