4.4708e+01 -5.0635e+00 1.3001e+01 -4.7993e+00 -9.2623e+00 1.1358e+00 -1.5912e+01 4.6190e+00 -5.3151e+00 -2.0490e+00 -6.4082e-01 -8.4525e+00 -7.6147e-01 -5.8692e+00 -2.9293e+00 -4.3158e-01 -5.3539e+00 -3.2097e+00 -4.5925e+00 -1.0333e+01 -1.7528e-01 -3.4555e-01 -1.9030e+00 3.7723e-01 -4.9172e+00 5.6454e-01 4.7168e+00 8.3489e+00 -1.9664e+00 -5.6939e-01 5.9368e+00 -8.3043e-01 5.2039e+00 2.6524e-02 -1.3319e+00 7.7475e-01 3.3306e-01 1.6709e+00 -4.0137e+00 -2.1037e+00 -6.9791e-01 1.7486e+00 -1.6914e-01 5.1814e-01 1.8911e+00 -5.5153e-02 -1.0855e+00 -3.1560e-01 4.3265e-01 -6.4461e-01 3.3478e-01 -6.0747e-01
-5.0635e+00 2.7315e+01 -1.3585e+00 -1.0974e+00 1.4980e-01 2.0021e+00 3.3741e+00 -8.2466e-01 -3.0562e-01 1.9350e+00 -1.0044e-02 9.7246e-02 8.2911e-02 -1.2376e+00 -8.7083e-02 2.3946e-01 1.9969e-01 2.0766e-02 1.5836e-01 2.0119e+00 1.0527e-01 -1.9505e-01 -3.7407e-01 -2.5366e-01 -7.6964e-01 -1.5364e+00 3.8888e-01 8.2174e-02 -6.4045e+00 -6.3788e-01 -1.4660e+01 9.9436e+00 -2.8281e-01 -2.3357e-01 1.3037e+01 -1.1615e-01 -5.5416e-01 -2.1598e+00 -2.1424e-01 3.5535e+00 -4.4495e-02 -1.4230e+01 1.9291e+00 6.6177e-01 -1.9609e+00 4.3725e-02 1.9185e-01 -1.1780e-01 -1.0666e+00 -1.3222e-02 -3.8152e-02 6.5806e+00
1.3001e+01 -1.3585e+00 9.7078e+01 2.9064e+00 -2.2495e+01 -6.4421e+00 -4.9348e+01 -2.6939e+00 -9.2951e-01 -1.3122e-01 -2.1765e+00 -1.7555e+01 -4.0356e+00 -1.5819e+01 -1.7549e+01 -1.2187e+00 -2.2765e+00 2.1349e+00 -1.6982e+01 -1.3139e+01 -9.4318e-01 1.3199e-01 1.8370e+01 1.3035e+00 -1.1481e+01 1.6629e-01 -2.9229e-01 4.1758e+00 -2.6075e+00 2.6664e+00 -2.2365e+00 -8.4432e+00 -2.1761e-01 -8.0214e-01 -3.4916e+00 2.2622e+00 -3.9124e-01 1.5154e-01 -2.0690e-01 4.5221e-01 -6.7217e-01 7.7028e-01 1.2136e+00 3.3779e-01 -1.0250e+00 -6.9600e-02 -1.4816e+00 -3.3136e-01 1.7777e+00 1.0940e+00 -2.6038e+00 -3.9475e-02
-4.7993e+00 -1.0974e+00 2.9064e+00 3.8481e+01 -4.1349e+00 -4.0791e+00 -5.5542e+00 5.5323e+00 2.3438e+01 1.4408e-01 -5.0026e-02 -1.9133e+00 -6.4405e-02 -9.6889e-01 -2.8259e+00 -1.5121e-01 1.8402e+01 -4.7896e-01 1.3383e-02 1.8397e+00 1.0130e-02 -1.2320e+00 3.2431e+00 -4.3533e-01 -1.3856e+00 -8.6364e-01 -4.9165e+00 -8.9654e-01 -6.0941e+00 -1.0989e+00 -2.0170e+00 1.3249e+00 -3.7129e+00 -5.5381e-01 1.5472e+00 1.0621e-01 -1.0953e+00 -2.5712e+00 -6.4422e+00 -3.8040e+00 8.6249e-01 -4.9523e-01 -1.3344e-01 3.1669e-02 1.9578e-01 -5.3244e-01 -3.1698e-03 -3.1544e-02 -2.1831e-01 9.1824e-01 -1.5844e+00 -2.1108e-01
-9.2623e+00 1.4980e-01 -2.2495e+01 -4.1349e+00 7.6058e+01 2.5195e+00 1.4346e+01 -1.1728e+01 -2.8512e+00 6.4737e-01 -8.3982e-01 2.9372e+01 -3.2534e+00 2.8151e+01 -6.2074e+00 1.9834e+00 -2.7745e+00 -5.9112e+00 -1.0765e+01 2.7457e+01 -3.4302e-01 2.4375e+00 -6.3850e+00 -3.8482e-01 -8.0910e+00 -1.0769e+00 1.2624e+01 -1.1006e+00 4.3544e+00 -1.8954e+00 -4.5760e+00 2.6090e+00 7.8194e+00 1.0706e+00 -2.3153e+00 -1.7460e-01 1.1372e+00 -1.7344e+00 1.3271e+01 -3.7424e+00 -2.6770e-01 -8.8974e-01 -9.9237e-01 -1.8874e-01 4.3594e+00 5.1683e-01 7.7526e-01 3.6500e-02 -7.0369e-01 1.4074e+00 -3.5704e-01 -1.1697e+00
1.1358e+00 2.0021e+00 -6.4421e+00 -4.0791e+00 2.5195e+00 5.5497e+01 3.5970e+00 3.5633e+00 -5.9048e+00 1.0586e+01 4.0969e-01 4.4921e-01 -5.4487e-02 9.3396e-01 -2.2410e+00 3.7659e-01 -3.4715e+00 -8.7530e+00 -7.7146e-01 -3.4364e+00 1.3289e-01 -3.7189e-01 1.2210e+00 -3.5791e-02 -5.5525e-01 8.0381e-01 9.7577e-01 2.5478e-01 3.2317e+00 -5.6721e-01 -3.7536e+00 2.2271e+01 2.5000e+00 1.8041e-02 6.0927e+00 -2.2524e+00 -6.3961e-01 9.3481e-01 5.8958e-01 7.2149e-01 -3.7970e-01 7.1371e-01 7.8364e-01 2.8149e-01 8.8128e-01 1.1274e-01 1.1163e-01 6.7513e-02 3.1889e-01 -1.5796e+00 4.2016e-01 1.9701e+00
-1.5912e+01 3.3741e+00 -4.9348e+01 -5.5542e+00 1.4346e+01 3.5970e+00 1.1680e+02 -2.5309e+01 -4.0571e+00 -1.8589e-01 2.1773e-01 2.4093e+01 1.9199e+00 2.6124e+01 2.8792e+00 7.1408e-01 -4.3186e+00 5.5835e+00 2.3849e+01 1.9566e+01 3.0409e-01 -6.0774e-01 -1.0378e+01 7.5875e-02 2.2512e+01 9.6363e-01 -2.4031e+00 -5.3575e+00 -1.8902e-01 -2.4759e+00 -2.8297e+00 9.9989e+00 -2.0398e+00 9.9164e-01 6.1550e+00 -6.6955e-01 -1.5355e+00 3.2754e-01 4.6053e+00 9.4110e+00 1.0362e+00 -1.7667e+00 -5.7638e-01 -1.2626e-01 2.1692e+00 -5.0833e-01 3.2677e+00 -3.2159e-01 2.3650e-01 -1.0397e-01 -5.2455e-01 3.1588e-01
4.6190e+00 -8.2466e-01 -2.6939e+00 5.5323e+00 -1.1728e+01 3.5633e+00 -2.5309e+01 6.4662e+01 5.3728e+00 1.7076e-01 3.6630e-01 -3.1182e+00 -1.5825e+00 -8.6525e+00 1.6703e+00 -1.3762e+00 1.0636e+01 -2.7067e+00 4.9441e-01 9.9318e-01 -5.9582e-01 -3.5849e+00 9.8936e-01 -6.1284e-01 -3.2420e+00 -4.2615e-02 -4.4562e+00 -7.4229e-01 2.1379e+00 -7.5255e-02 1.1876e+00 6.1205e+00 -9.1357e-01 -1.5414e+00 3.2548e+00 -6.1119e-01 1.2392e+00 8.3431e-01 -3.3921e+00 -1.4717e+01 5.8110e-02 -1.4586e-01 3.8959e+00 1.1383e-01 -5.6188e-01 1.6657e-01 1.0852e+00 2.9703e-01 -1.3142e+00 -9.7587e-01 1.5671e-01 5.3702e-01
-5.3151e+00 -3.0562e-01 -9.2951e-01 2.3438e+01 -2.8512e+00 -5.9048e+00 -4.0571e+00 5.3728e+00 3.0936e+01 1.6237e+00 -1.0858e-01 -3.2172e-01 -6.5074e-02 -1.3416e+00 -1.0342e+00 -8.8706e-02 1.9130e+01 6.4862e-01 -2.7419e-01 2.4210e+00 3.4522e-03 -9.7809e-01 1.7188e+00 -4.4459e-01 -1.9086e+00 -1.1407e+00 -4.5629e+00 -1.1594e+00 -5.1632e+00 -1.3459e+00 -2.0505e+00 -1.2087e+00 -3.6065e+00 -4.9624e-01 -1.6177e-01 -9.1737e-02 -1.1397e+00 -2.5573e+00 -3.5245e+00 -3.2825e+00 -6.8451e-02 -5.3932e-01 -5.6738e-02 -1.8760e-02 7.3917e-02 -5.7456e-01 5.5836e-02 7.0955e-01 -1.5849e-01 8.3623e-01 1.9377e-01 -4.8428e-01
-2.0490e+00 1.9350e+00 -1.3122e-01 1.4408e-01 6.4737e-01 1.0586e+01 -1.8589e-01 1.7076e-01 1.6237e+00 3.2070e+01 2.1888e-01 -1.1949e-01 -3.3549e-01 3.1030e-01 -4.9816e+00 7.7784e-02 9.5167e-01 -3.2310e+00 -4.6752e-01 -3.0103e-01 -4.0521e-02 -1.8725e-03 4.5651e-01 3.6981e-01 -2.8946e-01 -1.4152e-02 3.0125e-02 -1.1391e-01 1.2164e+00 -6.3551e-01 -1.6163e+01 9.0448e+00 4.6673e-01 8.2517e-01 6.8743e+00 -1.8340e+00 -2.3645e+00 1.0085e-01 5.7196e-01 7.7035e-01 -6.7240e-01 -3.3094e+00 1.8585e-01 7.0315e-02 -1.8515e+00 2.2641e-01 -2.2381e-01 6.6665e-01 1.1891e-01 5.3790e-02 8.0728e+00 -1.3610e+00
-6.4082e-01 -1.0044e-02 -2.1765e+00 -5.0026e-02 -8.3982e-01 4.0969e-01 2.1773e-01 3.6630e-01 -1.0858e-01 2.1888e-01 1.1366e+01 -1.3798e+00 -6.4599e-01 -1.4433e+00 -9.2198e-01 -1.4730e-01 -1.5889e+00 1.7897e+00 3.1919e+00 -1.9807e+00 -3.3934e-02 -8.3791e-02 -9.0104e-01 8.6524e-02 3.1083e+00 -1.5118e-01 5.2305e-01 6.2633e-01 -4.2933e-01 1.8129e-01 -5.1050e-01 9.9238e-01 2.7366e-01 -6.0909e-02 -5.1552e-01 -1.2509e-01 1.3574e-01 -3.5699e-01 -1.5234e+00 -1.0760e-01 -2.2507e-01 -7.0611e-02 1.0050e-02 -2.8724e-01 -8.8672e-03 -1.0338e-01 -1.2459e-01 -5.2314e-02 -2.6122e-02 -1.6446e-01 6.3535e-02 -1.4287e-02
-8.4525e+00 9.7246e-02 -1.7555e+01 -1.9133e+00 2.9372e+01 4.4921e-01 2.4093e+01 -3.1182e+00 -3.2172e-01 -1.1949e-01 -1.3798e+00 4.7850e+01 -9.3925e-01 3.5561e+01 -5.8070e+00 1.1687e+00 1.0153e+00 -3.7010e-01 -9.0517e+00 3.3424e+01 -2.1801e-01 -2.7135e-01 -4.0009e+00 -4.0150e-01 -8.7499e+00 -6.4080e-01 -3.6733e-01 -4.4668e+00 6.1068e+00 -7.9102e-01 -3.2155e+00 6.7850e-01 -4.0436e-01 1.5878e-01 3.6495e-01 1.3988e-02 -5.1291e-01 8.8528e-01 1.7574e+01 -8.5527e-01 -1.0551e+00 2.3523e-01 -1.7526e-01 1.0591e-01 7.7309e+00 1.7384e-01 -2.6170e-01 1.1381e+00 -1.0527e-01 9.7647e-01 -3.4481e-01 -4.1484e-02
-7.6147e-01 8.2911e-02 -4.0356e+00 -6.4405e-02 -3.2534e+00 -5.4487e-02 1.9199e+00 -1.5825e+00 -6.5074e-02 -3.3549e-01 -6.4599e-01 -9.3925e-01 4.2377e+01 -1.6994e+00 1.4669e+01 1.2220e-01 8.9142e-01 2.4374e-01 -4.5044e+00 -3.4339e+00 8.4043e-02 3.6383e-01 -1.5454e+00 -3.0265e-01 1.7694e+00 -1.1758e-01 -1.0864e+00 -1.3641e-02 -8.7915e-01 -1.2200e+00 8.1691e+00 6.4109e-01 -7.7945e-01 1.6538e+00 -5.2307e-01 -5.3713e-01 -4.6470e-01 2.0406e+00 -1.6766e+00 -4.2432e-01 -3.1467e-01 -4.0125e-01 -4.4802e-01 -3.1793e-01 -5.7750e-01 -6.4044e-02 -1.7848e-01 1.3702e+00 2.3709e-01 -1.5322e-01 3.8194e-01 -1.1701e-01
-5.8692e+00 -1.2376e+00 -1.5819e+01 -9.6889e-01 2.8151e+01 9.3396e-01 2.6124e+01 -8.6525e+00 -1.3416e+00 3.1030e-01 -1.4433e+00 3.5561e+01 -1.6994e+00 5.2761e+01 -5.9365e+00 1.0588e+00 -7.8231e-01 5.6719e-02 -8.2359e+00 3.0819e+01 -2.7347e-01 -9.2091e-02 -4.6725e+00 2.4600e-01 -3.8800e+00 2.3422e+00 -8.4053e-01 -5.4152e+00 4.6949e+00 -8.0229e-01 -4.3506e+00 2.8980e+00 -7.6727e-01 1.0156e-01 1.7313e+00 2.4655e-02 -6.3336e-01 5.3274e-01 1.5823e+01 2.3489e+00 -1.2018e+00 6.6122e-01 -4.1798e-01 -3.0638e-02 7.2848e+00 2.4460e-02 -3.5297e-01 -1.8727e-01 -1.7497e-01 7.6084e-01 -2.9527e-01 3.6554e-01
-2.9293e+00 -8.7083e-02 -1.7549e+01 -2.8259e+00 -6.2074e+00 -2.2410e+00 2.8792e+00 1.6703e+00 -1.0342e+00 -4.9816e+00 -9.2198e-01 -5.8070e+00 1.4669e+01 -5.9365e+00 9.8049e+01 -1.0363e-01 3.2193e+00 1.5916e+00 -9.7295e+00 -1.0784e+01 -4.4287e-01 -2.0941e+00 -1.2479e+01 -6.1956e-01 -2.8443e+00 -5.0972e-01 -2.1428e+00 1.2287e+00 -4.5007e-01 -5.3995e+00 2.5456e+00 -2.6827e+00 -7.5523e-01 -4.3293e-01 -9.3367e-01 -1.7424e+00 3.0054e+00 -5.9586e-01 -4.1396e+00 -1.2791e+00 1.2158e-01 -3.6987e-01 7.9532e-03 -1.6630e-01 -1.1594e+00 1.1076e+00 1.3231e-02 -6.7094e-01 7.9672e-02 -1.1832e+00 4.5611e+00 -4.8939e-01
-4.3158e-01 2.3946e-01 -1.2187e+00 -1.5121e-01 1.9834e+00 3.7659e-01 7.1408e-01 -1.3762e+00 -8.8706e-02 7.7784e-02 -1.4730e-01 1.1687e+00 1.2220e-01 1.0588e+00 -1.0363e-01 8.7427e+00 -2.0305e-01 -4.6965e-01 -5.4210e-01 9.5343e-01 6.0408e-02 -5.9480e-02 3.4806e-01 -7.3554e-02 4.3005e-01 -1.4671e-01 7.3882e-01 -4.7006e-01 -6.6704e-01 -2.2185e-01 -7.5007e-01 4.6449e-01 -3.3902e-01 -3.1813e-02 3.8370e-01 2.6815e-01 -9.3703e-02 -2.8144e-01 1.2090e+00 -6.2666e-02 -1.0894e-01 -1.9662e-01 1.1103e-01 -9.9000e-02 1.0397e+00 -6.8427e-02 1.8792e-01 5.9737e-02 3.3277e-01 -8.2564e-02 -8.3230e-02 9.3374e-02
-5.3539e+00 1.9969e-01 -2.2765e+00 1.8402e+01 -2.7745e+00 -3.4715e+00 -4.3186e+00 1.0636e+01 1.9130e+01 9.5167e-01 -1.5889e+00 1.0153e+00 8.9142e-01 -7.8231e-01 3.2193e+00 -2.0305e-01 5.1331e+01 -3.7690e+00 -7.1661e+00 2.2936e+00 -4.5083e-02 -1.4989e+00 3.2703e+00 -5.1793e-01 -1.0057e+01 1.9417e+00 -7.1152e+00 -1.0906e-01 -7.7355e+00 8.3605e-01 -1.9326e-01 1.0173e+00 -4.8957e+00 -5.3358e-01 4.1620e-02 7.0890e-02 -9.0709e-01 2.9887e+00 -3.5266e+00 -5.5219e+00 2.1387e-02 -7.6400e-03 -2.5544e+00 4.0677e-02 -9.3534e-01 -6.2405e-01 -3.4852e-01 -2.9537e-02 -2.4142e-02 6.9074e-01 1.4382e-01 -8.2623e-02
-3.2097e+00 2.0766e-02 2.1349e+00 -4.7896e-01 -5.9112e+00 -8.7530e+00 5.5835e+00 -2.7067e+00 6.4862e-01 -3.2310e+00 1.7897e+00 -3.7010e-01 2.4374e-01 5.6719e-02 1.5916e+00 -4.6965e-01 -3.7690e+00 4.1862e+01 1.6612e+01 -2.5200e+00 -2.7120e-01 7.3118e-01 3.5374e+00 -4.9591e-01 1.1459e+01 -3.8284e-01 -4.5766e-01 -2.9868e+00 -1.5177e+00 -6.7454e-01 2.2068e+00 -6.2483e+00 -6.6126e-01 -5.2468e-01 -2.9179e+00 2.7413e-01 -4.6319e-01 -9.6829e-01 -3.5077e+00 7.5210e-01 1.1955e+00 -1.6075e+00 -8.9554e-01 7.9210e-02 4.3405e+00 -1.9675e-01 -4.6714e-01 -2.9661e-01 -7.6116e-02 1.5288e+00 1.3652e-01 -9.3413e-01
-4.5925e+00 1.5836e-01 -1.6982e+01 1.3383e-02 -1.0765e+01 -7.7146e-01 2.3849e+01 4.9441e-01 -2.7419e-01 -4.6752e-01 3.1919e+00 -9.0517e+00 -4.5044e+00 -8.2359e+00 -9.7295e+00 -5.4210e-01 -7.1661e+00 1.6612e+01 6.6259e+01 -5.4742e+00 6.9266e-01 -3.8374e-01 -7.1163e+00 -6.2951e-01 4.1228e+01 2.1874e-01 -5.3056e-02 -3.0014e+00 -2.2445e+00 -1.6335e-01 3.1160e+00 1.6988e+00 1.0893e-01 -1.6104e-01 5.1540e-03 -4.4683e-01 -7.3206e-01 1.0995e+00 -1.2908e+01 -5.7297e-01 2.0304e+00 -2.7720e-01 2.3021e+00 -4.7119e-01 -7.8475e-01 -4.2155e-02 1.6950e+00 -3.9647e-01 -1.0807e-01 -5.6123e-01 4.9053e-01 4.6895e-02
-1.0333e+01 2.0119e+00 -1.3139e+01 1.8397e+00 2.7457e+01 -3.4364e+00 1.9566e+01 9.9318e-01 2.4210e+00 -3.0103e-01 -1.9807e+00 3.3424e+01 -3.4339e+00 3.0819e+01 -1.0784e+01 9.5343e-01 2.2936e+00 -2.5200e+00 -5.4742e+00 7.2412e+01 -1.9381e-01 -2.6232e-01 -9.5657e+00 -2.1512e-01 -1.0884e+01 -8.8079e-01 4.1237e-01 -6.3792e+00 4.3282e+00 -1.6133e+00 -2.4308e+00 4.9914e+00 -7.8531e-01 -8.5738e-02 4.4556e-01 -3.3950e-01 -3.3112e-01 1.0493e-01 1.3775e+01 -8.8737e-01 -1.1379e+00 -1.3525e+00 2.5890e+00 -4.6390e-01 7.8364e+00 -4.3938e-01 1.1747e-01 7.4593e-01 -1.2989e-01 5.5597e-01 -9.2790e-01 3.4276e-01
-1.7528e-01 1.0527e-01 -9.4318e-01 1.0130e-02 -3.4302e-01 1.3289e-01 3.0409e-01 -5.9582e-01 3.4522e-03 -4.0521e-02 -3.3934e-02 -2.1801e-01 8.4043e-02 -2.7347e-01 -4.4287e-01 6.0408e-02 -4.5083e-02 -2.7120e-01 6.9266e-01 -1.9381e-01 6.3566e+00 -2.7832e-02 -1.7783e-01 2.0002e-02 7.3135e-01 2.0697e-02 -7.0277e-02 -4.6427e-02 -1.2546e-01 -1.5293e-01 -3.9655e-01 -1.3775e+00 -4.4039e-02 -1.0738e-01 -1.4253e+00 1.8494e-01 1.5526e-01 -9.1856e-02 -1.7058e-01 1.3509e+00 -1.5306e-02 -1.2168e-01 -1.4436e-01 -2.5354e-02 -1.8743e-01 -3.5163e-02 -6.8427e-02 -3.9952e-02 -7.9376e-02 -5.6431e-02 -1.0234e-01 3.4026e-02
-3.4555e-01 -1.9505e-01 1.3199e-01 -1.2320e+00 2.4375e+00 -3.7189e-01 -6.0774e-01 -3.5849e+00 -9.7809e-01 -1.8725e-03 -8.3791e-02 -2.7135e-01 3.6383e-01 -9.2091e-02 -2.0941e+00 -5.9480e-02 -1.4989e+00 7.3118e-01 -3.8374e-01 -2.6232e-01 -2.7832e-02 1.3860e+01 -1.0173e+00 1.7058e-01 -1.5181e-01 -1.3384e-01 2.5150e+00 1.4718e-01 -5.1224e-01 -6.0564e-01 -3.2442e-01 -2.0080e+00 6.4901e-01 -8.3788e-02 -1.2010e+00 -2.5972e-01 -2.9045e-01 -2.4752e-01 -5.5175e-01 3.2495e-01 -3.5506e-02 9.2270e-02 -6.8306e-02 -7.6290e-03 -1.4059e-01 -6.4311e-02 2.9083e-01 1.1192e-01 -8.1362e-02 -1.0903e-01 -1.7176e-01 -2.7243e-01
-1.9030e+00 -3.7407e-01 1.8370e+01 3.2431e+00 -6.3850e+00 1.2210e+00 -1.0378e+01 9.8936e-01 1.7188e+00 4.5651e-01 -9.0104e-01 -4.0009e+00 -1.5454e+00 -4.6725e+00 -1.2479e+01 3.4806e-01 3.2703e+00 3.5374e+00 -7.1163e+00 -9.5657e+00 -1.7783e-01 -1.0173e+00 6.7631e+01 -2.3720e-01 -1.1401e+01 -3.1697e-02 -8.2223e-01 -1.8243e+00 -1.2170e+00 -2.6593e+00 4.1226e-01 4.0019e-01 -6.5912e-01 -1.6388e-01 -1.7544e-01 4.2517e-01 -6.1476e-01 -6.2226e-01 1.3705e+01 -1.3787e+00 1.3194e+00 1.8329e-01 -7.6352e-01 -3.7472e-01 1.7003e-01 -3.7642e-01 1.8782e-01 5.4436e-01 2.7938e-01 3.7047e-01 1.5429e-01 -2.1454e-01
3.7723e-01 -2.5366e-01 1.3035e+00 -4.3533e-01 -3.8482e-01 -3.5791e-02 7.5875e-02 -6.1284e-01 -4.4459e-01 3.6981e-01 8.6524e-02 -4.0150e-01 -3.0265e-01 2.4600e-01 -6.1956e-01 -7.3554e-02 -5.1793e-01 -4.9591e-01 -6.2951e-01 -2.1512e-01 2.0002e-02 1.7058e-01 -2.3720e-01 9.5748e+00 1.9543e-01 -1.9556e-01 1.7775e-01 4.6945e-01 2.9544e-01 8.9943e-01 -3.6786e-01 3.3243e-01 -8.0254e-02 -2.1273e-02 5.3936e-01 -1.1809e-01 -1.6601e-01 -2.1763e-01 -4.9614e-01 1.1150e+00 7.5641e-01 -9.4959e-02 -4.8571e-02 -1.0247e-01 -1.4112e-01 -8.2877e-02 -3.0181e-02 -6.4869e-02 -3.1402e-02 -1.3308e-01 -4.7271e-02 -2.4579e-01
-4.9172e+00 -7.6964e-01 -1.1481e+01 -1.3856e+00 -8.0910e+00 -5.5525e-01 2.2512e+01 -3.2420e+00 -1.9086e+00 -2.8946e-01 3.1083e+00 -8.7499e+00 1.7694e+00 -3.8800e+00 -2.8443e+00 4.3005e-01 -1.0057e+01 1.1459e+01 4.1228e+01 -1.0884e+01 7.3135e-01 -1.5181e-01 -1.1401e+01 1.9543e-01 6.8828e+01 -6.2444e-01 2.8473e-01 -2.5409e+00 -2.9620e+00 -2.1822e+00 -1.6994e+00 1.7730e+00 8.2530e-01 -3.8272e-01 -9.1306e-01 -4.5425e-01 9.9433e-02 -7.0698e-01 -1.2877e+01 1.6711e+00 9.8801e-01 2.6116e-01 2.1294e+00 -2.4739e-01 -2.5614e+00 -1.7700e-01 9.6920e-01 -5.9510e-01 -2.5468e-01 -4.4744e-01 -4.8336e-01 -3.0996e-01
5.6454e-01 -1.5364e+00 1.6629e-01 -8.6364e-01 -1.0769e+00 8.0381e-01 9.6363e-01 -4.2615e-02 -1.1407e+00 -1.4152e-02 -1.5118e-01 -6.4080e-01 -1.1758e-01 2.3422e+00 -5.0972e-01 -1.4671e-01 1.9417e+00 -3.8284e-01 2.1874e-01 -8.8079e-01 2.0697e-02 -1.3384e-01 -3.1697e-02 -1.9556e-01 -6.2444e-01 1.3931e+01 -7.7356e-01 -4.9933e-01 -1.4003e+00 -4.8506e-01 -1.1086e+00 1.9186e+00 -8.6248e-01 -1.0135e-01 1.9296e+00 3.8297e-01 2.3320e-01 2.1992e-01 -5.4194e-01 -6.7338e-01 -3.7562e-02 2.4494e+00 -1.1842e-01 -1.5785e-01 -5.4564e-01 -1.4570e-01 -8.5995e-02 1.1128e-01 4.0306e-01 -8.8779e-02 -3.0522e-01 7.7337e-01
4.7168e+00 3.8888e-01 -2.9229e-01 -4.9165e+00 1.2624e+01 9.7577e-01 -2.4031e+00 -4.4562e+00 -4.5629e+00 3.0125e-02 5.2305e-01 -3.6733e-01 -1.0864e+00 -8.4053e-01 -2.1428e+00 7.3882e-01 -7.1152e+00 -4.5766e-01 -5.3056e-02 4.1237e-01 -7.0277e-02 2.5150e+00 -8.2223e-01 1.7775e-01 2.8473e-01 -7.7356e-01 2.9344e+01 -6.2409e-01 -1.8305e+00 -2.6180e-01 -4.5421e-01 -1.9582e+00 1.4737e+01 3.7282e-02 -3.3501e+00 -1.6505e-01 -7.4567e-01 -1.2719e+00 -1.3960e-02 -4.2386e+00 -2.1751e-01 3.0029e-01 -2.2315e-02 -8.9153e-02 -6.9398e-01 -9.9526e-02 -2.3395e-01 6.5994e-02 -2.6736e-01 -5.0781e-02 -5.9755e-02 1.0892e-01
8.3489e+00 8.2174e-02 4.1758e+00 -8.9654e-01 -1.1006e+00 2.5478e-01 -5.3575e+00 -7.4229e-01 -1.1594e+00 -1.1391e-01 6.2633e-01 -4.4668e+00 -1.3641e-02 -5.4152e+00 1.2287e+00 -4.7006e-01 -1.0906e-01 -2.9868e+00 -3.0014e+00 -6.3792e+00 -4.6427e-02 1.4718e-01 -1.8243e+00 4.6945e-01 -2.5409e+00 -4.9933e-01 -6.2409e-01 2.4945e+01 -1.8873e+00 2.5074e-01 -8.7015e-01 4.2107e-01 -5.0496e-01 -9.2375e-02 -4.5777e-01 9.1206e-02 3.0180e-02 -1.2876e+00 -6.1167e+00 3.2858e+00 -7.0028e-02 -9.3863e-02 -3.4223e-01 -1.1056e+00 -1.8680e+00 9.7106e-01 -5.0419e-01 -9.2489e-02 -7.3056e-02 1.3878e-01 -3.6187e-01 -2.2320e-02
-1.9664e+00 -6.4045e+00 -2.6075e+00 -6.0941e+00 4.3544e+00 3.2317e+00 -1.8902e-01 2.1379e+00 -5.1632e+00 1.2164e+00 -4.2933e-01 6.1068e+00 -8.7915e-01 4.6949e+00 -4.5007e-01 -6.6704e-01 -7.7355e+00 -1.5177e+00 -2.2445e+00 4.3282e+00 -1.2546e-01 -5.1224e-01 -1.2170e+00 2.9544e-01 -2.9620e+00 -1.4003e+00 -1.8305e+00 -1.8873e+00 4.5077e+01 -1.5834e+00 8.4259e+00 -7.7693e+00 -1.9399e+00 -2.8713e-01 -6.6906e+00 -2.7223e-01 3.1873e-01 -1.9726e+00 1.5762e+01 -4.7174e+00 -4.9900e-01 7.6797e+00 -7.5952e-01 -3.7973e-01 -2.6397e+00 -4.8244e-01 -3.2718e-01 -6.2403e-01 1.8491e+00 7.6218e-01 1.1772e-01 1.0796e+00
-5.6939e-01 -6.3788e-01 2.6664e+00 -1.0989e+00 -1.8954e+00 -5.6721e-01 -2.4759e+00 -7.5255e-02 -1.3459e+00 -6.3551e-01 1.8129e-01 -7.9102e-01 -1.2200e+00 -8.0229e-01 -5.3995e+00 -2.2185e-01 8.3605e-01 -6.7454e-01 -1.6335e-01 -1.6133e+00 -1.5293e-01 -6.0564e-01 -2.6593e+00 8.9943e-01 -2.1822e+00 -4.8506e-01 -2.6180e-01 2.5074e-01 -1.5834e+00 3.5119e+01 2.7024e+00 -1.1797e+00 3.2073e+00 1.1885e-02 -1.2644e+00 2.2355e+00 -4.3834e-01 2.9436e+00 -1.6124e+00 -1.3006e+00 -6.9284e-02 1.5139e+00 -8.0878e-01 -1.6799e-01 -8.2822e-01 1.7631e-01 -1.7451e-01 -3.2080e-01 -1.8818e-01 -2.6028e-01 6.3967e-02 -1.2563e+00
5.9368e+00 -1.4660e+01 -2.2365e+00 -2.0170e+00 -4.5760e+00 -3.7536e+00 -2.8297e+00 1.1876e+00 -2.0505e+00 -1.6163e+01 -5.1050e-01 -3.2155e+00 8.1691e+00 -4.3506e+00 2.5456e+00 -7.5007e-01 -1.9326e-01 2.2068e+00 3.1160e+00 -2.4308e+00 -3.9655e-01 -3.2442e-01 4.1226e-01 -3.6786e-01 -1.6994e+00 -1.1086e+00 -4.5421e-01 -8.7015e-01 8.4259e+00 2.7024e+00 7.1849e+01 -2.0954e+01 2.5589e+00 -1.0722e+00 -2.0057e+01 2.9572e+00 3.9641e+00 3.0130e+00 -3.5348e+00 -4.8164e+00 -2.7083e-01 1.8160e+01 -2.1158e+00 -2.8267e-01 2.4267e+00 -2.9889e-02 2.0149e-01 -4.8703e-01 1.4992e+00 -1.8654e-01 4.5295e+00 3.9137e+00
-8.3043e-01 9.9436e+00 -8.4432e+00 1.3249e+00 2.6090e+00 2.2271e+01 9.9989e+00 6.1205e+00 -1.2087e+00 9.0448e+00 9.9238e-01 6.7850e-01 6.4109e-01 2.8980e+00 -2.6827e+00 4.6449e-01 1.0173e+00 -6.2483e+00 1.6988e+00 4.9914e+00 -1.3775e+00 -2.0080e+00 4.0019e-01 3.3243e-01 1.7730e+00 1.9186e+00 -1.9582e+00 4.2107e-01 -7.7693e+00 -1.1797e+00 -2.0954e+01 6.5840e+01 -2.3014e+00 6.9961e-02 2.7681e+01 -7.5814e-01 -1.0320e+00 -2.7538e+00 -5.7242e+00 -4.4109e+00 -1.5589e-01 -1.2654e+01 3.1188e+00 5.3769e-01 3.6897e+00 1.9530e-01 4.1948e-01 -5.7597e-01 -1.3093e+00 -1.5984e+00 8.8540e-01 -8.0751e-01
5.2039e+00 -2.8281e-01 -2.1761e-01 -3.7129e+00 7.8194e+00 2.5000e+00 -2.0398e+00 -9.1357e-01 -3.6065e+00 4.6673e-01 2.7366e-01 -4.0436e-01 -7.7945e-01 -7.6727e-01 -7.5523e-01 -3.3902e-01 -4.8957e+00 -6.6126e-01 1.0893e-01 -7.8531e-01 -4.4039e-02 6.4901e-01 -6.5912e-01 -8.0254e-02 8.2530e-01 -8.6248e-01 1.4737e+01 -5.0496e-01 -1.9399e+00 3.2073e+00 2.5589e+00 -2.3014e+00 3.1156e+01 4.6410e-01 -6.6769e+00 -2.6788e-01 -6.5049e-01 -1.2611e+00 -9.5415e-01 -3.9926e+00 -1.3862e-01 1.7620e+00 -2.1591e-02 -1.1879e-01 -8.7560e-01 3.7913e-01 -3.0221e-01 -6.5507e-01 -3.7546e-01 -2.6702e-01 -8.4746e-02 -9.0038e-01
2.6524e-02 -2.3357e-01 -8.0214e-01 -5.5381e-01 1.0706e+00 1.8041e-02 9.9164e-01 -1.5414e+00 -4.9624e-01 8.2517e-01 -6.0909e-02 1.5878e-01 1.6538e+00 1.0156e-01 -4.3293e-01 -3.1813e-02 -5.3358e-01 -5.2468e-01 -1.6104e-01 -8.5738e-02 -1.0738e-01 -8.3788e-02 -1.6388e-01 -2.1273e-02 -3.8272e-01 -1.0135e-01 3.7282e-02 -9.2375e-02 -2.8713e-01 1.1885e-02 -1.0722e+00 6.9961e-02 4.6410e-01 1.3474e+01 -4.4495e-01 -2.3334e-01 -2.7339e-01 -1.7156e-01 1.1233e-02 1.4938e-01 -7.0589e-02 -6.5320e-01 1.6535e+00 -5.2909e-02 4.9874e-02 1.1594e-01 -2.0836e-01 1.3956e+00 -1.1953e-01 7.4951e-02 -2.2147e-01 -5.7998e-01
-1.3319e+00 1.3037e+01 -3.4916e+00 1.5472e+00 -2.3153e+00 6.0927e+00 6.1550e+00 3.2548e+00 -1.6177e-01 6.8743e+00 -5.1552e-01 3.6495e-01 -5.2307e-01 1.7313e+00 -9.3367e-01 3.8370e-01 4.1620e-02 -2.9179e+00 5.1540e-03 4.4556e-01 -1.4253e+00 -1.2010e+00 -1.7544e-01 5.3936e-01 -9.1306e-01 1.9296e+00 -3.3501e+00 -4.5777e-01 -6.6906e+00 -1.2644e+00 -2.0057e+01 2.7681e+01 -6.6769e+00 -4.4495e-01 4.9646e+01 -1.1478e+00 -9.7802e-01 -1.4818e+00 5.9882e-01 -3.9504e+00 -2.7803e-01 -1.5188e+01 2.8562e+00 4.4467e-01 2.9777e+00 -2.0781e-01 -2.0030e-01 -1.3527e+00 -1.3069e+00 1.2691e-01 3.8570e-01 7.6675e-01
7.7475e-01 -1.1615e-01 2.2622e+00 1.0621e-01 -1.7460e-01 -2.2524e+00 -6.6955e-01 -6.1119e-01 -9.1737e-02 -1.8340e+00 -1.2509e-01 1.3988e-02 -5.3713e-01 2.4655e-02 -1.7424e+00 2.6815e-01 7.0890e-02 2.7413e-01 -4.4683e-01 -3.3950e-01 1.8494e-01 -2.5972e-01 4.2517e-01 -1.1809e-01 -4.5425e-01 3.8297e-01 -1.6505e-01 9.1206e-02 -2.7223e-01 2.2355e+00 2.9572e+00 -7.5814e-01 -2.6788e-01 -2.3334e-01 -1.1478e+00 1.7240e+01 4.0609e+00 -1.5090e-01 2.6477e-01 7.3282e-01 -1.8009e-02 -1.0521e+00 -2.8600e-01 -8.1583e-02 3.0382e-01 1.6875e-01 -1.2142e-01 -1.4304e-01 7.2937e-02 -2.4106e-02 1.0029e+00 -9.4149e-01
3.3306e-01 -5.5416e-01 -3.9124e-01 -1.0953e+00 1.1372e+00 -6.3961e-01 -1.5355e+00 1.2392e+00 -1.1397e+00 -2.3645e+00 1.3574e-01 -5.1291e-01 -4.6470e-01 -6.3336e-01 3.0054e+00 -9.3703e-02 -9.0709e-01 -4.6319e-01 -7.3206e-01 -3.3112e-01 1.5526e-01 -2.9045e-01 -6.1476e-01 -1.6601e-01 9.9433e-02 2.3320e-01 -7.4567e-01 3.0180e-02 3.1873e-01 -4.3834e-01 3.9641e+00 -1.0320e+00 -6.5049e-01 -2.7339e-01 -9.7802e-01 4.0609e+00 2.0902e+01 -4.9768e-01 -3.7252e-01 -1.4564e+00 7.0846e-01 2.2683e-01 -2.0805e-01 -9.1851e-02 -5.1623e-01 9.2950e-01 -1.8629e-01 -3.0461e-01 -1.6194e-01 -2.0932e-01 6.3117e-01 -4.7263e-01
1.6709e+00 -2.1598e+00 1.5154e-01 -2.5712e+00 -1.7344e+00 9.3481e-01 3.2754e-01 8.3431e-01 -2.5573e+00 1.0085e-01 -3.5699e-01 8.8528e-01 2.0406e+00 5.3274e-01 -5.9586e-01 -2.8144e-01 2.9887e+00 -9.6829e-01 1.0995e+00 1.0493e-01 -9.1856e-02 -2.4752e-01 -6.2226e-01 -2.1763e-01 -7.0698e-01 2.1992e-01 -1.2719e+00 -1.2876e+00 -1.9726e+00 2.9436e+00 3.0130e+00 -2.7538e+00 -1.2611e+00 -1.7156e-01 -1.4818e+00 -1.5090e-01 -4.9768e-01 2.3417e+01 1.5809e+00 -6.8372e-01 -1.4941e-01 2.0542e+00 -5.9362e-01 -2.2021e-01 -1.0508e+00 -2.7555e-01 -2.8846e-01 -2.7309e-01 -1.1396e-01 -1.4546e-01 -2.0589e-01 -1.2128e-01
-4.0137e+00 -2.1424e-01 -2.0690e-01 -6.4422e+00 1.3271e+01 5.8958e-01 4.6053e+00 -3.3921e+00 -3.5245e+00 5.7196e-01 -1.5234e+00 1.7574e+01 -1.6766e+00 1.5823e+01 -4.1396e+00 1.2090e+00 -3.5266e+00 -3.5077e+00 -1.2908e+01 1.3775e+01 -1.7058e-01 -5.5175e-01 1.3705e+01 -4.9614e-01 -1.2877e+01 -5.4194e-01 -1.3960e-02 -6.1167e+00 1.5762e+01 -1.6124e+00 -3.5348e+00 -5.7242e+00 -9.5415e-01 1.1233e-02 5.9882e-01 2.6477e-01 -3.7252e-01 1.5809e+00 6.8694e+01 -2.2137e+00 -1.1335e+00 2.2621e-01 -8.0294e-01 -4.8531e-01 -7.1526e-01 -7.4060e-01 -2.1035e-01 -4.4127e-01 6.7682e-01 8.4054e-01 1.1715e-01 -2.4365e-01
-2.1037e+00 3.5535e+00 4.5221e-01 -3.8040e+00 -3.7424e+00 7.2149e-01 9.4110e+00 -1.4717e+01 -3.2825e+00 7.7035e-01 -1.0760e-01 -8.5527e-01 -4.2432e-01 2.3489e+00 -1.2791e+00 -6.2666e-02 -5.5219e+00 7.5210e-01 -5.7297e-01 -8.8737e-01 1.3509e+00 3.2495e-01 -1.3787e+00 1.1150e+00 1.6711e+00 -6.7338e-01 -4.2386e+00 3.2858e+00 -4.7174e+00 -1.3006e+00 -4.8164e+00 -4.4109e+00 -3.9926e+00 1.4938e-01 -3.9504e+00 7.3282e-01 -1.4564e+00 -6.8372e-01 -2.2137e+00 4.9723e+01 7.0107e-02 -4.1442e+00 -2.2740e+00 -9.6325e-02 -2.7812e+00 8.6996e-02 -4.1589e-01 -5.4943e-01 1.6867e-01 -7.7459e-01 -1.8092e-01 -5.5651e-01
-6.9791e-01 -4.4495e-02 -6.7217e-01 8.6249e-01 -2.6770e-01 -3.7970e-01 1.0362e+00 5.8110e-02 -6.8451e-02 -6.7240e-01 -2.2507e-01 -1.0551e+00 -3.1467e-01 -1.2018e+00 1.2158e-01 -1.0894e-01 2.1387e-02 1.1955e+00 2.0304e+00 -1.1379e+00 -1.5306e-02 -3.5506e-02 1.3194e+00 7.5641e-01 9.8801e-01 -3.7562e-02 -2.1751e-01 -7.0028e-02 -4.9900e-01 -6.9284e-02 -2.7083e-01 -1.5589e-01 -1.3862e-01 -7.0589e-02 -2.7803e-01 -1.8009e-02 7.0846e-01 -1.4941e-01 -1.1335e+00 7.0107e-02 8.6805e+00 -8.6701e-02 -1.2684e-01 -1.7105e-01 -3.9756e-01 -4.5560e-03 9.6218e-01 -1.6169e-02 -1.9506e-02 -1.2955e-01 -5.5425e-01 -1.6115e-01
1.7486e+00 -1.4230e+01 7.7028e-01 -4.9523e-01 -8.8974e-01 7.1371e-01 -1.7667e+00 -1.4586e-01 -5.3932e-01 -3.3094e+00 -7.0611e-02 2.3523e-01 -4.0125e-01 6.6122e-01 -3.6987e-01 -1.9662e-01 -7.6400e-03 -1.6075e+00 -2.7720e-01 -1.3525e+00 -1.2168e-01 9.2270e-02 1.8329e-01 -9.4959e-02 2.6116e-01 2.4494e+00 3.0029e-01 -9.3863e-02 7.6797e+00 1.5139e+00 1.8160e+01 -1.2654e+01 1.7620e+00 -6.5320e-01 -1.5188e+01 -1.0521e+00 2.2683e-01 2.0542e+00 2.2621e-01 -4.1442e+00 -8.6701e-02 3.3231e+01 -2.0652e+00 -2.6627e-01 -2.9643e+00 1.3927e-01 1.4093e-01 -2.6049e-01 1.6197e+00 2.1948e-01 2.5608e-02 1.0924e+01
-1.6914e-01 1.9291e+00 1.2136e+00 -1.3344e-01 -9.9237e-01 7.8364e-01 -5.7638e-01 3.8959e+00 -5.6738e-02 1.8585e-01 1.0050e-02 -1.7526e-01 -4.4802e-01 -4.1798e-01 7.9532e-03 1.1103e-01 -2.5544e+00 -8.9554e-01 2.3021e+00 2.5890e+00 -1.4436e-01 -6.8306e-02 -7.6352e-01 -4.8571e-02 2.1294e+00 -1.1842e-01 -2.2315e-02 -3.4223e-01 -7.5952e-01 -8.0878e-01 -2.1158e+00 3.1188e+00 -2.1591e-02 1.6535e+00 2.8562e+00 -2.8600e-01 -2.0805e-01 -5.9362e-01 -8.0294e-01 -2.2740e+00 -1.2684e-01 -2.0652e+00 1.9795e+01 -1.3379e-01 -1.1868e+00 5.0176e-01 -2.5206e-01 -1.5290e-01 -3.2700e-01 -6.2393e-02 3.9822e-02 6.1696e-02
5.1814e-01 6.6177e-01 3.3779e-01 3.1669e-02 -1.8874e-01 2.8149e-01 -1.2626e-01 1.1383e-01 -1.8760e-02 7.0315e-02 -2.8724e-01 1.0591e-01 -3.1793e-01 -3.0638e-02 -1.6630e-01 -9.9000e-02 4.0677e-02 7.9210e-02 -4.7119e-01 -4.6390e-01 -2.5354e-02 -7.6290e-03 -3.7472e-01 -1.0247e-01 -2.4739e-01 -1.5785e-01 -8.9153e-02 -1.1056e+00 -3.7973e-01 -1.6799e-01 -2.8267e-01 5.3769e-01 -1.1879e-01 -5.2909e-02 4.4467e-01 -8.1583e-02 -9.1851e-02 -2.2021e-01 -4.8531e-01 -9.6325e-02 -1.7105e-01 -2.6627e-01 -1.3379e-01 7.8929e+00 4.2292e-01 -1.0911e-01 2.4659e-01 -3.7486e-02 -2.0970e-02 -1.6916e-01 -1.2321e-02 3.3391e-01
1.8911e+00 -1.9609e+00 -1.0250e+00 1.9578e-01 4.3594e+00 8.8128e-01 2.1692e+00 -5.6188e-01 7.3917e-02 -1.8515e+00 -8.8672e-03 7.7309e+00 -5.7750e-01 7.2848e+00 -1.1594e+00 1.0397e+00 -9.3534e-01 4.3405e+00 -7.8475e-01 7.8364e+00 -1.8743e-01 -1.4059e-01 1.7003e-01 -1.4112e-01 -2.5614e+00 -5.4564e-01 -6.9398e-01 -1.8680e+00 -2.6397e+00 -8.2822e-01 2.4267e+00 3.6897e+00 -8.7560e-01 4.9874e-02 2.9777e+00 3.0382e-01 -5.1623e-01 -1.0508e+00 -7.1526e-01 -2.7812e+00 -3.9756e-01 -2.9643e+00 -1.1868e+00 4.2292e-01 3.2657e+01 -1.2239e-01 -2.3677e-01 5.2587e-02 -4.3852e-01 -3.6247e-01 -1.3830e-01 1.2163e+00
-5.5153e-02 4.3725e-02 -6.9600e-02 -5.3244e-01 5.1683e-01 1.1274e-01 -5.0833e-01 1.6657e-01 -5.7456e-01 2.2641e-01 -1.0338e-01 1.7384e-01 -6.4044e-02 2.4460e-02 1.1076e+00 -6.8427e-02 -6.2405e-01 -1.9675e-01 -4.2155e-02 -4.3938e-01 -3.5163e-02 -6.4311e-02 -3.7642e-01 -8.2877e-02 -1.7700e-01 -1.4570e-01 -9.9526e-02 9.7106e-01 -4.8244e-01 1.7631e-01 -2.9889e-02 1.9530e-01 3.7913e-01 1.1594e-01 -2.0781e-01 1.6875e-01 9.2950e-01 -2.7555e-01 -7.4060e-01 8.6996e-02 -4.5560e-03 1.3927e-01 5.0176e-01 -1.0911e-01 -1.2239e-01 8.6225e+00 -9.4203e-02 -5.1662e-02 -4.4605e-02 -1.4466e-01 4.3714e-02 -1.7357e-02
-1.0855e+00 1.9185e-01 -1.4816e+00 -3.1698e-03 7.7526e-01 1.1163e-01 3.2677e+00 1.0852e+00 5.5836e-02 -2.2381e-01 -1.2459e-01 -2.6170e-01 -1.7848e-01 -3.5297e-01 1.3231e-02 1.8792e-01 -3.4852e-01 -4.6714e-01 1.6950e+00 1.1747e-01 -6.8427e-02 2.9083e-01 1.8782e-01 -3.0181e-02 9.6920e-01 -8.5995e-02 -2.3395e-01 -5.0419e-01 -3.2718e-01 -1.7451e-01 2.0149e-01 4.1948e-01 -3.0221e-01 -2.0836e-01 -2.0030e-01 -1.2142e-01 -1.8629e-01 -2.8846e-01 -2.1035e-01 -4.1589e-01 9.6218e-01 1.4093e-01 -2.5206e-01 2.4659e-01 -2.3677e-01 -9.4203e-02 1.2053e+01 -1.0908e-01 -1.4129e-01 -1.3622e-01 5.2254e-01 3.5960e-02
-3.1560e-01 -1.1780e-01 -3.3136e-01 -3.1544e-02 3.6500e-02 6.7513e-02 -3.2159e-01 2.9703e-01 7.0955e-01 6.6665e-01 -5.2314e-02 1.1381e+00 1.3702e+00 -1.8727e-01 -6.7094e-01 5.9737e-02 -2.9537e-02 -2.9661e-01 -3.9647e-01 7.4593e-01 -3.9952e-02 1.1192e-01 5.4436e-01 -6.4869e-02 -5.9510e-01 1.1128e-01 6.5994e-02 -9.2489e-02 -6.2403e-01 -3.2080e-01 -4.8703e-01 -5.7597e-01 -6.5507e-01 1.3956e+00 -1.3527e+00 -1.4304e-01 -3.0461e-01 -2.7309e-01 -4.4127e-01 -5.4943e-01 -1.6169e-02 -2.6049e-01 -1.5290e-01 -3.7486e-02 5.2587e-02 -5.1662e-02 -1.0908e-01 1.2108e+01 -4.8178e-02 -1.2161e-01 -9.1770e-03 -1.1374e-01
4.3265e-01 -1.0666e+00 1.7777e+00 -2.1831e-01 -7.0369e-01 3.1889e-01 2.3650e-01 -1.3142e+00 -1.5849e-01 1.1891e-01 -2.6122e-02 -1.0527e-01 2.3709e-01 -1.7497e-01 7.9672e-02 3.3277e-01 -2.4142e-02 -7.6116e-02 -1.0807e-01 -1.2989e-01 -7.9376e-02 -8.1362e-02 2.7938e-01 -3.1402e-02 -2.5468e-01 4.0306e-01 -2.6736e-01 -7.3056e-02 1.8491e+00 -1.8818e-01 1.4992e+00 -1.3093e+00 -3.7546e-01 -1.1953e-01 -1.3069e+00 7.2937e-02 -1.6194e-01 -1.1396e-01 6.7682e-01 1.6867e-01 -1.9506e-02 1.6197e+00 -3.2700e-01 -2.0970e-02 -4.3852e-01 -4.4605e-02 -1.4129e-01 -4.8178e-02 9.3904e+00 1.2454e-01 -1.3717e-02 8.4469e-02
-6.4461e-01 -1.3222e-02 1.0940e+00 9.1824e-01 1.4074e+00 -1.5796e+00 -1.0397e-01 -9.7587e-01 8.3623e-01 5.3790e-02 -1.6446e-01 9.7647e-01 -1.5322e-01 7.6084e-01 -1.1832e+00 -8.2564e-02 6.9074e-01 1.5288e+00 -5.6123e-01 5.5597e-01 -5.6431e-02 -1.0903e-01 3.7047e-01 -1.3308e-01 -4.4744e-01 -8.8779e-02 -5.0781e-02 1.3878e-01 7.6218e-01 -2.6028e-01 -1.8654e-01 -1.5984e+00 -2.6702e-01 7.4951e-02 1.2691e-01 -2.4106e-02 -2.0932e-01 -1.4546e-01 8.4054e-01 -7.7459e-01 -1.2955e-01 2.1948e-01 -6.2393e-02 -1.6916e-01 -3.6247e-01 -1.4466e-01 -1.3622e-01 -1.2161e-01 1.2454e-01 1.2429e+01 1.0934e-02 1.3717e-01
3.3478e-01 -3.8152e-02 -2.6038e+00 -1.5844e+00 -3.5704e-01 4.2016e-01 -5.2455e-01 1.5671e-01 1.9377e-01 8.0728e+00 6.3535e-02 -3.4481e-01 3.8194e-01 -2.9527e-01 4.5611e+00 -8.3230e-02 1.4382e-01 1.3652e-01 4.9053e-01 -9.2790e-01 -1.0234e-01 -1.7176e-01 1.5429e-01 -4.7271e-02 -4.8336e-01 -3.0522e-01 -5.9755e-02 -3.6187e-01 1.1772e-01 6.3967e-02 4.5295e+00 8.8540e-01 -8.4746e-02 -2.2147e-01 3.8570e-01 1.0029e+00 6.3117e-01 -2.0589e-01 1.1715e-01 -1.8092e-01 -5.5425e-01 2.5608e-02 3.9822e-02 -1.2321e-02 -1.3830e-01 4.3714e-02 5.2254e-01 -9.1770e-03 -1.3717e-02 1.0934e-02 1.6664e+01 -4.5349e-02
-6.0747e-01 6.5806e+00 -3.9475e-02 -2.1108e-01 -1.1697e+00 1.9701e+00 3.1588e-01 5.3702e-01 -4.8428e-01 -1.3610e+00 -1.4287e-02 -4.1484e-02 -1.1701e-01 3.6554e-01 -4.8939e-01 9.3374e-02 -8.2623e-02 -9.3413e-01 4.6895e-02 3.4276e-01 3.4026e-02 -2.7243e-01 -2.1454e-01 -2.4579e-01 -3.0996e-01 7.7337e-01 1.0892e-01 -2.2320e-02 1.0796e+00 -1.2563e+00 3.9137e+00 -8.0751e-01 -9.0038e-01 -5.7998e-01 7.6675e-01 -9.4149e-01 -4.7263e-01 -1.2128e-01 -2.4365e-01 -5.5651e-01 -1.6115e-01 1.0924e+01 6.1696e-02 3.3391e-01 1.2163e+00 -1.7357e-02 3.5960e-02 -1.1374e-01 8.4469e-02 1.3717e-01 -4.5349e-02 1.8299e+01
