1.2732e+02 -2.1089e+01 -7.5310e+00 -2.0857e+01 -3.6453e+01 1.2200e+01 -4.7274e+00 2.6775e+01 -2.2691e+01 -7.5436e+00 -7.2528e-01 -2.0570e+01 -1.6361e+01 2.3224e+00 4.3696e+00 1.5571e+00 1.8737e+01 -3.2891e+00 -4.7237e-01 -3.6467e+00 2.2353e+00 1.6526e-01 3.1743e+00 4.6514e+00 8.3327e+00 -1.6338e-01 -1.1891e+01 -1.0732e+01 -6.7367e+00 1.5787e+01 2.0349e+01 -1.1211e+01 4.8278e-01 1.7253e+01 -1.3364e+00 1.9586e+00 -2.0680e+00 1.2333e-01 -6.5486e-01 3.5757e+00 -1.0152e+00 6.6802e-01 -3.8029e+00 -4.1789e+00 9.9623e-01 -4.4347e-01 3.3246e+00 -5.5873e-01 -4.2396e-02 1.6445e+00 -4.5129e-01 -9.6770e-01
-2.1089e+01 9.7803e+01 -4.1948e+00 -2.0625e+01 5.7421e+00 -2.2340e+01 1.0960e+01 3.6902e+01 -3.7036e+01 7.8794e+00 -1.8699e+00 -1.9506e+01 1.1731e+01 8.4865e-02 -1.4869e+01 1.8419e+00 1.4351e+01 -1.6307e+00 -2.9172e+00 -4.2633e-01 -2.8658e+00 3.9653e-01 -4.1258e+00 -5.5296e+00 4.2776e+00 3.6256e-01 -6.5083e+00 2.2561e+01 4.2427e+00 -1.4030e+01 -1.2290e+01 5.3922e+00 -3.3110e+00 -7.6619e+00 6.8903e-01 5.9529e+00 -3.0289e+00 3.9872e+00 3.1710e+00 2.5366e+00 -8.3932e-01 -2.4768e-01 -2.8431e+00 -5.8762e+00 -1.9238e+00 3.4084e-01 -3.7205e+00 -2.1721e-01 -1.6366e-01 7.7859e-02 -2.9902e+00 2.1511e+00
-7.5310e+00 -4.1948e+00 1.0659e+02 9.9706e+00 -1.8410e+01 -1.1680e+01 2.0663e+01 -2.9602e+01 3.0717e+01 -2.2390e+01 -1.6373e+00 1.2958e+01 -2.5400e+01 -8.8090e-01 -1.7662e+01 -6.5442e+00 1.8829e+01 3.8845e+00 1.9032e-01 7.3901e-01 -8.4149e-01 -4.3885e-01 -3.9984e+00 -5.9797e+00 6.6320e+00 -5.6492e-01 -3.4329e+00 1.7750e+01 6.5616e+00 1.2412e+00 7.4015e+00 9.8049e+00 2.2321e-01 6.9790e+00 -1.2051e+00 -2.7412e+00 -2.9380e+00 3.0040e-01 -8.9056e+00 8.9122e-01 3.6376e+00 -1.1166e-01 -6.1601e-01 3.1440e+00 -1.6015e+00 -2.6512e-01 2.7072e+00 2.1933e-04 4.4719e-02 -5.6949e-01 7.7585e-02 2.4967e-01
-2.0857e+01 -2.0625e+01 9.9706e+00 8.6428e+01 1.7827e+01 -5.4410e+00 -1.3601e+01 -3.1050e+01 2.5525e+01 -5.5480e+00 3.6862e-01 2.9517e+01 -7.6251e+00 -1.3283e+00 4.9540e+00 9.5355e+00 -1.7865e+01 5.3899e+00 3.4116e-01 -1.8203e+00 -2.9438e+00 -8.3489e-02 7.6437e-01 -2.8228e+00 -5.2446e+00 -8.7787e+00 -7.0937e+00 3.8922e+00 -4.7208e+00 -4.5898e+00 -1.2862e+01 -5.1591e+00 9.6446e+00 -4.0695e+00 -6.1495e-01 -1.3530e+00 1.7369e+01 -1.6645e+00 -1.8010e+00 -5.4750e+00 1.8886e-01 -1.9712e+00 -5.6587e-01 2.4711e+00 -3.4008e-01 -5.0471e-01 -5.7073e-01 -1.4738e+00 -4.6279e-01 -4.3311e-02 3.7601e-01 5.7310e-01
-3.6453e+01 5.7421e+00 -1.8410e+01 1.7827e+01 8.6807e+01 3.2483e-01 -2.1078e+00 9.8033e-01 -8.1777e+00 1.6285e+01 1.7615e-01 1.3921e+00 2.5024e+01 -2.0438e+00 8.1070e+00 8.5954e+00 -1.9539e+01 -7.6932e-01 5.6939e-01 -6.9228e+00 -4.4913e+00 -9.0460e-02 -3.2533e-01 -1.2059e+00 1.8186e+00 -5.2423e+00 -1.0907e+01 1.8233e+01 1.3236e+00 -7.7617e+00 -1.5459e+01 -8.6130e+00 -2.5032e+00 -9.6974e+00 8.8489e-01 -4.0618e+00 1.2107e+01 4.4550e+00 3.5339e+00 -2.5617e+00 6.2304e+00 -1.9721e+00 3.6252e+00 -1.7167e+00 7.3903e-01 5.1974e-01 -1.1471e+00 -1.5507e+00 -3.2295e-01 9.0550e-01 4.1675e-01 -6.5247e-03
1.2200e+01 -2.2340e+01 -1.1680e+01 -5.4410e+00 3.2483e-01 7.5197e+01 -1.0702e+00 -2.6358e+00 5.3657e+00 -2.6704e+00 2.2277e+00 -1.4062e+00 -3.0993e+00 2.8259e+00 2.2647e+01 -1.1127e+01 -1.2331e+01 6.9742e-01 -6.3858e-02 -8.0880e-01 -1.3644e+00 1.9927e-01 2.5660e-01 8.5347e+00 3.3472e+00 1.1653e+01 4.7392e+00 -9.4442e+00 -3.3551e+00 -5.2413e+00 9.8078e+00 -1.1366e+01 1.3749e+00 -2.6866e+00 -3.9795e-01 -1.1556e+00 -2.8764e+00 -1.3531e+00 -1.1714e+00 -2.7825e+00 2.7349e-01 1.3479e+00 -1.6147e-01 6.9321e+00 -4.9148e-01 1.2526e-01 -1.3571e+00 4.6268e-01 -5.4760e-01 3.9578e-01 -4.8220e-02 -1.3399e-01
-4.7274e+00 1.0960e+01 2.0663e+01 -1.3601e+01 -2.1078e+00 -1.0702e+00 8.6270e+01 5.5719e+00 2.1529e+00 -2.2891e+01 -1.1484e-01 -5.3129e+00 -1.8715e+01 3.5957e+00 -1.0647e+01 -1.5276e+01 3.2347e+01 -2.1458e+00 -5.7963e-03 3.7390e+00 2.7556e+00 5.9874e-01 -1.1306e+00 -1.5815e+00 7.0264e+00 -7.0460e-01 -1.3531e+01 2.2763e+01 1.9992e+01 8.8026e+00 9.6545e+00 2.1438e+01 -3.3383e+00 1.1391e+01 8.0525e-01 3.2338e+00 4.1757e-01 -7.2556e-01 -7.5480e+00 1.8653e+00 -9.4371e-01 3.9110e-01 7.3351e+00 -8.1170e-01 -1.4140e-01 -6.2879e-02 2.3060e+00 4.5188e-01 1.1092e-01 1.7454e-01 1.1482e-01 2.8102e-01
2.6775e+01 3.6902e+01 -2.9602e+01 -3.1050e+01 9.8033e-01 -2.6358e+00 5.5719e+00 9.4382e+01 -6.8256e+01 4.1600e+00 -1.0042e+00 -2.8610e+01 6.7826e+00 4.5785e-01 5.3594e-01 8.0059e-01 1.6185e+01 -8.4496e+00 1.1070e+01 1.7442e+00 1.2049e+00 -1.1087e+00 -2.8822e-01 3.8895e-01 1.0774e+00 -4.6057e-01 -2.1052e+01 8.3376e+00 6.6627e+00 -6.3389e+00 3.8699e+00 -1.9053e+00 -1.0009e+01 5.8370e+00 5.8274e-01 2.8074e+00 -7.2088e+00 2.0451e+00 3.5481e+00 3.0680e+00 -1.0721e+00 -1.9965e-01 -3.0972e+00 -6.8174e+00 8.6147e-01 4.9675e-02 8.2838e-01 -3.3722e-01 -2.4638e-01 1.3436e-02 1.1002e+01 -2.3645e+00
-2.2691e+01 -3.7036e+01 3.0717e+01 2.5525e+01 -8.1777e+00 5.3657e+00 2.1529e+00 -6.8256e+01 1.1665e+02 2.5792e+00 -3.2797e-02 2.5194e+01 -3.9041e+00 -5.1985e+00 -6.5020e+00 7.1379e+00 -1.8752e+01 4.9103e+00 1.3485e+00 -1.1500e+00 -3.8956e+00 -1.2326e+00 1.9417e-01 -2.2771e+00 -6.3353e+00 -1.4453e+00 2.3583e+01 -1.0420e+01 -8.6739e+00 9.3115e+00 -3.2710e+00 2.2172e+00 1.0338e+01 -2.9675e+00 -1.0134e+00 1.2382e+00 8.0004e+00 -4.5059e+00 -4.6340e-02 -1.8565e-01 1.3607e+00 2.9445e-01 -3.2362e-02 8.4901e+00 -1.3580e+00 -7.2160e-03 -9.2689e-01 2.2451e-01 -4.2125e-02 1.4206e-01 1.3763e+00 2.7292e+00
-7.5436e+00 7.8794e+00 -2.2390e+01 -5.5480e+00 1.6285e+01 -2.6704e+00 -2.2891e+01 4.1600e+00 2.5792e+00 5.8232e+01 -2.0901e-01 -6.8727e+00 3.9809e+01 -7.0862e+00 8.9506e-01 2.9513e+01 -2.5155e+01 -7.3482e-01 3.2209e-02 -5.9558e+00 -3.7025e+00 4.2425e-01 1.8652e+00 -1.3808e+00 -2.0613e+01 1.4152e+00 2.3201e+01 -1.3388e+01 -1.1974e+01 -1.2773e+01 -1.3428e+01 -6.7804e+00 -1.0078e+00 -1.4365e+01 -2.5000e-01 -2.7699e+00 -6.6087e-01 -6.6468e-01 2.2819e+01 -3.5668e+00 -4.2732e-02 -3.7306e-01 -1.5737e+01 -9.2456e-01 -2.3650e-01 1.9399e-01 -3.5885e-01 -2.6898e-01 -5.8090e-02 9.8890e-02 -6.4711e-02 -3.5728e-02
-7.2528e-01 -1.8699e+00 -1.6373e+00 3.6862e-01 1.7615e-01 2.2277e+00 -1.1484e-01 -1.0042e+00 -3.2797e-02 -2.0901e-01 1.2983e+01 2.5402e-01 -2.5437e-01 -1.7038e-01 2.5341e+00 -1.3273e+00 -1.2132e+00 -3.0670e-01 1.7330e-02 -3.4537e-01 -1.7918e-01 8.7639e-02 1.5304e+00 -3.0668e-01 6.4874e-01 -1.9154e-01 -1.5618e+00 -5.2276e-01 -5.8921e-01 5.5598e-01 5.3018e-01 -4.2306e-01 2.8834e-01 5.6683e-01 -1.3494e-01 4.4323e-01 4.3638e-01 1.5591e-01 -1.0862e+00 7.0543e-01 -3.6923e-01 1.4837e-01 6.8081e-01 5.3499e-01 -1.4799e-01 3.1052e-01 -4.2408e-02 5.1475e-01 -4.1999e-02 -9.8309e-02 -1.5327e-03 1.0481e-01
-2.0570e+01 -1.9506e+01 1.2958e+01 2.9517e+01 1.3921e+00 -1.4062e+00 -5.3129e+00 -2.8610e+01 2.5194e+01 -6.8727e+00 2.5402e-01 5.3237e+01 -9.4740e+00 -1.6215e+00 8.0456e+00 -3.2311e+00 -1.9041e+01 5.8371e+00 -3.1668e-01 -1.9288e+00 7.7351e-01 9.2518e-02 1.2913e+00 -1.8201e+00 -3.7990e+00 -1.7362e+00 8.7338e+00 -1.0848e+01 -5.2399e+00 -5.5229e+00 -5.6415e+00 4.1824e+00 1.1042e+01 -3.9606e+00 -7.5437e-01 -1.5245e+00 -5.8424e-01 -1.6965e+00 -2.7429e+00 -2.9025e+00 2.8711e-01 -2.1678e-01 1.7519e-01 3.0962e+00 -3.6534e-01 9.3114e-02 -5.2349e-01 -3.4109e-01 -9.6157e-02 1.4974e+00 -3.0105e-01 -4.2486e-01
-1.6361e+01 1.1731e+01 -2.5400e+01 -7.6251e+00 2.5024e+01 -3.0993e+00 -1.8715e+01 6.7826e+00 -3.9041e+00 3.9809e+01 -2.5437e-01 -9.4740e+00 8.0266e+01 2.2017e+00 3.2493e+00 2.4726e+01 -4.4325e+01 -1.8094e+00 9.3236e-02 -1.0108e+01 4.6358e+00 -1.7395e+00 1.4611e+00 -1.4148e+00 -3.8809e+00 1.5246e+00 1.6346e+01 -5.0016e+00 -7.3445e+00 -1.5676e+01 -1.7417e+01 -1.1117e+01 -2.6730e+00 -1.8682e+01 1.5130e+00 -2.6457e+00 -7.9467e-01 1.0276e+00 1.6458e+01 -6.6930e-01 -8.7955e-01 -5.5411e-01 -8.5963e+00 -1.5781e+00 1.2633e+00 8.7810e-02 -1.0653e+00 -1.4023e-01 2.6072e-02 9.3795e-01 -5.7062e-02 3.0563e-01
2.3224e+00 8.4865e-02 -8.8090e-01 -1.3283e+00 -2.0438e+00 2.8259e+00 3.5957e+00 4.5785e-01 -5.1985e+00 -7.0862e+00 -1.7038e-01 -1.6215e+00 2.2017e+00 2.9732e+01 3.7598e+00 -7.9461e+00 -1.1909e+00 -1.5459e-01 3.6447e-02 9.1566e-01 9.4377e+00 -4.3034e-01 -3.1065e-01 7.0230e-01 1.1470e+01 -2.1418e-01 -4.7687e+00 -3.3178e-01 -3.8837e+00 3.5726e+00 3.8052e+00 1.0763e+00 -9.7716e-02 3.2217e+00 6.2013e-01 2.2050e+00 -1.3912e+00 2.8871e+00 -3.9554e+00 2.9225e+00 2.5435e+00 -4.4894e-01 4.6927e+00 -8.3015e-02 -3.8853e-01 8.9241e-02 -2.4604e-01 -3.2650e-04 -9.8036e-02 -3.0386e-01 2.0580e-02 -6.0946e-02
4.3696e+00 -1.4869e+01 -1.7662e+01 4.9540e+00 8.1070e+00 2.2647e+01 -1.0647e+01 5.3594e-01 -6.5020e+00 8.9506e-01 2.5341e+00 8.0456e+00 3.2493e+00 3.7598e+00 5.9764e+01 -7.3065e+00 -2.7272e+01 4.1866e+00 -7.5704e-01 -3.8690e+00 4.3334e+00 -1.3110e-01 -5.7033e-01 6.4268e+00 -2.3251e+00 -7.5256e-01 1.5634e+00 -5.6725e+00 -7.4142e+00 -5.8833e+00 -8.5302e+00 -7.3968e+00 -5.9160e+00 -8.4623e+00 -8.0226e-01 -2.2168e+00 -5.1988e-01 -6.1240e-01 -5.0767e+00 -3.0966e+00 -1.7612e-01 1.6602e-01 2.3404e+00 -8.2277e-01 -2.1856e-02 -1.4397e-01 -1.1262e+00 -1.0027e-01 3.4178e-01 1.9558e-01 5.0611e-01 -6.6389e-01
1.5571e+00 1.8419e+00 -6.5442e+00 9.5355e+00 8.5954e+00 -1.1127e+01 -1.5276e+01 8.0059e-01 7.1379e+00 2.9513e+01 -1.3273e+00 -3.2311e+00 2.4726e+01 -7.9461e+00 -7.3065e+00 6.0207e+01 -2.1706e+01 -8.6124e-01 -1.9052e-01 -3.2912e+00 -2.5754e+00 -1.1299e+00 -4.0036e-01 -1.9751e+00 -2.3753e+01 -1.4157e+01 2.1515e+01 -6.1255e+00 -9.7948e+00 -1.2830e+01 -2.6766e+01 1.7591e+00 -4.6855e-01 -1.1768e+01 -2.4446e-01 -2.0405e+00 6.5525e+00 -2.3436e+00 2.5025e+01 -2.0647e+00 3.9517e-01 -2.0808e+00 -1.8077e+01 -1.6398e-01 -6.1245e-01 4.0606e-01 -4.5978e-01 -1.6583e+00 1.8645e-01 3.4056e-01 -1.7570e-01 -9.0026e-02
1.8737e+01 1.4351e+01 1.8829e+01 -1.7865e+01 -1.9539e+01 -1.2331e+01 3.2347e+01 1.6185e+01 -1.8752e+01 -2.5155e+01 -1.2132e+00 -1.9041e+01 -4.4325e+01 -1.1909e+00 -2.7272e+01 -2.1706e+01 1.0927e+02 -2.9267e+00 -2.7515e-01 1.0739e+01 -4.5782e+00 1.9998e+00 -3.0653e+00 -4.6067e+00 4.1811e+00 -1.6151e+00 -2.3100e+01 2.4111e+01 1.3374e+01 2.9163e+01 2.9946e+01 1.4154e+01 -1.0267e+00 3.1211e+01 -7.3783e-01 5.6482e+00 3.6492e-01 5.7637e+00 -1.5655e+01 9.2497e+00 2.8666e+00 1.3480e-01 1.0014e+01 -3.3504e+00 -1.9537e+00 -4.7187e-01 4.4189e-01 4.1335e-01 4.3531e-02 -7.1045e-01 -3.3559e-01 -4.3771e-02
-3.2891e+00 -1.6307e+00 3.8845e+00 5.3899e+00 -7.6932e-01 6.9742e-01 -2.1458e+00 -8.4496e+00 4.9103e+00 -7.3482e-01 -3.0670e-01 5.8371e+00 -1.8094e+00 -1.5459e-01 4.1866e+00 -8.6124e-01 -2.9267e+00 2.2036e+01 -1.9870e+00 -4.9160e-01 -2.2206e-01 -1.0002e-01 -6.4644e-01 1.0535e+00 -1.4345e-01 -1.6680e-01 6.3181e+00 1.1760e+00 -1.6502e+00 -1.3433e+00 -9.9575e-01 -2.3315e+00 -2.1348e+00 -9.7592e-01 -2.8223e-01 -6.8680e-01 1.8025e-01 -7.0102e-01 -1.3374e+00 1.7485e+00 -4.0014e-01 -6.9771e-02 9.4876e-01 -3.0921e-01 2.5826e-02 1.1118e-01 -7.6992e-01 -5.8342e-02 -2.2849e-02 -5.4112e-02 -2.0553e+00 8.0699e-01
-4.7237e-01 -2.9172e+00 1.9032e-01 3.4116e-01 5.6939e-01 -6.3858e-02 -5.7963e-03 1.1070e+01 1.3485e+00 3.2209e-02 1.7330e-02 -3.1668e-01 9.3236e-02 3.6447e-02 -7.5704e-01 -1.9052e-01 -2.7515e-01 -1.9870e+00 2.3694e+01 -8.3568e-02 -2.0440e-01 -4.8622e-01 -1.8233e-01 -7.2251e-01 -3.2782e-01 -9.1904e-02 2.4259e-01 -4.1953e-02 5.8805e-01 2.6796e-01 1.5462e-01 2.5592e-01 -9.2145e-01 1.9195e-01 -4.6791e-01 -4.5601e+00 1.9647e-01 -4.7651e-01 3.6274e-02 2.1741e-01 7.4143e-01 7.1772e-03 6.0094e+00 -3.9098e-02 3.0817e-02 -4.5117e-02 -3.4312e-01 -5.2489e-02 2.8779e-02 -1.1759e-01 2.1117e+01 2.0175e+00
-3.6467e+00 -4.2633e-01 7.3901e-01 -1.8203e+00 -6.9228e+00 -8.0880e-01 3.7390e+00 1.7442e+00 -1.1500e+00 -5.9558e+00 -3.4537e-01 -1.9288e+00 -1.0108e+01 9.1566e-01 -3.8690e+00 -3.2912e+00 1.0739e+01 -4.9160e-01 -8.3568e-02 3.4483e+01 -1.5608e+00 -5.8778e-01 -4.1323e-01 -6.3999e-01 -3.5711e+00 9.9173e-01 -5.8667e+00 5.1292e-01 4.8389e+00 2.0499e+00 3.3022e+00 6.3627e+00 -2.1046e-01 2.4794e+00 8.2041e-01 8.3757e-01 -1.2586e+00 -1.5708e+00 -2.5706e+00 -2.2968e+00 -4.4821e-01 7.1398e-01 4.8322e-01 9.5448e-01 1.8322e-03 2.2589e-02 -9.3488e-01 -1.4132e-01 8.6494e-02 -1.3278e-01 -1.0211e-02 -9.6119e-02
2.2353e+00 -2.8658e+00 -8.4149e-01 -2.9438e+00 -4.4913e+00 -1.3644e+00 2.7556e+00 1.2049e+00 -3.8956e+00 -3.7025e+00 -1.7918e-01 7.7351e-01 4.6358e+00 9.4377e+00 4.3334e+00 -2.5754e+00 -4.5782e+00 -2.2206e-01 -2.0440e-01 -1.5608e+00 3.2011e+01 -4.5099e-01 3.0978e-01 1.2012e-01 4.6520e+00 -1.4559e+00 -2.7737e+00 1.0953e+00 -1.6033e+00 5.0705e-01 1.5643e+00 -2.3363e+00 -7.6392e-01 3.8880e-01 -1.2925e-01 1.5048e+00 -2.0703e+00 2.4242e+00 -2.5542e+00 6.5547e-01 -7.9102e-01 -2.2139e-01 3.3226e+00 -5.4487e-01 -1.3480e-01 -8.5925e-02 7.2867e-01 -2.2111e-01 -1.2070e-02 -5.6389e-02 -2.5455e-01 4.8688e-01
1.6526e-01 3.9653e-01 -4.3885e-01 -8.3489e-02 -9.0460e-02 1.9927e-01 5.9874e-01 -1.1087e+00 -1.2326e+00 4.2425e-01 8.7639e-02 9.2518e-02 -1.7395e+00 -4.3034e-01 -1.3110e-01 -1.1299e+00 1.9998e+00 -1.0002e-01 -4.8622e-01 -5.8778e-01 -4.5099e-01 1.0139e+01 -2.9050e-04 -1.2154e-01 9.5941e-01 -2.7110e-01 1.2278e-01 -1.5885e+00 -1.0986e+00 1.5725e+00 1.4926e+00 -6.3827e-01 -1.5844e-01 1.6914e+00 -1.4875e-01 6.5004e-01 -9.8169e-02 -4.2687e-01 -1.9076e-01 -4.0334e-01 -1.7536e-01 7.4461e-02 1.7238e+00 -1.0678e-01 -9.9823e-02 -1.2969e-02 -7.2524e-02 -5.9088e-02 -1.2026e-02 -1.0394e-02 -5.3085e-01 1.3686e+00
3.1743e+00 -4.1258e+00 -3.9984e+00 7.6437e-01 -3.2533e-01 2.5660e-01 -1.1306e+00 -2.8822e-01 1.9417e-01 1.8652e+00 1.5304e+00 1.2913e+00 1.4611e+00 -3.1065e-01 -5.7033e-01 -4.0036e-01 -3.0653e+00 -6.4644e-01 -1.8233e-01 -4.1323e-01 3.0978e-01 -2.9050e-04 2.3532e+01 6.7068e-01 -1.0365e+00 6.5563e-01 -1.8191e+00 -1.9686e+00 -1.0186e+00 -1.0098e+00 4.9346e-02 -2.7817e+00 1.5399e+00 -4.3259e-01 -3.3413e-01 -2.4400e-01 4.1571e-01 -5.4857e-01 -8.2112e-01 -7.1235e-01 -6.7576e-02 -4.0670e-02 7.1354e-01 2.4624e+00 3.7379e+00 -1.1416e-01 -4.5483e-01 -6.2835e-02 -1.1862e-01 3.2820e-02 -1.9732e-01 -2.2313e-01
4.6514e+00 -5.5296e+00 -5.9797e+00 -2.8228e+00 -1.2059e+00 8.5347e+00 -1.5815e+00 3.8895e-01 -2.2771e+00 -1.3808e+00 -3.0668e-01 -1.8201e+00 -1.4148e+00 7.0230e-01 6.4268e+00 -1.9751e+00 -4.6067e+00 1.0535e+00 -7.2251e-01 -6.3999e-01 1.2012e-01 -1.2154e-01 6.7068e-01 1.9274e+01 -4.9520e-01 8.3932e-01 -1.3684e+00 -2.8005e+00 -2.0945e-01 -1.7156e+00 -3.6341e-01 -1.9607e+00 -1.7742e+00 -1.2914e+00 1.2760e-02 -3.2913e-01 -5.8722e-01 -2.7311e-01 -9.6475e-01 -3.2889e-01 -5.6022e-01 2.5838e-01 1.3785e+00 -2.7732e-02 -1.8117e-01 8.8659e-02 -3.2649e-01 -6.8097e-02 -3.8600e-02 -1.2604e-01 -7.6425e-01 1.6365e+00
8.3327e+00 4.2776e+00 6.6320e+00 -5.2446e+00 1.8186e+00 3.3472e+00 7.0264e+00 1.0774e+00 -6.3353e+00 -2.0613e+01 6.4874e-01 -3.7990e+00 -3.8809e+00 1.1470e+01 -2.3251e+00 -2.3753e+01 4.1811e+00 -1.4345e-01 -3.2782e-01 -3.5711e+00 4.6520e+00 9.5941e-01 -1.0365e+00 -4.9520e-01 7.9563e+01 1.3488e+01 -1.8533e+01 -3.2200e+00 1.2461e+00 2.1530e+01 3.7248e+01 -1.4068e+01 -8.7275e-01 2.3069e+01 1.6562e+00 6.4494e+00 -5.1073e+00 -7.6511e-01 -1.8758e+01 6.4489e+00 -3.2013e+00 -9.4443e-01 1.4024e+01 -1.1319e+00 -1.6648e-01 -4.6546e-01 2.4916e+00 7.7759e-01 -2.6662e-01 -5.3965e-01 -4.5160e-01 2.4947e-02
-1.6338e-01 3.6256e-01 -5.6492e-01 -8.7787e+00 -5.2423e+00 1.1653e+01 -7.0460e-01 -4.6057e-01 -1.4453e+00 1.4152e+00 -1.9154e-01 -1.7362e+00 1.5246e+00 -2.1418e-01 -7.5256e-01 -1.4157e+01 -1.6151e+00 -1.6680e-01 -9.1904e-02 9.9173e-01 -1.4559e+00 -2.7110e-01 6.5563e-01 8.3932e-01 1.3488e+01 4.4452e+01 1.1909e+01 -9.9448e+00 -6.8380e-01 -2.2912e+00 3.1212e+01 -5.5718e+00 8.2105e-02 -2.5543e+00 -9.3071e-02 -5.6085e-01 -1.0245e+01 -1.8824e-01 1.1682e+00 -3.8096e+00 -2.8815e+00 1.6498e+00 1.8315e+00 -1.8862e-01 -9.5703e-03 -3.5943e-01 -3.0708e-02 1.3480e+00 -3.1730e-01 -7.5029e-01 -1.4336e-01 1.2362e-01
-1.1891e+01 -6.5083e+00 -3.4329e+00 -7.0937e+00 -1.0907e+01 4.7392e+00 -1.3531e+01 -2.1052e+01 2.3583e+01 2.3201e+01 -1.5618e+00 8.7338e+00 1.6346e+01 -4.7687e+00 1.5634e+00 2.1515e+01 -2.3100e+01 6.3181e+00 2.4259e-01 -5.8667e+00 -2.7737e+00 1.2278e-01 -1.8191e+00 -1.3684e+00 -1.8533e+01 1.1909e+01 1.1457e+02 -4.4656e+01 -1.9093e+01 -7.1084e+00 -9.4186e+00 -1.6062e-02 -6.4353e-01 -2.0332e+01 7.7393e-01 -4.2873e+00 -1.0486e+01 -2.6051e+00 3.4950e+01 -3.8019e+00 5.6692e-01 1.1951e+00 -1.5401e+01 4.3736e+00 -8.4656e-01 -4.0968e-01 -1.8834e+00 2.1280e+00 1.1607e-01 -4.3597e-01 1.7178e-01 1.3304e+00
-1.0732e+01 2.2561e+01 1.7750e+01 3.8922e+00 1.8233e+01 -9.4442e+00 2.2763e+01 8.3376e+00 -1.0420e+01 -1.3388e+01 -5.2276e-01 -1.0848e+01 -5.0016e+00 -3.3178e-01 -5.6725e+00 -6.1255e+00 2.4111e+01 1.1760e+00 -4.1953e-02 5.1292e-01 1.0953e+00 -1.5885e+00 -1.9686e+00 -2.8005e+00 -3.2200e+00 -9.9448e+00 -4.4656e+01 1.1311e+02 3.2869e+01 -2.0150e+01 -3.2655e+01 2.2234e+01 -8.1376e+00 -2.1142e+01 -1.4541e+00 -4.3703e+00 1.9299e+01 1.1373e+01 -1.5886e+01 -1.3558e+00 -2.3745e+00 -1.9902e+00 7.1793e+00 -9.4110e-01 2.5728e-01 5.4322e-01 -4.9524e+00 -1.6205e+00 -2.5382e-01 1.0108e+00 1.3975e-01 2.0737e-02
-6.7367e+00 4.2427e+00 6.5616e+00 -4.7208e+00 1.3236e+00 -3.3551e+00 1.9992e+01 6.6627e+00 -8.6739e+00 -1.1974e+01 -5.8921e-01 -5.2399e+00 -7.3445e+00 -3.8837e+00 -7.4142e+00 -9.7948e+00 1.3374e+01 -1.6502e+00 5.8805e-01 4.8389e+00 -1.6033e+00 -1.0986e+00 -1.0186e+00 -2.0945e-01 1.2461e+00 -6.8380e-01 -1.9093e+01 3.2869e+01 6.7106e+01 -6.7550e+00 -4.2817e+00 2.2021e+01 -1.5174e+00 -2.7742e+00 6.6617e-01 -3.1220e+00 -7.9787e-01 -7.1778e+00 -1.3766e+01 -4.7573e+00 -1.5175e+00 -5.9739e-01 4.0636e+00 2.4390e+00 9.1744e-01 1.2862e-01 -2.8551e-01 -2.6955e-01 1.0315e-01 -2.2174e-01 7.4413e-01 -3.3368e+00
1.5787e+01 -1.4030e+01 1.2412e+00 -4.5898e+00 -7.7617e+00 -5.2413e+00 8.8026e+00 -6.3389e+00 9.3115e+00 -1.2773e+01 5.5598e-01 -5.5229e+00 -1.5676e+01 3.5726e+00 -5.8833e+00 -1.2830e+01 2.9163e+01 -1.3433e+00 2.6796e-01 2.0499e+00 5.0705e-01 1.5725e+00 -1.0098e+00 -1.7156e+00 2.1530e+01 -2.2912e+00 -7.1084e+00 -2.0150e+01 -6.7550e+00 8.6267e+01 5.1426e+01 -4.8877e+00 -5.1950e+00 5.0130e+01 -3.2607e-01 7.5288e+00 9.6154e+00 -5.7952e+00 -1.7475e+01 9.7235e+00 -2.5528e+00 5.5386e-01 1.0672e+01 -2.0965e+00 -3.5500e-01 -3.2315e-01 3.3250e+00 -1.6833e-01 3.0523e-01 -3.4163e-01 2.0445e-01 4.2097e-01
2.0349e+01 -1.2290e+01 7.4015e+00 -1.2862e+01 -1.5459e+01 9.8078e+00 9.6545e+00 3.8699e+00 -3.2710e+00 -1.3428e+01 5.3018e-01 -5.6415e+00 -1.7417e+01 3.8052e+00 -8.5302e+00 -2.6766e+01 2.9946e+01 -9.9575e-01 1.5462e-01 3.3022e+00 1.5643e+00 1.4926e+00 4.9346e-02 -3.6341e-01 3.7248e+01 3.1212e+01 -9.4186e+00 -3.2655e+01 -4.2817e+00 5.1426e+01 9.4536e+01 -1.5841e+01 -2.9176e+00 5.0756e+01 3.9537e-02 8.3655e+00 -1.0833e+01 -4.7271e+00 -1.4527e+01 7.2807e+00 -3.7917e+00 2.3289e+00 1.0816e+01 -6.9596e-01 -6.4155e-01 -5.6556e-01 3.6085e+00 1.1165e+00 -2.6663e-01 -1.0048e+00 5.0240e-02 -4.1185e-02
-1.1211e+01 5.3922e+00 9.8049e+00 -5.1591e+00 -8.6130e+00 -1.1366e+01 2.1438e+01 -1.9053e+00 2.2172e+00 -6.7804e+00 -4.2306e-01 4.1824e+00 -1.1117e+01 1.0763e+00 -7.3968e+00 1.7591e+00 1.4154e+01 -2.3315e+00 2.5592e-01 6.3627e+00 -2.3363e+00 -6.3827e-01 -2.7817e+00 -1.9607e+00 -1.4068e+01 -5.5718e+00 -1.6062e-02 2.2234e+01 2.2021e+01 -4.8877e+00 -1.5841e+01 9.0341e+01 -3.9632e+00 -7.6576e+00 -9.6027e-01 -3.1450e+00 -7.3054e+00 -2.8720e+00 -5.7449e+00 9.8798e+00 3.6855e+00 -6.4624e-01 8.9097e-01 4.6413e-01 -4.9301e-01 9.1800e-04 -2.5928e+00 1.4886e-02 -5.0816e-01 -2.3621e-01 7.0653e-01 3.7825e-01
4.8278e-01 -3.3110e+00 2.2321e-01 9.6446e+00 -2.5032e+00 1.3749e+00 -3.3383e+00 -1.0009e+01 1.0338e+01 -1.0078e+00 2.8834e-01 1.1042e+01 -2.6730e+00 -9.7716e-02 -5.9160e+00 -4.6855e-01 -1.0267e+00 -2.1348e+00 -9.2145e-01 -2.1046e-01 -7.6392e-01 -1.5844e-01 1.5399e+00 -1.7742e+00 -8.7275e-01 8.2105e-02 -6.4353e-01 -8.1376e+00 -1.5174e+00 -5.1950e+00 -2.9176e+00 -3.9632e+00 4.8840e+01 -4.1559e+00 6.9583e-01 -9.3487e-01 -1.3305e+00 3.0650e-02 -1.8590e+00 -2.1093e+00 2.0485e+00 1.3257e-01 -6.7924e-01 8.0457e+00 -8.9198e-01 -1.3606e-01 -1.0589e+00 -1.2270e-01 -1.3455e-01 -9.2654e-02 -1.0022e+00 -9.7056e-01
1.7253e+01 -7.6619e+00 6.9790e+00 -4.0695e+00 -9.6974e+00 -2.6866e+00 1.1391e+01 5.8370e+00 -2.9675e+00 -1.4365e+01 5.6683e-01 -3.9606e+00 -1.8682e+01 3.2217e+00 -8.4623e+00 -1.1768e+01 3.1211e+01 -9.7592e-01 1.9195e-01 2.4794e+00 3.8880e-01 1.6914e+00 -4.3259e-01 -1.2914e+00 2.3069e+01 -2.5543e+00 -2.0332e+01 -2.1142e+01 -2.7742e+00 5.0130e+01 5.0756e+01 -7.6576e+00 -4.1559e+00 6.9911e+01 3.9971e-02 8.3580e+00 -2.0065e+00 -5.3988e+00 -1.5863e+01 1.2665e+01 2.1932e+00 -4.9085e-01 9.3582e+00 -1.3980e+00 -1.0441e+00 -2.6423e-01 4.0371e+00 3.3735e-01 -4.8075e-02 -3.8370e-01 9.1469e-02 -4.1156e-02
-1.3364e+00 6.8903e-01 -1.2051e+00 -6.1495e-01 8.8489e-01 -3.9795e-01 8.0525e-01 5.8274e-01 -1.0134e+00 -2.5000e-01 -1.3494e-01 -7.5437e-01 1.5130e+00 6.2013e-01 -8.0226e-01 -2.4446e-01 -7.3783e-01 -2.8223e-01 -4.6791e-01 8.2041e-01 -1.2925e-01 -1.4875e-01 -3.3413e-01 1.2760e-02 1.6562e+00 -9.3071e-02 7.7393e-01 -1.4541e+00 6.6617e-01 -3.2607e-01 3.9537e-02 -9.6027e-01 6.9583e-01 3.9971e-02 1.4401e+01 9.1279e-01 -3.2273e-01 -6.1398e-01 3.1041e+00 6.8168e-01 -2.8294e-01 -5.7007e-02 2.9578e-01 6.5621e-01 2.8958e-01 -4.1824e-02 -1.9746e-01 -6.6122e-02 -3.6653e-02 5.9000e-02 -4.8977e-01 -1.9564e-01
1.9586e+00 5.9529e+00 -2.7412e+00 -1.3530e+00 -4.0618e+00 -1.1556e+00 3.2338e+00 2.8074e+00 1.2382e+00 -2.7699e+00 4.4323e-01 -1.5245e+00 -2.6457e+00 2.2050e+00 -2.2168e+00 -2.0405e+00 5.6482e+00 -6.8680e-01 -4.5601e+00 8.3757e-01 1.5048e+00 6.5004e-01 -2.4400e-01 -3.2913e-01 6.4494e+00 -5.6085e-01 -4.2873e+00 -4.3703e+00 -3.1220e+00 7.5288e+00 8.3655e+00 -3.1450e+00 -9.3487e-01 8.3580e+00 9.1279e-01 3.0857e+01 -2.1699e-01 -1.6650e+00 -3.9177e+00 7.6718e+00 -8.9659e-01 -2.2999e-01 -3.9378e+00 -4.4537e-01 -3.6677e-01 3.1132e-01 -4.9488e-01 -2.7294e-01 7.7163e-03 -1.7076e-01 -4.2546e+00 -1.7245e+00
-2.0680e+00 -3.0289e+00 -2.9380e+00 1.7369e+01 1.2107e+01 -2.8764e+00 4.1757e-01 -7.2088e+00 8.0004e+00 -6.6087e-01 4.3638e-01 -5.8424e-01 -7.9467e-01 -1.3912e+00 -5.1988e-01 6.5525e+00 3.6492e-01 1.8025e-01 1.9647e-01 -1.2586e+00 -2.0703e+00 -9.8169e-02 4.1571e-01 -5.8722e-01 -5.1073e+00 -1.0245e+01 -1.0486e+01 1.9299e+01 -7.9787e-01 9.6154e+00 -1.0833e+01 -7.3054e+00 -1.3305e+00 -2.0065e+00 -3.2273e-01 -2.1699e-01 4.8046e+01 -3.6569e-01 -6.2136e-01 -5.2815e+00 -3.0713e+00 -1.0616e+00 1.8234e-01 -4.8157e-01 -2.1864e-01 5.4753e-01 6.7107e-02 -9.7604e-01 -4.9039e-01 7.6323e-01 1.7908e-01 1.6782e-01
1.2333e-01 3.9872e+00 3.0040e-01 -1.6645e+00 4.4550e+00 -1.3531e+00 -7.2556e-01 2.0451e+00 -4.5059e+00 -6.6468e-01 1.5591e-01 -1.6965e+00 1.0276e+00 2.8871e+00 -6.1240e-01 -2.3436e+00 5.7637e+00 -7.0102e-01 -4.7651e-01 -1.5708e+00 2.4242e+00 -4.2687e-01 -5.4857e-01 -2.7311e-01 -7.6511e-01 -1.8824e-01 -2.6051e+00 1.1373e+01 -7.1778e+00 -5.7952e+00 -4.7271e+00 -2.8720e+00 3.0650e-02 -5.3988e+00 -6.1398e-01 -1.6650e+00 -3.6569e-01 3.1707e+01 -3.9755e+00 -3.1959e-01 2.0504e+00 9.4388e-01 8.3987e-01 -7.0422e-01 -1.0243e-01 -1.0282e-01 -1.2743e+00 -1.4109e-01 -2.9307e-02 -3.0601e-02 -5.8226e-01 -3.0648e-01
-6.5486e-01 3.1710e+00 -8.9056e+00 -1.8010e+00 3.5339e+00 -1.1714e+00 -7.5480e+00 3.5481e+00 -4.6340e-02 2.2819e+01 -1.0862e+00 -2.7429e+00 1.6458e+01 -3.9554e+00 -5.0767e+00 2.5025e+01 -1.5655e+01 -1.3374e+00 3.6274e-02 -2.5706e+00 -2.5542e+00 -1.9076e-01 -8.2112e-01 -9.6475e-01 -1.8758e+01 1.1682e+00 3.4950e+01 -1.5886e+01 -1.3766e+01 -1.7475e+01 -1.4527e+01 -5.7449e+00 -1.8590e+00 -1.5863e+01 3.1041e+00 -3.9177e+00 -6.2136e-01 -3.9755e+00 6.1557e+01 -5.5785e+00 -7.3941e-01 5.7762e-03 -1.9259e+01 7.2533e-01 -5.4372e-01 1.7616e-01 -1.0127e+00 1.1502e+00 -2.0505e-03 -9.6933e-01 -2.6764e-02 5.6545e-03
3.5757e+00 2.5366e+00 8.9122e-01 -5.4750e+00 -2.5617e+00 -2.7825e+00 1.8653e+00 3.0680e+00 -1.8565e-01 -3.5668e+00 7.0543e-01 -2.9025e+00 -6.6930e-01 2.9225e+00 -3.0966e+00 -2.0647e+00 9.2497e+00 1.7485e+00 2.1741e-01 -2.2968e+00 6.5547e-01 -4.0334e-01 -7.1235e-01 -3.2889e-01 6.4489e+00 -3.8096e+00 -3.8019e+00 -1.3558e+00 -4.7573e+00 9.7235e+00 7.2807e+00 9.8798e+00 -2.1093e+00 1.2665e+01 6.8168e-01 7.6718e+00 -5.2815e+00 -3.1959e-01 -5.5785e+00 4.7353e+01 5.0061e+00 -1.5576e-01 3.9535e+00 -7.0725e-01 -2.5349e-01 -2.1754e-01 -8.3292e-01 8.0924e-02 -4.7580e-01 8.5572e-02 1.8115e-01 3.2914e-01
-1.0152e+00 -8.3932e-01 3.6376e+00 1.8886e-01 6.2304e+00 2.7349e-01 -9.4371e-01 -1.0721e+00 1.3607e+00 -4.2732e-02 -3.6923e-01 2.8711e-01 -8.7955e-01 2.5435e+00 -1.7612e-01 3.9517e-01 2.8666e+00 -4.0014e-01 7.4143e-01 -4.4821e-01 -7.9102e-01 -1.7536e-01 -6.7576e-02 -5.6022e-01 -3.2013e+00 -2.8815e+00 5.6692e-01 -2.3745e+00 -1.5175e+00 -2.5528e+00 -3.7917e+00 3.6855e+00 2.0485e+00 2.1932e+00 -2.8294e-01 -8.9659e-01 -3.0713e+00 2.0504e+00 -7.3941e-01 5.0061e+00 2.8973e+01 -3.6174e-01 -7.3557e-01 -7.9024e-01 -9.9304e-02 -1.5522e-01 -3.8327e-01 3.9520e-01 -1.3971e-01 -2.9186e-01 6.6253e-01 -8.8004e-01
6.6802e-01 -2.4768e-01 -1.1166e-01 -1.9712e+00 -1.9721e+00 1.3479e+00 3.9110e-01 -1.9965e-01 2.9445e-01 -3.7306e-01 1.4837e-01 -2.1678e-01 -5.5411e-01 -4.4894e-01 1.6602e-01 -2.0808e+00 1.3480e-01 -6.9771e-02 7.1772e-03 7.1398e-01 -2.2139e-01 7.4461e-02 -4.0670e-02 2.5838e-01 -9.4443e-01 1.6498e+00 1.1951e+00 -1.9902e+00 -5.9739e-01 5.5386e-01 2.3289e+00 -6.4624e-01 1.3257e-01 -4.9085e-01 -5.7007e-02 -2.2999e-01 -1.0616e+00 9.4388e-01 5.7762e-03 -1.5576e-01 -3.6174e-01 8.6330e+00 4.1644e-02 6.9761e-02 -8.4277e-03 -5.5843e-02 -1.0383e-01 3.4556e-02 1.1737e-01 -8.6070e-02 -8.4933e-04 -2.0632e-02
-3.8029e+00 -2.8431e+00 -6.1601e-01 -5.6587e-01 3.6252e+00 -1.6147e-01 7.3351e+00 -3.0972e+00 -3.2362e-02 -1.5737e+01 6.8081e-01 1.7519e-01 -8.5963e+00 4.6927e+00 2.3404e+00 -1.8077e+01 1.0014e+01 9.4876e-01 6.0094e+00 4.8322e-01 3.3226e+00 1.7238e+00 7.1354e-01 1.3785e+00 1.4024e+01 1.8315e+00 -1.5401e+01 7.1793e+00 4.0636e+00 1.0672e+01 1.0816e+01 8.9097e-01 -6.7924e-01 9.3582e+00 2.9578e-01 -3.9378e+00 1.8234e-01 8.3987e-01 -1.9259e+01 3.9535e+00 -7.3557e-01 4.1644e-02 5.4348e+01 1.0762e+00 5.3583e-01 -1.2556e-01 -2.4061e-01 7.9470e-03 -3.3739e-02 8.6096e-01 5.4014e+00 2.1443e+01
-4.1789e+00 -5.8762e+00 3.1440e+00 2.4711e+00 -1.7167e+00 6.9321e+00 -8.1170e-01 -6.8174e+00 8.4901e+00 -9.2456e-01 5.3499e-01 3.0962e+00 -1.5781e+00 -8.3015e-02 -8.2277e-01 -1.6398e-01 -3.3504e+00 -3.0921e-01 -3.9098e-02 9.5448e-01 -5.4487e-01 -1.0678e-01 2.4624e+00 -2.7732e-02 -1.1319e+00 -1.8862e-01 4.3736e+00 -9.4110e-01 2.4390e+00 -2.0965e+00 -6.9596e-01 4.6413e-01 8.0457e+00 -1.3980e+00 6.5621e-01 -4.4537e-01 -4.8157e-01 -7.0422e-01 7.2533e-01 -7.0725e-01 -7.9024e-01 6.9761e-02 1.0762e+00 2.4629e+01 -1.3535e-01 1.3124e-01 -3.5397e-01 -1.2513e-01 -1.0241e-01 -1.4507e-01 -5.1622e-02 7.3405e-01
9.9623e-01 -1.9238e+00 -1.6015e+00 -3.4008e-01 7.3903e-01 -4.9148e-01 -1.4140e-01 8.6147e-01 -1.3580e+00 -2.3650e-01 -1.4799e-01 -3.6534e-01 1.2633e+00 -3.8853e-01 -2.1856e-02 -6.1245e-01 -1.9537e+00 2.5826e-02 3.0817e-02 1.8322e-03 -1.3480e-01 -9.9823e-02 3.7379e+00 -1.8117e-01 -1.6648e-01 -9.5703e-03 -8.4656e-01 2.5728e-01 9.1744e-01 -3.5500e-01 -6.4155e-01 -4.9301e-01 -8.9198e-01 -1.0441e+00 2.8958e-01 -3.6677e-01 -2.1864e-01 -1.0243e-01 -5.4372e-01 -2.5349e-01 -9.9304e-02 -8.4277e-03 5.3583e-01 -1.3535e-01 1.0399e+01 -4.3946e-02 -1.3280e-01 -7.0811e-02 -3.8395e-02 -4.2771e-02 2.1272e-02 5.2688e-02
-4.4347e-01 3.4084e-01 -2.6512e-01 -5.0471e-01 5.1974e-01 1.2526e-01 -6.2879e-02 4.9675e-02 -7.2160e-03 1.9399e-01 3.1052e-01 9.3114e-02 8.7810e-02 8.9241e-02 -1.4397e-01 4.0606e-01 -4.7187e-01 1.1118e-01 -4.5117e-02 2.2589e-02 -8.5925e-02 -1.2969e-02 -1.1416e-01 8.8659e-02 -4.6546e-01 -3.5943e-01 -4.0968e-01 5.4322e-01 1.2862e-01 -3.2315e-01 -5.6556e-01 9.1800e-04 -1.3606e-01 -2.6423e-01 -4.1824e-02 3.1132e-01 5.4753e-01 -1.0282e-01 1.7616e-01 -2.1754e-01 -1.5522e-01 -5.5843e-02 -1.2556e-01 1.3124e-01 -4.3946e-02 4.4956e+00 -5.9683e-02 -3.3100e-02 8.0268e-03 -3.9252e-02 -5.0639e-02 6.8463e-02
3.3246e+00 -3.7205e+00 2.7072e+00 -5.7073e-01 -1.1471e+00 -1.3571e+00 2.3060e+00 8.2838e-01 -9.2689e-01 -3.5885e-01 -4.2408e-02 -5.2349e-01 -1.0653e+00 -2.4604e-01 -1.1262e+00 -4.5978e-01 4.4189e-01 -7.6992e-01 -3.4312e-01 -9.3488e-01 7.2867e-01 -7.2524e-02 -4.5483e-01 -3.2649e-01 2.4916e+00 -3.0708e-02 -1.8834e+00 -4.9524e+00 -2.8551e-01 3.3250e+00 3.6085e+00 -2.5928e+00 -1.0589e+00 4.0371e+00 -1.9746e-01 -4.9488e-01 6.7107e-02 -1.2743e+00 -1.0127e+00 -8.3292e-01 -3.8327e-01 -1.0383e-01 -2.4061e-01 -3.5397e-01 -1.3280e-01 -5.9683e-02 1.6176e+01 -5.5411e-02 -1.6362e-02 -6.3055e-02 -3.3508e-01 -3.4338e-01
-5.5873e-01 -2.1721e-01 2.1933e-04 -1.4738e+00 -1.5507e+00 4.6268e-01 4.5188e-01 -3.3722e-01 2.2451e-01 -2.6898e-01 5.1475e-01 -3.4109e-01 -1.4023e-01 -3.2650e-04 -1.0027e-01 -1.6583e+00 4.1335e-01 -5.8342e-02 -5.2489e-02 -1.4132e-01 -2.2111e-01 -5.9088e-02 -6.2835e-02 -6.8097e-02 7.7759e-01 1.3480e+00 2.1280e+00 -1.6205e+00 -2.6955e-01 -1.6833e-01 1.1165e+00 1.4886e-02 -1.2270e-01 3.3735e-01 -6.6122e-02 -2.7294e-01 -9.7604e-01 -1.4109e-01 1.1502e+00 8.0924e-02 3.9520e-01 3.4556e-02 7.9470e-03 -1.2513e-01 -7.0811e-02 -3.3100e-02 -5.5411e-02 9.1697e+00 -7.7723e-02 -3.8819e-02 -6.0166e-02 -4.8438e-02
-4.2396e-02 -1.6366e-01 4.4719e-02 -4.6279e-01 -3.2295e-01 -5.4760e-01 1.1092e-01 -2.4638e-01 -4.2125e-02 -5.8090e-02 -4.1999e-02 -9.6157e-02 2.6072e-02 -9.8036e-02 3.4178e-01 1.8645e-01 4.3531e-02 -2.2849e-02 2.8779e-02 8.6494e-02 -1.2070e-02 -1.2026e-02 -1.1862e-01 -3.8600e-02 -2.6662e-01 -3.1730e-01 1.1607e-01 -2.5382e-01 1.0315e-01 3.0523e-01 -2.6663e-01 -5.0816e-01 -1.3455e-01 -4.8075e-02 -3.6653e-02 7.7163e-03 -4.9039e-01 -2.9307e-02 -2.0505e-03 -4.7580e-01 -1.3971e-01 1.1737e-01 -3.3739e-02 -1.0241e-01 -3.8395e-02 8.0268e-03 -1.6362e-02 -7.7723e-02 5.9423e+00 1.6920e-02 2.3896e-02 3.0917e-03
1.6445e+00 7.7859e-02 -5.6949e-01 -4.3311e-02 9.0550e-01 3.9578e-01 1.7454e-01 1.3436e-02 1.4206e-01 9.8890e-02 -9.8309e-02 1.4974e+00 9.3795e-01 -3.0386e-01 1.9558e-01 3.4056e-01 -7.1045e-01 -5.4112e-02 -1.1759e-01 -1.3278e-01 -5.6389e-02 -1.0394e-02 3.2820e-02 -1.2604e-01 -5.3965e-01 -7.5029e-01 -4.3597e-01 1.0108e+00 -2.2174e-01 -3.4163e-01 -1.0048e+00 -2.3621e-01 -9.2654e-02 -3.8370e-01 5.9000e-02 -1.7076e-01 7.6323e-01 -3.0601e-02 -9.6933e-01 8.5572e-02 -2.9186e-01 -8.6070e-02 8.6096e-01 -1.4507e-01 -4.2771e-02 -3.9252e-02 -6.3055e-02 -3.8819e-02 1.6920e-02 9.6891e+00 -1.2421e-01 -1.0243e-01
-4.5129e-01 -2.9902e+00 7.7585e-02 3.7601e-01 4.1675e-01 -4.8220e-02 1.1482e-01 1.1002e+01 1.3763e+00 -6.4711e-02 -1.5327e-03 -3.0105e-01 -5.7062e-02 2.0580e-02 5.0611e-01 -1.7570e-01 -3.3559e-01 -2.0553e+00 2.1117e+01 -1.0211e-02 -2.5455e-01 -5.3085e-01 -1.9732e-01 -7.6425e-01 -4.5160e-01 -1.4336e-01 1.7178e-01 1.3975e-01 7.4413e-01 2.0445e-01 5.0240e-02 7.0653e-01 -1.0022e+00 9.1469e-02 -4.8977e-01 -4.2546e+00 1.7908e-01 -5.8226e-01 -2.6764e-02 1.8115e-01 6.6253e-01 -8.4933e-04 5.4014e+00 -5.1622e-02 2.1272e-02 -5.0639e-02 -3.3508e-01 -6.0166e-02 2.3896e-02 -1.2421e-01 2.1504e+01 1.3761e+00
-9.6770e-01 2.1511e+00 2.4967e-01 5.7310e-01 -6.5247e-03 -1.3399e-01 2.8102e-01 -2.3645e+00 2.7292e+00 -3.5728e-02 1.0481e-01 -4.2486e-01 3.0563e-01 -6.0946e-02 -6.6389e-01 -9.0026e-02 -4.3771e-02 8.0699e-01 2.0175e+00 -9.6119e-02 4.8688e-01 1.3686e+00 -2.2313e-01 1.6365e+00 2.4947e-02 1.2362e-01 1.3304e+00 2.0737e-02 -3.3368e+00 4.2097e-01 -4.1185e-02 3.7825e-01 -9.7056e-01 -4.1156e-02 -1.9564e-01 -1.7245e+00 1.6782e-01 -3.0648e-01 5.6545e-03 3.2914e-01 -8.8004e-01 -2.0632e-02 2.1443e+01 7.3405e-01 5.2688e-02 6.8463e-02 -3.4338e-01 -4.8438e-02 3.0917e-03 -1.0243e-01 1.3761e+00 2.3745e+01
