5.7013e+01 -3.4266e+01 2.5925e+01 -5.3267e-02 3.8193e-01 -2.1821e+01 3.4129e+00 2.7925e+00 1.6100e+01 2.0713e+00 6.5162e-01 7.0539e-01 -1.3314e+00 -5.0485e-01 -3.2013e+00 8.6533e-01 -8.8911e-01 -7.7315e-01 1.9653e+00 -1.3636e+00 7.8230e-01 4.9524e-01 -1.6443e-01 1.0881e-01 1.1040e+01 -3.3558e-02 -8.9745e-01 -9.0246e-01 1.5610e+00 -1.9679e+00 4.6783e-01 1.3230e-03 -1.0385e+00 4.5764e-02 -4.7963e+00 -1.3363e+00 -5.5342e-02 -1.8533e+00 -8.6920e-03 3.0828e+00 4.4918e-01 6.0298e-01 -9.4762e-01 -3.7138e-01 4.0762e-02 1.4263e+00 1.5160e+00 4.7811e-02 -6.4867e-01 -1.8307e-01 -9.6756e-02 -2.5064e-02
-3.4266e+01 7.7014e+01 -3.1347e+01 -3.2193e+00 -1.4183e+00 1.6731e+01 -1.4114e+01 2.9210e+00 -1.1513e+01 2.6756e+00 2.4399e+00 -2.2776e+00 2.1617e+00 -2.3404e-01 8.8822e+00 -3.8058e+00 1.5494e+00 -8.1924e-01 -5.6218e+00 -1.4562e+00 -1.5378e+00 -1.2144e+00 1.3094e+00 1.1475e+00 -1.2018e+00 3.6007e+00 6.8251e-01 -2.0054e+00 -2.9959e+00 -1.7774e+00 -1.4886e+00 -2.1691e+00 2.5741e+00 -2.8408e-01 5.4725e-01 2.1316e+00 -1.0937e+00 1.6726e+00 -2.1315e-01 -8.6688e+00 -6.0779e-01 -1.2859e+00 -1.3707e+00 -2.8536e-01 -3.0251e-01 -1.4570e+00 2.8166e-01 8.7651e-01 3.5641e-01 -4.0129e-01 1.3593e+00 -1.6048e-01
2.5925e+01 -3.1347e+01 1.2820e+02 -2.7213e-01 -7.6018e-01 -3.3623e+01 1.3377e+01 -1.9481e+00 4.4861e+00 -3.9231e+01 -1.0496e+00 -1.2781e+01 -6.7926e-02 3.0312e-01 6.9082e+00 1.1162e+01 -5.5530e+00 -2.5223e+00 2.8240e+00 -1.5066e+00 9.1587e+00 2.5807e-01 1.0183e-01 -6.5896e-01 2.1102e+01 1.5676e-01 -1.2411e-01 -9.3431e-01 -8.1898e-01 -6.1619e-01 1.3948e+00 7.5426e+00 5.3212e+00 1.8934e-01 -7.6983e+00 3.6740e+00 -9.5448e+00 1.1434e+00 5.5568e-02 2.3858e+01 -7.6214e-01 6.6576e-01 1.3687e+00 -2.7564e+00 7.3689e-01 -3.1175e-01 3.8699e-01 -2.9157e-01 2.7720e+00 2.2476e-02 -2.6225e-01 4.3906e-02
-5.3267e-02 -3.2193e+00 -2.7213e-01 2.4112e+01 -1.4015e+00 7.3086e-01 -1.2546e-01 1.5029e+00 3.2389e-02 2.7945e-02 -3.7546e-01 -2.8026e-02 -1.3050e-01 -1.0573e+00 3.1189e-01 4.5512e-01 2.8023e-03 1.5396e+00 1.7188e-01 5.9665e-02 -3.6134e-01 -2.6946e-01 -6.1987e-01 -6.1664e-02 -1.9767e-01 -7.4124e+00 -1.2046e-02 -8.6601e-02 -6.0512e-01 -2.5575e-01 -2.1644e+00 1.8629e-01 -5.4733e-01 -1.3298e+00 -5.9675e-01 -2.8054e-02 -1.3146e+00 1.9505e-01 1.3454e+00 -5.8121e-01 -5.3290e-01 -7.4612e-03 -3.1420e-01 -7.9497e-01 -6.5446e-02 1.4645e-01 -1.1257e-01 4.3339e-02 -2.7082e-01 1.4057e-01 1.4749e+01 9.1054e-01
3.8193e-01 -1.4183e+00 -7.6018e-01 -1.4015e+00 3.2946e+01 -8.6108e-01 -7.8052e-01 9.4484e+00 6.4601e-01 -1.4309e+00 2.2557e-01 7.2319e-01 3.7764e-01 -6.5180e-01 9.5984e-01 3.4281e-01 -5.0795e-03 -2.2150e+00 2.5132e+00 2.1422e-01 8.9523e-01 4.9070e-01 -3.4360e-01 5.2319e-01 -1.8745e-01 2.3248e+00 2.1644e-01 -1.4336e-02 -3.6302e+00 -7.7458e-01 -6.5659e-01 -3.1037e+00 2.3726e+00 -3.4688e-01 1.2133e-01 1.6109e+00 -6.3742e-01 -3.2932e+00 2.9589e+00 -3.0288e+00 -4.2636e-02 2.5165e-01 4.4718e-01 1.6336e-01 -2.0746e+00 1.3592e-02 8.2020e-03 -1.3383e-01 2.5602e-01 4.9200e-01 2.7187e-01 3.2653e+00
-2.1821e+01 1.6731e+01 -3.3623e+01 7.3086e-01 -8.6108e-01 1.0288e+02 1.8520e+01 3.8533e-01 -6.2807e+00 8.9008e+00 -2.1098e+00 9.5987e+00 7.4546e-01 1.2737e-01 7.1575e+00 -5.7902e+00 3.2336e+00 3.2108e+00 -2.7606e+00 4.1665e-01 -8.4043e+00 3.0024e+00 5.2260e-01 -4.1954e+00 -1.5720e+01 -6.3119e-01 3.2616e-01 -1.4975e+00 2.0073e+01 -1.2745e+00 -1.9128e+00 -1.9136e+00 -1.2494e+01 -9.5186e-01 8.1303e+00 -9.1693e+00 6.6767e+00 1.4630e-02 -4.3446e-01 -2.4394e+00 1.4238e+00 1.6501e+00 -1.6961e+00 2.1096e+00 1.7789e-01 -8.0183e-01 -1.6705e+00 -3.2433e-01 -6.6239e-01 1.2398e-01 5.4056e-01 -4.8686e-01
3.4129e+00 -1.4114e+01 1.3377e+01 -1.2546e-01 -7.8052e-01 1.8520e+01 7.6047e+01 4.6364e-01 -2.5155e+00 1.2396e+00 -2.3927e+00 -1.1466e+01 2.7860e-01 6.6769e-01 -5.1766e+00 -4.8927e+00 2.7366e+00 -2.1882e+00 -1.0965e+00 -6.1621e-01 -2.8428e+00 3.2368e+00 -2.1132e+00 -1.7388e+00 -1.0720e+01 1.6772e+00 -1.9548e+00 3.5870e-01 2.0541e+01 -9.7148e-02 -6.7156e-01 1.0635e+00 -2.4535e+01 1.0080e+00 -3.0038e+00 -2.1861e+01 -3.3585e+00 -5.8859e+00 1.2621e-01 6.4703e+00 -5.4215e-01 1.4592e+00 -1.2701e+00 1.9971e+00 3.8591e-01 2.3291e-01 -6.0833e-01 -2.9469e-01 -1.6569e+00 3.2589e-02 -1.1945e-01 1.2571e-01
2.7925e+00 2.9210e+00 -1.9481e+00 1.5029e+00 9.4484e+00 3.8533e-01 4.6364e-01 4.9810e+01 5.0124e+00 8.5982e-01 4.8845e-01 5.2043e-01 4.3037e-02 -1.2192e+00 2.2740e+01 8.8884e-01 4.8410e-02 -2.4776e+00 -2.2893e+01 8.4250e-01 -1.0003e-02 8.0271e-01 -4.6929e-01 -5.6200e-01 -5.7804e-01 -3.2999e+00 3.3723e-02 5.5332e-01 1.1335e+00 -4.2927e-01 5.4892e-01 1.1777e+00 -2.5692e+00 1.7088e+00 8.7486e-01 -1.1632e+00 -5.1151e-01 -2.1311e+00 -1.0783e+00 7.1002e-01 -5.9493e-01 -9.8698e-03 1.6223e-01 -5.3833e-01 -3.0310e-02 6.1642e-01 -2.5713e-01 -4.6030e-01 8.8512e-01 8.0744e-01 -1.4902e+00 -2.4867e-01
1.6100e+01 -1.1513e+01 4.4861e+00 3.2389e-02 6.4601e-01 -6.2807e+00 -2.5155e+00 5.0124e+00 4.9813e+01 5.4213e+00 4.6751e-01 9.6650e-02 -7.0347e-01 -7.4461e-01 6.5402e+00 -4.8637e+00 -6.2688e+00 -7.6353e-01 -7.4659e+00 -2.0594e+00 1.2143e-01 9.9146e-01 -4.3364e-01 -9.7246e-01 1.5358e+00 -1.4156e-01 9.5751e-02 -6.6523e-01 -1.7825e-01 -2.8954e+00 9.8017e-04 1.1802e+00 1.7897e+00 -1.8929e-01 -1.2926e+00 1.2467e-01 -1.6197e+00 -4.3620e-01 9.1016e-02 4.1297e+00 1.6461e-01 1.1098e+00 -1.4864e+00 -1.0610e-01 -1.2388e-03 3.4290e+00 6.6714e-01 -2.2420e-01 8.2601e-01 6.6280e-01 -1.3242e-02 5.3938e-02
2.0713e+00 2.6756e+00 -3.9231e+01 2.7945e-02 -1.4309e+00 8.9008e+00 1.2396e+00 8.5982e-01 5.4213e+00 8.1381e+01 4.0170e-01 2.3109e+00 -8.2231e-01 1.7789e-01 -2.2437e+00 -6.8748e+00 7.8772e-01 2.3500e+00 -2.3489e+00 3.7077e-01 -1.4202e+01 -6.1164e+00 -3.0066e-01 -1.4945e-02 -1.2501e+01 -5.5287e-01 -6.6997e-01 -1.7446e-01 8.3402e+00 -3.9228e-01 -1.4395e+00 -1.0377e+00 -1.3667e+01 -8.9671e-01 -2.7109e+00 -1.1558e+01 -1.8227e+00 -2.3007e+00 -1.7298e-01 -3.4644e+00 -7.8585e-01 5.8566e+00 -1.2157e+00 1.2888e+00 5.3645e-01 2.4254e+00 -8.8983e-01 1.4921e-01 -3.4940e+00 7.4762e-01 -1.1396e-01 -2.1795e-01
6.5162e-01 2.4399e+00 -1.0496e+00 -3.7546e-01 2.2557e-01 -2.1098e+00 -2.3927e+00 4.8845e-01 4.6751e-01 4.0170e-01 1.2261e+01 -3.6596e-01 -2.8770e-02 -2.1417e-01 -2.4839e-01 -3.4110e-01 3.5198e-01 -2.3978e-01 -1.5179e-01 -1.0216e-01 -2.7384e-01 -6.9020e-02 -1.0003e-01 -1.6573e-01 -9.7517e-01 -3.7634e-01 -2.9653e-02 -1.4226e-01 1.3765e+00 1.2198e-01 -7.4786e-02 -3.8712e-01 -1.1589e+00 -5.4697e-02 -2.4723e-01 -1.0573e+00 -9.1927e-01 -1.4013e-01 -3.1285e-01 -2.1430e+00 2.5648e-02 3.5629e-02 3.6964e-01 -1.9309e-01 -1.1044e-01 -1.2493e-01 2.0425e-01 5.4655e-01 3.6047e-01 9.7523e-01 -3.5709e-01 -6.5700e-02
7.0539e-01 -2.2776e+00 -1.2781e+01 -2.8026e-02 7.2319e-01 9.5987e+00 -1.1466e+01 5.2043e-01 9.6650e-02 2.3109e+00 -3.6596e-01 4.2791e+01 -5.8228e-01 -7.2672e-01 5.2854e+00 -1.7044e+00 -1.1164e+00 2.0550e-01 -1.6669e+00 -2.4462e-01 -3.1230e+00 -1.3131e+00 -1.9062e-01 -9.8670e-01 -6.3861e+00 -1.2517e+00 -4.6868e-01 4.1471e-01 -9.4916e+00 -5.1970e-01 -2.8592e-01 7.0631e+00 4.6892e+00 -1.1500e-01 7.2052e+00 4.6961e+00 3.0441e+00 -1.4847e+00 -1.5816e-01 -5.9170e+00 -1.1035e+00 -4.2397e-01 8.1487e+00 -5.5636e-01 -1.0495e-01 -1.5051e-01 -1.1391e-01 1.4414e-01 -7.7422e-01 -7.5985e-02 -2.6311e-02 -1.8413e-01
-1.3314e+00 2.1617e+00 -6.7926e-02 -1.3050e-01 3.7764e-01 7.4546e-01 2.7860e-01 4.3037e-02 -7.0347e-01 -8.2231e-01 -2.8770e-02 -5.8228e-01 1.5151e+01 -2.6855e-01 1.0415e+00 -2.7706e-01 -1.3236e-01 5.0781e-01 -4.2962e-01 -6.6487e-02 3.7006e-01 -6.5211e-01 -8.4403e-02 -3.9249e-01 -5.4689e-01 -7.0308e-01 -1.1956e-01 -1.8534e-01 5.8318e+00 -3.8203e-01 4.3894e-01 -1.8373e+00 -1.0507e+00 -5.5907e-02 -2.9455e-01 -1.5479e+00 -2.7940e+00 1.0787e+00 -1.4443e-01 1.7697e+00 -2.8985e-01 -2.3042e-01 -4.2212e-01 -6.1546e-02 -8.5089e-02 4.2855e-03 -1.1967e-01 -2.2290e-01 -2.6153e-01 -7.2712e-02 -1.7090e-01 -1.4871e-01
-5.0485e-01 -2.3404e-01 3.0312e-01 -1.0573e+00 -6.5180e-01 1.2737e-01 6.6769e-01 -1.2192e+00 -7.4461e-01 1.7789e-01 -2.1417e-01 -7.2672e-01 -2.6855e-01 1.6502e+01 2.5006e-01 -1.6976e-01 -2.2377e-01 3.9470e-01 -4.6868e-01 2.4314e-01 -4.9075e-01 -4.0102e-01 -1.2019e-01 3.3964e+00 -4.2985e-01 -7.5636e-01 -1.5456e-01 -1.2084e-01 -7.9090e-01 -2.8454e-01 -6.4498e-01 -1.3668e+00 1.3022e+00 -1.2802e-01 -3.5969e-01 2.5321e+00 1.1708e+00 -5.0031e-01 -1.0634e-02 3.7485e-01 -2.2749e-01 1.0212e+00 -2.2294e-01 -1.8836e-01 -4.7550e-02 -1.6143e-01 -1.8406e-01 -1.5570e-01 -1.8345e-01 -4.0597e-02 -1.3049e+00 -6.1239e-02
-3.2013e+00 8.8822e+00 6.9082e+00 3.1189e-01 9.5984e-01 7.1575e+00 -5.1766e+00 2.2740e+01 6.5402e+00 -2.2437e+00 -2.4839e-01 5.2854e+00 1.0415e+00 2.5006e-01 9.0319e+01 3.0020e+00 1.1770e+00 -1.4841e-01 -2.5470e+01 1.7160e+00 4.5752e+00 3.9034e+00 7.4733e-01 9.4906e-02 1.1556e+01 1.5083e+00 4.8674e-01 -9.6034e-01 1.2157e+01 1.5548e-01 3.1617e-01 8.7778e+00 6.8928e+00 -6.9443e-01 1.9124e+00 8.6852e+00 -1.3832e+01 -3.1074e+00 3.0299e+00 1.2937e+01 -9.0280e-01 1.6102e+00 2.1770e+00 -1.7873e+00 1.9491e-02 1.0621e+00 5.1010e-01 7.6251e-02 -4.7263e+00 1.0347e-01 -1.8488e-01 2.6133e+00
8.6533e-01 -3.8058e+00 1.1162e+01 4.5512e-01 3.4281e-01 -5.7902e+00 -4.8927e+00 8.8884e-01 -4.8637e+00 -6.8748e+00 -3.4110e-01 -1.7044e+00 -2.7706e-01 -1.6976e-01 3.0020e+00 4.2218e+01 3.1409e+00 -1.1152e+00 -1.2299e+00 2.2508e+00 1.2301e+01 1.5264e+00 5.0097e-01 -3.1680e-01 1.9748e+01 -8.1515e-01 -1.2444e-01 -3.6261e-01 -4.3605e+00 -3.9795e-01 -5.9619e-01 -1.6458e+00 2.0479e+01 -5.2010e-02 -1.6304e+00 1.6111e+01 -6.1095e-01 -1.2680e+00 -8.6558e-01 -1.2425e+01 -3.3071e-01 -7.0227e-01 1.7215e+00 -4.4360e-01 -1.6084e-02 1.8230e-01 -6.7603e-01 2.1988e+00 -1.3819e+00 -7.1634e-02 8.5137e-01 -9.0471e-01
-8.8911e-01 1.5494e+00 -5.5530e+00 2.8023e-03 -5.0795e-03 3.2336e+00 2.7366e+00 4.8410e-02 -6.2688e+00 7.8772e-01 3.5198e-01 -1.1164e+00 -1.3236e-01 -2.2377e-01 1.1770e+00 3.1409e+00 1.7705e+01 -5.8920e-02 -2.5042e-01 -9.8027e-02 -6.3487e-01 -6.9944e-01 5.0292e-02 -3.5472e-01 5.1268e+00 3.4537e-01 6.9478e-02 -1.5858e-01 4.6431e+00 -2.6844e-01 3.4191e-02 -1.3541e+00 -2.5133e+00 -5.1858e-03 -4.0342e-01 -1.7560e+00 -3.1179e+00 -1.2914e-01 -6.6369e-02 -6.9334e-01 7.2514e-02 -3.7187e-01 -8.0240e-01 -6.3136e-02 2.3863e-03 2.3027e-01 -6.5842e-02 1.6803e-02 -1.9219e-01 -3.4796e-02 -4.2710e-02 -8.1856e-02
-7.7315e-01 -8.1924e-01 -2.5223e+00 1.5396e+00 -2.2150e+00 3.2108e+00 -2.1882e+00 -2.4776e+00 -7.6353e-01 2.3500e+00 -2.3978e-01 2.0550e-01 5.0781e-01 3.9470e-01 -1.4841e-01 -1.1152e+00 -5.8920e-02 2.2413e+01 -9.7923e-01 2.2064e+00 -7.1044e-01 -5.7433e-01 -2.7569e-01 -2.4739e-01 -1.8162e+00 -1.1328e+00 -1.6054e-01 3.9048e-01 2.9395e+00 -3.1509e-01 -6.7530e-01 5.7069e-01 -2.0716e+00 -3.3148e-01 -5.8111e-01 -1.7702e+00 -9.4672e-01 -6.0800e-01 -7.2217e-02 -5.8701e-01 -2.7700e-01 -4.4770e-02 1.3809e+00 -2.2362e-01 -7.8648e-02 -9.8396e-02 -1.7936e-01 -2.7619e-01 -4.8992e-01 4.9527e-02 5.5944e-01 -2.0183e-01
1.9653e+00 -5.6218e+00 2.8240e+00 1.7188e-01 2.5132e+00 -2.7606e+00 -1.0965e+00 -2.2893e+01 -7.4659e+00 -2.3489e+00 -1.5179e-01 -1.6669e+00 -4.2962e-01 -4.6868e-01 -2.5470e+01 -1.2299e+00 -2.5042e-01 -9.7923e-01 5.0968e+01 -1.2830e+00 -1.9222e-01 -1.6730e+00 7.3705e-02 2.2970e-01 -1.6501e+00 -1.3146e+00 7.7049e-01 -1.1678e+00 -5.7772e-02 1.4401e+00 3.7160e+00 -1.3640e+00 3.8621e+00 9.3280e-02 -1.5430e+00 2.7038e+00 1.9408e-01 6.3424e-01 5.2005e+00 -5.7630e-01 -1.6047e-02 -2.8435e-01 -6.2278e-01 4.5243e-01 2.3408e-01 -1.2328e+00 -2.9734e-02 -2.4809e-01 2.5763e+00 -2.8334e-01 -9.2550e-01 4.6359e+00
-1.3636e+00 -1.4562e+00 -1.5066e+00 5.9665e-02 2.1422e-01 4.1665e-01 -6.1621e-01 8.4250e-01 -2.0594e+00 3.7077e-01 -1.0216e-01 -2.4462e-01 -6.6487e-02 2.4314e-01 1.7160e+00 2.2508e+00 -9.8027e-02 2.2064e+00 -1.2830e+00 1.2134e+01 -4.2495e-01 -3.4579e-01 -9.0516e-02 -3.6496e-02 -7.9872e-01 -1.6749e-01 -7.5475e-02 -2.1163e-01 5.9621e-01 -3.1482e-01 -2.4334e-01 -3.9104e-01 -7.6962e-01 1.2897e-02 -2.7938e-01 -6.7028e-01 2.1947e-01 -2.3254e-01 4.0242e-03 -1.5616e+00 1.0801e-01 8.0495e-02 2.6299e+00 -1.3453e-01 -3.3019e-02 -2.1377e-01 -2.7730e-01 2.8891e-02 -2.9414e-01 -6.6144e-02 -9.0247e-03 -2.3565e-02
7.8230e-01 -1.5378e+00 9.1587e+00 -3.6134e-01 8.9523e-01 -8.4043e+00 -2.8428e+00 -1.0003e-02 1.2143e-01 -1.4202e+01 -2.7384e-01 -3.1230e+00 3.7006e-01 -4.9075e-01 4.5752e+00 1.2301e+01 -6.3487e-01 -7.1044e-01 -1.9222e-01 -4.2495e-01 4.7938e+01 2.1146e+01 -3.6037e-01 -1.4830e+00 3.4606e+01 1.5774e+01 -4.9674e-01 3.6008e-01 -9.3235e+00 -3.3567e-01 -8.1523e-01 -5.1919e+00 2.8944e+01 -3.0507e-01 -9.3435e-01 2.7259e+01 -8.3003e+00 -2.1669e+00 -1.8603e-01 -1.5688e+01 -1.1194e+00 -1.6036e+00 -1.3728e+00 -7.2077e-01 -1.5836e-01 3.6665e-01 -4.7695e-01 -3.1486e-01 -1.6843e+00 -3.1352e-02 1.0996e-01 -2.0036e-01
4.9524e-01 -1.2144e+00 2.5807e-01 -2.6946e-01 4.9070e-01 3.0024e+00 3.2368e+00 8.0271e-01 9.9146e-01 -6.1164e+00 -6.9020e-02 -1.3131e+00 -6.5211e-01 -4.0102e-01 3.9034e+00 1.5264e+00 -6.9944e-01 -5.7433e-01 -1.6730e+00 -3.4579e-01 2.1146e+01 3.6698e+01 -3.9443e-01 -1.2460e+00 1.9152e+01 1.5630e+01 -3.0704e-01 -4.2725e-01 -1.9274e+00 -5.1598e-01 -3.2009e-02 -2.6087e+00 1.1769e+01 -1.7349e-01 -4.9927e-01 9.9672e+00 -2.1563e+00 -1.4565e+00 6.7267e-02 -7.6270e+00 -8.1920e-01 -7.7408e-01 -3.4321e-01 -3.6930e-01 -3.6333e-01 2.1325e-01 -3.0797e-01 1.5021e-01 -8.0860e-01 -6.8709e-02 -1.8561e-01 2.8904e-02
-1.6443e-01 1.3094e+00 1.0183e-01 -6.1987e-01 -3.4360e-01 5.2260e-01 -2.1132e+00 -4.6929e-01 -4.3364e-01 -3.0066e-01 -1.0003e-01 -1.9062e-01 -8.4403e-02 -1.2019e-01 7.4733e-01 5.0097e-01 5.0292e-02 -2.7569e-01 7.3705e-02 -9.0516e-02 -3.6037e-01 -3.9443e-01 1.0954e+01 -4.4354e-02 -1.4633e-01 4.6435e-01 -7.0792e-02 -8.1079e-02 -1.0794e+00 1.5659e-02 1.6608e-01 -5.7900e-01 1.8761e+00 -7.1227e-02 -3.0209e-01 1.5741e+00 1.8510e+00 1.8557e+00 -4.3974e-01 -1.8124e+00 6.9611e-01 -1.1659e-01 -2.4514e-01 -9.3483e-02 -5.1551e-02 -1.4279e-01 1.1073e+00 -9.8921e-02 8.5037e-02 -8.5172e-02 1.1749e-01 -4.9844e-01
1.0881e-01 1.1475e+00 -6.5896e-01 -6.1664e-02 5.2319e-01 -4.1954e+00 -1.7388e+00 -5.6200e-01 -9.7246e-01 -1.4945e-02 -1.6573e-01 -9.8670e-01 -3.9249e-01 3.3964e+00 9.4906e-02 -3.1680e-01 -3.5472e-01 -2.4739e-01 2.2970e-01 -3.6496e-02 -1.4830e+00 -1.2460e+00 -4.4354e-02 1.8622e+01 -2.5029e+00 -9.8910e-01 -2.7626e-01 -1.1845e-01 -2.1343e-01 -1.9427e-01 -2.1254e-01 -2.2810e+00 1.2383e+00 -6.3574e-02 -2.1977e-01 9.1297e-01 1.2837e+00 -8.8050e-01 2.3657e-02 3.5690e+00 1.9250e+00 -3.5925e-01 -7.6473e-01 -2.4782e-01 -5.9533e-02 -6.8757e-02 -8.6201e-02 -1.7276e-01 -3.4559e-01 -2.6901e-02 -7.3948e-02 1.7959e-02
1.1040e+01 -1.2018e+00 2.1102e+01 -1.9767e-01 -1.8745e-01 -1.5720e+01 -1.0720e+01 -5.7804e-01 1.5358e+00 -1.2501e+01 -9.7517e-01 -6.3861e+00 -5.4689e-01 -4.2985e-01 1.1556e+01 1.9748e+01 5.1268e+00 -1.8162e+00 -1.6501e+00 -7.9872e-01 3.4606e+01 1.9152e+01 -1.4633e-01 -2.5029e+00 1.0898e+02 1.5115e+01 -9.3872e-01 -1.5001e+00 -2.0521e+01 -1.4058e+00 -1.3120e+00 -2.6731e+00 4.1215e+01 -7.8846e-01 -4.3949e+00 3.0718e+01 -1.2627e+01 -3.0846e+00 4.8702e-02 -3.0559e+01 -1.1722e+00 -2.5542e+00 -3.1315e+00 -2.2474e+00 -2.2891e-01 2.0843e+00 -1.3696e+00 -4.9982e-01 8.5361e-02 -2.2249e-01 -1.1376e-01 5.4251e-02
-3.3558e-02 3.6007e+00 1.5676e-01 -7.4124e+00 2.3248e+00 -6.3119e-01 1.6772e+00 -3.2999e+00 -1.4156e-01 -5.5287e-01 -3.7634e-01 -1.2517e+00 -7.0308e-01 -7.5636e-01 1.5083e+00 -8.1515e-01 3.4537e-01 -1.1328e+00 -1.3146e+00 -1.6749e-01 1.5774e+01 1.5630e+01 4.6435e-01 -9.8910e-01 1.5115e+01 3.2390e+01 -3.3792e-01 -1.9609e-01 -6.2339e+00 -3.6766e-01 -4.5329e-01 -1.8487e+00 1.0111e+01 -3.2731e-01 -2.0414e-02 9.4826e+00 -6.0811e+00 -5.7526e-01 -1.3255e+00 -5.9640e+00 -1.5315e-01 -6.4352e-02 -5.7795e-01 -2.5752e-01 -2.3311e-01 2.5887e-01 -2.1906e-01 -5.5064e-01 3.8469e-01 -2.4863e-01 2.6008e+00 -1.6370e+00
-8.9745e-01 6.8251e-01 -1.2411e-01 -1.2046e-02 2.1644e-01 3.2616e-01 -1.9548e+00 3.3723e-02 9.5751e-02 -6.6997e-01 -2.9653e-02 -4.6868e-01 -1.1956e-01 -1.5456e-01 4.8674e-01 -1.2444e-01 6.9478e-02 -1.6054e-01 7.7049e-01 -7.5475e-02 -4.9674e-01 -3.0704e-01 -7.0792e-02 -2.7626e-01 -9.3872e-01 -3.3792e-01 8.7524e+00 -9.3773e-02 -1.3356e+00 1.1428e-01 1.0371e+00 4.4891e-01 1.3259e-01 -4.7434e-02 1.0127e+00 2.5103e-02 6.6704e-01 7.5304e-01 -3.7406e-02 3.4717e-01 -1.8854e-01 -1.6270e-01 -3.3328e-01 1.1353e-01 -4.7398e-02 1.8656e-02 -2.9207e-03 -7.6977e-02 -2.6206e-01 -2.8277e-02 -5.6747e-02 8.4955e-03
-9.0246e-01 -2.0054e+00 -9.3431e-01 -8.6601e-02 -1.4336e-02 -1.4975e+00 3.5870e-01 5.5332e-01 -6.6523e-01 -1.7446e-01 -1.4226e-01 4.1471e-01 -1.8534e-01 -1.2084e-01 -9.6034e-01 -3.6261e-01 -1.5858e-01 3.9048e-01 -1.1678e+00 -2.1163e-01 3.6008e-01 -4.2725e-01 -8.1079e-02 -1.1845e-01 -1.5001e+00 -1.9609e-01 -9.3773e-02 1.4796e+01 -1.3891e+00 -4.1719e-01 2.5351e-01 6.6691e-01 -1.5203e+00 -5.4691e-02 -4.9913e-01 -1.2989e+00 -9.2469e-01 -1.6767e-01 -3.0523e-02 -4.8792e-01 -4.5684e-02 -3.8939e-01 1.2195e+00 1.5106e+00 -6.4886e-02 -3.9052e-01 -2.8778e-01 1.3589e-02 -1.9601e-01 -1.0161e-01 -1.3328e-01 -1.5665e-02
1.5610e+00 -2.9959e+00 -8.1898e-01 -6.0512e-01 -3.6302e+00 2.0073e+01 2.0541e+01 1.1335e+00 -1.7825e-01 8.3402e+00 1.3765e+00 -9.4916e+00 5.8318e+00 -7.9090e-01 1.2157e+01 -4.3605e+00 4.6431e+00 2.9395e+00 -5.7772e-02 5.9621e-01 -9.3235e+00 -1.9274e+00 -1.0794e+00 -2.1343e-01 -2.0521e+01 -6.2339e+00 -1.3356e+00 -1.3891e+00 1.0603e+02 1.2155e-01 8.5022e-01 -1.8479e+01 -2.8813e+01 -5.4687e-01 -1.7562e+00 -2.8955e+01 -1.7413e+01 -9.6719e-02 2.8716e-02 4.2218e+01 1.0328e+00 6.6944e+00 -2.0891e+00 -9.9015e-01 1.3609e+00 -5.8809e-01 1.1396e-01 8.6291e-01 -3.2025e-01 1.2103e-01 -8.6059e-01 2.1083e-01
-1.9679e+00 -1.7774e+00 -6.1619e-01 -2.5575e-01 -7.7458e-01 -1.2745e+00 -9.7148e-02 -4.2927e-01 -2.8954e+00 -3.9228e-01 1.2198e-01 -5.1970e-01 -3.8203e-01 -2.8454e-01 1.5548e-01 -3.9795e-01 -2.6844e-01 -3.1509e-01 1.4401e+00 -3.1482e-01 -3.3567e-01 -5.1598e-01 1.5659e-02 -1.9427e-01 -1.4058e+00 -3.6766e-01 1.1428e-01 -4.1719e-01 1.2155e-01 1.8164e+01 1.5639e+00 -6.5000e-01 -1.3695e+00 -4.5148e-02 6.7234e+00 -9.3394e-01 -4.1864e-01 8.2890e-01 4.3393e-01 3.5295e-01 -2.1012e-01 -1.5745e-01 -3.5542e-01 -1.9756e-01 9.5457e-01 -3.2181e-01 -3.5667e-02 2.2097e-01 1.9258e+00 5.5029e-02 -4.0828e-01 3.6519e-01
4.6783e-01 -1.4886e+00 1.3948e+00 -2.1644e+00 -6.5659e-01 -1.9128e+00 -6.7156e-01 5.4892e-01 9.8017e-04 -1.4395e+00 -7.4786e-02 -2.8592e-01 4.3894e-01 -6.4498e-01 3.1617e-01 -5.9619e-01 3.4191e-02 -6.7530e-01 3.7160e+00 -2.4334e-01 -8.1523e-01 -3.2009e-02 1.6608e-01 -2.1254e-01 -1.3120e+00 -4.5329e-01 1.0371e+00 2.5351e-01 8.5022e-01 1.5639e+00 2.2914e+01 -2.7547e-01 -1.0052e+00 -2.4771e-01 1.0806e+00 -9.7440e-01 2.0476e+00 -5.0490e-01 1.1446e-01 -1.0269e+00 -1.2775e-01 6.6960e-01 -3.2352e-01 4.2621e-01 1.3124e-01 -3.7924e-01 -1.7268e-01 -3.0293e-01 -4.6765e-01 -1.2776e-01 -2.7650e+00 2.4747e-01
1.3230e-03 -2.1691e+00 7.5426e+00 1.8629e-01 -3.1037e+00 -1.9136e+00 1.0635e+00 1.1777e+00 1.1802e+00 -1.0377e+00 -3.8712e-01 7.0631e+00 -1.8373e+00 -1.3668e+00 8.7778e+00 -1.6458e+00 -1.3541e+00 5.7069e-01 -1.3640e+00 -3.9104e-01 -5.1919e+00 -2.6087e+00 -5.7900e-01 -2.2810e+00 -2.6731e+00 -1.8487e+00 4.4891e-01 6.6691e-01 -1.8479e+01 -6.5000e-01 -2.7547e-01 6.8474e+01 -1.7760e+01 -8.9785e-02 -9.0987e-01 -1.8492e+01 -1.7599e+01 -2.5112e+00 -2.2088e-01 2.4519e+01 -1.1740e+00 1.1081e+00 8.0022e+00 -1.2245e+00 -6.4313e-01 -3.4532e-01 -1.0291e+00 -2.4103e-01 1.6167e+00 4.9455e-01 1.4813e-01 9.8234e-01
-1.0385e+00 2.5741e+00 5.3212e+00 -5.4733e-01 2.3726e+00 -1.2494e+01 -2.4535e+01 -2.5692e+00 1.7897e+00 -1.3667e+01 -1.1589e+00 4.6892e+00 -1.0507e+00 1.3022e+00 6.8928e+00 2.0479e+01 -2.5133e+00 -2.0716e+00 3.8621e+00 -7.6962e-01 2.8944e+01 1.1769e+01 1.8761e+00 1.2383e+00 4.1215e+01 1.0111e+01 1.3259e-01 -1.5203e+00 -2.8813e+01 -1.3695e+00 -1.0052e+00 -1.7760e+01 1.0752e+02 -4.6549e-01 -1.5615e+00 8.0433e+01 1.8312e+01 1.0977e+01 2.4670e-02 -3.4048e+01 -2.9952e+00 -2.7424e+00 -5.1193e+00 -2.0250e+00 -6.9927e-01 5.8008e-01 -9.9365e-01 4.0370e-01 5.4013e+00 -1.5903e-01 9.2379e-02 1.6656e-02
4.5764e-02 -2.8408e-01 1.8934e-01 -1.3298e+00 -3.4688e-01 -9.5186e-01 1.0080e+00 1.7088e+00 -1.8929e-01 -8.9671e-01 -5.4697e-02 -1.1500e-01 -5.5907e-02 -1.2802e-01 -6.9443e-01 -5.2010e-02 -5.1858e-03 -3.3148e-01 9.3280e-02 1.2897e-02 -3.0507e-01 -1.7349e-01 -7.1227e-02 -6.3574e-02 -7.8846e-01 -3.2731e-01 -4.7434e-02 -5.4691e-02 -5.4687e-01 -4.5148e-02 -2.4771e-01 -8.9785e-02 -4.6549e-01 8.1607e+00 -3.3381e-01 -4.3741e-01 -2.8522e-01 -2.1010e-01 2.8798e-03 -1.2938e+00 -2.4970e-02 -8.3811e-02 7.2693e-03 -1.4061e-01 -1.7197e-02 2.0281e-02 -5.9433e-02 -1.0370e-01 -1.3888e-01 -3.5212e-02 -1.5804e+00 -7.4954e-02
-4.7963e+00 5.4725e-01 -7.6983e+00 -5.9675e-01 1.2133e-01 8.1303e+00 -3.0038e+00 8.7486e-01 -1.2926e+00 -2.7109e+00 -2.4723e-01 7.2052e+00 -2.9455e-01 -3.5969e-01 1.9124e+00 -1.6304e+00 -4.0342e-01 -5.8111e-01 -1.5430e+00 -2.7938e-01 -9.3435e-01 -4.9927e-01 -3.0209e-01 -2.1977e-01 -4.3949e+00 -2.0414e-02 1.0127e+00 -4.9913e-01 -1.7562e+00 6.7234e+00 1.0806e+00 -9.0987e-01 -1.5615e+00 -3.3381e-01 3.1170e+01 -1.5078e+00 2.9106e-01 -7.4006e-01 -2.0420e-01 -4.4309e+00 -5.0481e-01 1.1291e-01 -5.4756e-01 8.5550e-01 3.1842e-02 3.2155e-02 3.8524e-02 -1.3637e-01 2.4603e-01 -8.1312e-02 -7.5676e-01 6.4693e-01
-1.3363e+00 2.1316e+00 3.6740e+00 -2.8054e-02 1.6109e+00 -9.1693e+00 -2.1861e+01 -1.1632e+00 1.2467e-01 -1.1558e+01 -1.0573e+00 4.6961e+00 -1.5479e+00 2.5321e+00 8.6852e+00 1.6111e+01 -1.7560e+00 -1.7702e+00 2.7038e+00 -6.7028e-01 2.7259e+01 9.9672e+00 1.5741e+00 9.1297e-01 3.0718e+01 9.4826e+00 2.5103e-02 -1.2989e+00 -2.8955e+01 -9.3394e-01 -9.7440e-01 -1.8492e+01 8.0433e+01 -4.3741e-01 -1.5078e+00 9.7281e+01 2.5226e+01 1.1893e+01 5.2414e-02 -4.6582e+01 -1.6593e+00 -2.6089e+00 -5.5053e+00 -2.0254e+00 -4.7101e-01 4.0186e-01 -9.1373e-01 -9.0236e-01 5.6933e+00 -1.4857e-01 3.6248e-02 3.0681e-02
-5.5342e-02 -1.0937e+00 -9.5448e+00 -1.3146e+00 -6.3742e-01 6.6767e+00 -3.3585e+00 -5.1151e-01 -1.6197e+00 -1.8227e+00 -9.1927e-01 3.0441e+00 -2.7940e+00 1.1708e+00 -1.3832e+01 -6.1095e-01 -3.1179e+00 -9.4672e-01 1.9408e-01 2.1947e-01 -8.3003e+00 -2.1563e+00 1.8510e+00 1.2837e+00 -1.2627e+01 -6.0811e+00 6.6704e-01 -9.2469e-01 -1.7413e+01 -4.1864e-01 2.0476e+00 -1.7599e+01 1.8312e+01 -2.8522e-01 2.9106e-01 2.5226e+01 8.7655e+01 2.8117e+00 -1.0193e-02 -4.0489e+01 1.6054e+00 -1.9961e+00 -6.7840e+00 8.5469e-01 -2.2543e-01 2.1657e-01 -8.7349e-01 1.1762e-01 -2.3999e+00 -2.6702e-01 -1.7482e+00 8.9999e-01
-1.8533e+00 1.6726e+00 1.1434e+00 1.9505e-01 -3.2932e+00 1.4630e-02 -5.8859e+00 -2.1311e+00 -4.3620e-01 -2.3007e+00 -1.4013e-01 -1.4847e+00 1.0787e+00 -5.0031e-01 -3.1074e+00 -1.2680e+00 -1.2914e-01 -6.0800e-01 6.3424e-01 -2.3254e-01 -2.1669e+00 -1.4565e+00 1.8557e+00 -8.8050e-01 -3.0846e+00 -5.7526e-01 7.5304e-01 -1.6767e-01 -9.6719e-02 8.2890e-01 -5.0490e-01 -2.5112e+00 1.0977e+01 -2.1010e-01 -7.4006e-01 1.1893e+01 2.8117e+00 2.9394e+01 -9.2775e-01 4.1543e-01 -2.8307e-01 9.5553e-01 -1.2874e+00 -4.0919e-01 1.1661e+00 -1.6813e-01 -2.5160e-01 2.8322e-01 7.7367e+00 -1.6363e-01 -3.1323e-01 -1.0675e+00
-8.6920e-03 -2.1315e-01 5.5568e-02 1.3454e+00 2.9589e+00 -4.3446e-01 1.2621e-01 -1.0783e+00 9.1016e-02 -1.7298e-01 -3.1285e-01 -1.5816e-01 -1.4443e-01 -1.0634e-02 3.0299e+00 -8.6558e-01 -6.6369e-02 -7.2217e-02 5.2005e+00 4.0242e-03 -1.8603e-01 6.7267e-02 -4.3974e-01 2.3657e-02 4.8702e-02 -1.3255e+00 -3.7406e-02 -3.0523e-02 2.8716e-02 4.3393e-01 1.1446e-01 -2.2088e-01 2.4670e-02 2.8798e-03 -2.0420e-01 5.2414e-02 -1.0193e-02 -9.2775e-01 1.2461e+01 -6.4466e-02 -1.7445e-01 1.0093e-02 3.2040e-02 -6.1788e-01 1.8864e-02 4.6202e-02 4.7951e-02 -2.1170e-02 -4.4583e-01 -2.8798e-01 4.7608e-02 1.0417e+01
3.0828e+00 -8.6688e+00 2.3858e+01 -5.8121e-01 -3.0288e+00 -2.4394e+00 6.4703e+00 7.1002e-01 4.1297e+00 -3.4644e+00 -2.1430e+00 -5.9170e+00 1.7697e+00 3.7485e-01 1.2937e+01 -1.2425e+01 -6.9334e-01 -5.8701e-01 -5.7630e-01 -1.5616e+00 -1.5688e+01 -7.6270e+00 -1.8124e+00 3.5690e+00 -3.0559e+01 -5.9640e+00 3.4717e-01 -4.8792e-01 4.2218e+01 3.5295e-01 -1.0269e+00 2.4519e+01 -3.4048e+01 -1.2938e+00 -4.4309e+00 -4.6582e+01 -4.0489e+01 4.1543e-01 -6.4466e-02 1.5899e+02 -1.5001e+00 3.7771e+00 7.0557e+00 -2.2817e+00 8.0610e-01 3.4953e+00 -1.3478e+00 4.0341e-01 7.8308e+00 1.0334e+00 -9.7577e-01 8.7260e-01
4.4918e-01 -6.0779e-01 -7.6214e-01 -5.3290e-01 -4.2636e-02 1.4238e+00 -5.4215e-01 -5.9493e-01 1.6461e-01 -7.8585e-01 2.5648e-02 -1.1035e+00 -2.8985e-01 -2.2749e-01 -9.0280e-01 -3.3071e-01 7.2514e-02 -2.7700e-01 -1.6047e-02 1.0801e-01 -1.1194e+00 -8.1920e-01 6.9611e-01 1.9250e+00 -1.1722e+00 -1.5315e-01 -1.8854e-01 -4.5684e-02 1.0328e+00 -2.1012e-01 -1.2775e-01 -1.1740e+00 -2.9952e+00 -2.4970e-02 -5.0481e-01 -1.6593e+00 1.6054e+00 -2.8307e-01 -1.7445e-01 -1.5001e+00 1.7566e+01 -3.5083e-01 -5.4861e-01 1.9356e-01 -2.4863e-02 -8.5475e-02 -1.4312e-01 -1.2916e-01 -3.9355e-01 5.6177e-03 -1.1078e-01 -2.0296e-01
6.0298e-01 -1.2859e+00 6.6576e-01 -7.4612e-03 2.5165e-01 1.6501e+00 1.4592e+00 -9.8698e-03 1.1098e+00 5.8566e+00 3.5629e-02 -4.2397e-01 -2.3042e-01 1.0212e+00 1.6102e+00 -7.0227e-01 -3.7187e-01 -4.4770e-02 -2.8435e-01 8.0495e-02 -1.6036e+00 -7.7408e-01 -1.1659e-01 -3.5925e-01 -2.5542e+00 -6.4352e-02 -1.6270e-01 -3.8939e-01 6.6944e+00 -1.5745e-01 6.6960e-01 1.1081e+00 -2.7424e+00 -8.3811e-02 1.1291e-01 -2.6089e+00 -1.9961e+00 9.5553e-01 1.0093e-02 3.7771e+00 -3.5083e-01 2.1649e+01 7.4021e-01 -5.6387e-01 -1.9145e-01 -1.6242e-01 -9.5083e-02 3.2022e-01 -3.5316e-01 -6.2700e-02 -2.4271e-02 -8.1983e-04
-9.4762e-01 -1.3707e+00 1.3687e+00 -3.1420e-01 4.4718e-01 -1.6961e+00 -1.2701e+00 1.6223e-01 -1.4864e+00 -1.2157e+00 3.6964e-01 8.1487e+00 -4.2212e-01 -2.2294e-01 2.1770e+00 1.7215e+00 -8.0240e-01 1.3809e+00 -6.2278e-01 2.6299e+00 -1.3728e+00 -3.4321e-01 -2.4514e-01 -7.6473e-01 -3.1315e+00 -5.7795e-01 -3.3328e-01 1.2195e+00 -2.0891e+00 -3.5542e-01 -3.2352e-01 8.0022e+00 -5.1193e+00 7.2693e-03 -5.4756e-01 -5.5053e+00 -6.7840e+00 -1.2874e+00 3.2040e-02 7.0557e+00 -5.4861e-01 7.4021e-01 2.3126e+01 -2.2019e-02 -1.1497e-01 -1.3663e-01 4.0803e-01 3.8451e-01 -3.9120e-01 -9.5774e-02 -2.8688e-01 2.3007e-02
-3.7138e-01 -2.8536e-01 -2.7564e+00 -7.9497e-01 1.6336e-01 2.1096e+00 1.9971e+00 -5.3833e-01 -1.0610e-01 1.2888e+00 -1.9309e-01 -5.5636e-01 -6.1546e-02 -1.8836e-01 -1.7873e+00 -4.4360e-01 -6.3136e-02 -2.2362e-01 4.5243e-01 -1.3453e-01 -7.2077e-01 -3.6930e-01 -9.3483e-02 -2.4782e-01 -2.2474e+00 -2.5752e-01 1.1353e-01 1.5106e+00 -9.9015e-01 -1.9756e-01 4.2621e-01 -1.2245e+00 -2.0250e+00 -1.4061e-01 8.5550e-01 -2.0254e+00 8.5469e-01 -4.0919e-01 -6.1788e-01 -2.2817e+00 1.9356e-01 -5.6387e-01 -2.2019e-02 1.5665e+01 -1.1631e-01 4.4204e-01 -1.6928e-01 -8.4464e-02 -1.1969e-01 -3.2837e-02 -1.0179e+00 1.8186e+00
4.0762e-02 -3.0251e-01 7.3689e-01 -6.5446e-02 -2.0746e+00 1.7789e-01 3.8591e-01 -3.0310e-02 -1.2388e-03 5.3645e-01 -1.1044e-01 -1.0495e-01 -8.5089e-02 -4.7550e-02 1.9491e-02 -1.6084e-02 2.3863e-03 -7.8648e-02 2.3408e-01 -3.3019e-02 -1.5836e-01 -3.6333e-01 -5.1551e-02 -5.9533e-02 -2.2891e-01 -2.3311e-01 -4.7398e-02 -6.4886e-02 1.3609e+00 9.5457e-01 1.3124e-01 -6.4313e-01 -6.9927e-01 -1.7197e-02 3.1842e-02 -4.7101e-01 -2.2543e-01 1.1661e+00 1.8864e-02 8.0610e-01 -2.4863e-02 -1.9145e-01 -1.1497e-01 -1.1631e-01 6.5834e+00 -3.3366e-02 -5.0338e-02 -5.1720e-02 -1.0971e-01 -7.0052e-03 -8.9831e-02 1.3839e-02
1.4263e+00 -1.4570e+00 -3.1175e-01 1.4645e-01 1.3592e-02 -8.0183e-01 2.3291e-01 6.1642e-01 3.4290e+00 2.4254e+00 -1.2493e-01 -1.5051e-01 4.2855e-03 -1.6143e-01 1.0621e+00 1.8230e-01 2.3027e-01 -9.8396e-02 -1.2328e+00 -2.1377e-01 3.6665e-01 2.1325e-01 -1.4279e-01 -6.8757e-02 2.0843e+00 2.5887e-01 1.8656e-02 -3.9052e-01 -5.8809e-01 -3.2181e-01 -3.7924e-01 -3.4532e-01 5.8008e-01 2.0281e-02 3.2155e-02 4.0186e-01 2.1657e-01 -1.6813e-01 4.6202e-02 3.4953e+00 -8.5475e-02 -1.6242e-01 -1.3663e-01 4.4204e-01 -3.3366e-02 1.1980e+01 -2.4701e-01 3.7080e-02 -1.5487e-01 8.3267e-01 6.4572e-02 5.5676e-01
1.5160e+00 2.8166e-01 3.8699e-01 -1.1257e-01 8.2020e-03 -1.6705e+00 -6.0833e-01 -2.5713e-01 6.6714e-01 -8.8983e-01 2.0425e-01 -1.1391e-01 -1.1967e-01 -1.8406e-01 5.1010e-01 -6.7603e-01 -6.5842e-02 -1.7936e-01 -2.9734e-02 -2.7730e-01 -4.7695e-01 -3.0797e-01 1.1073e+00 -8.6201e-02 -1.3696e+00 -2.1906e-01 -2.9207e-03 -2.8778e-01 1.1396e-01 -3.5667e-02 -1.7268e-01 -1.0291e+00 -9.9365e-01 -5.9433e-02 3.8524e-02 -9.1373e-01 -8.7349e-01 -2.5160e-01 4.7951e-02 -1.3478e+00 -1.4312e-01 -9.5083e-02 4.0803e-01 -1.6928e-01 -5.0338e-02 -2.4701e-01 1.5625e+01 5.6498e-01 -2.4221e-01 -2.3133e-02 1.2453e-01 3.8334e-02
4.7811e-02 8.7651e-01 -2.9157e-01 4.3339e-02 -1.3383e-01 -3.2433e-01 -2.9469e-01 -4.6030e-01 -2.2420e-01 1.4921e-01 5.4655e-01 1.4414e-01 -2.2290e-01 -1.5570e-01 7.6251e-02 2.1988e+00 1.6803e-02 -2.7619e-01 -2.4809e-01 2.8891e-02 -3.1486e-01 1.5021e-01 -9.8921e-02 -1.7276e-01 -4.9982e-01 -5.5064e-01 -7.6977e-02 1.3589e-02 8.6291e-01 2.2097e-01 -3.0293e-01 -2.4103e-01 4.0370e-01 -1.0370e-01 -1.3637e-01 -9.0236e-01 1.1762e-01 2.8322e-01 -2.1170e-02 4.0341e-01 -1.2916e-01 3.2022e-01 3.8451e-01 -8.4464e-02 -5.1720e-02 3.7080e-02 5.6498e-01 9.4739e+00 -1.9636e-01 3.8944e-02 1.3418e+00 -5.9920e-02
-6.4867e-01 3.5641e-01 2.7720e+00 -2.7082e-01 2.5602e-01 -6.6239e-01 -1.6569e+00 8.8512e-01 8.2601e-01 -3.4940e+00 3.6047e-01 -7.7422e-01 -2.6153e-01 -1.8345e-01 -4.7263e+00 -1.3819e+00 -1.9219e-01 -4.8992e-01 2.5763e+00 -2.9414e-01 -1.6843e+00 -8.0860e-01 8.5037e-02 -3.4559e-01 8.5361e-02 3.8469e-01 -2.6206e-01 -1.9601e-01 -3.2025e-01 1.9258e+00 -4.6765e-01 1.6167e+00 5.4013e+00 -1.3888e-01 2.4603e-01 5.6933e+00 -2.3999e+00 7.7367e+00 -4.4583e-01 7.8308e+00 -3.9355e-01 -3.5316e-01 -3.9120e-01 -1.1969e-01 -1.0971e-01 -1.5487e-01 -2.4221e-01 -1.9636e-01 2.4262e+01 2.0310e-01 -4.8005e-01 -5.1836e-01
-1.8307e-01 -4.0129e-01 2.2476e-02 1.4057e-01 4.9200e-01 1.2398e-01 3.2589e-02 8.0744e-01 6.6280e-01 7.4762e-01 9.7523e-01 -7.5985e-02 -7.2712e-02 -4.0597e-02 1.0347e-01 -7.1634e-02 -3.4796e-02 4.9527e-02 -2.8334e-01 -6.6144e-02 -3.1352e-02 -6.8709e-02 -8.5172e-02 -2.6901e-02 -2.2249e-01 -2.4863e-01 -2.8277e-02 -1.0161e-01 1.2103e-01 5.5029e-02 -1.2776e-01 4.9455e-01 -1.5903e-01 -3.5212e-02 -8.1312e-02 -1.4857e-01 -2.6702e-01 -1.6363e-01 -2.8798e-01 1.0334e+00 5.6177e-03 -6.2700e-02 -9.5774e-02 -3.2837e-02 -7.0052e-03 8.3267e-01 -2.3133e-02 3.8944e-02 2.0310e-01 6.2020e+00 -3.5081e-02 -3.3604e-02
-9.6756e-02 1.3593e+00 -2.6225e-01 1.4749e+01 2.7187e-01 5.4056e-01 -1.1945e-01 -1.4902e+00 -1.3242e-02 -1.1396e-01 -3.5709e-01 -2.6311e-02 -1.7090e-01 -1.3049e+00 -1.8488e-01 8.5137e-01 -4.2710e-02 5.5944e-01 -9.2550e-01 -9.0247e-03 1.0996e-01 -1.8561e-01 1.1749e-01 -7.3948e-02 -1.1376e-01 2.6008e+00 -5.6747e-02 -1.3328e-01 -8.6059e-01 -4.0828e-01 -2.7650e+00 1.4813e-01 9.2379e-02 -1.5804e+00 -7.5676e-01 3.6248e-02 -1.7482e+00 -3.1323e-01 4.7608e-02 -9.7577e-01 -1.1078e-01 -2.4271e-02 -2.8688e-01 -1.0179e+00 -8.9831e-02 6.4572e-02 1.2453e-01 1.3418e+00 -4.8005e-01 -3.5081e-02 1.8078e+01 -6.5364e-01
-2.5064e-02 -1.6048e-01 4.3906e-02 9.1054e-01 3.2653e+00 -4.8686e-01 1.2571e-01 -2.4867e-01 5.3938e-02 -2.1795e-01 -6.5700e-02 -1.8413e-01 -1.4871e-01 -6.1239e-02 2.6133e+00 -9.0471e-01 -8.1856e-02 -2.0183e-01 4.6359e+00 -2.3565e-02 -2.0036e-01 2.8904e-02 -4.9844e-01 1.7959e-02 5.4251e-02 -1.6370e+00 8.4955e-03 -1.5665e-02 2.1083e-01 3.6519e-01 2.4747e-01 9.8234e-01 1.6656e-02 -7.4954e-02 6.4693e-01 3.0681e-02 8.9999e-01 -1.0675e+00 1.0417e+01 8.7260e-01 -2.0296e-01 -8.1983e-04 2.3007e-02 1.8186e+00 1.3839e-02 5.5676e-01 3.8334e-02 -5.9920e-02 -5.1836e-01 -3.3604e-02 -6.5364e-01 1.3140e+01
