8.4108e+01 7.3734e+00 4.6211e-01 -1.8832e-01 2.1252e+00 -2.5147e+01 1.5318e+00 7.9307e-01 -1.2162e+00 2.0049e+00 -1.6600e-02 -2.1538e+00 8.4998e-01 -3.1514e+00 2.1145e+00 -3.9046e-01 -8.6454e+00 1.1184e+00 9.6481e-02 -1.7190e+00 -3.5293e-01 1.6419e+00 -5.7901e-01 4.0733e-04 5.7845e+00 -1.5332e+00 -9.1192e-01 -5.9083e+00 6.8200e+00 1.4931e+00 6.9319e+00 -9.0433e+00 -1.3311e+00 8.3627e-01 1.9233e+00 -6.8025e+00 -5.6818e+00 -2.0413e+00 -1.4096e-01 -3.9428e-01 -8.5616e-01 -5.8299e-01 -1.1087e+00 1.2074e+00 1.4743e-01 2.9027e+00 -7.8995e-01 -1.7157e-01 -1.5638e-01 -2.3529e-01 -8.8395e-01 2.2901e-01
7.3734e+00 6.5431e+01 1.9284e+00 -6.1366e-01 -1.0648e+01 2.3516e+01 -6.6907e+00 -5.7422e+00 9.0027e+00 -1.5147e+01 -1.0403e-01 4.5189e-01 6.4618e-01 6.3071e+00 -2.2571e+00 -1.6382e-01 -8.2911e+00 7.4859e-01 -4.9686e-01 -6.3327e-01 -1.3264e+00 -8.7633e-01 -1.6360e+00 -6.7477e-01 5.8229e-01 2.5557e-01 2.8536e-02 3.5953e+00 -8.1033e-01 -1.0300e+00 3.3607e+00 3.0988e+00 3.3626e+00 -3.7918e-01 5.8838e+00 -2.9487e+00 1.5542e+01 9.5241e-01 -4.5751e-01 7.8362e-01 3.5300e-02 8.1452e-01 -7.4053e-01 -1.6781e+00 1.3943e-01 7.0647e-01 2.8139e-01 -9.5354e-02 -2.2604e-01 -5.7585e-01 2.2370e-02 2.9442e+00
4.6211e-01 1.9284e+00 4.4109e+01 6.1587e-01 -2.5315e+00 -4.5755e+00 -6.6667e-01 -2.0614e+00 -2.0552e+00 5.4600e+00 7.9128e-01 1.5146e-01 1.0798e-01 -8.5200e-01 7.1552e+00 2.0317e-01 1.6341e+00 1.9917e-01 -2.8583e-01 -4.5656e-01 -3.3357e+00 4.8700e-01 1.7465e-01 9.3513e-02 4.6960e+00 -1.0873e+00 -4.8116e+00 9.9466e+00 -1.5683e-01 5.4047e-03 -2.6909e-01 4.2438e-01 2.2348e+00 -2.2611e-02 1.3100e+00 1.1663e-01 -7.7848e-01 3.1603e-01 -1.0644e-01 1.9721e-01 1.6939e-02 -7.3861e-02 -5.7805e-02 1.1067e-01 2.1955e-02 1.6931e-01 -6.1410e-02 -1.6117e+00 1.7969e-01 -9.8945e+00 -3.4165e+00 3.3915e+00
-1.8832e-01 -6.1366e-01 6.1587e-01 2.0834e+01 -2.3556e-01 -2.2177e+00 -3.5562e+00 -2.9293e+00 -4.9082e-01 -2.6316e+00 5.9122e-01 -1.4257e-01 -3.5343e-01 -1.2572e+00 4.7650e+00 -2.6770e-01 -1.1712e+00 -6.4103e-01 -6.1911e-01 9.5850e-04 -5.8833e-01 -3.1310e-01 2.5527e+00 2.0317e+00 4.8939e+00 -3.0165e-01 -3.0646e-01 -2.8685e+00 -8.0296e-01 -3.5370e-01 -5.0752e-02 4.0741e-01 1.3972e-01 -4.9965e-01 -8.6586e-02 6.9703e-01 5.4957e-01 -2.4054e+00 -7.7268e-02 3.1438e-01 -6.0458e-03 -1.9479e-01 -1.1473e-01 -2.8279e-01 -2.4889e-02 -1.8156e-01 1.4651e-01 2.1071e+00 8.1931e-01 -2.1086e-01 2.7810e-02 3.8942e-01
2.1252e+00 -1.0648e+01 -2.5315e+00 -2.3556e-01 5.6597e+01 -2.5937e+01 2.7041e+00 6.7673e+00 -2.9461e+01 2.0703e+01 9.7773e-01 -2.1833e+00 7.3678e-01 -2.5630e+00 6.6640e+00 8.4752e-01 -6.5193e+00 7.4567e-01 -5.0894e-01 -9.9036e-01 -1.6164e+00 -3.1251e+00 -1.4265e+00 3.7014e-01 -9.8497e+00 -3.2340e-01 -2.5459e+00 7.2904e+00 -1.5469e+00 2.6996e-01 -8.5861e-01 2.5095e+00 -6.4381e-01 -1.0083e+00 -3.2964e+00 -6.1117e+00 -4.1185e+00 -1.3228e+00 9.7244e-02 -2.8958e-01 -2.7054e-02 -3.2511e-01 -6.6016e-01 1.0832e+00 -6.1342e-02 2.6241e+00 8.5105e-02 -3.1039e-01 -4.7235e-01 2.5818e+00 -1.6699e+00 -6.0668e-01
-2.5147e+01 2.3516e+01 -4.5755e+00 -2.2177e+00 -2.5937e+01 1.1245e+02 -2.0267e+01 -1.5319e+01 2.2695e+01 -1.2888e+01 -2.7798e+00 7.3492e-01 -5.7794e-01 8.3713e+00 -2.2607e+01 -1.8230e+00 7.1373e-01 -2.3671e+00 4.0509e-02 -1.4538e-01 1.8763e+00 -6.9480e+00 -8.5132e-02 -1.6638e-01 -1.3031e+01 -6.9229e-01 6.1995e+00 6.6445e+00 2.4867e+00 -2.8774e+00 4.8669e+00 3.0067e+00 4.4088e+00 -1.4396e+00 7.1299e+00 3.9686e+00 8.4626e+00 4.2362e+00 -2.9197e-01 -3.5666e-01 7.7494e-01 1.2442e+00 1.6615e+00 -1.2745e+00 9.1365e-02 -1.5945e+00 -3.9992e-01 -3.6690e-01 -7.9925e-01 4.2039e+00 3.2232e-01 3.2286e-01
1.5318e+00 -6.6907e+00 -6.6667e-01 -3.5562e+00 2.7041e+00 -2.0267e+01 5.2814e+01 3.5198e+01 2.6893e+00 -2.5858e+01 -2.5096e+00 1.7930e+00 1.1087e-02 -6.1984e+00 3.6178e+01 2.9939e+00 1.3150e+01 2.6917e+00 8.2188e-01 1.0005e-01 -3.6170e+00 5.0605e+00 1.2926e+00 3.6148e-01 2.7802e+01 1.1041e-02 -9.7879e-01 -2.6612e+01 2.2696e-01 1.3519e+00 -1.7861e-02 -1.8496e+00 -1.0995e-01 2.4446e-01 2.7601e-01 -4.3245e+00 1.4434e+00 6.1598e-01 1.0776e-01 7.1824e-02 -8.8355e-01 -5.9640e-01 -7.5175e-01 7.1672e-01 6.8054e-02 -6.5078e-01 -7.3789e-01 -3.3973e-01 -2.1488e-01 3.1924e-02 -1.6331e-01 2.3073e-01
7.9307e-01 -5.7422e+00 -2.0614e+00 -2.9293e+00 6.7673e+00 -1.5319e+01 3.5198e+01 5.5726e+01 6.6846e+00 -1.9331e+01 -2.1491e+00 1.4235e+00 1.4311e-01 -4.0028e+00 2.7961e+01 3.6167e+00 -1.9428e+00 2.2625e+00 -3.0881e-01 -2.2431e+00 -2.5766e+00 -1.1960e+01 -2.2084e+00 -2.8378e-02 1.4686e+01 -9.5092e-02 -4.5538e-01 -2.0478e+01 7.2256e-01 2.2653e+00 8.8791e-01 -8.9908e-01 -1.3075e-01 4.0745e-01 -4.6142e-01 -1.2712e+00 -5.5757e-01 -2.6534e-01 1.9292e-01 2.6522e-01 -6.8424e-01 -3.4557e-01 -2.6335e-01 1.0456e+00 -6.2967e-04 -2.7509e-01 -5.6243e-01 -5.6260e-02 2.0109e-01 5.4100e-01 -2.9008e-01 -7.3565e-01
-1.2162e+00 9.0027e+00 -2.0552e+00 -4.9082e-01 -2.9461e+01 2.2695e+01 2.6893e+00 6.6846e+00 6.8518e+01 -3.1269e+01 -2.0561e+00 -7.6921e+00 -7.3503e-02 -1.5634e+00 5.9826e+00 -4.4214e-01 -4.7310e+00 -8.2033e-01 3.2926e-01 -1.5708e+00 9.1557e-01 -3.3352e+00 -8.7380e-01 -1.6458e+00 1.8303e+00 2.1135e-01 1.4401e+00 -4.0067e+00 2.3650e+00 2.4523e+00 1.1313e+00 -2.2854e+00 -7.9524e-01 -1.7378e+00 2.8924e+00 1.5312e+01 -1.8147e+00 2.3906e+00 -2.7037e-02 8.8574e-01 -7.2331e-01 1.7367e+00 6.0015e-01 -1.2823e+00 -1.4068e-02 -2.2051e+00 -5.2550e-02 2.6516e-01 2.8042e-01 -4.2082e-01 3.6718e+00 -8.4641e-01
2.0049e+00 -1.5147e+01 5.4600e+00 -2.6316e+00 2.0703e+01 -1.2888e+01 -2.5858e+01 -1.9331e+01 -3.1269e+01 1.0464e+02 5.7507e+00 -2.1455e+00 -2.1081e+00 -6.5162e+00 -3.3121e+01 -1.8262e+00 -1.3369e+01 -5.9211e+00 -3.1794e+00 -2.4110e-01 -4.9769e-01 -7.0279e+00 -2.9637e+00 -1.1399e+00 -3.1294e+01 -2.8338e+00 -4.1166e+00 2.6868e+01 -3.0996e+00 -2.8920e+00 1.0092e+00 2.7868e+00 -1.0557e+00 -3.2776e+00 -9.3592e+00 7.2765e+00 1.9197e+00 -7.2310e+00 -9.0229e-02 -1.5477e-01 1.1670e+00 -1.0913e+00 5.0784e-01 1.1342e+00 -1.9738e-01 2.0909e+00 3.5941e-01 -5.2536e-01 -1.0990e+00 -2.2943e+00 5.6139e-01 -5.7279e-01
-1.6600e-02 -1.0403e-01 7.9128e-01 5.9122e-01 9.7773e-01 -2.7798e+00 -2.5096e+00 -2.1491e+00 -2.0561e+00 5.7507e+00 2.1778e+01 -2.1931e-01 -4.7499e-02 -1.2358e+00 -4.4259e+00 -3.9443e-01 -1.7508e+00 -1.3810e+00 -3.8817e-01 -1.8375e-01 1.7411e+00 -1.1738e-01 7.7297e-01 1.1992e+00 -5.5047e+00 1.2614e-01 -5.2953e-01 4.7920e+00 -5.5077e-01 -2.4896e-02 -2.8030e+00 -3.3792e-01 1.9520e-01 -4.3712e-01 3.1382e+00 -1.0588e-01 -3.8231e+00 2.0353e+00 -4.8603e-02 -1.4000e-01 -7.8000e-02 -1.6769e-01 -1.4046e-01 -4.4834e-01 -5.2125e-02 -1.6590e-01 -1.5928e-01 -1.4426e-01 -9.0794e-02 -2.3210e-01 -5.9593e-02 2.5698e-01
-2.1538e+00 4.5189e-01 1.5146e-01 -1.4257e-01 -2.1833e+00 7.3492e-01 1.7930e+00 1.4235e+00 -7.6921e+00 -2.1455e+00 -2.1931e-01 2.2180e+01 -1.8717e-01 -1.2997e+00 2.1867e+00 -2.7311e-01 3.8372e+00 1.1974e+00 5.4385e-02 2.0896e+00 -6.6893e-01 6.2020e-02 -5.6760e-01 -4.8618e-02 7.0638e+00 -1.5215e-01 1.6390e-01 -6.2346e+00 -5.9733e-01 -6.9143e-01 -7.4281e-01 -1.1472e+00 -8.1401e-01 -5.4807e-01 -7.9924e-01 -3.6061e+00 -1.3225e+00 -5.4990e-01 -2.7088e-02 -1.9248e-01 -1.9251e-01 -1.5241e-01 -3.5907e-01 -1.4722e-01 -1.3297e-02 -2.4772e-01 2.8880e-01 -1.9106e-02 1.7321e+00 -3.6696e-01 -1.0321e-01 2.3235e-01
8.4998e-01 6.4618e-01 1.0798e-01 -3.5343e-01 7.3678e-01 -5.7794e-01 1.1087e-02 1.4311e-01 -7.3503e-02 -2.1081e+00 -4.7499e-02 -1.8717e-01 1.8381e+01 -8.0782e-01 2.7130e-01 1.4162e+00 1.3294e+00 5.6170e+00 -4.6930e-01 -1.1110e-01 -1.3501e+00 -4.2942e-01 -7.3805e-01 -8.6135e-01 -2.0879e+00 -8.9755e-01 1.4802e-01 4.2530e+00 1.1743e-01 6.3258e+00 -5.6199e+00 -2.0202e-02 3.1663e-01 3.5249e+00 4.1495e-01 -1.3844e+00 -5.4237e+00 2.4297e+00 -3.1114e-02 3.1679e-01 -9.6054e-02 -2.1567e-01 -5.7046e-02 -2.0530e-01 -2.3866e-02 -2.7879e-01 -1.8655e-02 -2.0451e-01 7.1566e-02 -1.7957e-01 1.7913e-01 2.2352e-01
-3.1514e+00 6.3071e+00 -8.5200e-01 -1.2572e+00 -2.5630e+00 8.3713e+00 -6.1984e+00 -4.0028e+00 -1.5634e+00 -6.5162e+00 -1.2358e+00 -1.2997e+00 -8.0782e-01 3.9455e+01 -1.4832e+01 -8.1282e-01 -4.6651e+00 -2.3817e+00 -4.5637e-01 -5.5665e-01 -1.3814e+00 -2.3348e+00 -1.0854e+00 -6.2109e-01 -1.3294e+01 -3.5810e-01 1.9861e+00 1.0076e+01 8.5753e-01 -1.1806e+00 -3.9926e+00 -1.0163e+00 3.4307e-01 3.6225e+00 2.4206e+00 -2.4392e+00 3.4456e+00 2.7778e+00 -1.1196e-01 -1.0526e-01 -2.1360e-01 2.7656e+00 -3.7720e-01 -5.0660e-01 7.6954e-02 -3.2344e-01 -3.5381e-01 -2.5330e-01 -2.1887e-01 9.0230e-01 1.6115e-01 -7.5740e-02
2.1145e+00 -2.2571e+00 7.1552e+00 4.7650e+00 6.6640e+00 -2.2607e+01 3.6178e+01 2.7961e+01 5.9826e+00 -3.3121e+01 -4.4259e+00 2.1867e+00 2.7130e-01 -1.4832e+01 8.3114e+01 2.5817e+00 1.2831e+01 2.5305e+00 1.5392e+00 -8.9683e-03 -5.4488e+00 8.6180e+00 1.4019e+00 -4.0273e-02 4.7617e+01 -5.1549e-01 -3.6711e+00 -4.3997e+01 -9.6278e-02 1.4009e+00 3.7438e-01 1.6425e+00 2.5371e+00 -3.2564e+00 -1.3916e+00 -1.7808e+00 -3.5789e+00 -2.6976e-01 1.3543e-01 5.5986e-02 -8.3757e-01 -2.8863e+00 -5.7340e-01 7.6145e-01 6.3764e-02 3.8987e-02 -7.5182e-01 -1.5701e+00 8.0422e-01 -4.3058e+00 4.0104e-01 2.4239e-01
-3.9046e-01 -1.6382e-01 2.0317e-01 -2.6770e-01 8.4752e-01 -1.8230e+00 2.9939e+00 3.6167e+00 -4.4214e-01 -1.8262e+00 -3.9443e-01 -2.7311e-01 1.4162e+00 -8.1282e-01 2.5817e+00 1.2564e+01 5.0031e+00 5.4557e+00 -2.2402e-01 -1.0467e-01 -4.1056e-01 -1.0281e+00 -3.7648e-01 -1.0162e-01 3.5467e+00 -1.2792e-01 7.4906e-02 -4.1683e+00 9.8196e-01 -3.8848e-01 3.9307e-01 -1.6230e-01 -1.4311e-01 -1.9899e-01 -5.0178e-01 9.9886e-02 5.9076e-01 1.2852e+00 2.6868e-01 1.6910e-01 -9.0091e-02 1.3775e-02 -2.2955e-02 -2.1167e-01 -4.0208e-02 -9.5999e-02 -1.2333e-01 -1.2595e-01 -1.7483e-01 -1.0694e-01 3.8029e-02 -1.3275e-03
-8.6454e+00 -8.2911e+00 1.6341e+00 -1.1712e+00 -6.5193e+00 7.1373e-01 1.3150e+01 -1.9428e+00 -4.7310e+00 -1.3369e+01 -1.7508e+00 3.8372e+00 1.3294e+00 -4.6651e+00 1.2831e+01 5.0031e+00 7.4949e+01 7.6859e+00 1.8902e+00 1.6029e+00 -2.3231e+00 1.9485e+01 5.8148e+00 -4.8939e-01 2.9550e+01 -1.9682e-01 5.9805e+00 -2.2981e+01 -1.3901e+00 -1.5588e+00 5.7070e+00 -4.1736e+00 -5.4075e-01 -3.5171e-01 -4.2517e+00 -1.3530e+01 6.4225e+00 -2.0646e+00 -1.1221e-01 -3.5612e-01 -2.3478e-01 -5.9952e-01 6.4754e-01 7.9822e-01 1.9610e-02 -7.2685e-01 -5.1130e-01 -1.7858e-01 -5.2910e-01 -1.1371e+00 -1.4506e+00 -2.2204e+00
1.1184e+00 7.4859e-01 1.9917e-01 -6.4103e-01 7.4567e-01 -2.3671e+00 2.6917e+00 2.2625e+00 -8.2033e-01 -5.9211e+00 -1.3810e+00 1.1974e+00 5.6170e+00 -2.3817e+00 2.5305e+00 5.4557e+00 7.6859e+00 4.0338e+01 2.2847e+00 5.1765e-01 -2.7162e+00 -6.5710e-01 -1.4786e+00 -1.6742e+00 1.2030e+01 -1.7571e+00 -6.3352e-01 -1.1213e+01 -2.0437e+00 2.4751e+00 7.0161e+00 9.9209e-02 -3.3440e+00 -1.5162e+00 -9.4942e+00 -1.7230e+01 9.2132e+00 -6.1275e+00 3.6764e-01 3.5809e-01 -2.4436e-01 -3.4693e-01 5.4444e-01 -6.2873e-01 -7.4959e-02 -1.1916e-01 -2.0761e-01 -1.1449e+00 -2.9840e-01 -1.3415e-01 8.5579e-02 1.6327e+00
9.6481e-02 -4.9686e-01 -2.8583e-01 -6.1911e-01 -5.0894e-01 4.0509e-02 8.2188e-01 -3.0881e-01 3.2926e-01 -3.1794e+00 -3.8817e-01 5.4385e-02 -4.6930e-01 -4.5637e-01 1.5392e+00 -2.2402e-01 1.8902e+00 2.2847e+00 1.6473e+01 -9.2526e-02 -7.3294e-01 -4.3609e-01 -2.7998e-01 -5.5387e-02 4.3365e+00 -5.4017e-01 -5.5247e-01 -4.8624e+00 -8.0680e-01 1.1521e-02 3.0782e+00 -3.6534e-01 3.9504e-01 9.5249e-02 -2.0383e+00 -4.9044e+00 3.8123e+00 -1.5967e+00 -9.7283e-02 -3.1086e-02 -5.6631e-02 -1.0765e-01 -7.4523e-02 1.1490e-01 -2.5875e-02 -1.0089e-01 -1.5436e-01 -3.1298e-01 -1.1324e-01 -1.2639e-02 2.4210e-03 1.9786e-01
-1.7190e+00 -6.3327e-01 -4.5656e-01 9.5850e-04 -9.9036e-01 -1.4538e-01 1.0005e-01 -2.2431e+00 -1.5708e+00 -2.4110e-01 -1.8375e-01 2.0896e+00 -1.1110e-01 -5.5665e-01 -8.9683e-03 -1.0467e-01 1.6029e+00 5.1765e-01 -9.2526e-02 1.1765e+01 -1.9114e-01 2.4264e+00 -3.0070e-01 1.5773e-01 3.2217e-01 1.5456e-01 1.3376e+00 1.5707e+00 1.1679e+00 -2.8352e-02 -5.3488e-01 2.3433e-01 -1.1508e+00 -1.4069e-01 -2.8012e-02 -2.9298e-01 -5.5159e-01 1.8124e-02 2.2007e-02 -7.6525e-02 7.4989e-02 -1.2558e-01 -1.0744e-01 1.6244e-02 1.9096e-02 -1.9384e-01 -1.0844e-02 3.1708e-03 -8.8161e-02 -3.3367e-01 -2.6270e-03 -6.8891e-01
-3.5293e-01 -1.3264e+00 -3.3357e+00 -5.8833e-01 -1.6164e+00 1.8763e+00 -3.6170e+00 -2.5766e+00 9.1557e-01 -4.9769e-01 1.7411e+00 -6.6893e-01 -1.3501e+00 -1.3814e+00 -5.4488e+00 -4.1056e-01 -2.3231e+00 -2.7162e+00 -7.3294e-01 -1.9114e-01 3.6412e+01 -1.2558e+00 -1.2049e+00 2.8768e+00 -7.2591e+00 6.4644e+00 -8.5330e-02 4.2507e+00 2.9984e-01 -6.4024e-01 -6.3291e+00 4.4827e-01 3.0859e-01 -1.5098e+00 5.7435e+00 1.0422e+00 -7.1592e+00 6.8236e+00 5.0441e-02 -1.9122e-01 -8.2591e-02 -3.0950e-01 4.8318e-01 -4.3176e-01 -5.8084e-02 -2.3056e-01 -7.7261e-02 -5.4581e-01 -2.5713e-01 1.2757e+00 2.6806e-01 7.6001e-01
1.6419e+00 -8.7633e-01 4.8700e-01 -3.1310e-01 -3.1251e+00 -6.9480e+00 5.0605e+00 -1.1960e+01 -3.3352e+00 -7.0279e+00 -1.1738e-01 6.2020e-02 -4.2942e-01 -2.3348e+00 8.6180e+00 -1.0281e+00 1.9485e+01 -6.5710e-01 -4.3609e-01 2.4264e+00 -1.2558e+00 3.6612e+01 3.3460e+00 1.6324e-01 8.9928e+00 -2.1290e-02 -1.3858e-03 -3.1854e+00 -6.5554e-01 -1.2455e+00 -1.3786e+00 4.5251e-01 -4.4517e-01 -4.2542e-01 -8.0551e-01 4.4049e-02 -1.7137e+00 -1.0164e+00 -9.0073e-02 -2.4700e-01 -2.5376e-01 -1.9476e-01 -6.6517e-01 -1.7721e-01 2.6769e-02 -2.5362e-01 -9.7201e-02 1.5880e-03 -2.8579e-01 -7.2476e-01 -6.2147e-01 -1.3453e+00
-5.7901e-01 -1.6360e+00 1.7465e-01 2.5527e+00 -1.4265e+00 -8.5132e-02 1.2926e+00 -2.2084e+00 -8.7380e-01 -2.9637e+00 7.7297e-01 -5.6760e-01 -7.3805e-01 -1.0854e+00 1.4019e+00 -3.7648e-01 5.8148e+00 -1.4786e+00 -2.7998e-01 -3.0070e-01 -1.2049e+00 3.3460e+00 2.8574e+01 6.0369e+00 -3.5317e+00 -1.8749e-01 -9.6116e-01 3.3367e+00 -2.0180e+00 -1.5819e+00 -5.4777e+00 -2.6661e-01 1.3627e-01 -7.4227e-01 6.8448e+00 1.1617e+00 -1.3217e+00 -3.0756e+00 -9.1380e-02 -1.9749e-01 -1.7403e-01 -9.5560e-02 5.0945e-01 -5.6879e-01 -1.3429e-01 4.2978e+00 -1.5369e-01 1.9013e-01 -8.3578e-02 -3.2208e-01 1.2400e-01 -5.4180e-02
4.0733e-04 -6.7477e-01 9.3513e-02 2.0317e+00 3.7014e-01 -1.6638e-01 3.6148e-01 -2.8378e-02 -1.6458e+00 -1.1399e+00 1.1992e+00 -4.8618e-02 -8.6135e-01 -6.2109e-01 -4.0273e-02 -1.0162e-01 -4.8939e-01 -1.6742e+00 -5.5387e-02 1.5773e-01 2.8768e+00 1.6324e-01 6.0369e+00 1.8026e+01 -6.8623e+00 3.3062e+00 -2.0400e-01 5.8994e+00 -1.2635e+00 -5.6744e-01 -5.7216e+00 -2.7698e-01 4.7361e-01 -1.1633e+00 6.0366e+00 2.9331e+00 -4.3931e+00 -7.5948e-01 -7.1264e-02 -2.7569e-02 -5.5383e-02 -8.4103e-02 -1.4298e-01 -3.6924e-01 -7.5298e-02 5.4239e-01 -1.4569e-02 -5.1290e-01 -9.1846e-02 -1.2096e-01 7.8980e-03 6.0706e-01
5.7845e+00 5.8229e-01 4.6960e+00 4.8939e+00 -9.8497e+00 -1.3031e+01 2.7802e+01 1.4686e+01 1.8303e+00 -3.1294e+01 -5.5047e+00 7.0638e+00 -2.0879e+00 -1.3294e+01 4.7617e+01 3.5467e+00 2.9550e+01 1.2030e+01 4.3365e+00 3.2217e-01 -7.2591e+00 8.9928e+00 -3.5317e+00 -6.8623e+00 1.6977e+02 -3.0608e+00 -4.7125e+00 -1.3067e+02 1.1030e+01 -5.6929e+00 6.3333e+01 -6.7577e+00 1.9817e-01 2.7154e+00 -4.5859e+01 -4.7870e+01 4.8584e+01 -3.5922e+01 -2.2054e-01 1.9219e+00 -2.6549e-01 -1.2449e-01 -5.2902e-01 -3.1240e+00 7.6187e-01 -2.8576e+00 -1.5104e+00 9.2561e-01 2.6669e+00 -7.0954e+00 -3.6344e-01 8.5963e+00
-1.5332e+00 2.5557e-01 -1.0873e+00 -3.0165e-01 -3.2340e-01 -6.9229e-01 1.1041e-02 -9.5092e-02 2.1135e-01 -2.8338e+00 1.2614e-01 -1.5215e-01 -8.9755e-01 -3.5810e-01 -5.1549e-01 -1.2792e-01 -1.9682e-01 -1.7571e+00 -5.4017e-01 1.5456e-01 6.4644e+00 -2.1290e-02 -1.8749e-01 3.3062e+00 -3.0608e+00 1.4764e+01 1.5542e+00 2.1773e+00 -7.0328e-01 1.0651e+00 -5.2645e+00 -1.6734e-01 -9.8003e-01 -1.0110e+00 3.4032e+00 -2.8017e-01 -4.8674e+00 3.2043e+00 -1.1003e-01 -1.0673e-02 6.2136e-01 -1.8975e-01 -4.6252e-03 -2.5959e-01 -2.0471e-02 -1.4782e-02 2.1337e-03 -5.7791e-01 -4.1228e-02 -3.7532e-01 1.3072e-01 2.9003e-01
-9.1192e-01 2.8536e-02 -4.8116e+00 -3.0646e-01 -2.5459e+00 6.1995e+00 -9.7879e-01 -4.5538e-01 1.4401e+00 -4.1166e+00 -5.2953e-01 1.6390e-01 1.4802e-01 1.9861e+00 -3.6711e+00 7.4906e-02 5.9805e+00 -6.3352e-01 -5.5247e-01 1.3376e+00 -8.5330e-02 -1.3858e-03 -9.6116e-01 -2.0400e-01 -4.7125e+00 1.5542e+00 3.9892e+01 5.4326e-01 3.4892e+00 -8.8783e-01 -1.1682e+00 -2.3537e+00 -6.7882e+00 -3.1565e-01 2.0618e+00 2.2000e-03 2.3179e+00 -4.1677e+00 -3.1228e-02 -2.1707e-01 1.7280e-01 -1.0933e-01 1.5158e+00 -3.0122e-01 5.5238e-01 -7.6693e-01 -3.3273e-01 3.1772e+00 2.1582e-01 -2.8781e+00 6.2979e+00 -6.8916e+00
-5.9083e+00 3.5953e+00 9.9466e+00 -2.8685e+00 7.2904e+00 6.6445e+00 -2.6612e+01 -2.0478e+01 -4.0067e+00 2.6868e+01 4.7920e+00 -6.2346e+00 4.2530e+00 1.0076e+01 -4.3997e+01 -4.1683e+00 -2.2981e+01 -1.1213e+01 -4.8624e+00 1.5707e+00 4.2507e+00 -3.1854e+00 3.3367e+00 5.8994e+00 -1.3067e+02 2.1773e+00 5.4326e-01 1.8373e+02 -1.7221e+01 4.9743e+00 -7.1511e+01 6.3827e+00 -2.1855e+00 6.2067e+00 5.5035e+01 5.2663e+01 -5.0508e+01 4.1495e+01 -9.6218e-03 -7.9221e-01 1.3799e-01 1.3711e+00 7.1021e-01 2.7936e-01 -8.1731e-01 2.6580e+00 1.1364e+00 1.6412e+00 -1.3820e+00 -6.9738e+00 -6.4787e+00 2.4106e+01
6.8200e+00 -8.1033e-01 -1.5683e-01 -8.0296e-01 -1.5469e+00 2.4867e+00 2.2696e-01 7.2256e-01 2.3650e+00 -3.0996e+00 -5.5077e-01 -5.9733e-01 1.1743e-01 8.5753e-01 -9.6278e-02 9.8196e-01 -1.3901e+00 -2.0437e+00 -8.0680e-01 1.1679e+00 2.9984e-01 -6.5554e-01 -2.0180e+00 -1.2635e+00 1.1030e+01 -7.0328e-01 3.4892e+00 -1.7221e+01 5.2792e+01 -2.4567e+00 1.8186e+01 -2.5921e+00 7.6329e-01 -1.6241e+00 -1.2416e+01 -2.2877e+01 -8.1940e+00 -5.8498e+00 -1.6605e-01 -3.2883e-01 -1.2239e-01 -4.2255e-01 -3.1980e-01 8.2622e-01 -2.4237e-01 -1.5166e+00 -4.6412e-01 -5.5540e-01 -2.8621e-01 1.4801e-01 -4.8776e-01 -4.7253e+00
1.4931e+00 -1.0300e+00 5.4047e-03 -3.5370e-01 2.6996e-01 -2.8774e+00 1.3519e+00 2.2653e+00 2.4523e+00 -2.8920e+00 -2.4896e-02 -6.9143e-01 6.3258e+00 -1.1806e+00 1.4009e+00 -3.8848e-01 -1.5588e+00 2.4751e+00 1.1521e-02 -2.8352e-02 -6.4024e-01 -1.2455e+00 -1.5819e+00 -5.6744e-01 -5.6929e+00 1.0651e+00 -8.8783e-01 4.9743e+00 -2.4567e+00 2.6540e+01 -6.0748e+00 -8.8564e-01 1.9766e-01 -9.2395e-02 -5.3082e+00 -3.0777e+00 -6.1966e+00 -4.4827e+00 -3.6204e-02 1.7231e-01 4.9148e-01 1.0066e-01 -3.6245e-01 -2.9471e-01 -8.9666e-02 -5.8258e-01 -2.2623e-01 -3.1156e-01 -1.1502e-01 -4.2657e-01 -4.9529e-01 6.7519e-01
6.9319e+00 3.3607e+00 -2.6909e-01 -5.0752e-02 -8.5861e-01 4.8669e+00 -1.7861e-02 8.8791e-01 1.1313e+00 1.0092e+00 -2.8030e+00 -7.4281e-01 -5.6199e+00 -3.9926e+00 3.7438e-01 3.9307e-01 5.7070e+00 7.0161e+00 3.0782e+00 -5.3488e-01 -6.3291e+00 -1.3786e+00 -5.4777e+00 -5.7216e+00 6.3333e+01 -5.2645e+00 -1.1682e+00 -7.1511e+01 1.8186e+01 -6.0748e+00 8.3138e+01 -3.9567e+00 -1.5117e-01 -5.6677e+00 -5.3593e+01 -3.5176e+01 5.2878e+01 -4.4290e+01 -2.7225e-01 1.7825e-02 -3.0593e-01 -1.1716e+00 5.9095e-01 -1.2588e+00 7.4541e-01 -2.1979e+00 -6.6714e-01 2.2993e+00 -3.0346e-01 -9.0447e-02 -1.6647e-02 -4.3907e+00
-9.0433e+00 3.0988e+00 4.2438e-01 4.0741e-01 2.5095e+00 3.0067e+00 -1.8496e+00 -8.9908e-01 -2.2854e+00 2.7868e+00 -3.3792e-01 -1.1472e+00 -2.0202e-02 -1.0163e+00 1.6425e+00 -1.6230e-01 -4.1736e+00 9.9209e-02 -3.6534e-01 2.3433e-01 4.4827e-01 4.5251e-01 -2.6661e-01 -2.7698e-01 -6.7577e+00 -1.6734e-01 -2.3537e+00 6.3827e+00 -2.5921e+00 -8.8564e-01 -3.9567e+00 3.9893e+01 5.8648e-01 -3.3196e-01 -3.0515e+00 1.1254e-02 -8.2263e+00 -3.5262e+00 3.4269e-01 -2.2040e-01 -1.1271e-01 -3.3212e-01 -2.6480e-01 1.3183e-01 -2.3237e-02 3.6648e+00 -3.8069e-01 3.8244e-01 -1.7199e-01 -2.7184e-01 2.0104e-02 -5.9027e-02
-1.3311e+00 3.3626e+00 2.2348e+00 1.3972e-01 -6.4381e-01 4.4088e+00 -1.0995e-01 -1.3075e-01 -7.9524e-01 -1.0557e+00 1.9520e-01 -8.1401e-01 3.1663e-01 3.4307e-01 2.5371e+00 -1.4311e-01 -5.4075e-01 -3.3440e+00 3.9504e-01 -1.1508e+00 3.0859e-01 -4.4517e-01 1.3627e-01 4.7361e-01 1.9817e-01 -9.8003e-01 -6.7882e+00 -2.1855e+00 7.6329e-01 1.9766e-01 -1.5117e-01 5.8648e-01 3.2124e+01 2.4183e-01 3.6579e+00 1.0813e+00 -5.4544e-01 1.8881e+00 -5.9108e-02 2.0742e-03 4.8256e-02 1.3553e-01 -3.2336e-01 2.5243e-01 2.6777e-02 1.2805e-01 -1.2908e-01 -2.1712e+00 1.1361e-01 7.0255e+00 1.2307e+01 4.2684e+00
8.3627e-01 -3.7918e-01 -2.2611e-02 -4.9965e-01 -1.0083e+00 -1.4396e+00 2.4446e-01 4.0745e-01 -1.7378e+00 -3.2776e+00 -4.3712e-01 -5.4807e-01 3.5249e+00 3.6225e+00 -3.2564e+00 -1.9899e-01 -3.5171e-01 -1.5162e+00 9.5249e-02 -1.4069e-01 -1.5098e+00 -4.2542e-01 -7.4227e-01 -1.1633e+00 2.7154e+00 -1.0110e+00 -3.1565e-01 6.2067e+00 -1.6241e+00 -9.2395e-02 -5.6677e+00 -3.3196e-01 2.4183e-01 2.3542e+01 8.9558e+00 -7.7737e-02 -2.9268e+00 9.4981e+00 -1.1037e-01 -1.8319e-01 -5.9459e-02 -1.4726e-01 -2.1283e-01 -3.8963e-01 -6.3068e-02 -2.7363e-01 -1.5289e-01 -4.0907e-01 1.4656e-01 -1.8305e-01 1.6805e-01 3.8463e-01
1.9233e+00 5.8838e+00 1.3100e+00 -8.6586e-02 -3.2964e+00 7.1299e+00 2.7601e-01 -4.6142e-01 2.8924e+00 -9.3592e+00 3.1382e+00 -7.9924e-01 4.1495e-01 2.4206e+00 -1.3916e+00 -5.0178e-01 -4.2517e+00 -9.4942e+00 -2.0383e+00 -2.8012e-02 5.7435e+00 -8.0551e-01 6.8448e+00 6.0366e+00 -4.5859e+01 3.4032e+00 2.0618e+00 5.5035e+01 -1.2416e+01 -5.3082e+00 -5.3593e+01 -3.0515e+00 3.6579e+00 8.9558e+00 9.7222e+01 2.6549e+01 -4.5210e+01 6.9729e+01 2.6303e-02 -5.9665e-01 -2.2432e-01 1.2577e+00 -1.0057e+00 1.3887e+00 -6.7377e-01 2.2025e+00 1.6384e+00 -2.3900e+00 5.7973e-01 -1.1650e+00 -4.3224e-01 4.8055e+00
-6.8025e+00 -2.9487e+00 1.1663e-01 6.9703e-01 -6.1117e+00 3.9686e+00 -4.3245e+00 -1.2712e+00 1.5312e+01 7.2765e+00 -1.0588e-01 -3.6061e+00 -1.3844e+00 -2.4392e+00 -1.7808e+00 9.9886e-02 -1.3530e+01 -1.7230e+01 -4.9044e+00 -2.9298e-01 1.0422e+00 4.4049e-02 1.1617e+00 2.9331e+00 -4.7870e+01 -2.8017e-01 2.2000e-03 5.2663e+01 -2.2877e+01 -3.0777e+00 -3.5176e+01 1.1254e-02 1.0813e+00 -7.7737e-02 2.6549e+01 1.0732e+02 -1.7291e+01 2.2255e+01 -1.7826e-01 -4.6604e-01 -7.2638e-01 7.5414e-01 -1.6665e-01 1.5939e+00 3.3141e-01 -1.8557e+00 1.5989e+00 1.8980e+00 -5.7585e-01 -9.6907e-01 -7.8514e-01 1.6027e-01
-5.6818e+00 1.5542e+01 -7.7848e-01 5.4957e-01 -4.1185e+00 8.4626e+00 1.4434e+00 -5.5757e-01 -1.8147e+00 1.9197e+00 -3.8231e+00 -1.3225e+00 -5.4237e+00 3.4456e+00 -3.5789e+00 5.9076e-01 6.4225e+00 9.2132e+00 3.8123e+00 -5.5159e-01 -7.1592e+00 -1.7137e+00 -1.3217e+00 -4.3931e+00 4.8584e+01 -4.8674e+00 2.3179e+00 -5.0508e+01 -8.1940e+00 -6.1966e+00 5.2878e+01 -8.2263e+00 -5.4544e-01 -2.9268e+00 -4.5210e+01 -1.7291e+01 1.2501e+02 -4.5763e+01 -2.2378e-01 1.1178e+00 -3.5491e-01 -1.6325e+00 -3.5192e-02 -2.8376e+00 9.8150e-01 -3.1633e+00 -1.2938e+00 2.7463e+00 -5.3534e-01 -5.5042e-01 4.3762e-01 9.5068e-02
-2.0413e+00 9.5241e-01 3.1603e-01 -2.4054e+00 -1.3228e+00 4.2362e+00 6.1598e-01 -2.6534e-01 2.3906e+00 -7.2310e+00 2.0353e+00 -5.4990e-01 2.4297e+00 2.7778e+00 -2.6976e-01 1.2852e+00 -2.0646e+00 -6.1275e+00 -1.5967e+00 1.8124e-02 6.8236e+00 -1.0164e+00 -3.0756e+00 -7.5948e-01 -3.5922e+01 3.2043e+00 -4.1677e+00 4.1495e+01 -5.8498e+00 -4.4827e+00 -4.4290e+01 -3.5262e+00 1.8881e+00 9.4981e+00 6.9729e+01 2.2255e+01 -4.5763e+01 8.6917e+01 1.2903e-01 -4.8354e-01 -5.0183e-01 1.1502e+00 -1.0513e+00 4.3850e+00 -5.6441e-01 -2.0792e+00 1.6788e+00 -1.8308e+00 2.0081e-01 1.4064e-01 1.1135e-02 1.4364e+00
-1.4096e-01 -4.5751e-01 -1.0644e-01 -7.7268e-02 9.7244e-02 -2.9197e-01 1.0776e-01 1.9292e-01 -2.7037e-02 -9.0229e-02 -4.8603e-02 -2.7088e-02 -3.1114e-02 -1.1196e-01 1.3543e-01 2.6868e-01 -1.1221e-01 3.6764e-01 -9.7283e-02 2.2007e-02 5.0441e-02 -9.0073e-02 -9.1380e-02 -7.1264e-02 -2.2054e-01 -1.1003e-01 -3.1228e-02 -9.6218e-03 -1.6605e-01 -3.6204e-02 -2.7225e-01 3.4269e-01 -5.9108e-02 -1.1037e-01 2.6303e-02 -1.7826e-01 -2.2378e-01 1.2903e-01 4.5152e+00 -2.9118e-02 -2.4147e-02 -4.9190e-02 -2.3147e-02 8.9568e-02 -5.6537e-03 -2.2606e-02 -2.4697e-02 -1.2231e-02 -1.9850e-02 1.0705e-01 5.2146e-02 2.4451e-02
-3.9428e-01 7.8362e-01 1.9721e-01 3.1438e-01 -2.8958e-01 -3.5666e-01 7.1824e-02 2.6522e-01 8.8574e-01 -1.5477e-01 -1.4000e-01 -1.9248e-01 3.1679e-01 -1.0526e-01 5.5986e-02 1.6910e-01 -3.5612e-01 3.5809e-01 -3.1086e-02 -7.6525e-02 -1.9122e-01 -2.4700e-01 -1.9749e-01 -2.7569e-02 1.9219e+00 -1.0673e-02 -2.1707e-01 -7.9221e-01 -3.2883e-01 1.7231e-01 1.7825e-02 -2.2040e-01 2.0742e-03 -1.8319e-01 -5.9665e-01 -4.6604e-01 1.1178e+00 -4.8354e-01 -2.9118e-02 8.0320e+00 -2.5088e-02 -5.5918e-02 -1.1514e-01 -8.2811e-02 -1.9898e-02 -5.4175e-02 -1.8714e-02 -9.3977e-02 -4.5753e-02 -2.4514e-01 -6.3128e-02 6.5473e-02
-8.5616e-01 3.5300e-02 1.6939e-02 -6.0458e-03 -2.7054e-02 7.7494e-01 -8.8355e-01 -6.8424e-01 -7.2331e-01 1.1670e+00 -7.8000e-02 -1.9251e-01 -9.6054e-02 -2.1360e-01 -8.3757e-01 -9.0091e-02 -2.3478e-01 -2.4436e-01 -5.6631e-02 7.4989e-02 -8.2591e-02 -2.5376e-01 -1.7403e-01 -5.5383e-02 -2.6549e-01 6.2136e-01 1.7280e-01 1.3799e-01 -1.2239e-01 4.9148e-01 -3.0593e-01 -1.1271e-01 4.8256e-02 -5.9459e-02 -2.2432e-01 -7.2638e-01 -3.5491e-01 -5.0183e-01 -2.4147e-02 -2.5088e-02 5.5317e+00 -4.0399e-02 -5.9818e-02 1.8254e-01 -9.0320e-03 -4.2129e-02 4.3050e-04 -5.0500e-02 -6.8039e-02 -1.0539e-01 -1.6201e-02 1.5251e-02
-5.8299e-01 8.1452e-01 -7.3861e-02 -1.9479e-01 -3.2511e-01 1.2442e+00 -5.9640e-01 -3.4557e-01 1.7367e+00 -1.0913e+00 -1.6769e-01 -1.5241e-01 -2.1567e-01 2.7656e+00 -2.8863e+00 1.3775e-02 -5.9952e-01 -3.4693e-01 -1.0765e-01 -1.2558e-01 -3.0950e-01 -1.9476e-01 -9.5560e-02 -8.4103e-02 -1.2449e-01 -1.8975e-01 -1.0933e-01 1.3711e+00 -4.2255e-01 1.0066e-01 -1.1716e+00 -3.3212e-01 1.3553e-01 -1.4726e-01 1.2577e+00 7.5414e-01 -1.6325e+00 1.1502e+00 -4.9190e-02 -5.5918e-02 -4.0399e-02 1.1065e+01 -6.5643e-02 -1.7785e-01 2.3961e-02 -1.3419e-01 6.7367e-02 -8.4543e-02 2.6490e-01 -6.8582e-02 1.2993e+00 -8.3515e-02
-1.1087e+00 -7.4053e-01 -5.7805e-02 -1.1473e-01 -6.6016e-01 1.6615e+00 -7.5175e-01 -2.6335e-01 6.0015e-01 5.0784e-01 -1.4046e-01 -3.5907e-01 -5.7046e-02 -3.7720e-01 -5.7340e-01 -2.2955e-02 6.4754e-01 5.4444e-01 -7.4523e-02 -1.0744e-01 4.8318e-01 -6.6517e-01 5.0945e-01 -1.4298e-01 -5.2902e-01 -4.6252e-03 1.5158e+00 7.1021e-01 -3.1980e-01 -3.6245e-01 5.9095e-01 -2.6480e-01 -3.2336e-01 -2.1283e-01 -1.0057e+00 -1.6665e-01 -3.5192e-02 -1.0513e+00 -2.3147e-02 -1.1514e-01 -5.9818e-02 -6.5643e-02 1.0251e+01 -1.4361e-01 -1.4700e-02 3.7049e-01 -3.3805e-02 1.6493e-02 -1.5865e-01 -6.6683e-02 -3.8268e-02 9.0886e-02
1.2074e+00 -1.6781e+00 1.1067e-01 -2.8279e-01 1.0832e+00 -1.2745e+00 7.1672e-01 1.0456e+00 -1.2823e+00 1.1342e+00 -4.4834e-01 -1.4722e-01 -2.0530e-01 -5.0660e-01 7.6145e-01 -2.1167e-01 7.9822e-01 -6.2873e-01 1.1490e-01 1.6244e-02 -4.3176e-01 -1.7721e-01 -5.6879e-01 -3.6924e-01 -3.1240e+00 -2.5959e-01 -3.0122e-01 2.7936e-01 8.2622e-01 -2.9471e-01 -1.2588e+00 1.3183e-01 2.5243e-01 -3.8963e-01 1.3887e+00 1.5939e+00 -2.8376e+00 4.3850e+00 8.9568e-02 -8.2811e-02 1.8254e-01 -1.7785e-01 -1.4361e-01 1.3844e+01 -1.0749e-01 -1.9613e-01 -7.7939e-02 4.4529e-02 -6.5803e-02 -2.5412e-02 -4.3012e-03 -1.8579e+00
1.4743e-01 1.3943e-01 2.1955e-02 -2.4889e-02 -6.1342e-02 9.1365e-02 6.8054e-02 -6.2967e-04 -1.4068e-02 -1.9738e-01 -5.2125e-02 -1.3297e-02 -2.3866e-02 7.6954e-02 6.3764e-02 -4.0208e-02 1.9610e-02 -7.4959e-02 -2.5875e-02 1.9096e-02 -5.8084e-02 2.6769e-02 -1.3429e-01 -7.5298e-02 7.6187e-01 -2.0471e-02 5.5238e-01 -8.1731e-01 -2.4237e-01 -8.9666e-02 7.4541e-01 -2.3237e-02 2.6777e-02 -6.3068e-02 -6.7377e-01 3.3141e-01 9.8150e-01 -5.6441e-01 -5.6537e-03 -1.9898e-02 -9.0320e-03 2.3961e-02 -1.4700e-02 -1.0749e-01 3.6645e+00 -3.2657e-02 2.6127e-02 -2.5734e-02 -1.6493e-02 -7.7950e-04 -2.4813e-02 7.8948e-02
2.9027e+00 7.0647e-01 1.6931e-01 -1.8156e-01 2.6241e+00 -1.5945e+00 -6.5078e-01 -2.7509e-01 -2.2051e+00 2.0909e+00 -1.6590e-01 -2.4772e-01 -2.7879e-01 -3.2344e-01 3.8987e-02 -9.5999e-02 -7.2685e-01 -1.1916e-01 -1.0089e-01 -1.9384e-01 -2.3056e-01 -2.5362e-01 4.2978e+00 5.4239e-01 -2.8576e+00 -1.4782e-02 -7.6693e-01 2.6580e+00 -1.5166e+00 -5.8258e-01 -2.1979e+00 3.6648e+00 1.2805e-01 -2.7363e-01 2.2025e+00 -1.8557e+00 -3.1633e+00 -2.0792e+00 -2.2606e-02 -5.4175e-02 -4.2129e-02 -1.3419e-01 3.7049e-01 -1.9613e-01 -3.2657e-02 1.7361e+01 3.3303e-01 2.6520e-03 -3.0505e-02 -1.8620e-01 -5.6440e-02 1.2094e-01
-7.8995e-01 2.8139e-01 -6.1410e-02 1.4651e-01 8.5105e-02 -3.9992e-01 -7.3789e-01 -5.6243e-01 -5.2550e-02 3.5941e-01 -1.5928e-01 2.8880e-01 -1.8655e-02 -3.5381e-01 -7.5182e-01 -1.2333e-01 -5.1130e-01 -2.0761e-01 -1.5436e-01 -1.0844e-02 -7.7261e-02 -9.7201e-02 -1.5369e-01 -1.4569e-02 -1.5104e+00 2.1337e-03 -3.3273e-01 1.1364e+00 -4.6412e-01 -2.2623e-01 -6.6714e-01 -3.8069e-01 -1.2908e-01 -1.5289e-01 1.6384e+00 1.5989e+00 -1.2938e+00 1.6788e+00 -2.4697e-02 -1.8714e-02 4.3050e-04 6.7367e-02 -3.3805e-02 -7.7939e-02 2.6127e-02 3.3303e-01 8.5445e+00 5.9586e-02 2.8748e-01 7.8378e-02 -9.3835e-02 -1.4995e-01
-1.7157e-01 -9.5354e-02 -1.6117e+00 2.1071e+00 -3.1039e-01 -3.6690e-01 -3.3973e-01 -5.6260e-02 2.6516e-01 -5.2536e-01 -1.4426e-01 -1.9106e-02 -2.0451e-01 -2.5330e-01 -1.5701e+00 -1.2595e-01 -1.7858e-01 -1.1449e+00 -3.1298e-01 3.1708e-03 -5.4581e-01 1.5880e-03 1.9013e-01 -5.1290e-01 9.2561e-01 -5.7791e-01 3.1772e+00 1.6412e+00 -5.5540e-01 -3.1156e-01 2.2993e+00 3.8244e-01 -2.1712e+00 -4.0907e-01 -2.3900e+00 1.8980e+00 2.7463e+00 -1.8308e+00 -1.2231e-02 -9.3977e-02 -5.0500e-02 -8.4543e-02 1.6493e-02 4.4529e-02 -2.5734e-02 2.6520e-03 5.9586e-02 1.4371e+01 3.0726e-02 -1.0963e+00 9.8289e-01 -1.3086e+00
-1.5638e-01 -2.2604e-01 1.7969e-01 8.1931e-01 -4.7235e-01 -7.9925e-01 -2.1488e-01 2.0109e-01 2.8042e-01 -1.0990e+00 -9.0794e-02 1.7321e+00 7.1566e-02 -2.1887e-01 8.0422e-01 -1.7483e-01 -5.2910e-01 -2.9840e-01 -1.1324e-01 -8.8161e-02 -2.5713e-01 -2.8579e-01 -8.3578e-02 -9.1846e-02 2.6669e+00 -4.1228e-02 2.1582e-01 -1.3820e+00 -2.8621e-01 -1.1502e-01 -3.0346e-01 -1.7199e-01 1.1361e-01 1.4656e-01 5.7973e-01 -5.7585e-01 -5.3534e-01 2.0081e-01 -1.9850e-02 -4.5753e-02 -6.8039e-02 2.6490e-01 -1.5865e-01 -6.5803e-02 -1.6493e-02 -3.0505e-02 2.8748e-01 3.0726e-02 9.5436e+00 -3.6216e-01 9.6447e-03 1.8391e-01
-2.3529e-01 -5.7585e-01 -9.8945e+00 -2.1086e-01 2.5818e+00 4.2039e+00 3.1924e-02 5.4100e-01 -4.2082e-01 -2.2943e+00 -2.3210e-01 -3.6696e-01 -1.7957e-01 9.0230e-01 -4.3058e+00 -1.0694e-01 -1.1371e+00 -1.3415e-01 -1.2639e-02 -3.3367e-01 1.2757e+00 -7.2476e-01 -3.2208e-01 -1.2096e-01 -7.0954e+00 -3.7532e-01 -2.8781e+00 -6.9738e+00 1.4801e-01 -4.2657e-01 -9.0447e-02 -2.7184e-01 7.0255e+00 -1.8305e-01 -1.1650e+00 -9.6907e-01 -5.5042e-01 1.4064e-01 1.0705e-01 -2.4514e-01 -1.0539e-01 -6.8582e-02 -6.6683e-02 -2.5412e-02 -7.7950e-04 -1.8620e-01 7.8378e-02 -1.0963e+00 -3.6216e-01 2.6172e+01 4.0910e+00 5.2993e+00
-8.8395e-01 2.2370e-02 -3.4165e+00 2.7810e-02 -1.6699e+00 3.2232e-01 -1.6331e-01 -2.9008e-01 3.6718e+00 5.6139e-01 -5.9593e-02 -1.0321e-01 1.7913e-01 1.6115e-01 4.0104e-01 3.8029e-02 -1.4506e+00 8.5579e-02 2.4210e-03 -2.6270e-03 2.6806e-01 -6.2147e-01 1.2400e-01 7.8980e-03 -3.6344e-01 1.3072e-01 6.2979e+00 -6.4787e+00 -4.8776e-01 -4.9529e-01 -1.6647e-02 2.0104e-02 1.2307e+01 1.6805e-01 -4.3224e-01 -7.8514e-01 4.3762e-01 1.1135e-02 5.2146e-02 -6.3128e-02 -1.6201e-02 1.2993e+00 -3.8268e-02 -4.3012e-03 -2.4813e-02 -5.6440e-02 -9.3835e-02 9.8289e-01 9.6447e-03 4.0910e+00 2.2081e+01 -2.5945e+00
2.2901e-01 2.9442e+00 3.3915e+00 3.8942e-01 -6.0668e-01 3.2286e-01 2.3073e-01 -7.3565e-01 -8.4641e-01 -5.7279e-01 2.5698e-01 2.3235e-01 2.2352e-01 -7.5740e-02 2.4239e-01 -1.3275e-03 -2.2204e+00 1.6327e+00 1.9786e-01 -6.8891e-01 7.6001e-01 -1.3453e+00 -5.4180e-02 6.0706e-01 8.5963e+00 2.9003e-01 -6.8916e+00 2.4106e+01 -4.7253e+00 6.7519e-01 -4.3907e+00 -5.9027e-02 4.2684e+00 3.8463e-01 4.8055e+00 1.6027e-01 9.5068e-02 1.4364e+00 2.4451e-02 6.5473e-02 1.5251e-02 -8.3515e-02 9.0886e-02 -1.8579e+00 7.8948e-02 1.2094e-01 -1.4995e-01 -1.3086e+00 1.8391e-01 5.2993e+00 -2.5945e+00 3.6506e+01
