4.8432e+01 -1.0709e+01 8.4414e-01 -9.2354e+00 1.3155e+01 2.3427e+00 -1.7067e+00 1.6457e+00 -8.9620e+00 -1.1656e+01 -9.8162e-01 1.4428e+01 -6.1701e-01 5.9620e-01 -5.3754e-02 8.4546e-01 1.8698e-02 8.5158e-01 -1.1932e-02 -4.3125e-02 2.4917e+00 -2.4270e+00 -5.0072e-01 4.0470e-01 4.1437e-01 -2.1511e-01 5.8495e-01 -1.3015e+00 -3.1031e-01 -1.5438e-01 2.9453e+00 -6.6020e-01 2.3180e+00 -5.7827e-02 -1.3076e+00 4.0143e-02 4.0013e+00 6.6889e-02 5.8567e+00 -3.0847e-01 -6.9081e-02 1.1568e-01 -1.9122e-01 -9.4365e-01 -7.4248e-02 -2.8714e-02 -6.2264e-02 8.0596e-01 -2.7171e+00 -1.8128e-01 2.0766e+00 1.9830e+00
-1.0709e+01 4.7058e+01 -1.1758e+00 1.8257e+01 -1.2022e+00 -2.6903e-01 7.9772e-01 -2.6913e-01 1.3763e+01 2.2224e-01 1.1433e+00 -1.0481e+01 -1.2100e-04 -1.1041e+00 -2.8306e-01 1.3186e-01 1.5429e-02 6.6663e-02 -1.9952e-01 2.1329e-02 -1.3306e+00 -8.6749e-01 -1.0879e+00 3.3976e-01 1.4448e-01 3.4731e-01 -2.3979e-01 -4.1179e-01 -2.0678e-02 1.4521e-01 -1.6538e-02 7.1156e-01 -4.9905e+00 2.6920e-01 -8.7117e-01 -6.6563e-02 6.7983e+00 5.0927e-01 -1.2986e-02 6.8797e+00 1.7576e-01 -8.1883e-04 -7.3057e-01 1.6435e+00 2.5056e-01 -8.3835e-01 -6.1242e-03 -4.3623e-01 -6.5792e+00 1.0186e-01 1.5713e-01 -5.7094e+00
8.4414e-01 -1.1758e+00 6.1643e+01 -5.3580e-01 4.3243e-01 -1.1572e+01 -9.6168e-01 -5.9816e+00 -7.3466e-02 -5.1899e+00 -3.9031e+00 -4.1026e+00 -3.1207e-01 -4.7022e-01 -4.8429e-02 2.3346e-01 -8.2684e-02 -8.4453e-01 -3.7618e-01 -7.3977e-01 -2.7203e-01 1.1327e+00 -2.0989e-01 5.5996e-02 -2.1685e+00 6.3824e+00 -4.1948e+00 -5.2331e+00 1.4481e+00 1.4590e+00 2.7849e-01 -1.7800e-04 -5.9900e-01 -3.9291e+00 1.4818e+01 -2.4470e-01 -1.4556e+01 1.3608e+01 2.0182e+00 1.4312e+00 6.6398e-01 -1.3038e-01 4.0179e+00 -1.2286e+01 -5.3357e-02 9.9220e-03 -1.1088e-01 -1.6527e+00 1.0547e+01 1.5461e-02 -4.3078e-01 -7.3294e-01
-9.2354e+00 1.8257e+01 -5.3580e-01 3.3867e+01 -1.4105e+00 6.8649e-01 -4.1725e+00 5.9483e-01 1.9259e+01 -1.8681e-01 4.1842e-02 -8.9730e+00 2.8455e-02 -1.0607e+00 -1.5351e-01 -4.5333e-01 4.0971e-02 -3.1055e-01 8.0272e-02 2.1929e-02 7.7550e-01 -7.0646e-01 -1.8734e-01 6.5340e-01 -5.0698e-01 -7.5184e-01 3.7712e-02 5.7617e-01 1.9768e-01 3.1430e-02 -1.2380e-02 7.7881e-01 1.2887e+00 -3.1260e-02 -3.2771e+00 1.7214e-02 3.5869e+00 4.5567e-01 3.7530e-01 2.2300e+00 -2.3533e-01 -2.9761e-01 1.4339e-01 4.6194e+00 3.4430e-01 -2.0121e-01 1.7504e-01 -4.6667e-01 -4.2025e+00 8.4080e-02 -8.3500e-01 1.0494e+00
1.3155e+01 -1.2022e+00 4.3243e-01 -1.4105e+00 3.4033e+01 3.2156e+00 -1.7118e+00 5.0789e+00 -1.5579e+00 2.3782e+00 -2.1399e+00 1.7440e+00 -1.1057e-01 -1.0598e-01 -6.4955e-03 -7.8841e-01 -1.3259e+00 -1.0322e+00 7.1176e-01 -4.6591e-02 6.5370e+00 3.8512e-01 4.1409e-02 -1.2578e+00 1.5005e-01 -3.4773e+00 -9.7433e-01 -1.7325e+00 -1.2923e+00 -3.8702e-01 1.6271e+00 -9.8700e-02 -5.3337e-02 4.2559e-01 -7.3940e+00 -1.0942e-02 2.3199e+00 -2.5415e+00 9.7055e+00 -1.2712e-01 -1.7106e-01 -5.6460e-02 2.9593e-01 -7.0882e+00 1.4967e-02 1.3666e-01 -1.0155e+00 -8.9259e-02 -2.8865e+00 -7.8940e-02 4.0285e-02 -6.7181e-02
2.3427e+00 -2.6903e-01 -1.1572e+01 6.8649e-01 3.2156e+00 7.9755e+01 -1.2870e-01 -4.8451e+00 1.3897e-01 -1.1210e+01 3.9937e+00 4.7721e-01 -7.1582e-01 -6.0651e-01 7.1918e-01 -1.1875e+00 -3.4353e+00 -1.8754e+01 3.2279e-02 3.0283e-02 1.1821e+00 -4.5428e-01 9.6351e-02 -2.7904e+00 7.4996e-01 -1.0770e+01 6.4813e+00 1.1168e+01 9.4293e-01 -9.6725e-01 -2.4587e+00 -4.2000e-01 -4.6209e-01 2.2571e+00 -8.9391e+00 3.1573e-01 3.2966e+00 -7.4160e+00 6.8146e-01 8.5692e+00 -2.0112e+00 9.0771e-02 -1.9340e+00 4.9225e+00 -7.2339e-02 -3.6508e-01 -8.4077e-01 3.5237e+00 -3.5360e-01 1.0417e+00 -6.9875e-01 -5.6553e-01
-1.7067e+00 7.9772e-01 -9.6168e-01 -4.1725e+00 -1.7118e+00 -1.2870e-01 6.0891e+01 -1.7907e+00 -1.8286e+00 -5.6377e+00 -4.3943e+00 -2.6340e+00 2.2348e-01 -3.1946e-01 1.6253e+00 -4.4937e-01 -1.5360e+01 7.1933e+00 -1.3538e-01 9.0969e-01 -1.1214e-01 2.9067e-02 -1.0902e+00 2.8619e+00 -2.3306e+00 2.3673e+00 1.6619e+01 -3.0366e-01 2.8355e+00 2.1343e-01 -1.3010e+01 -1.4014e+00 3.2022e-01 -1.0738e+01 2.7174e+00 -2.3621e+00 2.2739e-01 1.2425e+01 -1.9659e+00 -2.6124e+00 -1.1190e+00 1.0027e-01 6.3386e-02 5.4967e+00 -1.5770e-02 9.2194e-01 -1.3389e+00 5.2314e-01 -7.7468e-01 4.9252e-02 -5.3671e-01 1.7789e-01
1.6457e+00 -2.6913e-01 -5.9816e+00 5.9483e-01 5.0789e+00 -4.8451e+00 -1.7907e+00 5.3865e+01 -7.2539e-01 -8.6143e-01 -1.8468e+00 -7.7887e-01 6.7682e-02 -9.2944e-02 -1.9511e-02 -1.6753e-01 1.6374e-01 1.2348e-01 -3.1099e-01 -1.4318e+00 2.4845e+01 2.4251e-01 -1.8676e-01 -5.2159e-01 -2.2289e-01 -5.7345e+00 -1.3718e+00 -2.2560e+00 -1.0379e+00 -2.3053e+00 -3.1816e-01 -2.7615e-01 -1.6519e-01 -1.2373e+00 -1.9667e+01 -7.7687e-01 3.1123e+00 3.1291e-01 1.3984e+01 -3.5575e+00 -5.1995e-01 -2.9774e-01 -1.3851e+00 -8.8308e+00 1.6816e-01 6.7677e-02 1.2665e-01 5.8378e-01 -5.1968e+00 -8.9546e-01 3.0326e-01 -2.4029e-01
-8.9620e+00 1.3763e+01 -7.3466e-02 1.9259e+01 -1.5579e+00 1.3897e-01 -1.8286e+00 -7.2539e-01 3.4754e+01 -1.0338e-01 2.6872e-01 -8.4435e+00 -1.6117e-01 -9.6330e-01 5.5731e-02 1.8131e-01 -1.6063e-01 -3.0997e-01 -2.7006e-01 -3.2371e-02 -2.5992e+00 -1.7772e-01 -2.6227e-01 9.4577e-01 -7.9239e-01 -1.5921e-01 -5.0172e-01 1.1942e+00 -5.3953e-02 5.7945e-02 -4.1313e-02 4.0166e-01 1.0161e+00 -3.1001e-01 -1.9481e+00 -4.8579e-01 -1.1834e+00 3.2701e-01 1.2664e-01 2.0551e+00 1.0586e-01 2.6301e-02 -2.8419e-01 4.1656e-01 2.9732e-01 -2.5381e-01 8.2194e-02 -7.3201e-01 -2.8112e-01 1.1914e-01 -1.6275e+00 7.7803e-01
-1.1656e+01 2.2224e-01 -5.1899e+00 -1.8681e-01 2.3782e+00 -1.1210e+01 -5.6377e+00 -8.6143e-01 -1.0338e-01 5.2339e+01 1.2404e+00 -7.1717e-01 1.0986e+00 -6.6508e-01 -2.7519e-01 -7.7901e-01 -2.7165e+00 -3.3029e+00 8.8070e-01 -3.8587e-01 -4.4727e-01 2.5090e+00 2.2592e-01 -2.8120e+00 1.6006e-01 1.7287e+01 2.4614e+00 -5.1234e-01 -1.1362e+00 8.2406e-02 -2.5629e+00 -1.2082e+00 -1.2849e-01 7.8958e+00 2.6297e+00 -1.7417e-01 2.0003e+00 -4.1657e+00 2.0068e+00 -5.2373e+00 2.7455e+00 -1.0522e-01 -1.0215e+00 1.6655e-01 -1.2056e-01 -1.9591e-01 -4.0638e-01 -6.5661e-01 -1.8272e+00 -4.5408e-01 -4.7628e-02 8.3665e-01
-9.8162e-01 1.1433e+00 -3.9031e+00 4.1842e-02 -2.1399e+00 3.9937e+00 -4.3943e+00 -1.8468e+00 2.6872e-01 1.2404e+00 3.2982e+01 -1.1158e+00 -1.7807e-01 2.2493e-01 2.7650e-01 1.4086e-01 4.1587e+00 -1.0809e+00 -5.6398e-02 1.4128e+00 -5.0659e+00 -5.2743e-01 3.2287e-01 -9.0921e-01 -5.3838e-01 -1.4911e+00 -2.1844e+00 -1.8883e+00 1.8368e+00 1.5027e-02 2.7442e+00 -4.9123e-02 9.8967e-02 2.8184e+00 2.0831e-01 4.3704e-01 2.5551e+00 -3.3911e+00 -2.7111e+00 -1.6990e+00 -2.5763e-01 -1.3989e-01 -1.8279e-01 5.5742e+00 -5.3295e-02 -4.0716e-01 -2.1268e-01 2.9200e+00 -2.2630e+00 -2.3935e-01 3.1552e-01 5.2101e-02
1.4428e+01 -1.0481e+01 -4.1026e+00 -8.9730e+00 1.7440e+00 4.7721e-01 -2.6340e+00 -7.7887e-01 -8.4435e+00 -7.1717e-01 -1.1158e+00 4.3825e+01 2.2391e-02 9.2643e-01 -3.6863e-01 -1.3812e-01 2.3968e+00 -9.2416e-01 -1.5809e-02 1.1167e+00 -3.5981e+00 1.2497e-01 -7.7473e-01 -6.7973e-01 -1.1338e-01 -2.1288e+00 -1.8893e+00 -4.3900e-01 -5.2827e-02 -2.7563e-01 1.2372e+00 -6.3146e-01 8.9857e-01 6.4503e-01 -1.8927e+00 -2.9989e-01 4.5944e+00 -2.0255e+00 -1.4957e-01 -2.3418e-01 5.2307e-02 -5.1553e-02 1.1665e+00 4.1502e+00 -1.3026e-01 -3.3877e-01 1.8114e-02 -5.3062e-01 -1.6437e+00 -3.2295e-02 1.8007e+00 6.6297e-01
-6.1701e-01 -1.2100e-04 -3.1207e-01 2.8455e-02 -1.1057e-01 -7.1582e-01 2.2348e-01 6.7682e-02 -1.6117e-01 1.0986e+00 -1.7807e-01 2.2391e-02 8.3590e+00 -5.4627e-02 -1.1534e-01 -1.0546e-01 -3.8084e-01 7.3157e-01 5.4972e-03 1.8567e-04 -3.7540e-01 -1.2413e-01 -1.1395e-02 -2.4373e-01 -1.5030e-01 3.6644e-02 -2.7019e-01 1.7027e-01 3.7956e-02 -8.3105e-03 -3.2189e-01 -1.0836e-01 6.2757e-02 -1.2705e-01 -4.5315e-01 -8.2244e-02 -5.6244e-01 4.0099e-01 -3.4593e-01 -1.5736e-01 3.3844e-02 -3.1458e-02 -1.4895e-01 -6.3052e-02 7.8419e-02 4.0937e-01 1.0173e-01 7.9323e-02 5.9112e-01 1.8347e-01 2.5933e-02 7.2468e-02
5.9620e-01 -1.1041e+00 -4.7022e-01 -1.0607e+00 -1.0598e-01 -6.0651e-01 -3.1946e-01 -9.2944e-02 -9.6330e-01 -6.6508e-01 2.2493e-01 9.2643e-01 -5.4627e-02 1.0209e+01 -6.3670e-02 -3.1358e-02 5.0676e-01 -2.2002e-01 -3.9017e-02 5.1737e-02 -3.5700e-03 1.4889e-01 -3.3767e-02 4.5733e-01 5.1362e-01 -2.4058e-01 -3.9667e-01 2.7605e-01 2.0872e-01 5.2516e-02 7.1922e-01 9.3077e-02 -2.0922e-02 7.3280e-01 2.6645e-01 -2.8877e-02 5.3040e-01 -6.1708e-02 6.4775e-01 -3.1433e-01 -6.6198e-02 -1.7133e-02 -2.7778e-02 -2.7161e-01 -4.0658e-02 -4.1441e-02 4.6145e-01 -9.8683e-02 -2.0648e-01 -6.1077e-02 5.4108e-03 -1.1182e-03
-5.3754e-02 -2.8306e-01 -4.8429e-02 -1.5351e-01 -6.4955e-03 7.1918e-01 1.6253e+00 -1.9511e-02 5.5731e-02 -2.7519e-01 2.7650e-01 -3.6863e-01 -1.1534e-01 -6.3670e-02 1.1191e+01 -5.5854e-02 -1.1166e+00 -4.1287e-01 -2.8628e-02 -3.5579e-01 8.2993e-01 -1.8138e-01 -2.6395e-01 3.9391e+00 -3.5380e-01 -9.3246e-01 -1.7051e+00 2.3761e-01 1.3734e+00 3.6005e-02 -9.9327e-01 -5.6105e-02 9.7250e-02 2.5774e+00 1.8070e+00 -3.0880e-01 -1.1063e-01 -1.4199e+00 1.1739e-01 2.4377e+00 1.1793e-02 -9.5577e-02 -9.5392e-02 -1.4165e-01 4.3076e-01 -4.5734e-01 -3.8160e-01 -1.5648e-01 -7.9930e-02 -1.1032e-01 2.5893e-01 8.2775e-02
8.4546e-01 1.3186e-01 2.3346e-01 -4.5333e-01 -7.8841e-01 -1.1875e+00 -4.4937e-01 -1.6753e-01 1.8131e-01 -7.7901e-01 1.4086e-01 -1.3812e-01 -1.0546e-01 -3.1358e-02 -5.5854e-02 1.0976e+01 2.9135e-02 3.4001e-01 -3.2972e-02 2.9327e-02 -3.3754e-01 -6.1912e-02 -4.0991e-02 -3.4224e-01 -1.1818e-01 -8.7967e-01 -4.6964e-01 -1.5501e-01 -6.5291e-02 -5.2762e-02 -7.1323e-02 -1.6825e-01 -1.4777e-02 2.4682e-01 2.6905e-01 -9.5354e-02 2.4120e-01 1.3870e+00 -3.8720e-01 -4.1789e-01 -8.2362e-02 1.0716e-01 6.1512e-02 5.4809e-01 1.0781e-01 -6.0686e-02 -6.3540e-02 -2.8150e-02 -6.1014e-01 -1.0344e-01 -5.3525e-02 -3.4963e-02
1.8698e-02 1.5429e-02 -8.2684e-02 4.0971e-02 -1.3259e+00 -3.4353e+00 -1.5360e+01 1.6374e-01 -1.6063e-01 -2.7165e+00 4.1587e+00 2.3968e+00 -3.8084e-01 5.0676e-01 -1.1166e+00 2.9135e-02 4.9877e+01 -4.5832e+00 -5.2912e-02 -6.2430e-01 2.4168e+00 1.7918e-01 -3.7583e-01 -2.9955e+00 3.2178e+00 -6.2428e+00 -1.1834e+01 -2.5717e-01 -1.2545e+00 3.8221e-01 3.2782e+01 -4.0050e-01 -8.5538e-01 1.7842e+01 -2.8136e+00 -8.8466e-01 -1.4672e-01 -6.1652e+00 2.2733e+00 -1.2023e+01 -4.9567e-01 -2.4522e-01 -3.5628e-01 -2.9409e+00 -5.4728e-02 -9.9329e-01 2.8322e+00 -3.0414e-01 -4.4325e-02 -1.0919e-01 -1.6599e-01 -8.9594e-01
8.5158e-01 6.6663e-02 -8.4453e-01 -3.1055e-01 -1.0322e+00 -1.8754e+01 7.1933e+00 1.2348e-01 -3.0997e-01 -3.3029e+00 -1.0809e+00 -9.2416e-01 7.3157e-01 -2.2002e-01 -4.1287e-01 3.4001e-01 -4.5832e+00 4.0532e+01 -1.6545e-02 -2.4456e-01 -6.8416e+00 -2.1950e-01 4.1390e-01 1.2282e-01 -3.3616e-01 -2.5143e+00 -8.9190e-01 -3.7942e-01 -1.6260e+00 -1.3809e-01 -4.1216e+00 -5.3219e-01 1.1561e-01 -2.5617e+00 -9.6702e-01 -6.1727e-01 -1.8133e+00 6.5335e+00 7.3273e-01 -2.3282e+00 -4.5498e-01 -9.6303e-02 2.8539e-01 -3.3869e+00 -3.3292e-02 3.6027e-03 6.0653e-01 -4.5581e-01 1.7010e+00 -5.0745e-01 3.0621e-02 7.4227e-02
-1.1932e-02 -1.9952e-01 -3.7618e-01 8.0272e-02 7.1176e-01 3.2279e-02 -1.3538e-01 -3.1099e-01 -2.7006e-01 8.8070e-01 -5.6398e-02 -1.5809e-02 5.4972e-03 -3.9017e-02 -2.8628e-02 -3.2972e-02 -5.2912e-02 -1.6545e-02 5.0995e+00 -4.7783e-02 -2.0999e-01 -3.5210e-02 3.2003e-01 -6.7408e-03 1.6595e-01 5.6153e-01 -1.3200e-01 6.9115e-02 -7.1436e-02 -3.6043e-03 -5.2214e-02 -2.5804e-02 2.6407e-02 -3.3931e-02 -3.9374e-01 5.2135e-02 3.3623e-01 -4.6537e-01 -9.3459e-02 2.2785e-02 -4.5069e-02 -9.8452e-03 -8.9877e-03 4.5087e-01 5.3132e-03 -1.5552e-02 -1.8559e-02 -4.1332e-02 -4.4257e-01 -4.7202e-02 -5.4007e-03 2.0591e-02
-4.3125e-02 2.1329e-02 -7.3977e-01 2.1929e-02 -4.6591e-02 3.0283e-02 9.0969e-01 -1.4318e+00 -3.2371e-02 -3.8587e-01 1.4128e+00 1.1167e+00 1.8567e-04 5.1737e-02 -3.5579e-01 2.9327e-02 -6.2430e-01 -2.4456e-01 -4.7783e-02 1.1235e+01 2.6941e-01 -2.9976e-02 -1.9482e-01 -4.2255e-01 -1.8400e-01 -1.0306e+00 1.5605e+00 -2.4393e-01 3.2741e+00 -1.8839e-01 -5.4216e-01 -8.5259e-02 9.4794e-02 -8.9613e-01 8.3063e-01 -1.6550e-01 -8.3141e-01 5.2248e-01 -4.2239e-01 1.2690e+00 -7.3464e-02 -6.7773e-02 -1.5768e-01 -7.2647e-02 3.6868e-02 -3.2177e-01 -2.5827e-01 -1.1774e-01 5.6642e-01 1.4506e+00 7.8793e-02 8.7516e-02
2.4917e+00 -1.3306e+00 -2.7203e-01 7.7550e-01 6.5370e+00 1.1821e+00 -1.1214e-01 2.4845e+01 -2.5992e+00 -4.4727e-01 -5.0659e+00 -3.5981e+00 -3.7540e-01 -3.5700e-03 8.2993e-01 -3.3754e-01 2.4168e+00 -6.8416e+00 -2.0999e-01 2.6941e-01 9.0753e+01 -1.0143e-02 -4.0442e-01 1.0243e+00 1.8051e-01 -1.4899e+01 2.8318e+00 -1.0297e+01 5.6766e-01 1.4074e+00 3.4646e+00 -3.5871e-01 -4.9296e-01 7.9096e-01 -1.6952e+01 4.4044e-02 -6.9292e+00 1.3937e+01 1.3973e+01 -1.5690e+00 -8.4355e-01 -3.0891e-01 -2.0445e+00 -1.3019e+01 9.9712e-02 -4.7219e+00 6.6750e-01 3.7580e-01 -3.8301e-01 5.6561e-01 -8.7314e-01 -6.7526e-01
-2.4270e+00 -8.6749e-01 1.1327e+00 -7.0646e-01 3.8512e-01 -4.5428e-01 2.9067e-02 2.4251e-01 -1.7772e-01 2.5090e+00 -5.2743e-01 1.2497e-01 -1.2413e-01 1.4889e-01 -1.8138e-01 -6.1912e-02 1.7918e-01 -2.1950e-01 -3.5210e-02 -2.9976e-02 -1.0143e-02 1.3119e+01 -3.1654e-01 -5.8740e-01 -2.3852e-01 4.2412e-01 -2.7190e-01 -2.8890e-01 -4.2381e-01 -5.5318e-02 -6.1719e-01 3.0134e-01 1.0575e+00 -4.1277e-01 8.6852e-02 -7.3025e-02 -7.2555e-01 6.0607e-01 6.8093e-01 -4.8537e-01 -7.4261e-02 2.4621e-02 3.3112e-01 -1.4903e-01 -4.4455e-02 -1.9208e-01 -2.1953e-02 -5.4862e-02 6.7019e-01 -1.0584e-01 8.2985e-02 9.5114e-01
-5.0072e-01 -1.0879e+00 -2.0989e-01 -1.8734e-01 4.1409e-02 9.6351e-02 -1.0902e+00 -1.8676e-01 -2.6227e-01 2.2592e-01 3.2287e-01 -7.7473e-01 -1.1395e-02 -3.3767e-02 -2.6395e-01 -4.0991e-02 -3.7583e-01 4.1390e-01 3.2003e-01 -1.9482e-01 -4.0442e-01 -3.1654e-01 1.5408e+01 -5.5306e-01 8.8754e-02 -1.6965e-01 1.4859e+00 4.4033e-01 -6.2558e-01 1.8276e-02 -6.0323e-01 5.5990e-01 -7.2180e-01 -8.6390e-01 -6.8210e-01 1.0470e+00 -5.8343e-02 1.2512e+00 -1.2520e+00 -1.4231e+00 -3.0470e-02 -8.2148e-03 -9.3191e-02 3.0955e-01 9.5343e-01 -3.4882e-01 -3.1574e-02 3.0550e-01 -8.0358e-01 -8.6060e-02 -8.1524e-01 -7.8683e-01
4.0470e-01 3.3976e-01 5.5996e-02 6.5340e-01 -1.2578e+00 -2.7904e+00 2.8619e+00 -5.2159e-01 9.4577e-01 -2.8120e+00 -9.0921e-01 -6.7973e-01 -2.4373e-01 4.5733e-01 3.9391e+00 -3.4224e-01 -2.9955e+00 1.2282e-01 -6.7408e-03 -4.2255e-01 1.0243e+00 -5.8740e-01 -5.5306e-01 3.3512e+01 -1.7295e-01 3.0079e+00 -5.1939e+00 -7.6183e-01 4.2962e+00 -3.2205e-01 -2.6022e+00 -6.3991e-01 -5.2527e-01 2.3747e+00 6.7190e+00 -4.0851e-01 4.8157e-02 -1.5219e+00 -2.0160e+00 3.8629e+00 -4.8066e-02 -1.0938e-01 -3.1362e-01 1.6743e+00 3.4500e-01 2.4977e-01 -2.5789e-01 3.5327e-01 -8.4024e-01 -1.8641e-01 -6.5832e-01 -5.8199e-01
4.1437e-01 1.4448e-01 -2.1685e+00 -5.0698e-01 1.5005e-01 7.4996e-01 -2.3306e+00 -2.2289e-01 -7.9239e-01 1.6006e-01 -5.3838e-01 -1.1338e-01 -1.5030e-01 5.1362e-01 -3.5380e-01 -1.1818e-01 3.2178e+00 -3.3616e-01 1.6595e-01 -1.8400e-01 1.8051e-01 -2.3852e-01 8.8754e-02 -1.7295e-01 1.6129e+01 -6.3578e-01 -2.1893e+00 2.0943e-01 -9.0662e-01 1.1000e-02 3.4580e+00 -1.9594e-01 6.6832e-02 3.1612e+00 4.1166e+00 -7.7657e-02 1.6067e+00 -1.0966e+00 2.6828e-01 -1.9140e+00 -9.4893e-02 -8.6541e-02 -2.2208e-01 1.0865e+00 -8.6927e-02 -3.3559e-01 2.9867e+00 -5.6118e-02 -1.4287e+00 -8.4825e-02 1.1268e-01 5.6005e-02
-2.1511e-01 3.4731e-01 6.3824e+00 -7.5184e-01 -3.4773e+00 -1.0770e+01 2.3673e+00 -5.7345e+00 -1.5921e-01 1.7287e+01 -1.4911e+00 -2.1288e+00 3.6644e-02 -2.4058e-01 -9.3246e-01 -8.7967e-01 -6.2428e+00 -2.5143e+00 5.6153e-01 -1.0306e+00 -1.4899e+01 4.2412e-01 -1.6965e-01 3.0079e+00 -6.3578e-01 7.1422e+01 -1.0112e+01 -2.3700e+00 4.3947e+00 -1.4059e+00 -5.5956e+00 -1.3177e+00 -2.0867e-01 -3.6612e+00 2.3446e+01 -3.0146e-01 -4.6313e-02 -7.6634e+00 -5.2435e+00 -3.6412e-02 4.0491e+00 1.2947e-01 -1.6584e+00 6.1827e+00 -1.2143e-01 2.9786e+00 -7.4086e-01 -8.1957e-01 8.3312e-01 -6.5948e-01 -8.3427e-01 -1.7704e-01
5.8495e-01 -2.3979e-01 -4.1948e+00 3.7712e-02 -9.7433e-01 6.4813e+00 1.6619e+01 -1.3718e+00 -5.0172e-01 2.4614e+00 -2.1844e+00 -1.8893e+00 -2.7019e-01 -3.9667e-01 -1.7051e+00 -4.6964e-01 -1.1834e+01 -8.9190e-01 -1.3200e-01 1.5605e+00 2.8318e+00 -2.7190e-01 1.4859e+00 -5.1939e+00 -2.1893e+00 -1.0112e+01 6.4139e+01 1.5483e-01 6.1336e+00 -3.8589e-01 -1.1620e+01 -1.1632e+00 -1.1202e-01 -6.2254e+00 -4.9775e+00 1.7636e+00 1.2596e+00 1.9416e+01 -1.1197e+00 -7.2774e-01 -7.8659e-01 5.1141e-01 -6.8209e-01 -1.3107e+00 -3.0070e-01 -2.7737e+00 -2.0488e+00 7.2348e-01 -9.1669e-01 -6.2390e-01 -5.3360e-02 -1.3233e-01
-1.3015e+00 -4.1179e-01 -5.2331e+00 5.7617e-01 -1.7325e+00 1.1168e+01 -3.0366e-01 -2.2560e+00 1.1942e+00 -5.1234e-01 -1.8883e+00 -4.3900e-01 1.7027e-01 2.7605e-01 2.3761e-01 -1.5501e-01 -2.5717e-01 -3.7942e-01 6.9115e-02 -2.4393e-01 -1.0297e+01 -2.8890e-01 4.4033e-01 -7.6183e-01 2.0943e-01 -2.3700e+00 1.5483e-01 3.6108e+01 -8.7924e-01 4.9309e-01 -2.8438e-01 -7.6812e-01 -3.4887e-01 -7.5112e-02 -4.4722e+00 -7.4621e-02 6.8402e+00 -5.2034e+00 -3.5221e+00 -8.0448e-01 -1.3417e-01 5.1381e-02 7.7274e-01 2.2930e+00 -7.3536e-02 2.5716e-01 -1.2070e-01 -6.5681e-01 -1.0897e+00 -2.4331e-01 -6.2388e-02 -3.4770e-01
-3.1031e-01 -2.0678e-02 1.4481e+00 1.9768e-01 -1.2923e+00 9.4293e-01 2.8355e+00 -1.0379e+00 -5.3953e-02 -1.1362e+00 1.8368e+00 -5.2827e-02 3.7956e-02 2.0872e-01 1.3734e+00 -6.5291e-02 -1.2545e+00 -1.6260e+00 -7.1436e-02 3.2741e+00 5.6766e-01 -4.2381e-01 -6.2558e-01 4.2962e+00 -9.0662e-01 4.3947e+00 6.1336e+00 -8.7924e-01 3.0760e+01 -4.9260e-01 -2.7941e+00 -3.4107e-01 4.7410e-01 -4.1269e+00 4.4156e+00 -8.7693e-01 1.0367e+00 -3.9733e+00 -1.7177e+00 7.0120e+00 -3.1387e-01 -2.4870e-01 -1.7858e-01 2.8418e+00 -4.1754e-02 -1.1237e+00 -9.5398e-01 7.7195e-01 -7.7143e-01 -1.7052e-01 1.3230e-01 4.6342e-01
-1.5438e-01 1.4521e-01 1.4590e+00 3.1430e-02 -3.8702e-01 -9.6725e-01 2.1343e-01 -2.3053e+00 5.7945e-02 8.2406e-02 1.5027e-02 -2.7563e-01 -8.3105e-03 5.2516e-02 3.6005e-02 -5.2762e-02 3.8221e-01 -1.3809e-01 -3.6043e-03 -1.8839e-01 1.4074e+00 -5.5318e-02 1.8276e-02 -3.2205e-01 1.1000e-02 -1.4059e+00 -3.8589e-01 4.9309e-01 -4.9260e-01 1.2816e+01 3.1276e-01 -1.4676e-01 2.0439e-02 -4.0829e-01 -4.1299e+00 -3.4031e-02 -6.4707e+00 6.8274e+00 -1.6351e+00 -4.9789e-01 5.5651e-02 -5.4699e-02 1.5739e+00 -3.9861e+00 -2.5824e-02 5.6293e-03 2.2596e-02 -1.1934e-01 5.2124e+00 -2.6265e-01 -3.1384e-01 1.0407e-02
2.9453e+00 -1.6538e-02 2.7849e-01 -1.2380e-02 1.6271e+00 -2.4587e+00 -1.3010e+01 -3.1816e-01 -4.1313e-02 -2.5629e+00 2.7442e+00 1.2372e+00 -3.2189e-01 7.1922e-01 -9.9327e-01 -7.1323e-02 3.2782e+01 -4.1216e+00 -5.2214e-02 -5.4216e-01 3.4646e+00 -6.1719e-01 -6.0323e-01 -2.6022e+00 3.4580e+00 -5.5956e+00 -1.1620e+01 -2.8438e-01 -2.7941e+00 3.1276e-01 4.7527e+01 -1.1434e+00 -7.3734e-01 2.0080e+01 -2.0386e+00 -8.3232e-01 1.4966e-01 -6.2363e+00 1.8656e+00 -1.3952e+01 -3.6242e-01 -2.9365e-02 -6.9033e-01 -1.9763e+00 -5.9559e-02 -9.0907e-01 3.3053e+00 -3.5608e-01 -7.1678e-01 -7.2694e-01 -1.9592e-01 -7.7794e-01
-6.6020e-01 7.1156e-01 -1.7800e-04 7.7881e-01 -9.8700e-02 -4.2000e-01 -1.4014e+00 -2.7615e-01 4.0166e-01 -1.2082e+00 -4.9123e-02 -6.3146e-01 -1.0836e-01 9.3077e-02 -5.6105e-02 -1.6825e-01 -4.0050e-01 -5.3219e-01 -2.5804e-02 -8.5259e-02 -3.5871e-01 3.0134e-01 5.5990e-01 -6.3991e-01 -1.9594e-01 -1.3177e+00 -1.1632e+00 -7.6812e-01 -3.4107e-01 -1.4676e-01 -1.1434e+00 1.9329e+01 -1.5787e-01 -4.6303e-01 1.1817e-01 4.3925e-02 1.1056e+00 -1.5484e+00 4.5692e-01 -1.1978e+00 -1.0640e-01 3.8101e-02 -1.9136e-01 7.5071e-01 -7.7919e-02 1.9202e-02 -1.0021e-01 -1.4343e-01 -1.5744e+00 -1.3723e-01 -1.6942e-01 -2.1270e-01
2.3180e+00 -4.9905e+00 -5.9900e-01 1.2887e+00 -5.3337e-02 -4.6209e-01 3.2022e-01 -1.6519e-01 1.0161e+00 -1.2849e-01 9.8967e-02 8.9857e-01 6.2757e-02 -2.0922e-02 9.7250e-02 -1.4777e-02 -8.5538e-01 1.1561e-01 2.6407e-02 9.4794e-02 -4.9296e-01 1.0575e+00 -7.2180e-01 -5.2527e-01 6.6832e-02 -2.0867e-01 -1.1202e-01 -3.4887e-01 4.7410e-01 2.0439e-02 -7.3734e-01 -1.5787e-01 2.3370e+01 -7.9784e-01 -1.1230e-01 1.5709e-01 -5.3400e-01 -3.8083e-01 8.4482e-03 -1.8460e+00 5.0775e-02 4.2645e-02 -4.4224e-02 8.3873e+00 -4.9758e-02 -2.1982e-01 8.5051e-02 -2.7300e-02 3.1658e+00 -1.0241e-01 2.8436e+00 2.1379e+01
-5.7827e-02 2.6920e-01 -3.9291e+00 -3.1260e-02 4.2559e-01 2.2571e+00 -1.0738e+01 -1.2373e+00 -3.1001e-01 7.8958e+00 2.8184e+00 6.4503e-01 -1.2705e-01 7.3280e-01 2.5774e+00 2.4682e-01 1.7842e+01 -2.5617e+00 -3.3931e-02 -8.9613e-01 7.9096e-01 -4.1277e-01 -8.6390e-01 2.3747e+00 3.1612e+00 -3.6612e+00 -6.2254e+00 -7.5112e-02 -4.1269e+00 -4.0829e-01 2.0080e+01 -4.6303e-01 -7.9784e-01 3.7402e+01 4.4944e-02 -8.6120e-01 9.5068e-01 -4.9955e+00 1.8011e-01 -1.2274e+01 -4.6529e-02 -1.5777e-01 8.6449e-02 -4.5038e-01 -7.8807e-02 -1.2324e+00 3.1155e+00 -6.5348e-01 -9.9523e-01 -3.9871e-01 -5.4679e-02 -8.3103e-01
-1.3076e+00 -8.7117e-01 1.4818e+01 -3.2771e+00 -7.3940e+00 -8.9391e+00 2.7174e+00 -1.9667e+01 -1.9481e+00 2.6297e+00 2.0831e-01 -1.8927e+00 -4.5315e-01 2.6645e-01 1.8070e+00 2.6905e-01 -2.8136e+00 -9.6702e-01 -3.9374e-01 8.3063e-01 -1.6952e+01 8.6852e-02 -6.8210e-01 6.7190e+00 4.1166e+00 2.3446e+01 -4.9775e+00 -4.4722e+00 4.4156e+00 -4.1299e+00 -2.0386e+00 1.1817e-01 -1.1230e-01 4.4944e-02 8.7272e+01 -7.1193e-01 1.3716e+01 -1.5921e+01 -1.7269e+01 1.6929e+00 8.7881e-01 2.1257e-01 -3.8166e+00 3.3198e+01 -2.6273e-01 -4.9444e-01 -3.0510e-01 -1.9419e+00 -1.5547e+01 1.0845e+00 -2.1826e-01 -1.7246e-01
4.0143e-02 -6.6563e-02 -2.4470e-01 1.7214e-02 -1.0942e-02 3.1573e-01 -2.3621e+00 -7.7687e-01 -4.8579e-01 -1.7417e-01 4.3704e-01 -2.9989e-01 -8.2244e-02 -2.8877e-02 -3.0880e-01 -9.5354e-02 -8.8466e-01 -6.1727e-01 5.2135e-02 -1.6550e-01 4.4044e-02 -7.3025e-02 1.0470e+00 -4.0851e-01 -7.7657e-02 -3.0146e-01 1.7636e+00 -7.4621e-02 -8.7693e-01 -3.4031e-02 -8.3232e-01 4.3925e-02 1.5709e-01 -8.6120e-01 -7.1193e-01 9.3854e+00 1.8920e-01 -1.1434e+00 -1.1474e-01 1.8615e+00 -6.5705e-02 1.0146e-01 -1.1551e-01 2.2338e-01 -2.7038e-02 -2.0035e-01 -6.0481e-02 -6.8625e-02 -1.5475e-01 -5.0489e-02 4.0516e-02 1.4341e-01
4.0013e+00 6.7983e+00 -1.4556e+01 3.5869e+00 2.3199e+00 3.2966e+00 2.2739e-01 3.1123e+00 -1.1834e+00 2.0003e+00 2.5551e+00 4.5944e+00 -5.6244e-01 5.3040e-01 -1.1063e-01 2.4120e-01 -1.4672e-01 -1.8133e+00 3.3623e-01 -8.3141e-01 -6.9292e+00 -7.2555e-01 -5.8343e-02 4.8157e-02 1.6067e+00 -4.6313e-02 1.2596e+00 6.8402e+00 1.0367e+00 -6.4707e+00 1.4966e-01 1.1056e+00 -5.3400e-01 9.5068e-01 1.3716e+01 1.8920e-01 7.8495e+01 -3.7953e+01 5.4776e+00 -2.7418e+00 -2.0360e-01 7.5052e-02 -3.9892e+00 5.8835e+01 3.0617e-01 -6.8689e-01 4.1563e-02 9.2757e-01 -6.2175e+01 -6.7288e-01 1.1063e+01 -6.6580e-01
6.6889e-02 5.0927e-01 1.3608e+01 4.5567e-01 -2.5415e+00 -7.4160e+00 1.2425e+01 3.1291e-01 3.2701e-01 -4.1657e+00 -3.3911e+00 -2.0255e+00 4.0099e-01 -6.1708e-02 -1.4199e+00 1.3870e+00 -6.1652e+00 6.5335e+00 -4.6537e-01 5.2248e-01 1.3937e+01 6.0607e-01 1.2512e+00 -1.5219e+00 -1.0966e+00 -7.6634e+00 1.9416e+01 -5.2034e+00 -3.9733e+00 6.8274e+00 -6.2363e+00 -1.5484e+00 -3.8083e-01 -4.9955e+00 -1.5921e+01 -1.1434e+00 -3.7953e+01 8.8025e+01 -4.7343e+00 -1.8568e+01 -1.7177e-01 7.2446e-01 4.2114e+00 -3.4069e+01 -1.4551e-01 -8.1029e-01 -1.5737e-01 -1.2028e+00 3.5269e+01 2.0443e-01 -5.0193e-01 -3.6395e-01
5.8567e+00 -1.2986e-02 2.0182e+00 3.7530e-01 9.7055e+00 6.8146e-01 -1.9659e+00 1.3984e+01 1.2664e-01 2.0068e+00 -2.7111e+00 -1.4957e-01 -3.4593e-01 6.4775e-01 1.1739e-01 -3.8720e-01 2.2733e+00 7.3273e-01 -9.3459e-02 -4.2239e-01 1.3973e+01 6.8093e-01 -1.2520e+00 -2.0160e+00 2.6828e-01 -5.2435e+00 -1.1197e+00 -3.5221e+00 -1.7177e+00 -1.6351e+00 1.8656e+00 4.5692e-01 8.4482e-03 1.8011e-01 -1.7269e+01 -1.1474e-01 5.4776e+00 -4.7343e+00 4.2678e+01 4.7441e-01 -6.7951e-01 -1.7772e-01 -4.6655e-01 -2.0752e+01 8.1561e-02 1.6764e-01 2.8369e-01 1.5494e-01 -7.3854e+00 -4.2375e-01 3.8086e-01 2.1432e-03
-3.0847e-01 6.8797e+00 1.4312e+00 2.2300e+00 -1.2712e-01 8.5692e+00 -2.6124e+00 -3.5575e+00 2.0551e+00 -5.2373e+00 -1.6990e+00 -2.3418e-01 -1.5736e-01 -3.1433e-01 2.4377e+00 -4.1789e-01 -1.2023e+01 -2.3282e+00 2.2785e-02 1.2690e+00 -1.5690e+00 -4.8537e-01 -1.4231e+00 3.8629e+00 -1.9140e+00 -3.6412e-02 -7.2774e-01 -8.0448e-01 7.0120e+00 -4.9789e-01 -1.3952e+01 -1.1978e+00 -1.8460e+00 -1.2274e+01 1.6929e+00 1.8615e+00 -2.7418e+00 -1.8568e+01 4.7441e-01 8.0944e+01 3.4982e-01 -2.2922e-01 1.4670e+00 -4.2640e-01 2.6394e-01 -3.7191e+00 -2.0631e+00 -1.3013e-01 -3.9207e-02 -3.7445e-01 -2.4437e+00 -2.1684e+00
-6.9081e-02 1.7576e-01 6.6398e-01 -2.3533e-01 -1.7106e-01 -2.0112e+00 -1.1190e+00 -5.1995e-01 1.0586e-01 2.7455e+00 -2.5763e-01 5.2307e-02 3.3844e-02 -6.6198e-02 1.1793e-02 -8.2362e-02 -4.9567e-01 -4.5498e-01 -4.5069e-02 -7.3464e-02 -8.4355e-01 -7.4261e-02 -3.0470e-02 -4.8066e-02 -9.4893e-02 4.0491e+00 -7.8659e-01 -1.3417e-01 -3.1387e-01 5.5651e-02 -3.6242e-01 -1.0640e-01 5.0775e-02 -4.6529e-02 8.7881e-01 -6.5705e-02 -2.0360e-01 -1.7177e-01 -6.7951e-01 3.4982e-01 1.0727e+01 3.2781e-01 -1.3082e-01 9.2534e-01 -1.9964e-02 -2.2591e-02 -1.3870e-02 -9.7807e-02 -5.0404e-02 -1.1305e-01 -8.6783e-04 4.7563e-02
1.1568e-01 -8.1883e-04 -1.3038e-01 -2.9761e-01 -5.6460e-02 9.0771e-02 1.0027e-01 -2.9774e-01 2.6301e-02 -1.0522e-01 -1.3989e-01 -5.1553e-02 -3.1458e-02 -1.7133e-02 -9.5577e-02 1.0716e-01 -2.4522e-01 -9.6303e-02 -9.8452e-03 -6.7773e-02 -3.0891e-01 2.4621e-02 -8.2148e-03 -1.0938e-01 -8.6541e-02 1.2947e-01 5.1141e-01 5.1381e-02 -2.4870e-01 -5.4699e-02 -2.9365e-02 3.8101e-02 4.2645e-02 -1.5777e-01 2.1257e-01 1.0146e-01 7.5052e-02 7.2446e-01 -1.7772e-01 -2.2922e-01 3.2781e-01 4.0376e+00 -4.0292e-02 8.5896e-02 -1.1229e-02 -6.2800e-02 -7.0796e-02 -1.7202e-02 1.2273e-01 -1.1728e-02 3.8460e-02 6.6579e-02
-1.9122e-01 -7.3057e-01 4.0179e+00 1.4339e-01 2.9593e-01 -1.9340e+00 6.3386e-02 -1.3851e+00 -2.8419e-01 -1.0215e+00 -1.8279e-01 1.1665e+00 -1.4895e-01 -2.7778e-02 -9.5392e-02 6.1512e-02 -3.5628e-01 2.8539e-01 -8.9877e-03 -1.5768e-01 -2.0445e+00 3.3112e-01 -9.3191e-02 -3.1362e-01 -2.2208e-01 -1.6584e+00 -6.8209e-01 7.7274e-01 -1.7858e-01 1.5739e+00 -6.9033e-01 -1.9136e-01 -4.4224e-02 8.6449e-02 -3.8166e+00 -1.1551e-01 -3.9892e+00 4.2114e+00 -4.6655e-01 1.4670e+00 -1.3082e-01 -4.0292e-02 2.1069e+01 -5.5180e+00 -2.5897e-03 -1.0325e-01 -2.5959e-02 -4.5928e-01 5.5427e+00 1.0822e-01 -8.2439e-02 -7.3978e-02
-9.4365e-01 1.6435e+00 -1.2286e+01 4.6194e+00 -7.0882e+00 4.9225e+00 5.4967e+00 -8.8308e+00 4.1656e-01 1.6655e-01 5.5742e+00 4.1502e+00 -6.3052e-02 -2.7161e-01 -1.4165e-01 5.4809e-01 -2.9409e+00 -3.3869e+00 4.5087e-01 -7.2647e-02 -1.3019e+01 -1.4903e-01 3.0955e-01 1.6743e+00 1.0865e+00 6.1827e+00 -1.3107e+00 2.2930e+00 2.8418e+00 -3.9861e+00 -1.9763e+00 7.5071e-01 8.3873e+00 -4.5038e-01 3.3198e+01 2.2338e-01 5.8835e+01 -3.4069e+01 -2.0752e+01 -4.2640e-01 9.2534e-01 8.5896e-02 -5.5180e+00 1.2174e+02 3.2954e-01 -8.4924e-01 -1.9454e-01 9.4048e-01 -6.8333e+01 2.6368e-02 2.1119e+00 8.0089e+00
-7.4248e-02 2.5056e-01 -5.3357e-02 3.4430e-01 1.4967e-02 -7.2339e-02 -1.5770e-02 1.6816e-01 2.9732e-01 -1.2056e-01 -5.3295e-02 -1.3026e-01 7.8419e-02 -4.0658e-02 4.3076e-01 1.0781e-01 -5.4728e-02 -3.3292e-02 5.3132e-03 3.6868e-02 9.9712e-02 -4.4455e-02 9.5343e-01 3.4500e-01 -8.6927e-02 -1.2143e-01 -3.0070e-01 -7.3536e-02 -4.1754e-02 -2.5824e-02 -5.9559e-02 -7.7919e-02 -4.9758e-02 -7.8807e-02 -2.6273e-01 -2.7038e-02 3.0617e-01 -1.4551e-01 8.1561e-02 2.6394e-01 -1.9964e-02 -1.1229e-02 -2.5897e-03 3.2954e-01 4.6180e+00 -5.8756e-02 7.2029e-02 -4.4973e-02 -4.3079e-01 -7.1707e-03 -5.7188e-02 -5.5594e-02
-2.8714e-02 -8.3835e-01 9.9220e-03 -2.0121e-01 1.3666e-01 -3.6508e-01 9.2194e-01 6.7677e-02 -2.5381e-01 -1.9591e-01 -4.0716e-01 -3.3877e-01 4.0937e-01 -4.1441e-02 -4.5734e-01 -6.0686e-02 -9.9329e-01 3.6027e-03 -1.5552e-02 -3.2177e-01 -4.7219e+00 -1.9208e-01 -3.4882e-01 2.4977e-01 -3.3559e-01 2.9786e+00 -2.7737e+00 2.5716e-01 -1.1237e+00 5.6293e-03 -9.0907e-01 1.9202e-02 -2.1982e-01 -1.2324e+00 -4.9444e-01 -2.0035e-01 -6.8689e-01 -8.1029e-01 1.6764e-01 -3.7191e+00 -2.2591e-02 -6.2800e-02 -1.0325e-01 -8.4924e-01 -5.8756e-02 1.2969e+01 -3.6910e-01 -2.8606e-02 3.3411e-01 2.3335e-01 -2.5123e-01 2.8776e+00
-6.2264e-02 -6.1242e-03 -1.1088e-01 1.7504e-01 -1.0155e+00 -8.4077e-01 -1.3389e+00 1.2665e-01 8.2194e-02 -4.0638e-01 -2.1268e-01 1.8114e-02 1.0173e-01 4.6145e-01 -3.8160e-01 -6.3540e-02 2.8322e+00 6.0653e-01 -1.8559e-02 -2.5827e-01 6.6750e-01 -2.1953e-02 -3.1574e-02 -2.5789e-01 2.9867e+00 -7.4086e-01 -2.0488e+00 -1.2070e-01 -9.5398e-01 2.2596e-02 3.3053e+00 -1.0021e-01 8.5051e-02 3.1155e+00 -3.0510e-01 -6.0481e-02 4.1563e-02 -1.5737e-01 2.8369e-01 -2.0631e+00 -1.3870e-02 -7.0796e-02 -2.5959e-02 -1.9454e-01 7.2029e-02 -3.6910e-01 9.7142e+00 -8.6491e-02 -2.0659e-01 1.6100e-01 -1.0698e-01 6.7647e-02
8.0596e-01 -4.3623e-01 -1.6527e+00 -4.6667e-01 -8.9259e-02 3.5237e+00 5.2314e-01 5.8378e-01 -7.3201e-01 -6.5661e-01 2.9200e+00 -5.3062e-01 7.9323e-02 -9.8683e-02 -1.5648e-01 -2.8150e-02 -3.0414e-01 -4.5581e-01 -4.1332e-02 -1.1774e-01 3.7580e-01 -5.4862e-02 3.0550e-01 3.5327e-01 -5.6118e-02 -8.1957e-01 7.2348e-01 -6.5681e-01 7.7195e-01 -1.1934e-01 -3.5608e-01 -1.4343e-01 -2.7300e-02 -6.5348e-01 -1.9419e+00 -6.8625e-02 9.2757e-01 -1.2028e+00 1.5494e-01 -1.3013e-01 -9.7807e-02 -1.7202e-02 -4.5928e-01 9.4048e-01 -4.4973e-02 -2.8606e-02 -8.6491e-02 1.4203e+01 -1.1245e+00 8.6439e-02 1.9649e-02 -5.6254e-02
-2.7171e+00 -6.5792e+00 1.0547e+01 -4.2025e+00 -2.8865e+00 -3.5360e-01 -7.7468e-01 -5.1968e+00 -2.8112e-01 -1.8272e+00 -2.2630e+00 -1.6437e+00 5.9112e-01 -2.0648e-01 -7.9930e-02 -6.1014e-01 -4.4325e-02 1.7010e+00 -4.4257e-01 5.6642e-01 -3.8301e-01 6.7019e-01 -8.0358e-01 -8.4024e-01 -1.4287e+00 8.3312e-01 -9.1669e-01 -1.0897e+00 -7.7143e-01 5.2124e+00 -7.1678e-01 -1.5744e+00 3.1658e+00 -9.9523e-01 -1.5547e+01 -1.5475e-01 -6.2175e+01 3.5269e+01 -7.3854e+00 -3.9207e-02 -5.0404e-02 1.2273e-01 5.5427e+00 -6.8333e+01 -4.3079e-01 3.3411e-01 -2.0659e-01 -1.1245e+00 8.7331e+01 3.5046e-01 4.4705e+00 3.0007e+00
-1.8128e-01 1.0186e-01 1.5461e-02 8.4080e-02 -7.8940e-02 1.0417e+00 4.9252e-02 -8.9546e-01 1.1914e-01 -4.5408e-01 -2.3935e-01 -3.2295e-02 1.8347e-01 -6.1077e-02 -1.1032e-01 -1.0344e-01 -1.0919e-01 -5.0745e-01 -4.7202e-02 1.4506e+00 5.6561e-01 -1.0584e-01 -8.6060e-02 -1.8641e-01 -8.4825e-02 -6.5948e-01 -6.2390e-01 -2.4331e-01 -1.7052e-01 -2.6265e-01 -7.2694e-01 -1.3723e-01 -1.0241e-01 -3.9871e-01 1.0845e+00 -5.0489e-02 -6.7288e-01 2.0443e-01 -4.2375e-01 -3.7445e-01 -1.1305e-01 -1.1728e-02 1.0822e-01 2.6368e-02 -7.1707e-03 2.3335e-01 1.6100e-01 8.6439e-02 3.5046e-01 1.2828e+01 8.6905e-02 -1.2000e-01
2.0766e+00 1.5713e-01 -4.3078e-01 -8.3500e-01 4.0285e-02 -6.9875e-01 -5.3671e-01 3.0326e-01 -1.6275e+00 -4.7628e-02 3.1552e-01 1.8007e+00 2.5933e-02 5.4108e-03 2.5893e-01 -5.3525e-02 -1.6599e-01 3.0621e-02 -5.4007e-03 7.8793e-02 -8.7314e-01 8.2985e-02 -8.1524e-01 -6.5832e-01 1.1268e-01 -8.3427e-01 -5.3360e-02 -6.2388e-02 1.3230e-01 -3.1384e-01 -1.9592e-01 -1.6942e-01 2.8436e+00 -5.4679e-02 -2.1826e-01 4.0516e-02 1.1063e+01 -5.0193e-01 3.8086e-01 -2.4437e+00 -8.6783e-04 3.8460e-02 -8.2439e-02 2.1119e+00 -5.7188e-02 -2.5123e-01 -1.0698e-01 1.9649e-02 4.4705e+00 8.6905e-02 1.5608e+01 2.5444e+00
1.9830e+00 -5.7094e+00 -7.3294e-01 1.0494e+00 -6.7181e-02 -5.6553e-01 1.7789e-01 -2.4029e-01 7.7803e-01 8.3665e-01 5.2101e-02 6.6297e-01 7.2468e-02 -1.1182e-03 8.2775e-02 -3.4963e-02 -8.9594e-01 7.4227e-02 2.0591e-02 8.7516e-02 -6.7526e-01 9.5114e-01 -7.8683e-01 -5.8199e-01 5.6005e-02 -1.7704e-01 -1.3233e-01 -3.4770e-01 4.6342e-01 1.0407e-02 -7.7794e-01 -2.1270e-01 2.1379e+01 -8.3103e-01 -1.7246e-01 1.4341e-01 -6.6580e-01 -3.6395e-01 2.1432e-03 -2.1684e+00 4.7563e-02 6.6579e-02 -7.3978e-02 8.0089e+00 -5.5594e-02 2.8776e+00 6.7647e-02 -5.6254e-02 3.0007e+00 -1.2000e-01 2.5444e+00 2.4494e+01
