5.4369e+01 -2.7372e+00 -6.8009e+00 8.5179e+00 -2.8604e+00 2.8887e-01 -6.8238e+00 -1.1175e-01 -1.4353e+00 -4.6371e-01 4.4547e+00 1.3702e+01 -4.0134e+00 6.3547e-01 -1.5711e+00 -3.1250e-01 1.7142e+00 -2.7076e+00 1.5494e-02 3.8964e-01 -5.6981e+00 -1.0331e+01 -1.4120e+00 -8.2387e-01 -1.0010e+00 7.8312e+00 -8.5809e+00 3.4562e+00 -1.2108e+00 -2.6978e+00 9.9024e-01 -4.6002e+00 -1.8015e+00 1.3585e+01 -7.4455e-01 -2.5768e+00 -3.1811e+00 -1.4284e+00 1.1461e+00 -5.1123e+00 5.7711e-01 -1.7736e-01 2.0463e+00 3.8267e-01 1.4198e+00 3.9257e-01 5.5135e-01 4.3228e-01 -2.6493e-01 -4.0424e-01 -1.1357e-01 1.0857e-02
-2.7372e+00 5.0423e+01 7.6552e-01 4.4623e+00 2.1334e+01 -5.3340e-01 3.9711e-01 -2.2324e+00 1.7227e-02 -2.1004e+00 -4.2043e+00 3.2094e+00 -3.5201e+00 -6.3157e-02 2.7773e-03 5.7072e-01 -2.6411e-01 5.6513e+00 -1.8985e+00 -4.0166e-02 3.2429e-01 1.8326e+00 -1.6717e+00 -1.2207e+00 -3.1917e+00 1.1819e+00 1.4834e-01 -1.1859e-01 -3.8678e-01 -1.5561e+00 5.1935e-01 1.9386e+00 -8.0041e-01 -1.1439e-01 8.2306e-01 -1.1098e+00 -3.0339e-01 -1.6241e+00 2.3546e-01 2.3077e-01 -5.3825e-01 -1.3695e-01 -6.4674e-01 -1.0796e-01 -1.9119e+00 -5.5834e-02 -3.4031e-01 -6.4697e-01 4.0238e-01 6.1542e-02 -2.2982e+00 -1.0082e+00
-6.8009e+00 7.6552e-01 3.8099e+01 2.9371e+00 1.1516e+00 -9.5462e+00 2.8718e+00 -3.6845e-01 -2.5586e-01 -2.7235e+00 7.5158e+00 4.1979e+00 -7.7353e-01 -3.1977e-01 -3.0651e-01 5.8680e-01 -1.3348e+00 9.6662e-01 -6.3991e-01 -1.0349e-01 -1.1393e+00 -2.1304e+00 -6.0486e-01 -1.9847e-01 -2.2633e-01 6.7094e+00 1.4516e+00 -5.9919e+00 -3.5668e-01 -1.0289e+00 -1.3177e+00 -7.8304e-01 2.4070e+00 -6.1998e+00 -1.1661e+00 -2.2700e+00 -1.1217e+00 -7.1414e-01 8.4852e-02 5.5642e+00 3.9033e-01 2.0233e-01 2.5857e+00 1.1763e+00 -1.9659e-01 -2.1094e-01 -1.5979e-01 -1.7050e-01 1.1621e-01 1.2077e+00 -3.7011e-01 3.9515e-02
8.5179e+00 4.4623e+00 2.9371e+00 7.0617e+01 2.9862e+00 -1.2129e+01 -2.2779e+00 -7.1578e-01 1.6355e+00 7.5232e-01 -1.3553e+01 3.9582e+01 7.0941e+00 1.8301e-01 2.6088e+00 -1.1900e+00 -3.1911e-01 -8.9447e+00 -5.2313e-01 4.0604e-01 -1.2446e+01 5.8381e+00 1.0228e+00 8.0806e-01 -2.4953e+00 1.5720e+01 7.5440e+00 5.1409e-01 2.7249e-01 1.2083e+00 -2.4080e+00 -7.0147e+00 -9.8710e-01 4.8347e+00 -4.5817e-01 -5.3145e+00 -6.6999e+00 -6.2893e+00 2.2632e-01 7.2014e-01 -1.1156e-01 3.1917e-02 -4.5526e-01 5.8446e-01 -3.3496e-01 -7.0722e-01 -4.8301e-01 -3.5910e-02 4.9082e-01 -2.0720e-01 -7.2223e-01 -1.5108e-03
-2.8604e+00 2.1334e+01 1.1516e+00 2.9862e+00 5.0688e+01 -5.7787e-01 -8.0262e-02 -1.7263e-01 8.0717e-04 -2.4243e+00 -3.2869e+00 1.8905e+00 9.8160e-01 8.0160e-01 -2.1518e-01 9.1452e-01 -6.8091e-01 2.6480e+00 -3.0220e+00 -2.9037e-03 -1.2876e-01 -5.8306e-01 3.5902e-01 -1.6351e+00 -1.3425e+00 6.4015e-01 -9.7256e-01 -2.6892e-01 -9.9298e-01 -2.0887e+00 1.9915e-01 2.2162e+00 -1.5756e+00 -4.6454e-01 -6.0772e-01 -6.3272e-01 2.5240e-01 -8.5889e-01 -8.4718e-01 -2.3640e-01 -5.2595e-01 -4.8696e-02 -5.2753e-01 -7.1471e-01 -2.6246e+00 -2.1782e-01 7.0562e-02 1.3158e+00 -2.3748e-01 -1.4750e-01 -2.3577e-02 -2.3710e+00
2.8887e-01 -5.3340e-01 -9.5462e+00 -1.2129e+01 -5.7787e-01 4.7339e+01 6.0246e+00 -2.9228e-02 -7.9951e-01 -7.2543e-01 -1.1723e+01 -8.5512e+00 -1.1238e+00 -8.8543e-03 -1.1471e+00 -7.6916e-01 -2.5906e+00 -1.1429e+00 -2.2311e-01 6.0294e-01 1.2886e+01 -4.1679e+00 -7.0755e-01 9.5299e-01 7.6086e-01 -3.6386e-01 -6.1495e+00 1.4948e+01 -4.7322e-01 -7.8767e-01 -2.2360e-01 4.9631e+00 -6.5715e-01 7.0116e+00 2.1634e+00 2.9237e+00 4.7622e+00 -1.8244e+00 -2.8627e+00 -2.7832e+00 -3.0403e-01 -3.2575e-01 -2.6656e+00 -6.0561e-01 -1.9168e-01 -5.2916e-01 1.9425e-01 -5.6749e-02 -2.0500e-01 -6.3698e-01 -2.3558e-02 -2.4835e-01
-6.8238e+00 3.9711e-01 2.8718e+00 -2.2779e+00 -8.0262e-02 6.0246e+00 5.2405e+01 1.7403e-01 -3.9145e-01 -1.6847e+00 -2.6797e+01 2.2290e+00 -8.3348e-01 -1.2632e+00 -6.7817e+00 2.4173e-01 -3.0332e+00 2.0100e-02 -2.6585e-02 5.4687e-01 -1.9621e+00 -4.3079e+00 -3.1865e-01 -2.3979e-01 -4.5971e-01 -3.0427e+00 -7.2121e+00 1.1292e+01 -6.3956e-01 -1.0210e+00 -5.0217e+00 -1.3831e+00 -2.8533e+00 1.1232e+01 -7.9524e-01 -4.2730e+00 -2.2395e+00 2.7224e+00 -3.6196e+00 5.1480e+00 -1.4873e+00 1.3649e-02 -3.1442e+00 2.6751e-01 1.0125e-01 -1.9312e-01 1.5451e-01 2.3599e-01 6.3260e-01 -8.2860e-01 1.6999e-01 -6.6924e-02
-1.1175e-01 -2.2324e+00 -3.6845e-01 -7.1578e-01 -1.7263e-01 -2.9228e-02 1.7403e-01 2.4492e+01 1.9463e-01 -2.2320e+00 -9.7311e-01 -1.7957e-01 9.8620e+00 4.3843e-02 1.1583e-01 5.8570e-01 1.9765e-01 8.5484e-02 -6.8948e-01 3.9313e-01 -5.1859e-02 -4.6227e-01 9.0682e-02 -3.9187e-01 3.2719e-02 -8.5221e-01 1.3825e-01 -4.5075e-02 -5.8351e-02 1.2660e-01 2.8485e-01 4.4477e-01 -3.8494e-01 -1.4010e-01 -8.0826e-01 2.7076e-01 3.4750e-01 -4.0829e-01 -1.8285e-01 -3.5954e-02 -7.4711e-02 4.8926e-01 1.0620e-01 -4.9732e-01 5.4909e-02 -8.2795e-02 1.8468e-02 -5.5808e-01 -7.5670e-02 2.3271e-01 2.3273e+01 -7.9913e-01
-1.4353e+00 1.7227e-02 -2.5586e-01 1.6355e+00 8.0717e-04 -7.9951e-01 -3.9145e-01 1.9463e-01 1.7420e+01 -3.3789e-02 -5.5576e+00 -2.7201e+00 5.4411e+00 -3.5181e-02 6.1373e+00 9.5334e-01 -7.1201e-01 -1.1794e+00 -1.8793e-01 2.4936e+00 -7.7377e-01 4.6800e+00 4.8156e+00 2.2832e+00 2.6834e-01 -1.0376e+00 6.7167e+00 5.6485e-01 -7.5480e-02 -5.7988e-01 -7.7862e-01 1.4338e+00 -3.9477e-01 3.6421e-01 -2.8891e-01 -3.5745e-01 -6.8638e-01 -4.3402e-01 -3.3624e-01 -1.0004e-01 4.8174e-01 1.3182e-02 -1.1883e-01 7.5706e-02 -3.4327e-02 -1.9168e-01 -5.6858e-03 -7.6231e-02 -1.2941e-01 4.3952e-02 1.9329e-01 -1.9220e-01
-4.6371e-01 -2.1004e+00 -2.7235e+00 7.5232e-01 -2.4243e+00 -7.2543e-01 -1.6847e+00 -2.2320e+00 -3.3789e-02 3.1732e+01 1.7027e+01 1.4953e-01 -6.6284e+00 -3.5502e-01 5.2357e-01 -1.7671e-02 -3.8113e-03 -1.8056e+00 1.1855e+01 9.0524e-01 8.5501e-02 5.3746e-01 1.6316e-02 4.0925e-01 2.9927e-01 -1.6904e+00 5.8972e-01 -9.2282e-01 -2.3713e-02 -2.3739e-01 1.2954e+00 2.2651e-01 -1.5512e+00 -1.3213e+00 2.8021e-01 7.1240e-02 3.2527e-01 1.6124e+00 3.6418e-01 3.0398e-01 -6.3713e-01 2.8799e-02 4.6583e-01 2.6212e-01 2.7814e-01 5.4306e-01 1.0772e-01 1.5300e-01 -3.4132e-01 -9.8676e-01 -2.2199e+00 1.0926e+01
4.4547e+00 -4.2043e+00 7.5158e+00 -1.3553e+01 -3.2869e+00 -1.1723e+01 -2.6797e+01 -9.7311e-01 -5.5576e+00 1.7027e+01 8.9910e+01 1.4532e+01 -3.1886e+01 2.7659e-01 -8.5968e-01 -7.7295e-02 1.4192e+00 5.0233e+00 9.4576e+00 -6.6333e-01 3.4603e+00 -2.1670e+01 -7.4054e+00 -1.8786e+00 1.1700e+00 6.1242e+00 -1.8541e+01 -1.8565e+01 8.9827e-01 1.5573e+00 5.5618e+00 -3.5338e-01 -1.4096e+00 -1.0960e+01 1.6302e+00 2.9336e+00 1.2666e+00 2.2924e+00 -6.5151e-01 2.3035e+00 1.2729e+00 1.7338e-01 2.3671e+00 -6.1996e-01 5.4006e-01 1.2571e+00 -2.4022e-01 -2.1390e-03 -3.5248e-01 1.4615e-02 -1.0052e+00 8.5286e+00
1.3702e+01 3.2094e+00 4.1979e+00 3.9582e+01 1.8905e+00 -8.5512e+00 2.2290e+00 -1.7957e-01 -2.7201e+00 1.4953e-01 1.4532e+01 8.0169e+01 -1.5614e+01 3.5088e-01 -5.9671e+00 -5.4195e-01 -7.5805e-02 -5.6962e+00 -5.5105e-02 2.9254e-01 -8.3923e+00 -1.3297e+01 -5.2439e+00 -7.5224e-01 -1.6791e+00 2.5824e+01 -1.0473e+01 2.0455e+00 1.1472e+00 3.2452e+00 -6.7607e+00 -6.7117e+00 -2.3196e+00 1.0712e+01 4.9652e-01 -4.1206e+00 -5.2868e+00 -6.2849e+00 -2.1449e+00 9.3191e-01 3.1229e-01 4.1943e-02 5.2854e-01 -5.0987e-02 -1.3095e-01 -1.8103e+00 -2.2783e-01 1.6085e-01 2.8709e-01 -9.3097e-01 -1.8025e-01 -5.3417e-02
-4.0134e+00 -3.5201e+00 -7.7353e-01 7.0941e+00 9.8160e-01 -1.1238e+00 -8.3348e-01 9.8620e+00 5.4411e+00 -6.6284e+00 -3.1886e+01 -1.5614e+01 6.9598e+01 8.5647e-01 7.6901e+00 -1.3193e+00 2.5957e-01 -4.1424e+00 -8.2478e+00 -7.7112e-01 -2.1383e+00 2.3438e+01 7.1175e+00 6.7946e-01 8.2355e-01 -6.2849e+00 2.4067e+01 1.5262e+00 -6.0079e-01 -8.4386e-01 -1.2604e+00 5.3807e-01 2.3031e+00 -6.2926e-01 -1.7611e+00 -9.9483e-01 -1.2492e+00 2.1699e+00 4.1645e+00 -6.0305e-01 -3.8118e-01 -1.7015e-01 -4.9865e-01 1.3802e+00 -1.9032e-01 -8.1398e-01 3.2837e-01 -6.8945e-01 -4.5915e-01 -5.9013e-01 9.7784e+00 -8.0777e+00
6.3547e-01 -6.3157e-02 -3.1977e-01 1.8301e-01 8.0160e-01 -8.8543e-03 -1.2632e+00 4.3843e-02 -3.5181e-02 -3.5502e-01 2.7659e-01 3.5088e-01 8.5647e-01 8.0288e+00 9.6013e-02 -1.9774e-01 3.0798e+00 -1.7156e-01 -5.2534e-01 -1.9061e-01 -1.4564e-01 5.7014e-01 1.0919e-02 6.3840e-01 2.7288e-01 -3.4294e-01 3.6702e-01 -7.1319e-01 3.8407e-02 -3.7361e-02 -9.6786e-02 -1.7063e-01 -2.6728e-01 9.3947e-01 -2.0348e-01 -3.6204e-01 4.5498e-01 6.0548e-03 5.7563e-01 1.3255e-01 -4.5425e-02 -1.9944e-02 -3.0257e-01 -3.9845e-02 3.7880e-03 -5.1360e-02 2.0015e-02 -2.6454e-02 -9.2311e-02 -4.9324e-02 4.0932e-02 -5.4952e-01
-1.5711e+00 2.7773e-03 -3.0651e-01 2.6088e+00 -2.1518e-01 -1.1471e+00 -6.7817e+00 1.1583e-01 6.1373e+00 5.2357e-01 -8.5968e-01 -5.9671e+00 7.6901e+00 9.6013e-02 2.3367e+01 -8.1056e-01 -4.6637e-01 -8.4800e-01 6.9983e-02 -8.4804e-01 -9.9443e-01 6.7141e+00 7.9486e+00 -9.9425e-01 -3.2386e-01 -2.2146e+00 5.9796e+00 -1.6861e+00 -2.1996e-01 -6.1342e-01 4.4237e+00 1.7085e+00 -4.6628e-01 -1.9214e+00 1.0421e-01 3.7875e-01 -7.4572e-01 -9.8721e-01 -2.9435e-01 -5.0810e-02 6.2362e-01 -3.0530e-02 -2.9943e-01 3.3072e-01 -6.9852e-02 -2.7761e-01 2.2884e-02 -1.2553e-01 -1.1052e-01 9.2410e-01 1.1463e-01 6.1635e-02
-3.1250e-01 5.7072e-01 5.8680e-01 -1.1900e+00 9.1452e-01 -7.6916e-01 2.4173e-01 5.8570e-01 9.5334e-01 -1.7671e-02 -7.7295e-02 -5.4195e-01 -1.3193e+00 -1.9774e-01 -8.1056e-01 3.4925e+01 -1.5310e+00 7.9730e-01 -6.2578e-01 1.0171e+00 -1.2831e-01 -6.4630e-01 6.5814e+00 1.4494e+00 -7.3828e-01 -3.5809e+00 3.6480e+00 -4.4212e+00 -2.5160e-01 -9.7743e-01 -4.0798e+00 -1.6024e+00 1.7673e-01 -7.6172e-01 -9.0835e-01 -2.5210e-01 -1.6817e+00 -1.6613e+00 -6.3583e-01 -4.2230e-01 5.3350e-01 -7.6847e-02 5.4117e-01 -4.1274e-01 2.3126e-01 -6.4410e-02 -2.6119e-01 2.3036e-01 8.6092e-01 1.4376e+00 5.8171e-01 -6.7234e-01
1.7142e+00 -2.6411e-01 -1.3348e+00 -3.1911e-01 -6.8091e-01 -2.5906e+00 -3.0332e+00 1.9765e-01 -7.1201e-01 -3.8113e-03 1.4192e+00 -7.5805e-02 2.5957e-01 3.0798e+00 -4.6637e-01 -1.5310e+00 2.5265e+01 6.9612e+00 -4.3817e-01 -1.3334e+00 -5.1176e-01 -2.6575e-01 -2.9271e-01 -7.1613e-01 -2.5257e-01 -2.4070e+00 -7.1617e-01 -1.8821e+00 8.0553e-02 -6.1571e-01 -1.0635e+00 -8.9343e-01 -8.3185e-01 4.9664e-01 -7.8211e-01 -9.0041e-01 -9.6560e-01 -3.7871e-01 2.2040e+00 1.0311e-01 -1.4263e-01 -5.5088e-02 -1.3444e-01 -2.8733e-01 3.2494e+00 -3.9270e-02 1.7000e-01 -1.6991e-01 -2.2127e-01 -2.2782e-01 1.9478e-01 -4.8662e-01
-2.7076e+00 5.6513e+00 9.6662e-01 -8.9447e+00 2.6480e+00 -1.1429e+00 2.0100e-02 8.5484e-02 -1.1794e+00 -1.8056e+00 5.0233e+00 -5.6962e+00 -4.1424e+00 -1.7156e-01 -8.4800e-01 7.9730e-01 6.9612e+00 4.6704e+01 -5.6760e-01 -1.3287e+00 -1.1719e+00 1.6126e+00 -2.4061e+00 -2.1976e+00 -2.1621e+00 -5.1289e+00 1.7042e+00 5.2142e-01 2.9153e-01 -9.0926e-01 2.8991e+00 -1.1998e+00 -9.9705e-02 -9.4646e-01 4.2130e-01 -8.9635e-01 -9.9756e-01 -3.6726e+00 -1.1282e+00 7.4477e-02 4.3028e-01 1.4194e-01 -5.3181e-01 -1.0325e+00 -9.2183e-01 2.5566e+00 6.8747e-01 -5.2319e-02 -2.2415e-01 -4.7214e-01 8.1628e-02 -5.6645e-01
1.5494e-02 -1.8985e+00 -6.3991e-01 -5.2313e-01 -3.0220e+00 -2.2311e-01 -2.6585e-02 -6.8948e-01 -1.8793e-01 1.1855e+01 9.4576e+00 -5.5105e-02 -8.2478e+00 -5.2534e-01 6.9983e-02 -6.2578e-01 -4.3817e-01 -5.6760e-01 1.9500e+01 4.5886e-01 9.5636e-02 -4.5247e-01 -2.9854e-01 6.9880e-02 3.2551e-02 1.8079e-01 -3.9663e-01 7.4062e-02 1.6232e-01 -4.9490e-02 8.0277e-02 6.7810e-03 -1.2273e-02 -5.1726e-01 -3.4414e-01 -1.6636e-01 6.0521e-02 9.2317e-01 1.7924e-01 1.3146e-01 -1.1342e-01 -2.5012e-02 1.6889e-01 5.4489e-01 4.9743e-02 2.3605e-01 -2.7655e-02 3.4000e-02 -5.5072e-01 -6.1491e-01 -6.8458e-01 1.7340e+01
3.8964e-01 -4.0166e-02 -1.0349e-01 4.0604e-01 -2.9037e-03 6.0294e-01 5.4687e-01 3.9313e-01 2.4936e+00 9.0524e-01 -6.6333e-01 2.9254e-01 -7.7112e-01 -1.9061e-01 -8.4804e-01 1.0171e+00 -1.3334e+00 -1.3287e+00 4.5886e-01 2.7502e+01 -1.1478e-01 -2.6321e-01 -1.6228e+00 2.1216e+01 -2.0105e-01 -1.5985e+00 -7.2532e-01 1.7151e+00 -9.6083e-02 -3.5997e-01 -3.0699e+00 -1.2703e+00 -3.6039e-01 5.5757e-01 -9.1223e-01 -1.2451e-01 -1.7487e+00 -9.1216e-01 -5.8770e-01 -2.5379e-01 -9.4290e-02 -7.5012e-02 -5.2351e-02 -2.4735e-02 -1.3578e-01 -2.0729e-02 3.4052e-01 3.2695e-01 -3.3413e-01 -3.0197e-01 3.9148e-01 4.1439e-01
-5.6981e+00 3.2429e-01 -1.1393e+00 -1.2446e+01 -1.2876e-01 1.2886e+01 -1.9621e+00 -5.1859e-02 -7.7377e-01 8.5501e-02 3.4603e+00 -8.3923e+00 -2.1383e+00 -1.4564e-01 -9.9443e-01 -1.2831e-01 -5.1176e-01 -1.1719e+00 9.5636e-02 -1.1478e-01 2.4822e+01 -3.7544e+00 -7.1463e-01 -5.3998e-01 -3.1304e-02 -3.2146e-01 -3.4196e+00 -2.5961e-01 -3.1190e-01 -1.0185e+00 -4.1119e-01 6.5422e+00 -1.0307e+00 -3.0109e+00 2.2372e+00 6.0314e+00 6.4857e+00 -1.0601e+00 -4.8057e-01 -1.5248e-01 -1.8947e-01 -3.0129e-02 -6.4846e-01 -2.9591e-02 -9.2154e-02 -5.4936e-01 -9.1078e-02 -2.2207e-02 -1.0770e-03 -3.5200e-01 -5.3539e-02 9.5157e-02
-1.0331e+01 1.8326e+00 -2.1304e+00 5.8381e+00 -5.8306e-01 -4.1679e+00 -4.3079e+00 -4.6227e-01 4.6800e+00 5.3746e-01 -2.1670e+01 -1.3297e+01 2.3438e+01 5.7014e-01 6.7141e+00 -6.4630e-01 -2.6575e-01 1.6126e+00 -4.5247e-01 -2.6321e-01 -3.7544e+00 5.8843e+01 6.5017e+00 1.4747e+00 -8.6275e-01 -1.0588e+01 3.9995e+01 -2.7937e-01 -9.4048e-01 -1.7738e+00 -1.0364e+00 -3.6658e-01 4.0142e+00 -6.5598e+00 2.0305e+00 -1.7889e+00 -1.8154e+00 3.9864e+00 8.7924e+00 -1.4714e+00 5.6415e-01 -8.0982e-03 -1.2925e+00 -3.0875e-01 -4.5420e-01 -1.0160e+00 -4.0409e-01 -3.8901e-01 -1.9677e-01 1.2307e-01 -4.7453e-01 -4.2520e-01
-1.4120e+00 -1.6717e+00 -6.0486e-01 1.0228e+00 3.5902e-01 -7.0755e-01 -3.1865e-01 9.0682e-02 4.8156e+00 1.6316e-02 -7.4054e+00 -5.2439e+00 7.1175e+00 1.0919e-02 7.9486e+00 6.5814e+00 -2.9271e-01 -2.4061e+00 -2.9854e-01 -1.6228e+00 -7.1463e-01 6.5017e+00 2.4293e+01 -1.3463e+00 -4.1566e-01 -3.9519e+00 5.2704e+00 -3.5545e+00 -1.9951e-01 -6.0483e-01 -1.9635e+00 9.6660e-01 -4.7243e-01 -8.3559e-01 -6.9485e-01 6.8137e-01 -7.2751e-01 -1.0877e+00 -3.4025e-01 -1.0760e-01 -4.7291e-02 -3.5561e-02 1.1235e+00 -5.1958e-02 -1.3459e-01 -2.8823e-01 -1.1424e-01 -1.1266e-01 -1.5697e-01 1.3549e-01 8.3595e-02 -2.9705e-01
-8.2387e-01 -1.2207e+00 -1.9847e-01 8.0806e-01 -1.6351e+00 9.5299e-01 -2.3979e-01 -3.9187e-01 2.2832e+00 4.0925e-01 -1.8786e+00 -7.5224e-01 6.7946e-01 6.3840e-01 -9.9425e-01 1.4494e+00 -7.1613e-01 -2.1976e+00 6.9880e-02 2.1216e+01 -5.3998e-01 1.4747e+00 -1.3463e+00 3.6722e+01 2.2139e+00 -1.6131e+00 9.5243e-01 6.9399e-01 -1.8365e-01 -2.9390e-01 -4.5332e+00 -1.6036e+00 -7.6631e-01 -1.6183e+00 5.6387e-02 -5.4693e-01 -1.8580e+00 -8.7460e-01 -3.0183e-01 -1.1591e-01 -3.0885e-01 -9.8638e-02 -2.4678e-01 -2.9531e-01 -4.8612e-02 -2.0185e-02 2.8737e-01 2.5549e-01 -3.6042e-01 -3.4694e-01 -4.0005e-01 6.2599e-02
-1.0010e+00 -3.1917e+00 -2.2633e-01 -2.4953e+00 -1.3425e+00 7.6086e-01 -4.5971e-01 3.2719e-02 2.6834e-01 2.9927e-01 1.1700e+00 -1.6791e+00 8.2355e-01 2.7288e-01 -3.2386e-01 -7.3828e-01 -2.5257e-01 -2.1621e+00 3.2551e-02 -2.0105e-01 -3.1304e-02 -8.6275e-01 -4.1566e-01 2.2139e+00 2.8437e+01 -1.2326e+00 1.1667e+00 -3.1127e-01 -5.6135e-01 -1.1803e+00 -1.2806e-01 3.2950e+00 9.8380e-01 -1.2840e+00 -5.0902e-01 -3.1818e-01 -1.7164e-01 -3.7772e+00 -6.1115e-01 2.3783e-01 -2.3318e-01 -2.6672e-02 -2.4892e-01 -8.0581e-01 -4.4881e-01 2.6166e-01 -3.8087e-02 -3.2060e-01 -1.5276e-01 -1.6115e-01 3.0627e-02 5.8595e-03
7.8312e+00 1.1819e+00 6.7094e+00 1.5720e+01 6.4015e-01 -3.6386e-01 -3.0427e+00 -8.5221e-01 -1.0376e+00 -1.6904e+00 6.1242e+00 2.5824e+01 -6.2849e+00 -3.4294e-01 -2.2146e+00 -3.5809e+00 -2.4070e+00 -5.1289e+00 1.8079e-01 -1.5985e+00 -3.2146e-01 -1.0588e+01 -3.9519e+00 -1.6131e+00 -1.2326e+00 7.5740e+01 -1.0997e+01 -1.3853e+00 -4.7937e-01 -1.5706e+00 9.6259e+00 -2.7589e+00 -6.3858e-01 -6.9930e+00 5.7493e+00 -3.3357e-01 -5.4849e-01 -3.9126e+00 -2.3335e+00 -1.8833e+00 -2.1538e-01 2.5750e-01 7.3124e-01 -8.4531e-02 3.0660e-01 -6.8126e-01 2.7091e-02 -1.8787e-01 2.5293e-02 1.4899e+00 -8.4999e-01 1.8029e-01
-8.5809e+00 1.4834e-01 1.4516e+00 7.5440e+00 -9.7256e-01 -6.1495e+00 -7.2121e+00 1.3825e-01 6.7167e+00 5.8972e-01 -1.8541e+01 -1.0473e+01 2.4067e+01 3.6702e-01 5.9796e+00 3.6480e+00 -7.1617e-01 1.7042e+00 -3.9663e-01 -7.2532e-01 -3.4196e+00 3.9995e+01 5.2704e+00 9.5243e-01 1.1667e+00 -1.0997e+01 5.9101e+01 -3.9691e+00 -6.9033e-01 -2.0162e+00 -1.9644e+00 -6.1548e-01 1.0363e+01 -9.7959e+00 -1.6374e+00 -2.8657e+00 -1.9839e+00 -1.8356e+00 7.9852e+00 -2.0818e+00 4.9159e-01 -2.4194e-02 5.5458e+00 -4.2005e-01 8.7822e-02 -8.8669e-01 -4.4706e-01 -3.6607e-01 -3.8533e-01 1.8509e-01 1.3652e-01 -3.9894e-01
3.4562e+00 -1.1859e-01 -5.9919e+00 5.1409e-01 -2.6892e-01 1.4948e+01 1.1292e+01 -4.5075e-02 5.6485e-01 -9.2282e-01 -1.8565e+01 2.0455e+00 1.5262e+00 -7.1319e-01 -1.6861e+00 -4.4212e+00 -1.8821e+00 5.2142e-01 7.4062e-02 1.7151e+00 -2.5961e-01 -2.7937e-01 -3.5545e+00 6.9399e-01 -3.1127e-01 -1.3853e+00 -3.9691e+00 4.2911e+01 -6.0838e-01 1.5169e-02 1.8293e-01 -7.7029e-01 1.8804e+00 1.6689e+01 -3.2067e+00 -3.0040e+00 -9.4698e-01 2.6145e-01 -2.9646e+00 -2.0362e+00 -7.7322e-02 -2.6575e-01 -2.4070e+00 -5.7067e-01 7.0231e-02 -1.7433e-01 -9.4673e-01 1.3022e-01 9.9841e-02 -1.2310e+00 -4.7966e-02 6.7119e-02
-1.2108e+00 -3.8678e-01 -3.5668e-01 2.7249e-01 -9.9298e-01 -4.7322e-01 -6.3956e-01 -5.8351e-02 -7.5480e-02 -2.3713e-02 8.9827e-01 1.1472e+00 -6.0079e-01 3.8407e-02 -2.1996e-01 -2.5160e-01 8.0553e-02 2.9153e-01 1.6232e-01 -9.6083e-02 -3.1190e-01 -9.4048e-01 -1.9951e-01 -1.8365e-01 -5.6135e-01 -4.7937e-01 -6.9033e-01 -6.0838e-01 1.2921e+01 1.8512e+00 -2.8973e-01 -3.2449e-01 -1.4818e-01 -1.0011e+00 -3.3325e-01 -3.8817e-01 -1.7709e-01 1.9813e+00 -3.2054e-01 -1.6601e-01 1.4649e-01 -2.5456e-02 7.0415e-01 -2.5743e-01 4.7647e-01 -1.2788e-01 -9.8349e-02 5.1280e-03 6.8493e-02 -1.2868e-01 -5.8960e-02 1.5279e-01
-2.6978e+00 -1.5561e+00 -1.0289e+00 1.2083e+00 -2.0887e+00 -7.8767e-01 -1.0210e+00 1.2660e-01 -5.7988e-01 -2.3739e-01 1.5573e+00 3.2452e+00 -8.4386e-01 -3.7361e-02 -6.1342e-01 -9.7743e-01 -6.1571e-01 -9.0926e-01 -4.9490e-02 -3.5997e-01 -1.0185e+00 -1.7738e+00 -6.0483e-01 -2.9390e-01 -1.1803e+00 -1.5706e+00 -2.0162e+00 1.5169e-02 1.8512e+00 2.7282e+01 -1.2065e+00 -8.4293e-01 -7.1792e-01 -2.5414e+00 -8.0174e-01 -8.3333e-01 -8.6168e-01 3.1241e+00 1.0868e+00 1.9551e-01 -1.7693e-01 -1.0732e-03 -5.7143e-01 -5.0779e-01 -4.0128e-01 4.2137e-02 3.5210e-01 -2.7854e-01 1.1595e-01 -1.6855e-01 1.2239e-01 -5.4608e-02
9.9024e-01 5.1935e-01 -1.3177e+00 -2.4080e+00 1.9915e-01 -2.2360e-01 -5.0217e+00 2.8485e-01 -7.7862e-01 1.2954e+00 5.5618e+00 -6.7607e+00 -1.2604e+00 -9.6786e-02 4.4237e+00 -4.0798e+00 -1.0635e+00 2.8991e+00 8.0277e-02 -3.0699e+00 -4.1119e-01 -1.0364e+00 -1.9635e+00 -4.5332e+00 -1.2806e-01 9.6259e+00 -1.9644e+00 1.8293e-01 -2.8973e-01 -1.2065e+00 4.2315e+01 -1.6670e+00 -9.3295e-01 -2.5848e+00 -1.5331e+00 -9.5914e-01 -1.3344e+00 -6.7728e-01 -4.1247e-01 -5.6242e-01 -2.8498e-01 1.5666e-01 -6.0477e-01 -1.8507e-01 -1.9303e-01 3.8265e+00 -4.2098e-02 -7.5811e-02 -3.0800e-01 6.8032e-01 2.8381e-01 2.5972e-02
-4.6002e+00 1.9386e+00 -7.8304e-01 -7.0147e+00 2.2162e+00 4.9631e+00 -1.3831e+00 4.4477e-01 1.4338e+00 2.2651e-01 -3.5338e-01 -6.7117e+00 5.3807e-01 -1.7063e-01 1.7085e+00 -1.6024e+00 -8.9343e-01 -1.1998e+00 6.7810e-03 -1.2703e+00 6.5422e+00 -3.6658e-01 9.6660e-01 -1.6036e+00 3.2950e+00 -2.7589e+00 -6.1548e-01 -7.7029e-01 -3.2449e-01 -8.4293e-01 -1.6670e+00 2.9242e+01 -9.4001e-01 -2.7700e+00 3.0536e+00 8.6621e+00 9.2172e+00 -2.0452e+00 -4.0751e-01 -3.7353e-01 -1.9651e-01 7.0003e-02 -5.2760e-01 6.7525e-02 -3.4084e-01 3.2699e-01 -1.2580e-01 -1.4909e-01 -1.8899e-01 -2.4576e-01 4.4182e-01 -9.7513e-03
-1.8015e+00 -8.0041e-01 2.4070e+00 -9.8710e-01 -1.5756e+00 -6.5715e-01 -2.8533e+00 -3.8494e-01 -3.9477e-01 -1.5512e+00 -1.4096e+00 -2.3196e+00 2.3031e+00 -2.6728e-01 -4.6628e-01 1.7673e-01 -8.3185e-01 -9.9705e-02 -1.2273e-02 -3.6039e-01 -1.0307e+00 4.0142e+00 -4.7243e-01 -7.6631e-01 9.8380e-01 -6.3858e-01 1.0363e+01 1.8804e+00 -1.4818e-01 -7.1792e-01 -9.3295e-01 -9.4001e-01 2.6850e+01 -3.5530e+00 -3.7807e-01 9.4453e-01 -1.1189e+00 -1.3294e+00 -1.1544e+00 -1.1954e+00 8.4095e-01 1.1280e-02 6.5150e+00 -3.2568e-01 -2.0536e-01 -3.2357e-01 -1.0441e-01 -1.3341e-01 2.2342e-01 3.1489e-01 -3.9169e-01 -2.9382e-02
1.3585e+01 -1.1439e-01 -6.1998e+00 4.8347e+00 -4.6454e-01 7.0116e+00 1.1232e+01 -1.4010e-01 3.6421e-01 -1.3213e+00 -1.0960e+01 1.0712e+01 -6.2926e-01 9.3947e-01 -1.9214e+00 -7.6172e-01 4.9664e-01 -9.4646e-01 -5.1726e-01 5.5757e-01 -3.0109e+00 -6.5598e+00 -8.3559e-01 -1.6183e+00 -1.2840e+00 -6.9930e+00 -9.7959e+00 1.6689e+01 -1.0011e+00 -2.5414e+00 -2.5848e+00 -2.7700e+00 -3.5530e+00 6.0881e+01 -1.3809e+00 -6.1520e+00 -3.0758e+00 -2.5411e+00 2.6757e-01 -3.5804e+00 9.6400e-01 -1.3153e-01 -4.3363e+00 5.5104e+00 -1.6252e-01 -4.8606e-01 -1.1283e-01 -2.6165e-01 -6.8027e-02 -1.4570e+00 -1.5205e-01 -5.4875e-01
-7.4455e-01 8.2306e-01 -1.1661e+00 -4.5817e-01 -6.0772e-01 2.1634e+00 -7.9524e-01 -8.0826e-01 -2.8891e-01 2.8021e-01 1.6302e+00 4.9652e-01 -1.7611e+00 -2.0348e-01 1.0421e-01 -9.0835e-01 -7.8211e-01 4.2130e-01 -3.4414e-01 -9.1223e-01 2.2372e+00 2.0305e+00 -6.9485e-01 5.6387e-02 -5.0902e-01 5.7493e+00 -1.6374e+00 -3.2067e+00 -3.3325e-01 -8.0174e-01 -1.5331e+00 3.0536e+00 -3.7807e-01 -1.3809e+00 3.1211e+01 -1.1104e+00 -1.0057e+00 3.1918e+00 7.8959e-02 -3.6582e-01 -3.0173e-01 1.9920e-01 -5.6907e-01 6.0854e-01 -9.4602e-02 -4.2884e-01 -1.6498e-01 -1.8299e-01 -1.2460e-01 -2.7172e-01 -8.1159e-01 -4.2507e-01
-2.5768e+00 -1.1098e+00 -2.2700e+00 -5.3145e+00 -6.3272e-01 2.9237e+00 -4.2730e+00 2.7076e-01 -3.5745e-01 7.1240e-02 2.9336e+00 -4.1206e+00 -9.9483e-01 -3.6204e-01 3.7875e-01 -2.5210e-01 -9.0041e-01 -8.9635e-01 -1.6636e-01 -1.2451e-01 6.0314e+00 -1.7889e+00 6.8137e-01 -5.4693e-01 -3.1818e-01 -3.3357e-01 -2.8657e+00 -3.0040e+00 -3.8817e-01 -8.3333e-01 -9.5914e-01 8.6621e+00 9.4453e-01 -6.1520e+00 -1.1104e+00 2.9181e+01 9.8225e+00 -1.4853e+00 -4.2970e-01 -1.1203e+00 -3.3729e-01 1.6520e-01 -8.2364e-01 -4.6883e-01 -6.4229e-02 -4.2310e-01 -1.4675e-01 -1.0847e-01 -2.0774e-01 -3.2553e-01 2.5869e-01 -1.8886e-01
-3.1811e+00 -3.0339e-01 -1.1217e+00 -6.6999e+00 2.5240e-01 4.7622e+00 -2.2395e+00 3.4750e-01 -6.8638e-01 3.2527e-01 1.2666e+00 -5.2868e+00 -1.2492e+00 4.5498e-01 -7.4572e-01 -1.6817e+00 -9.6560e-01 -9.9756e-01 6.0521e-02 -1.7487e+00 6.4857e+00 -1.8154e+00 -7.2751e-01 -1.8580e+00 -1.7164e-01 -5.4849e-01 -1.9839e+00 -9.4698e-01 -1.7709e-01 -8.6168e-01 -1.3344e+00 9.2172e+00 -1.1189e+00 -3.0758e+00 -1.0057e+00 9.8225e+00 2.7644e+01 2.7341e-01 -1.1265e-01 -8.4531e-01 -1.9678e-01 -6.8561e-02 1.8470e+00 -1.5627e-01 -1.4002e-01 -2.1602e-01 -6.9374e-02 -1.0312e-01 -2.2037e-01 -1.1905e-01 3.5105e-01 4.8250e-02
-1.4284e+00 -1.6241e+00 -7.1414e-01 -6.2893e+00 -8.5889e-01 -1.8244e+00 2.7224e+00 -4.0829e-01 -4.3402e-01 1.6124e+00 2.2924e+00 -6.2849e+00 2.1699e+00 6.0548e-03 -9.8721e-01 -1.6613e+00 -3.7871e-01 -3.6726e+00 9.2317e-01 -9.1216e-01 -1.0601e+00 3.9864e+00 -1.0877e+00 -8.7460e-01 -3.7772e+00 -3.9126e+00 -1.8356e+00 2.6145e-01 1.9813e+00 3.1241e+00 -6.7728e-01 -2.0452e+00 -1.3294e+00 -2.5411e+00 3.1918e+00 -1.4853e+00 2.7341e-01 5.2590e+01 5.1948e-01 -4.1321e-01 5.7245e-01 8.2430e-02 -9.6187e-01 -1.0370e+00 -4.0567e-01 -1.6270e-01 5.4747e-01 -2.1742e-01 3.6732e-01 -3.9972e-01 -3.8046e-01 8.5788e-01
1.1461e+00 2.3546e-01 8.4852e-02 2.2632e-01 -8.4718e-01 -2.8627e+00 -3.6196e+00 -1.8285e-01 -3.3624e-01 3.6418e-01 -6.5151e-01 -2.1449e+00 4.1645e+00 5.7563e-01 -2.9435e-01 -6.3583e-01 2.2040e+00 -1.1282e+00 1.7924e-01 -5.8770e-01 -4.8057e-01 8.7924e+00 -3.4025e-01 -3.0183e-01 -6.1115e-01 -2.3335e+00 7.9852e+00 -2.9646e+00 -3.2054e-01 1.0868e+00 -4.1247e-01 -4.0751e-01 -1.1544e+00 2.6757e-01 7.8959e-02 -4.2970e-01 -1.1265e-01 5.1948e-01 2.6249e+01 -9.4529e-01 -1.7360e-01 -5.1685e-02 -9.3018e-01 5.8861e+00 -3.4124e-01 3.3513e-01 -1.1509e-01 -1.6520e-01 -2.6575e-01 5.3758e-02 -1.8393e-01 1.6965e-01
-5.1123e+00 2.3077e-01 5.5642e+00 7.2014e-01 -2.3640e-01 -2.7832e+00 5.1480e+00 -3.5954e-02 -1.0004e-01 3.0398e-01 2.3035e+00 9.3191e-01 -6.0305e-01 1.3255e-01 -5.0810e-02 -4.2230e-01 1.0311e-01 7.4477e-02 1.3146e-01 -2.5379e-01 -1.5248e-01 -1.4714e+00 -1.0760e-01 -1.1591e-01 2.3783e-01 -1.8833e+00 -2.0818e+00 -2.0362e+00 -1.6601e-01 1.9551e-01 -5.6242e-01 -3.7353e-01 -1.1954e+00 -3.5804e+00 -3.6582e-01 -1.1203e+00 -8.4531e-01 -4.1321e-01 -9.4529e-01 1.7750e+01 -1.4478e-01 -3.1233e-02 -8.9867e-01 8.8180e-01 -8.6559e-02 -1.3727e-01 1.6054e-02 1.0123e+00 3.6077e-01 -7.6494e-02 -4.1922e-02 1.0860e-01
5.7711e-01 -5.3825e-01 3.9033e-01 -1.1156e-01 -5.2595e-01 -3.0403e-01 -1.4873e+00 -7.4711e-02 4.8174e-01 -6.3713e-01 1.2729e+00 3.1229e-01 -3.8118e-01 -4.5425e-02 6.2362e-01 5.3350e-01 -1.4263e-01 4.3028e-01 -1.1342e-01 -9.4290e-02 -1.8947e-01 5.6415e-01 -4.7291e-02 -3.0885e-01 -2.3318e-01 -2.1538e-01 4.9159e-01 -7.7322e-02 1.4649e-01 -1.7693e-01 -2.8498e-01 -1.9651e-01 8.4095e-01 9.6400e-01 -3.0173e-01 -3.3729e-01 -1.9678e-01 5.7245e-01 -1.7360e-01 -1.4478e-01 9.8172e+00 -2.7507e-02 5.0467e-01 1.7054e-01 -1.0092e-01 -5.2582e-02 -9.0800e-04 -6.5477e-02 7.1992e-03 -8.1854e-02 -8.1647e-02 -1.0117e-01
-1.7736e-01 -1.3695e-01 2.0233e-01 3.1917e-02 -4.8696e-02 -3.2575e-01 1.3649e-02 4.8926e-01 1.3182e-02 2.8799e-02 1.7338e-01 4.1943e-02 -1.7015e-01 -1.9944e-02 -3.0530e-02 -7.6847e-02 -5.5088e-02 1.4194e-01 -2.5012e-02 -7.5012e-02 -3.0129e-02 -8.0982e-03 -3.5561e-02 -9.8638e-02 -2.6672e-02 2.5750e-01 -2.4194e-02 -2.6575e-01 -2.5456e-02 -1.0732e-03 1.5666e-01 7.0003e-02 1.1280e-02 -1.3153e-01 1.9920e-01 1.6520e-01 -6.8561e-02 8.2430e-02 -5.1685e-02 -3.1233e-02 -2.7507e-02 3.8009e+00 -2.7215e-02 6.6829e-02 -6.8808e-03 -1.6999e-02 -2.0497e-02 -5.1438e-02 -2.4484e-02 -1.2587e-02 4.8903e-01 -3.4736e-02
2.0463e+00 -6.4674e-01 2.5857e+00 -4.5526e-01 -5.2753e-01 -2.6656e+00 -3.1442e+00 1.0620e-01 -1.1883e-01 4.6583e-01 2.3671e+00 5.2854e-01 -4.9865e-01 -3.0257e-01 -2.9943e-01 5.4117e-01 -1.3444e-01 -5.3181e-01 1.6889e-01 -5.2351e-02 -6.4846e-01 -1.2925e+00 1.1235e+00 -2.4678e-01 -2.4892e-01 7.3124e-01 5.5458e+00 -2.4070e+00 7.0415e-01 -5.7143e-01 -6.0477e-01 -5.2760e-01 6.5150e+00 -4.3363e+00 -5.6907e-01 -8.2364e-01 1.8470e+00 -9.6187e-01 -9.3018e-01 -8.9867e-01 5.0467e-01 -2.7215e-02 2.1080e+01 -1.5473e-01 -1.1959e-01 -2.5996e-01 1.0264e-02 -1.2021e-01 -2.1256e-01 -2.5260e-01 1.0326e-01 1.4253e-01
3.8267e-01 -1.0796e-01 1.1763e+00 5.8446e-01 -7.1471e-01 -6.0561e-01 2.6751e-01 -4.9732e-01 7.5706e-02 2.6212e-01 -6.1996e-01 -5.0987e-02 1.3802e+00 -3.9845e-02 3.3072e-01 -4.1274e-01 -2.8733e-01 -1.0325e+00 5.4489e-01 -2.4735e-02 -2.9591e-02 -3.0875e-01 -5.1958e-02 -2.9531e-01 -8.0581e-01 -8.4531e-02 -4.2005e-01 -5.7067e-01 -2.5743e-01 -5.0779e-01 -1.8507e-01 6.7525e-02 -3.2568e-01 5.5104e+00 6.0854e-01 -4.6883e-01 -1.5627e-01 -1.0370e+00 5.8861e+00 8.8180e-01 1.7054e-01 6.6829e-02 -1.5473e-01 1.7308e+01 -4.2777e-01 -4.8946e-02 -3.3229e-02 -9.8688e-02 -4.4535e-02 1.9437e-01 -4.4943e-01 1.9207e+00
1.4198e+00 -1.9119e+00 -1.9659e-01 -3.3496e-01 -2.6246e+00 -1.9168e-01 1.0125e-01 5.4909e-02 -3.4327e-02 2.7814e-01 5.4006e-01 -1.3095e-01 -1.9032e-01 3.7880e-03 -6.9852e-02 2.3126e-01 3.2494e+00 -9.2183e-01 4.9743e-02 -1.3578e-01 -9.2154e-02 -4.5420e-01 -1.3459e-01 -4.8612e-02 -4.4881e-01 3.0660e-01 8.7822e-02 7.0231e-02 4.7647e-01 -4.0128e-01 -1.9303e-01 -3.4084e-01 -2.0536e-01 -1.6252e-01 -9.4602e-02 -6.4229e-02 -1.4002e-01 -4.0567e-01 -3.4124e-01 -8.6559e-02 -1.0092e-01 -6.8808e-03 -1.1959e-01 -4.2777e-01 1.4094e+01 -1.2149e-01 -8.8684e-02 -1.6205e-01 -4.0531e-02 4.5737e-01 5.3313e-02 4.6361e-02
3.9257e-01 -5.5834e-02 -2.1094e-01 -7.0722e-01 -2.1782e-01 -5.2916e-01 -1.9312e-01 -8.2795e-02 -1.9168e-01 5.4306e-01 1.2571e+00 -1.8103e+00 -8.1398e-01 -5.1360e-02 -2.7761e-01 -6.4410e-02 -3.9270e-02 2.5566e+00 2.3605e-01 -2.0729e-02 -5.4936e-01 -1.0160e+00 -2.8823e-01 -2.0185e-02 2.6166e-01 -6.8126e-01 -8.8669e-01 -1.7433e-01 -1.2788e-01 4.2137e-02 3.8265e+00 3.2699e-01 -3.2357e-01 -4.8606e-01 -4.2884e-01 -4.2310e-01 -2.1602e-01 -1.6270e-01 3.3513e-01 -1.3727e-01 -5.2582e-02 -1.6999e-02 -2.5996e-01 -4.8946e-02 -1.2149e-01 1.1486e+01 3.4963e-02 -7.5744e-02 -1.2099e-02 -3.6091e-02 -8.8641e-02 2.0321e-01
5.5135e-01 -3.4031e-01 -1.5979e-01 -4.8301e-01 7.0562e-02 1.9425e-01 1.5451e-01 1.8468e-02 -5.6858e-03 1.0772e-01 -2.4022e-01 -2.2783e-01 3.2837e-01 2.0015e-02 2.2884e-02 -2.6119e-01 1.7000e-01 6.8747e-01 -2.7655e-02 3.4052e-01 -9.1078e-02 -4.0409e-01 -1.1424e-01 2.8737e-01 -3.8087e-02 2.7091e-02 -4.4706e-01 -9.4673e-01 -9.8349e-02 3.5210e-01 -4.2098e-02 -1.2580e-01 -1.0441e-01 -1.1283e-01 -1.6498e-01 -1.4675e-01 -6.9374e-02 5.4747e-01 -1.1509e-01 1.6054e-02 -9.0800e-04 -2.0497e-02 1.0264e-02 -3.3229e-02 -8.8684e-02 3.4963e-02 7.9043e+00 8.4283e-03 -2.1007e-02 -6.4812e-02 4.7598e-01 -3.8223e-02
4.3228e-01 -6.4697e-01 -1.7050e-01 -3.5910e-02 1.3158e+00 -5.6749e-02 2.3599e-01 -5.5808e-01 -7.6231e-02 1.5300e-01 -2.1390e-03 1.6085e-01 -6.8945e-01 -2.6454e-02 -1.2553e-01 2.3036e-01 -1.6991e-01 -5.2319e-02 3.4000e-02 3.2695e-01 -2.2207e-02 -3.8901e-01 -1.1266e-01 2.5549e-01 -3.2060e-01 -1.8787e-01 -3.6607e-01 1.3022e-01 5.1280e-03 -2.7854e-01 -7.5811e-02 -1.4909e-01 -1.3341e-01 -2.6165e-01 -1.8299e-01 -1.0847e-01 -1.0312e-01 -2.1742e-01 -1.6520e-01 1.0123e+00 -6.5477e-02 -5.1438e-02 -1.2021e-01 -9.8688e-02 -1.6205e-01 -7.5744e-02 8.4283e-03 1.0014e+01 7.2347e-03 -4.2441e-02 -5.7999e-01 8.5221e-02
-2.6493e-01 4.0238e-01 1.1621e-01 4.9082e-01 -2.3748e-01 -2.0500e-01 6.3260e-01 -7.5670e-02 -1.2941e-01 -3.4132e-01 -3.5248e-01 2.8709e-01 -4.5915e-01 -9.2311e-02 -1.1052e-01 8.6092e-01 -2.2127e-01 -2.2415e-01 -5.5072e-01 -3.3413e-01 -1.0770e-03 -1.9677e-01 -1.5697e-01 -3.6042e-01 -1.5276e-01 2.5293e-02 -3.8533e-01 9.9841e-02 6.8493e-02 1.1595e-01 -3.0800e-01 -1.8899e-01 2.2342e-01 -6.8027e-02 -1.2460e-01 -2.0774e-01 -2.2037e-01 3.6732e-01 -2.6575e-01 3.6077e-01 7.1992e-03 -2.4484e-02 -2.1256e-01 -4.4535e-02 -4.0531e-02 -1.2099e-02 -2.1007e-02 7.2347e-03 8.5938e+00 -3.5865e-02 -7.9450e-02 7.6311e-01
-4.0424e-01 6.1542e-02 1.2077e+00 -2.0720e-01 -1.4750e-01 -6.3698e-01 -8.2860e-01 2.3271e-01 4.3952e-02 -9.8676e-01 1.4615e-02 -9.3097e-01 -5.9013e-01 -4.9324e-02 9.2410e-01 1.4376e+00 -2.2782e-01 -4.7214e-01 -6.1491e-01 -3.0197e-01 -3.5200e-01 1.2307e-01 1.3549e-01 -3.4694e-01 -1.6115e-01 1.4899e+00 1.8509e-01 -1.2310e+00 -1.2868e-01 -1.6855e-01 6.8032e-01 -2.4576e-01 3.1489e-01 -1.4570e+00 -2.7172e-01 -3.2553e-01 -1.1905e-01 -3.9972e-01 5.3758e-02 -7.6494e-02 -8.1854e-02 -1.2587e-02 -2.5260e-01 1.9437e-01 4.5737e-01 -3.6091e-02 -6.4812e-02 -4.2441e-02 -3.5865e-02 1.1302e+01 4.7280e-01 -5.6747e-01
-1.1357e-01 -2.2982e+00 -3.7011e-01 -7.2223e-01 -2.3577e-02 -2.3558e-02 1.6999e-01 2.3273e+01 1.9329e-01 -2.2199e+00 -1.0052e+00 -1.8025e-01 9.7784e+00 4.0932e-02 1.1463e-01 5.8171e-01 1.9478e-01 8.1628e-02 -6.8458e-01 3.9148e-01 -5.3539e-02 -4.7453e-01 8.3595e-02 -4.0005e-01 3.0627e-02 -8.4999e-01 1.3652e-01 -4.7966e-02 -5.8960e-02 1.2239e-01 2.8381e-01 4.4182e-01 -3.9169e-01 -1.5205e-01 -8.1159e-01 2.5869e-01 3.5105e-01 -3.8046e-01 -1.8393e-01 -4.1922e-02 -8.1647e-02 4.8903e-01 1.0326e-01 -4.4943e-01 5.3313e-02 -8.8641e-02 4.7598e-01 -5.7999e-01 -7.9450e-02 4.7280e-01 2.3857e+01 -7.7104e-01
1.0857e-02 -1.0082e+00 3.9515e-02 -1.5108e-03 -2.3710e+00 -2.4835e-01 -6.6924e-02 -7.9913e-01 -1.9220e-01 1.0926e+01 8.5286e+00 -5.3417e-02 -8.0777e+00 -5.4952e-01 6.1635e-02 -6.7234e-01 -4.8662e-01 -5.6645e-01 1.7340e+01 4.1439e-01 9.5157e-02 -4.2520e-01 -2.9705e-01 6.2599e-02 5.8595e-03 1.8029e-01 -3.9894e-01 6.7119e-02 1.5279e-01 -5.4608e-02 2.5972e-02 -9.7513e-03 -2.9382e-02 -5.4875e-01 -4.2507e-01 -1.8886e-01 4.8250e-02 8.5788e-01 1.6965e-01 1.0860e-01 -1.0117e-01 -3.4736e-02 1.4253e-01 1.9207e+00 4.6361e-02 2.0321e-01 -3.8223e-02 8.5221e-02 7.6311e-01 -5.6747e-01 -7.7104e-01 1.9000e+01
