2.6684e+01 -1.1150e+01 -2.3037e+00 -3.8609e-01 -9.4146e+00 -1.3386e-01 1.7645e+01 1.7421e+01 1.7639e+01 -4.8714e+00 -1.5456e+00 -1.0388e+00 2.1515e-01 -1.3511e+01 -7.2094e-01 1.1619e-01 -1.6612e+00 3.7960e-01 -1.6164e-01 -8.3710e-01 -8.2377e-01 2.6391e+00 -9.9550e-02 -6.5161e-02 1.7964e+00 9.6393e-01 -2.7267e-01 3.1816e+00 -6.6781e-01 6.5086e-01 -1.6610e-01 4.8264e-01 -5.9195e-02 -7.1154e-01 -3.3761e-01 -5.4338e+00 6.3078e-02 1.3358e-02 -6.3400e-01 7.6392e-01 1.2814e-01 9.7749e-02 8.3428e-01 -9.3516e+00 2.0045e-01 8.1062e-01 2.2638e-01 -5.3538e-02 3.6758e-02 -9.4511e-02 -9.8683e+00 7.5362e+00
-1.1150e+01 1.2792e+02 1.3059e+00 -4.2145e+01 1.5233e+01 -4.9448e+00 -1.1518e+01 -1.0277e+01 -1.1673e+01 -1.2773e+01 7.7373e+00 -5.3520e-01 -3.6748e+01 1.2490e+01 5.2517e+00 5.4960e+00 -3.8786e+00 -1.0170e+00 -1.6439e+00 -3.6480e+01 -1.9399e+00 -1.7601e+01 8.1627e-01 1.7212e+01 -1.3939e+01 -5.8218e-01 -2.9358e-01 3.2156e-01 -2.0476e+00 -5.7307e+00 1.2919e+00 -1.4296e+00 -1.0908e+00 -1.2963e+00 -1.3988e+01 7.5594e+00 -5.7098e+00 -5.2699e-02 1.7053e+01 -1.2165e+00 3.8349e+00 1.4566e+00 -1.2274e+00 1.2749e+01 -3.6941e-01 -1.2683e+00 1.8745e+00 -1.0833e+00 -3.9573e-02 3.9194e-01 -1.6966e+00 1.3167e+00
-2.3037e+00 1.3059e+00 1.0342e+02 -1.4327e+00 -1.2597e+01 -9.3313e+00 -6.8104e-01 -3.5401e-02 -2.1800e-01 -5.7025e+00 -1.6029e+00 1.2082e-01 5.0894e+00 1.1062e+01 2.2651e+01 -1.8318e+01 4.3550e+00 -8.1875e-01 -1.4033e+00 7.2439e+00 -4.3661e+00 -6.5588e+00 -2.9306e+00 -1.3315e+01 -4.6629e+00 6.0582e-02 -2.1220e+00 -2.9795e+00 -1.4322e+00 -9.2010e+00 -7.6979e-01 4.4897e+00 3.9928e-01 -1.4428e+00 -1.3032e+00 1.0404e+00 3.1093e+00 -1.6751e+00 -5.4011e+00 -6.8523e-01 5.0625e+00 7.3484e-01 5.9195e-01 -9.6690e-01 7.9019e-01 -6.9130e-01 4.4606e-01 -1.0361e+00 -5.6358e-02 -3.0857e-01 -3.9155e-01 -1.6562e+00
-3.8609e-01 -4.2145e+01 -1.4327e+00 6.6287e+01 -8.2649e-02 6.0529e-01 -4.9410e-02 8.1273e-01 5.1877e-01 -7.5462e-01 8.2761e-02 1.9812e+00 3.4576e+01 2.0974e-01 -2.0944e+00 3.0915e+00 4.7206e-01 -3.5717e-01 2.3552e+00 3.1139e+01 4.4028e+00 -1.0251e-01 2.1675e-01 -1.9260e+01 -1.2374e+00 -2.2390e-01 -3.8694e-01 -7.6964e-01 1.2363e-01 4.0960e+00 -2.0140e+00 -4.1120e-01 5.0308e-01 -4.0780e-01 1.4443e+01 -1.5459e+00 4.6513e+00 -4.2132e-01 -1.2724e+01 2.2739e+00 1.6453e-01 1.4730e+00 -2.2426e-01 -1.3477e-01 2.3839e-02 9.4297e-01 -1.3222e+00 1.8155e+00 6.5803e-03 -1.9960e-01 -1.2131e+00 -1.5157e-01
-9.4146e+00 1.5233e+01 -1.2597e+01 -8.2649e-02 6.0242e+01 1.9130e+01 -1.0317e+01 -1.0469e+01 -1.0443e+01 -6.3183e+00 -6.4621e-01 1.6930e+00 1.9150e-01 3.8458e+01 -2.1389e+01 4.4857e-01 -2.8691e+00 2.8062e-01 3.9332e-01 -1.6563e-01 2.0329e-01 -1.0130e+01 -1.1895e+00 2.4008e+00 -8.6897e+00 -1.0504e+00 -8.7918e-01 -1.6273e+00 -2.3713e+00 -4.1833e-01 -2.5622e-01 -6.1777e+00 -1.5841e+00 -1.4049e+00 8.5230e-02 3.8997e+00 -1.1543e+00 2.2811e-02 4.0061e+00 -2.4745e-01 -3.9292e+00 2.4323e-01 -1.0389e+00 1.1739e+01 1.0066e-01 -1.5881e+00 -4.5637e-01 -3.9010e-01 -1.3273e-01 1.8872e-01 7.3902e-01 2.0731e+00
-1.3386e-01 -4.9448e+00 -9.3313e+00 6.0529e-01 1.9130e+01 3.6648e+01 -2.3495e-02 -1.7395e-01 6.9331e-01 -3.2803e+00 -6.6473e-01 3.6980e-02 1.8241e+00 2.2924e+01 -1.7187e+01 4.4961e-01 -1.8797e+00 5.2240e-01 1.2764e-01 4.3898e-02 2.2946e+00 -1.0180e+00 -6.6944e-01 1.0937e+00 3.2184e-01 -1.1574e-01 -6.8023e-01 1.3129e+00 -4.1816e-01 -6.2439e-02 -2.8645e-01 -5.2476e+00 -1.4505e+00 -9.8452e-01 8.4467e-03 -2.5377e+00 -1.3900e-01 2.5575e-01 2.4699e+00 -2.8367e-01 -3.5788e+00 4.6018e-01 -8.1169e-02 -1.5963e-01 2.4566e-01 9.8180e-01 -3.6227e-01 6.5120e-02 -7.3767e-02 -2.8210e-02 3.2264e-01 -8.2255e-03
1.7645e+01 -1.1518e+01 -6.8104e-01 -4.9410e-02 -1.0317e+01 -2.3495e-02 2.2576e+01 1.8552e+01 1.8625e+01 -5.0959e+00 -1.4650e+00 -1.0874e+00 3.3440e-01 -1.2578e+01 -5.0299e-01 -1.5301e-01 -1.1858e+00 -2.5305e-01 -1.5655e-01 -3.8202e-01 -6.6140e-01 1.0441e+00 -3.8578e-02 -1.0219e+00 1.2384e+00 7.6557e-01 -2.5695e-01 3.7326e+00 -5.1697e-01 -4.6470e-02 -1.3090e-02 4.4080e-02 -4.1220e-02 -5.5691e-01 3.9003e-02 -6.1323e+00 2.8773e-01 3.4491e-02 -6.0677e-01 1.3144e+00 1.3969e-01 -1.4490e-01 8.4150e-01 -9.2252e+00 1.8331e-01 8.8624e-01 2.2351e-01 -3.3347e-03 -2.6531e-02 -1.7465e-01 -1.0598e+01 1.1568e+01
1.7421e+01 -1.0277e+01 -3.5401e-02 8.1273e-01 -1.0469e+01 -1.7395e-01 1.8552e+01 3.1177e+01 1.8542e+01 -6.9362e+00 -1.5803e+00 -1.1203e+00 7.5692e-01 -1.3227e+01 -9.6899e-01 6.5474e-01 -2.2504e+00 -8.0297e-01 -1.4604e-01 -3.3296e-02 6.2468e-01 4.8227e-01 1.0959e-01 3.6656e-01 7.0720e-01 7.1932e-01 -2.5863e-01 3.9745e+00 -2.9911e-01 -6.9392e-01 -1.7873e-01 -1.5584e-02 6.2093e-02 -4.4488e-01 -3.0219e+00 -8.7768e+00 -1.0846e+00 1.2233e-01 -6.2299e-01 1.4248e+00 4.0689e-01 -2.9206e-01 8.6047e-01 -8.8347e+00 4.3235e-01 9.9117e-01 2.5878e-01 -8.2971e-02 3.6562e-02 -1.7034e-01 -1.0790e+01 8.9332e+00
1.7639e+01 -1.1673e+01 -2.1800e-01 5.1877e-01 -1.0443e+01 6.9331e-01 1.8625e+01 1.8542e+01 2.7197e+01 -5.0637e+00 -1.5170e+00 -3.3442e+00 5.6898e-01 -1.5294e+01 1.4039e-01 3.8024e-01 -1.7092e+00 -1.8484e-01 -2.2473e-01 -1.0632e-01 -1.1450e+00 2.7314e+00 -2.5643e-02 -1.4024e+00 8.2551e-01 8.3948e-01 -1.3212e-01 4.0294e+00 -5.4601e-01 6.8129e-02 7.4350e-02 -3.1542e-01 -1.4217e-02 -5.3265e-01 2.0708e-01 -4.9543e+00 5.8553e-01 -5.4329e-01 -3.9881e-01 1.4819e+00 -1.5351e-01 -5.7610e-02 9.6422e-01 -9.0053e+00 2.6574e-01 1.0936e+00 2.8328e-01 3.0373e-02 2.8938e-02 -1.6266e-01 -1.0919e+01 8.7359e+00
-4.8714e+00 -1.2773e+01 -5.7025e+00 -7.5462e-01 -6.3183e+00 -3.2803e+00 -5.0959e+00 -6.9362e+00 -5.0637e+00 5.1703e+01 -4.9304e-01 -3.9151e-01 8.7516e-01 -1.0768e+01 1.1578e-03 -1.0530e+00 -5.0988e+00 -6.1375e-01 2.3172e-01 3.1295e+00 4.4814e-01 1.7192e+01 1.6653e+00 1.1328e+00 2.2824e+01 -2.5249e-01 4.7990e-01 -2.2344e+00 1.6899e+00 -7.3699e-01 -4.1259e-01 -9.3210e-01 1.1458e+00 1.3777e+00 2.0949e-01 -3.3714e+00 1.9272e+00 -2.8831e-01 -9.4890e-01 -4.0956e-01 -1.1457e-01 1.2431e+00 -5.8453e-01 -2.9116e+00 2.2976e-02 1.1637e+00 -1.4185e-01 1.1407e+00 8.4278e-02 -9.8862e-02 7.3028e+00 -8.1789e+00
-1.5456e+00 7.7373e+00 -1.6029e+00 8.2761e-02 -6.4621e-01 -6.6473e-01 -1.4650e+00 -1.5803e+00 -1.5170e+00 -4.9304e-01 1.9359e+01 -7.3173e-02 -3.3082e-01 -2.4612e+00 9.7294e+00 5.4140e-03 -1.0109e+00 -5.3047e-01 -5.2924e-02 -6.7459e-01 -8.7820e-02 -1.8187e+00 -2.7402e-02 4.2399e-01 -4.0568e-01 -1.7399e-01 -1.5929e-01 -4.5386e-01 1.2811e-01 -2.4317e-01 -3.1499e-01 -4.3630e-02 -7.1333e-02 -2.4239e-01 -2.2718e-01 2.0116e+00 -3.4429e-01 -4.5898e-02 3.1222e-01 -1.7019e-01 -5.3517e-04 4.0051e-01 2.0555e-01 1.4293e-01 -5.3693e-02 -1.0058e-01 -5.9632e-02 -2.2744e-01 -3.4683e-02 -3.9504e-02 -3.9634e+00 -1.7070e+00
-1.0388e+00 -5.3520e-01 1.2082e-01 1.9812e+00 1.6930e+00 3.6980e-02 -1.0874e+00 -1.1203e+00 -3.3442e+00 -3.9151e-01 -7.3173e-02 1.9472e+01 1.5022e+00 5.4956e+00 -3.2151e-01 -1.1073e+00 -3.3537e-01 -1.4660e-01 -7.9437e-02 1.4684e+00 -7.6677e-02 -2.5033e+00 -1.9577e-01 -3.4574e+00 -1.8215e-01 1.0566e-02 -2.4098e-01 -1.0227e+00 -5.1952e-01 -2.2138e-01 -5.6983e-01 -2.1081e-01 -9.0568e-02 -2.6924e-01 -2.6950e-02 -9.9953e-01 9.1535e-01 -1.9822e-01 -2.1619e+00 -3.0844e-01 2.3943e-02 -3.5281e-01 -2.6555e-01 8.4683e-01 -1.4745e-01 -1.9349e-01 7.0150e-01 -1.7689e-01 5.1352e-02 -7.4704e-02 6.7304e-01 -4.2335e-02
2.1515e-01 -3.6748e+01 5.0894e+00 3.4576e+01 1.9150e-01 1.8241e+00 3.3440e-01 7.5692e-01 5.6898e-01 8.7516e-01 -3.3082e-01 1.5022e+00 6.9687e+01 8.2834e+00 -3.0823e+00 -5.8843e+00 -7.7269e-01 -2.9440e-01 2.5301e+00 5.0454e+01 -2.9593e+00 7.4411e-01 -1.7568e+00 -2.6318e+01 -5.0608e-01 -1.0675e-01 -8.7502e-01 -6.2968e-01 1.0158e+00 6.0894e-01 -2.7325e+00 -3.3313e-01 5.3991e-01 -5.4675e-01 1.4233e+01 -2.6651e+00 4.0481e+00 -2.8535e-01 -1.2708e+01 1.4799e+00 -5.1486e-01 -1.9864e+00 -3.1878e-01 -1.3279e-01 -3.0557e-01 -3.5490e-01 -1.7114e+00 -4.5030e-01 -6.0658e-02 -2.5213e-01 2.5921e-01 2.7200e-01
-1.3511e+01 1.2490e+01 1.1062e+01 2.0974e-01 3.8458e+01 2.2924e+01 -1.2578e+01 -1.3227e+01 -1.5294e+01 -1.0768e+01 -2.4612e+00 5.4956e+00 8.2834e+00 1.2045e+02 -3.2984e+01 -3.2374e+01 6.0669e+00 -3.1082e-01 7.5775e-01 1.0924e+01 -3.3027e+00 -2.0113e+01 -4.0057e+00 -1.3114e+01 -1.6283e+01 -1.2233e+00 -3.0744e+00 -8.4453e+00 -8.7593e+00 -7.5816e+00 -6.7970e-01 -5.3703e+00 -1.5577e+00 -5.4012e-02 2.8618e+00 6.7256e+00 2.5332e+00 8.9787e-01 1.2161e+00 -1.3611e+00 -3.7612e+00 -2.2452e+00 -5.0031e-01 1.1870e+01 2.7169e-02 -1.9775e+00 1.5862e-01 -3.0188e+00 -7.1949e-02 3.3661e-01 1.4955e+01 -3.0439e-01
-7.2094e-01 5.2517e+00 2.2651e+01 -2.0944e+00 -2.1389e+01 -1.7187e+01 -5.0299e-01 -9.6899e-01 1.4039e-01 1.1578e-03 9.7294e+00 -3.2151e-01 -3.0823e+00 -3.2984e+01 9.9727e+01 -4.2675e+00 -1.2463e+01 3.3962e+00 -5.8864e-01 -2.9000e+00 -4.1827e+00 8.3549e-01 5.0490e+00 -3.8907e+00 2.3507e+00 -6.0084e-01 3.9475e-01 -1.2825e+00 1.5032e+00 -1.2385e+01 -1.2904e+00 1.0241e+01 1.8514e+00 6.8723e-01 -5.8362e-01 -2.6881e+00 1.0127e+00 -1.9965e-01 -3.5835e+00 1.4207e+00 4.4750e+00 3.4848e-01 1.1028e+00 -2.1711e+00 1.4646e-01 8.3542e-01 3.3640e-01 1.3319e+00 -2.7153e-01 -2.2188e-02 -3.0596e+00 -1.6361e+00
1.1619e-01 5.4960e+00 -1.8318e+01 3.0915e+00 4.4857e-01 4.4961e-01 -1.5301e-01 6.5474e-01 3.8024e-01 -1.0530e+00 5.4140e-03 -1.1073e+00 -5.8843e+00 -3.2374e+01 -4.2675e+00 4.5912e+01 -4.1647e-01 -2.5679e-01 -3.4337e-01 -7.6521e+00 4.6862e+00 2.1382e-02 4.5034e-01 1.3782e+01 2.8967e-01 -8.9717e-02 1.8266e+00 4.3931e+00 3.3106e+00 8.8209e+00 -1.3346e+00 -8.3424e-01 2.9924e-02 -6.9541e-01 -1.9657e+00 -1.7994e+00 -2.6779e+00 -4.6216e-01 -1.8018e+00 4.9909e-01 2.5039e-01 -1.0358e+00 -1.1568e-01 1.1521e-01 3.9531e-01 -3.2201e-01 -4.7407e-01 9.4894e-01 -8.7514e-02 -6.1077e-02 -2.4284e-01 -1.5837e-01
-1.6612e+00 -3.8786e+00 4.3550e+00 4.7206e-01 -2.8691e+00 -1.8797e+00 -1.1858e+00 -2.2504e+00 -1.7092e+00 -5.0988e+00 -1.0109e+00 -3.3537e-01 -7.7269e-01 6.0669e+00 -1.2463e+01 -4.1647e-01 4.7588e+01 -1.3447e-01 3.2025e-01 2.1965e+00 5.5637e+00 -3.6872e+00 -4.2529e-01 1.0563e-01 -8.4146e+00 3.6669e-01 -6.6006e-01 -3.1795e-01 2.8777e+00 1.8182e+01 -4.5710e-01 -9.0257e-01 -1.6178e-01 1.3491e-01 -1.4162e-01 -1.9712e+00 -7.8371e-01 -2.9411e-01 2.6269e+00 -6.3455e-03 -3.8683e-01 5.1276e-01 5.0711e-02 2.3577e+00 -1.8512e-01 1.5731e+00 8.2811e-01 3.9827e-01 -1.8417e-01 -2.2085e-01 4.2186e+00 -2.6851e+00
3.7960e-01 -1.0170e+00 -8.1875e-01 -3.5717e-01 2.8062e-01 5.2240e-01 -2.5305e-01 -8.0297e-01 -1.8484e-01 -6.1375e-01 -5.3047e-01 -1.4660e-01 -2.9440e-01 -3.1082e-01 3.3962e+00 -2.5679e-01 -1.3447e-01 1.9664e+01 -6.6849e-02 -2.4857e-01 -1.2702e-01 2.7883e+00 -2.1050e-01 1.8152e-01 -4.2942e-01 3.6275e-03 -1.8926e-01 -1.3942e-01 1.3655e+00 1.4596e-01 -2.8848e-01 8.4453e-01 3.2133e-03 9.9940e-01 -2.8736e-01 -1.1384e+00 -2.8405e-02 1.9363e-02 -5.6633e-01 1.9107e-01 -2.4213e-01 -2.8070e-01 2.0539e-01 1.4908e-01 1.1961e+00 -4.3868e-01 9.4976e-01 -1.8042e-01 -3.4691e-02 -5.7071e-02 2.2372e+00 -1.5606e-01
-1.6164e-01 -1.6439e+00 -1.4033e+00 2.3552e+00 3.9332e-01 1.2764e-01 -1.5655e-01 -1.4604e-01 -2.2473e-01 2.3172e-01 -5.2924e-02 -7.9437e-02 2.5301e+00 7.5775e-01 -5.8864e-01 -3.4337e-01 3.2025e-01 -6.6849e-02 7.5137e+00 2.5699e+00 -2.1120e-01 -8.8509e-02 3.8193e-02 -1.1075e+00 -8.8560e-02 -4.7537e-02 1.6257e-02 -5.6705e-02 -1.2065e-01 2.0741e-01 -5.8852e-02 -1.0533e-01 -5.3113e-03 7.6239e-02 -1.6239e-01 -1.1308e-02 -2.5444e-01 -4.1886e-02 -7.3818e-01 -1.4870e-01 -1.0817e-01 -1.4882e-01 -1.7242e-02 3.1510e-02 -4.6758e-02 -7.5933e-02 -1.8387e-01 3.6713e-02 5.6918e-03 -2.3278e-02 -2.8757e-02 -9.9324e-02
-8.3710e-01 -3.6480e+01 7.2439e+00 3.1139e+01 -1.6563e-01 4.3898e-02 -3.8202e-01 -3.3296e-02 -1.0632e-01 3.1295e+00 -6.7459e-01 1.4684e+00 5.0454e+01 1.0924e+01 -2.9000e+00 -7.6521e+00 2.1965e+00 -2.4857e-01 2.5699e+00 7.5045e+01 -3.4616e+00 -1.3636e+00 -1.6120e+00 -2.6035e+01 -7.1231e-01 -9.2830e-02 -9.3876e-01 -2.0459e+00 1.5611e+00 -1.0998e-01 -2.7673e+00 -5.6732e-01 4.8143e-01 -7.6203e-01 1.4391e+01 -5.5734e+00 4.0548e+00 -7.4815e-01 -1.5107e+01 6.0660e-01 2.4323e+00 -2.7140e+00 7.5723e-01 -7.2061e-02 -6.0419e-01 9.3173e-02 -1.7810e+00 -9.1563e-01 -5.2184e-02 -2.6453e-01 1.1153e+00 -6.6592e-01
-8.2377e-01 -1.9399e+00 -4.3661e+00 4.4028e+00 2.0329e-01 2.2946e+00 -6.6140e-01 6.2468e-01 -1.1450e+00 4.4814e-01 -8.7820e-02 -7.6677e-02 -2.9593e+00 -3.3027e+00 -4.1827e+00 4.6862e+00 5.5637e+00 -1.2702e-01 -2.1120e-01 -3.4616e+00 3.7104e+01 1.6809e-01 -9.9414e-01 -1.7421e+00 1.3957e+00 -6.0218e-03 -1.3653e-01 4.1147e-02 -9.3651e-01 7.9286e+00 -2.0175e-01 -1.1796e+00 -2.3968e-01 -3.3674e-02 -4.1897e-01 7.1861e-02 -6.3365e-01 1.8256e+00 -4.5796e+00 3.2195e+00 2.0336e-01 4.1856e-01 -1.0623e-01 1.1341e+00 3.9265e-01 1.5625e-01 -3.1911e-01 7.9422e-01 -2.0495e-03 1.1141e-01 4.7022e-01 9.4937e-02
2.6391e+00 -1.7601e+01 -6.5588e+00 -1.0251e-01 -1.0130e+01 -1.0180e+00 1.0441e+00 4.8227e-01 2.7314e+00 1.7192e+01 -1.8187e+00 -2.5033e+00 7.4411e-01 -2.0113e+01 8.3549e-01 2.1382e-02 -3.6872e+00 2.7883e+00 -8.8509e-02 -1.3636e+00 1.6809e-01 5.5105e+01 -8.9466e-02 -9.7153e-02 3.2495e+01 -6.4785e-01 7.2430e-01 -5.8577e+00 1.9498e+00 -8.9114e-01 -8.0643e-01 -3.3265e-03 4.4522e-02 -3.7243e-01 1.2140e-01 -5.6736e+00 -7.1741e-01 -1.3092e-02 -1.3838e+00 -1.1567e+00 3.6099e-01 9.4313e-01 -3.7783e+00 -7.4603e+00 2.6230e-01 -2.7520e+00 5.2034e-01 -3.8577e-01 -1.8326e-02 -7.0067e-02 2.5720e+01 -6.8882e+00
-9.9550e-02 8.1627e-01 -2.9306e+00 2.1675e-01 -1.1895e+00 -6.6944e-01 -3.8578e-02 1.0959e-01 -2.5643e-02 1.6653e+00 -2.7402e-02 -1.9577e-01 -1.7568e+00 -4.0057e+00 5.0490e+00 4.5034e-01 -4.2529e-01 -2.1050e-01 3.8193e-02 -1.6120e+00 -9.9414e-01 -8.9466e-02 1.6189e+01 -2.1095e+00 -1.0096e-01 -1.6586e-01 -1.1265e-01 -1.9370e-02 3.2347e+00 -1.0057e+00 -1.3076e-01 -5.5901e-01 2.0361e-01 -1.8318e-01 -2.9155e-01 -1.5496e-01 -2.7065e-01 -8.5041e-02 4.1690e+00 -1.2574e-01 5.7787e-01 2.1793e+00 -1.2622e-01 -4.0298e-02 -1.4078e-01 3.6994e+00 -1.6318e-01 2.1366e+00 -3.2683e-02 -4.5101e-02 -5.8761e-02 -2.5461e-02
-6.5161e-02 1.7212e+01 -1.3315e+01 -1.9260e+01 2.4008e+00 1.0937e+00 -1.0219e+00 3.6656e-01 -1.4024e+00 1.1328e+00 4.2399e-01 -3.4574e+00 -2.6318e+01 -1.3114e+01 -3.8907e+00 1.3782e+01 1.0563e-01 1.8152e-01 -1.1075e+00 -2.6035e+01 -1.7421e+00 -9.7153e-02 -2.1095e+00 9.5813e+01 6.6417e-01 1.1567e+00 7.8017e-01 4.1152e+00 1.9981e+00 -3.8355e+00 1.1639e+00 -6.6689e-01 -6.8356e-01 -3.5454e-01 -1.0459e+01 -1.0191e+01 -1.3184e+01 -6.3077e-02 1.1184e+01 1.1528e-01 -1.5188e+00 -1.7644e+00 -4.8632e-01 3.6854e-01 -4.0077e-01 3.0944e-01 2.5604e-01 -8.1306e-01 8.7729e-02 4.3780e-02 -5.4147e-01 -6.0612e-01
1.7964e+00 -1.3939e+01 -4.6629e+00 -1.2374e+00 -8.6897e+00 3.2184e-01 1.2384e+00 7.0720e-01 8.2551e-01 2.2824e+01 -4.0568e-01 -1.8215e-01 -5.0608e-01 -1.6283e+01 2.3507e+00 2.8967e-01 -8.4146e+00 -4.2942e-01 -8.8560e-02 -7.1231e-01 1.3957e+00 3.2495e+01 -1.0096e-01 6.6417e-01 5.5253e+01 -1.2904e+00 -2.2379e+00 -5.1876e+00 2.3711e-01 1.4604e+00 -2.9017e-01 -2.6096e-01 1.1219e-01 5.0184e-01 -1.5905e+00 -4.2405e+00 -4.3426e+00 -1.6814e-01 -1.3396e+00 -1.0448e+00 4.5134e-01 1.0210e+00 -2.5959e+00 -1.2152e+01 2.8951e-02 -5.1500e+00 4.3928e-01 -2.2883e-01 1.0052e-01 -4.9280e-02 1.3220e+01 -6.5229e+00
9.6393e-01 -5.8218e-01 6.0582e-02 -2.2390e-01 -1.0504e+00 -1.1574e-01 7.6557e-01 7.1932e-01 8.3948e-01 -2.5249e-01 -1.7399e-01 1.0566e-02 -1.0675e-01 -1.2233e+00 -6.0084e-01 -8.9717e-02 3.6669e-01 3.6275e-03 -4.7537e-02 -9.2830e-02 -6.0218e-03 -6.4785e-01 -1.6586e-01 1.1567e+00 -1.2904e+00 1.1089e+01 5.1607e-02 -4.8590e-02 -2.3774e-01 8.8381e-02 -7.1957e-02 1.6783e-01 -2.6747e-02 -4.8875e-02 -4.8995e-02 -7.7205e-01 -1.1328e-01 -6.2955e-02 -4.7927e-01 1.6337e-01 -1.1193e-01 -7.4856e-02 -2.3132e-01 -1.2555e-01 -5.8487e-02 3.3005e-01 -2.8477e-02 1.1059e-01 -6.8779e-02 -2.4435e-02 -1.8129e+00 1.4765e-01
-2.7267e-01 -2.9358e-01 -2.1220e+00 -3.8694e-01 -8.7918e-01 -6.8023e-01 -2.5695e-01 -2.5863e-01 -1.3212e-01 4.7990e-01 -1.5929e-01 -2.4098e-01 -8.7502e-01 -3.0744e+00 3.9475e-01 1.8266e+00 -6.6006e-01 -1.8926e-01 1.6257e-02 -9.3876e-01 -1.3653e-01 7.2430e-01 -1.1265e-01 7.8017e-01 -2.2379e+00 5.1607e-02 1.2997e+01 -3.4693e-01 -3.5546e-01 -5.8235e-01 -1.6016e-01 -2.7290e-01 -5.5877e-02 -2.4897e-02 -3.2632e-01 3.7330e-01 1.8942e+00 1.5453e-01 -1.1201e+00 2.1486e-01 -1.5594e-01 -7.5653e-02 -1.7830e-01 4.2555e-02 3.0827e-01 -3.7341e-01 -9.8044e-02 -7.1961e-02 -4.4473e-02 -4.3385e-02 7.1587e-02 -4.9257e-01
3.1816e+00 3.2156e-01 -2.9795e+00 -7.6964e-01 -1.6273e+00 1.3129e+00 3.7326e+00 3.9745e+00 4.0294e+00 -2.2344e+00 -4.5386e-01 -1.0227e+00 -6.2968e-01 -8.4453e+00 -1.2825e+00 4.3931e+00 -3.1795e-01 -1.3942e-01 -5.6705e-02 -2.0459e+00 4.1147e-02 -5.8577e+00 -1.9370e-02 4.1152e+00 -5.1876e+00 -4.8590e-02 -3.4693e-01 2.5309e+01 4.4807e+00 4.6510e-01 1.4073e+00 1.8847e-01 -1.1846e-01 -3.2171e-01 -4.5047e-01 -2.3861e+00 -1.8289e+00 1.8727e-01 2.3334e+00 2.1783e+00 -1.5896e-01 -4.1545e-01 3.6260e+00 -1.9955e+00 -1.4852e-01 4.9322e+00 -3.2579e-01 -9.4103e-02 -1.8905e-02 6.6229e-02 -2.5574e+00 2.0358e+00
-6.6781e-01 -2.0476e+00 -1.4322e+00 1.2363e-01 -2.3713e+00 -4.1816e-01 -5.1697e-01 -2.9911e-01 -5.4601e-01 1.6899e+00 1.2811e-01 -5.1952e-01 1.0158e+00 -8.7593e+00 1.5032e+00 3.3106e+00 2.8777e+00 1.3655e+00 -1.2065e-01 1.5611e+00 -9.3651e-01 1.9498e+00 3.2347e+00 1.9981e+00 2.3711e-01 -2.3774e-01 -3.5546e-01 4.4807e+00 2.4314e+01 2.9404e+00 -4.0059e-01 -3.4591e-01 4.2195e-01 -3.9687e-01 -5.1214e-01 -1.8277e+00 -8.6641e-01 -2.2488e-01 6.8110e+00 -3.1873e-01 -5.1175e-01 -5.3004e-01 -1.4953e-01 -4.0070e-01 5.0369e-02 3.4057e+00 -1.7920e-01 -3.6654e-01 -5.5473e-02 8.7342e-02 8.4495e-01 -8.2949e-01
6.5086e-01 -5.7307e+00 -9.2010e+00 4.0960e+00 -4.1833e-01 -6.2439e-02 -4.6470e-02 -6.9392e-01 6.8129e-02 -7.3699e-01 -2.4317e-01 -2.2138e-01 6.0894e-01 -7.5816e+00 -1.2385e+01 8.8209e+00 1.8182e+01 1.4596e-01 2.0741e-01 -1.0998e-01 7.9286e+00 -8.9114e-01 -1.0057e+00 -3.8355e+00 1.4604e+00 8.8381e-02 -5.8235e-01 4.6510e-01 2.9404e+00 5.4801e+01 -6.0825e-01 -2.5983e+00 1.9586e-02 -9.8975e-01 -8.2467e-02 -1.8688e+00 -1.0789e+00 -5.8497e-01 2.8188e+00 1.1387e+00 1.5507e-02 3.4475e+00 2.0429e+00 -7.4386e-01 1.3664e-01 -1.1688e+00 5.0150e-01 4.6684e+00 5.8522e-01 -2.9012e-03 5.1410e-01 -3.9336e-01
-1.6610e-01 1.2919e+00 -7.6979e-01 -2.0140e+00 -2.5622e-01 -2.8645e-01 -1.3090e-02 -1.7873e-01 7.4350e-02 -4.1259e-01 -3.1499e-01 -5.6983e-01 -2.7325e+00 -6.7970e-01 -1.2904e+00 -1.3346e+00 -4.5710e-01 -2.8848e-01 -5.8852e-02 -2.7673e+00 -2.0175e-01 -8.0643e-01 -1.3076e-01 1.1639e+00 -2.9017e-01 -7.1957e-02 -1.6016e-01 1.4073e+00 -4.0059e-01 -6.0825e-01 1.9112e+01 -2.3554e-01 -6.2372e-02 -1.4133e-01 -7.2958e-01 -1.3061e+00 -1.6098e+00 2.0169e-01 3.8315e+00 5.0184e-02 -9.4071e-02 2.8292e-01 -1.1313e-02 -5.0153e-02 -1.1192e-01 -6.3585e-02 1.9292e-01 -2.8543e-01 -3.7856e-02 3.4921e-01 -1.3845e+00 -8.0828e-02
4.8264e-01 -1.4296e+00 4.4897e+00 -4.1120e-01 -6.1777e+00 -5.2476e+00 4.4080e-02 -1.5584e-02 -3.1542e-01 -9.3210e-01 -4.3630e-02 -2.1081e-01 -3.3313e-01 -5.3703e+00 1.0241e+01 -8.3424e-01 -9.0257e-01 8.4453e-01 -1.0533e-01 -5.6732e-01 -1.1796e+00 -3.3265e-03 -5.5901e-01 -6.6689e-01 -2.6096e-01 1.6783e-01 -2.7290e-01 1.8847e-01 -3.4591e-01 -2.5983e+00 -2.3554e-01 2.3841e+01 1.3991e+00 -3.2290e-01 -3.8752e-01 -1.3255e+00 8.7912e-03 5.8020e-01 -5.3284e-01 -3.1879e-01 -7.9891e-01 -5.1714e-01 -5.1210e-02 2.9812e-02 -2.1088e-01 -1.0607e-01 1.2953e-01 -3.8143e-01 -1.4297e-02 -7.2483e-02 -2.1966e-01 -1.2901e-01
-5.9195e-02 -1.0908e+00 3.9928e-01 5.0308e-01 -1.5841e+00 -1.4505e+00 -4.1220e-02 6.2093e-02 -1.4217e-02 1.1458e+00 -7.1333e-02 -9.0568e-02 5.3991e-01 -1.5577e+00 1.8514e+00 2.9924e-02 -1.6178e-01 3.2133e-03 -5.3113e-03 4.8143e-01 -2.3968e-01 4.4522e-02 2.0361e-01 -6.8356e-01 1.1219e-01 -2.6747e-02 -5.5877e-02 -1.1846e-01 4.2195e-01 1.9586e-02 -6.2372e-02 1.3991e+00 6.7563e+00 -2.3685e-02 -2.5537e-03 -3.4915e-01 -1.5199e-02 7.4008e-01 -7.6718e-01 -5.7454e-02 -1.1109e-01 -1.8649e-01 6.3724e-02 4.2422e-03 -1.2702e-01 2.3689e-01 3.3130e-01 9.4433e-01 1.6627e-02 -2.2615e-02 -6.8868e-02 -1.0438e-02
-7.1154e-01 -1.2963e+00 -1.4428e+00 -4.0780e-01 -1.4049e+00 -9.8452e-01 -5.5691e-01 -4.4488e-01 -5.3265e-01 1.3777e+00 -2.4239e-01 -2.6924e-01 -5.4675e-01 -5.4012e-02 6.8723e-01 -6.9541e-01 1.3491e-01 9.9940e-01 7.6239e-02 -7.6203e-01 -3.3674e-02 -3.7243e-01 -1.8318e-01 -3.5454e-01 5.0184e-01 -4.8875e-02 -2.4897e-02 -3.2171e-01 -3.9687e-01 -9.8975e-01 -1.4133e-01 -3.2290e-01 -2.3685e-02 1.7274e+01 -2.5119e-01 -1.0759e+00 -3.0460e-01 -1.2102e-01 -1.1316e+00 6.7388e-02 -2.2600e-01 1.5229e-01 -1.8830e-02 -4.5914e-01 -1.2567e-01 -5.5409e-01 -1.2790e-01 -1.3940e-01 -8.2354e-02 -5.8755e-02 -4.3212e-02 -8.6506e-01
-3.3761e-01 -1.3988e+01 -1.3032e+00 1.4443e+01 8.5230e-02 8.4467e-03 3.9003e-02 -3.0219e+00 2.0708e-01 2.0949e-01 -2.2718e-01 -2.6950e-02 1.4233e+01 2.8618e+00 -5.8362e-01 -1.9657e+00 -1.4162e-01 -2.8736e-01 -1.6239e-01 1.4391e+01 -4.1897e-01 1.2140e-01 -2.9155e-01 -1.0459e+01 -1.5905e+00 -4.8995e-02 -3.2632e-01 -4.5047e-01 -5.1214e-01 -8.2467e-02 -7.2958e-01 -3.8752e-01 -2.5537e-03 -2.5119e-01 3.1543e+01 2.8477e+00 9.2832e+00 -2.6609e-01 -3.3054e+00 1.7623e+00 4.8106e-01 -9.3182e-01 -2.0692e-01 6.5071e-02 -3.1701e-01 -1.1879e-01 -6.9658e-01 -5.5837e-01 2.5965e-03 -4.3603e-02 -3.6831e-01 -4.3391e-02
-5.4338e+00 7.5594e+00 1.0404e+00 -1.5459e+00 3.8997e+00 -2.5377e+00 -6.1323e+00 -8.7768e+00 -4.9543e+00 -3.3714e+00 2.0116e+00 -9.9953e-01 -2.6651e+00 6.7256e+00 -2.6881e+00 -1.7994e+00 -1.9712e+00 -1.1384e+00 -1.1308e-02 -5.5734e+00 7.1861e-02 -5.6736e+00 -1.5496e-01 -1.0191e+01 -4.2405e+00 -7.7205e-01 3.7330e-01 -2.3861e+00 -1.8277e+00 -1.8688e+00 -1.3061e+00 -1.3255e+00 -3.4915e-01 -1.0759e+00 2.8477e+00 5.9323e+01 -3.7995e+00 -4.7770e-01 -6.6261e+00 -9.7535e-01 1.7412e-02 -9.9397e-01 -8.7486e-01 7.2055e+00 -5.5000e-01 -1.6205e+00 -4.4790e-01 7.1018e-01 -1.7081e-01 6.1480e-02 -8.3663e-01 1.4948e+00
6.3078e-02 -5.7098e+00 3.1093e+00 4.6513e+00 -1.1543e+00 -1.3900e-01 2.8773e-01 -1.0846e+00 5.8553e-01 1.9272e+00 -3.4429e-01 9.1535e-01 4.0481e+00 2.5332e+00 1.0127e+00 -2.6779e+00 -7.8371e-01 -2.8405e-02 -2.5444e-01 4.0548e+00 -6.3365e-01 -7.1741e-01 -2.7065e-01 -1.3184e+01 -4.3426e+00 -1.1328e-01 1.8942e+00 -1.8289e+00 -8.6641e-01 -1.0789e+00 -1.6098e+00 8.7912e-03 -1.5199e-02 -3.0460e-01 9.2832e+00 -3.7995e+00 4.1187e+01 -8.2113e-02 -4.5498e+00 1.5540e+00 -1.9242e-01 -2.4601e-01 -2.7368e-01 -4.7763e-01 4.5876e-01 -2.9664e-01 -5.8780e-01 -1.5941e-01 -1.3418e-01 7.5395e-02 -1.8000e+00 -1.6523e-01
1.3358e-02 -5.2699e-02 -1.6751e+00 -4.2132e-01 2.2811e-02 2.5575e-01 3.4491e-02 1.2233e-01 -5.4329e-01 -2.8831e-01 -4.5898e-02 -1.9822e-01 -2.8535e-01 8.9787e-01 -1.9965e-01 -4.6216e-01 -2.9411e-01 1.9363e-02 -4.1886e-02 -7.4815e-01 1.8256e+00 -1.3092e-02 -8.5041e-02 -6.3077e-02 -1.6814e-01 -6.2955e-02 1.5453e-01 1.8727e-01 -2.2488e-01 -5.8497e-01 2.0169e-01 5.8020e-01 7.4008e-01 -1.2102e-01 -2.6609e-01 -4.7770e-01 -8.2113e-02 9.5806e+00 -5.8473e-02 -1.3265e-01 -3.1159e-01 -1.8378e-01 -1.4120e-02 2.6604e-01 -1.5223e-01 8.7572e-02 -9.0649e-02 -1.9743e-01 1.0382e-01 -1.2305e-02 8.0314e-02 1.4968e-02
-6.3400e-01 1.7053e+01 -5.4011e+00 -1.2724e+01 4.0061e+00 2.4699e+00 -6.0677e-01 -6.2299e-01 -3.9881e-01 -9.4890e-01 3.1222e-01 -2.1619e+00 -1.2708e+01 1.2161e+00 -3.5835e+00 -1.8018e+00 2.6269e+00 -5.6633e-01 -7.3818e-01 -1.5107e+01 -4.5796e+00 -1.3838e+00 4.1690e+00 1.1184e+01 -1.3396e+00 -4.7927e-01 -1.1201e+00 2.3334e+00 6.8110e+00 2.8188e+00 3.8315e+00 -5.3284e-01 -7.6718e-01 -1.1316e+00 -3.3054e+00 -6.6261e+00 -4.5498e+00 -5.8473e-02 8.7073e+01 -9.2890e-01 -2.0190e+00 1.2202e+00 -2.7606e-01 1.0662e+00 -1.3899e-01 1.2877e-01 -1.3365e+00 -9.7235e-02 1.4031e-01 4.7743e-02 -4.2339e-01 5.0189e-01
7.6392e-01 -1.2165e+00 -6.8523e-01 2.2739e+00 -2.4745e-01 -2.8367e-01 1.3144e+00 1.4248e+00 1.4819e+00 -4.0956e-01 -1.7019e-01 -3.0844e-01 1.4799e+00 -1.3611e+00 1.4207e+00 4.9909e-01 -6.3455e-03 1.9107e-01 -1.4870e-01 6.0660e-01 3.2195e+00 -1.1567e+00 -1.2574e-01 1.1528e-01 -1.0448e+00 1.6337e-01 2.1486e-01 2.1783e+00 -3.1873e-01 1.1387e+00 5.0184e-02 -3.1879e-01 -5.7454e-02 6.7388e-02 1.7623e+00 -9.7535e-01 1.5540e+00 -1.3265e-01 -9.2890e-01 1.5828e+01 -1.7825e-01 -4.3237e-01 5.8090e-01 -7.1098e-01 5.6714e-01 6.4507e-01 -2.0246e-01 -1.6889e-01 4.3255e-02 9.7486e-02 -1.9935e+00 6.9076e-01
1.2814e-01 3.8349e+00 5.0625e+00 1.6453e-01 -3.9292e+00 -3.5788e+00 1.3969e-01 4.0689e-01 -1.5351e-01 -1.1457e-01 -5.3517e-04 2.3943e-02 -5.1486e-01 -3.7612e+00 4.4750e+00 2.5039e-01 -3.8683e-01 -2.4213e-01 -1.0817e-01 2.4323e+00 2.0336e-01 3.6099e-01 5.7787e-01 -1.5188e+00 4.5134e-01 -1.1193e-01 -1.5594e-01 -1.5896e-01 -5.1175e-01 1.5507e-02 -9.4071e-02 -7.9891e-01 -1.1109e-01 -2.2600e-01 4.8106e-01 1.7412e-02 -1.9242e-01 -3.1159e-01 -2.0190e+00 -1.7825e-01 1.7454e+01 -2.8339e-01 -2.7774e-02 -2.6612e-01 -4.5074e-02 5.5463e-01 -8.3422e-02 1.6998e-01 -3.2331e-02 -3.4590e-02 1.7810e-02 1.4157e-01
9.7749e-02 1.4566e+00 7.3484e-01 1.4730e+00 2.4323e-01 4.6018e-01 -1.4490e-01 -2.9206e-01 -5.7610e-02 1.2431e+00 4.0051e-01 -3.5281e-01 -1.9864e+00 -2.2452e+00 3.4848e-01 -1.0358e+00 5.1276e-01 -2.8070e-01 -1.4882e-01 -2.7140e+00 4.1856e-01 9.4313e-01 2.1793e+00 -1.7644e+00 1.0210e+00 -7.4856e-02 -7.5653e-02 -4.1545e-01 -5.3004e-01 3.4475e+00 2.8292e-01 -5.1714e-01 -1.8649e-01 1.5229e-01 -9.3182e-01 -9.9397e-01 -2.4601e-01 -1.8378e-01 1.2202e+00 -4.3237e-01 -2.8339e-01 2.2314e+01 -1.6400e-01 -2.3078e-01 -3.3441e-01 -2.7420e-01 -1.7883e-01 5.8247e+00 -2.0292e-02 -5.4097e-02 1.3042e-01 -3.1751e-01
8.3428e-01 -1.2274e+00 5.9195e-01 -2.2426e-01 -1.0389e+00 -8.1169e-02 8.4150e-01 8.6047e-01 9.6422e-01 -5.8453e-01 2.0555e-01 -2.6555e-01 -3.1878e-01 -5.0031e-01 1.1028e+00 -1.1568e-01 5.0711e-02 2.0539e-01 -1.7242e-02 7.5723e-01 -1.0623e-01 -3.7783e+00 -1.2622e-01 -4.8632e-01 -2.5959e+00 -2.3132e-01 -1.7830e-01 3.6260e+00 -1.4953e-01 2.0429e+00 -1.1313e-02 -5.1210e-02 6.3724e-02 -1.8830e-02 -2.0692e-01 -8.7486e-01 -2.7368e-01 -1.4120e-02 -2.7606e-01 5.8090e-01 -2.7774e-02 -1.6400e-01 1.2223e+01 -1.2810e+00 -1.1924e-01 5.0534e+00 -1.7913e-01 -8.1568e-02 -4.1932e-02 -4.4669e-02 7.4748e-01 -7.4458e-02
-9.3516e+00 1.2749e+01 -9.6690e-01 -1.3477e-01 1.1739e+01 -1.5963e-01 -9.2252e+00 -8.8347e+00 -9.0053e+00 -2.9116e+00 1.4293e-01 8.4683e-01 -1.3279e-01 1.1870e+01 -2.1711e+00 1.1521e-01 2.3577e+00 1.4908e-01 3.1510e-02 -7.2061e-02 1.1341e+00 -7.4603e+00 -4.0298e-02 3.6854e-01 -1.2152e+01 -1.2555e-01 4.2555e-02 -1.9955e+00 -4.0070e-01 -7.4386e-01 -5.0153e-02 2.9812e-02 4.2422e-03 -4.5914e-01 6.5071e-02 7.2055e+00 -4.7763e-01 2.6604e-01 1.0662e+00 -7.1098e-01 -2.6612e-01 -2.3078e-01 -1.2810e+00 2.4906e+01 -2.1169e-01 1.7845e+00 -2.5772e-01 -3.3370e-02 -1.0689e-01 2.3515e-01 3.7884e+00 5.7921e+00
2.0045e-01 -3.6941e-01 7.9019e-01 2.3839e-02 1.0066e-01 2.4566e-01 1.8331e-01 4.3235e-01 2.6574e-01 2.2976e-02 -5.3693e-02 -1.4745e-01 -3.0557e-01 2.7169e-02 1.4646e-01 3.9531e-01 -1.8512e-01 1.1961e+00 -4.6758e-02 -6.0419e-01 3.9265e-01 2.6230e-01 -1.4078e-01 -4.0077e-01 2.8951e-02 -5.8487e-02 3.0827e-01 -1.4852e-01 5.0369e-02 1.3664e-01 -1.1192e-01 -2.1088e-01 -1.2702e-01 -1.2567e-01 -3.1701e-01 -5.5000e-01 4.5876e-01 -1.5223e-01 -1.3899e-01 5.6714e-01 -4.5074e-02 -3.3441e-01 -1.1924e-01 -2.1169e-01 1.1357e+01 -1.3738e-01 -5.3004e-02 -3.4163e-01 -3.1754e-02 -3.1906e-02 1.6819e-02 6.2543e-02
8.1062e-01 -1.2683e+00 -6.9130e-01 9.4297e-01 -1.5881e+00 9.8180e-01 8.8624e-01 9.9117e-01 1.0936e+00 1.1637e+00 -1.0058e-01 -1.9349e-01 -3.5490e-01 -1.9775e+00 8.3542e-01 -3.2201e-01 1.5731e+00 -4.3868e-01 -7.5933e-02 9.3173e-02 1.5625e-01 -2.7520e+00 3.6994e+00 3.0944e-01 -5.1500e+00 3.3005e-01 -3.7341e-01 4.9322e+00 3.4057e+00 -1.1688e+00 -6.3585e-02 -1.0607e-01 2.3689e-01 -5.5409e-01 -1.1879e-01 -1.6205e+00 -2.9664e-01 8.7572e-02 1.2877e-01 6.4507e-01 5.5463e-01 -2.7420e-01 5.0534e+00 1.7845e+00 -1.3738e-01 2.1355e+01 -1.8544e-01 -7.4745e-02 -1.1824e-01 -8.3713e-02 2.7829e+00 2.9816e-02
2.2638e-01 1.8745e+00 4.4606e-01 -1.3222e+00 -4.5637e-01 -3.6227e-01 2.2351e-01 2.5878e-01 2.8328e-01 -1.4185e-01 -5.9632e-02 7.0150e-01 -1.7114e+00 1.5862e-01 3.3640e-01 -4.7407e-01 8.2811e-01 9.4976e-01 -1.8387e-01 -1.7810e+00 -3.1911e-01 5.2034e-01 -1.6318e-01 2.5604e-01 4.3928e-01 -2.8477e-02 -9.8044e-02 -3.2579e-01 -1.7920e-01 5.0150e-01 1.9292e-01 1.2953e-01 3.3130e-01 -1.2790e-01 -6.9658e-01 -4.4790e-01 -5.8780e-01 -9.0649e-02 -1.3365e+00 -2.0246e-01 -8.3422e-02 -1.7883e-01 -1.7913e-01 -2.5772e-01 -5.3004e-02 -1.8544e-01 1.1921e+01 -8.3579e-02 -2.6822e-02 -3.0239e-02 2.7335e-02 5.7779e-02
-5.3538e-02 -1.0833e+00 -1.0361e+00 1.8155e+00 -3.9010e-01 6.5120e-02 -3.3347e-03 -8.2971e-02 3.0373e-02 1.1407e+00 -2.2744e-01 -1.7689e-01 -4.5030e-01 -3.0188e+00 1.3319e+00 9.4894e-01 3.9827e-01 -1.8042e-01 3.6713e-02 -9.1563e-01 7.9422e-01 -3.8577e-01 2.1366e+00 -8.1306e-01 -2.2883e-01 1.1059e-01 -7.1961e-02 -9.4103e-02 -3.6654e-01 4.6684e+00 -2.8543e-01 -3.8143e-01 9.4433e-01 -1.3940e-01 -5.5837e-01 7.1018e-01 -1.5941e-01 -1.9743e-01 -9.7235e-02 -1.6889e-01 1.6998e-01 5.8247e+00 -8.1568e-02 -3.3370e-02 -3.4163e-01 -7.4745e-02 -8.3579e-02 1.6532e+01 1.4213e-02 -2.3465e-02 -6.3490e-01 1.5912e+00
3.6758e-02 -3.9573e-02 -5.6358e-02 6.5803e-03 -1.3273e-01 -7.3767e-02 -2.6531e-02 3.6562e-02 2.8938e-02 8.4278e-02 -3.4683e-02 5.1352e-02 -6.0658e-02 -7.1949e-02 -2.7153e-01 -8.7514e-02 -1.8417e-01 -3.4691e-02 5.6918e-03 -5.2184e-02 -2.0495e-03 -1.8326e-02 -3.2683e-02 8.7729e-02 1.0052e-01 -6.8779e-02 -4.4473e-02 -1.8905e-02 -5.5473e-02 5.8522e-01 -3.7856e-02 -1.4297e-02 1.6627e-02 -8.2354e-02 2.5965e-03 -1.7081e-01 -1.3418e-01 1.0382e-01 1.4031e-01 4.3255e-02 -3.2331e-02 -2.0292e-02 -4.1932e-02 -1.0689e-01 -3.1754e-02 -1.1824e-01 -2.6822e-02 1.4213e-02 3.9837e+00 -1.1701e-02 -7.5373e-02 -6.5846e-02
-9.4511e-02 3.9194e-01 -3.0857e-01 -1.9960e-01 1.8872e-01 -2.8210e-02 -1.7465e-01 -1.7034e-01 -1.6266e-01 -9.8862e-02 -3.9504e-02 -7.4704e-02 -2.5213e-01 3.3661e-01 -2.2188e-02 -6.1077e-02 -2.2085e-01 -5.7071e-02 -2.3278e-02 -2.6453e-01 1.1141e-01 -7.0067e-02 -4.5101e-02 4.3780e-02 -4.9280e-02 -2.4435e-02 -4.3385e-02 6.6229e-02 8.7342e-02 -2.9012e-03 3.4921e-01 -7.2483e-02 -2.2615e-02 -5.8755e-02 -4.3603e-02 6.1480e-02 7.5395e-02 -1.2305e-02 4.7743e-02 9.7486e-02 -3.4590e-02 -5.4097e-02 -4.4669e-02 2.3515e-01 -3.1906e-02 -8.3713e-02 -3.0239e-02 -2.3465e-02 -1.1701e-02 4.2642e+00 9.1282e-02 7.2356e-02
-9.8683e+00 -1.6966e+00 -3.9155e-01 -1.2131e+00 7.3902e-01 3.2264e-01 -1.0598e+01 -1.0790e+01 -1.0919e+01 7.3028e+00 -3.9634e+00 6.7304e-01 2.5921e-01 1.4955e+01 -3.0596e+00 -2.4284e-01 4.2186e+00 2.2372e+00 -2.8757e-02 1.1153e+00 4.7022e-01 2.5720e+01 -5.8761e-02 -5.4147e-01 1.3220e+01 -1.8129e+00 7.1587e-02 -2.5574e+00 8.4495e-01 5.1410e-01 -1.3845e+00 -2.1966e-01 -6.8868e-02 -4.3212e-02 -3.6831e-01 -8.3663e-01 -1.8000e+00 8.0314e-02 -4.2339e-01 -1.9935e+00 1.7810e-02 1.3042e-01 7.4748e-01 3.7884e+00 1.6819e-02 2.7829e+00 2.7335e-02 -6.3490e-01 -7.5373e-02 9.1282e-02 4.2113e+01 -6.8441e+00
7.5362e+00 1.3167e+00 -1.6562e+00 -1.5157e-01 2.0731e+00 -8.2255e-03 1.1568e+01 8.9332e+00 8.7359e+00 -8.1789e+00 -1.7070e+00 -4.2335e-02 2.7200e-01 -3.0439e-01 -1.6361e+00 -1.5837e-01 -2.6851e+00 -1.5606e-01 -9.9324e-02 -6.6592e-01 9.4937e-02 -6.8882e+00 -2.5461e-02 -6.0612e-01 -6.5229e+00 1.4765e-01 -4.9257e-01 2.0358e+00 -8.2949e-01 -3.9336e-01 -8.0828e-02 -1.2901e-01 -1.0438e-02 -8.6506e-01 -4.3391e-02 1.4948e+00 -1.6523e-01 1.4968e-02 5.0189e-01 6.9076e-01 1.4157e-01 -3.1751e-01 -7.4458e-02 5.7921e+00 6.2543e-02 2.9816e-02 5.7779e-02 1.5912e+00 -6.5846e-02 7.2356e-02 -6.8441e+00 1.8779e+01
