6.3317e+01 -2.8557e-01 3.1328e+01 4.2324e-01 -2.1089e+01 -1.4480e+01 -1.6835e-01 2.9702e-01 -8.3230e+00 3.6624e+00 -2.0641e+00 -3.8380e-01 -4.2236e+00 -1.9887e+01 -4.7050e+00 -1.5618e-01 -1.8815e+01 6.2581e-02 1.6354e-01 -6.4254e+00 -8.5569e+00 3.4999e-02 1.7471e-01 -6.5327e-01 -9.2125e-01 1.3577e+00 9.6477e-01 -5.9400e-02 8.2721e+00 -6.1187e-02 3.1429e-01 1.6073e-01 -1.2244e+01 -2.0207e+00 2.7564e-01 -1.1904e+01 6.4838e-01 -3.1252e+00 2.0449e-01 -4.0917e-01 1.1618e+00 5.3147e-01 -1.4523e-01 -7.0429e-01 1.7295e+00 -9.6023e-01 -5.4533e-01 1.2856e-01 3.9879e-01 -3.0933e-01 2.4327e-01 -1.4618e-01
-2.8557e-01 2.0424e+01 -1.2796e+00 -6.0920e-01 -2.2092e-01 5.0963e-01 -8.9993e-01 -6.0312e-01 -8.7495e-01 -7.0213e-01 7.9071e-01 1.5744e+00 8.4956e-02 5.6622e-01 6.5065e-02 -1.7406e-02 4.9204e-02 -1.2842e-01 -1.4146e+00 2.5342e-01 -4.8965e-02 -2.2733e-01 -7.7555e-02 -2.0019e-01 -5.2016e-01 1.5462e-01 1.5965e-01 8.8688e-03 -1.1161e+00 4.1667e-02 1.8108e+00 4.3280e-01 4.9126e-01 2.2559e-01 -1.4309e+00 7.5827e-01 4.5034e-01 -1.1576e-01 -1.1426e-02 -1.0108e-01 -9.1666e-02 -1.5219e-01 -9.8603e-02 6.8812e-02 1.3285e-01 8.6450e-03 -8.9730e-02 -3.0428e-01 -1.0433e+00 1.6081e-01 -1.8228e+00 1.6496e+01
3.1328e+01 -1.2796e+00 1.1223e+02 -2.0831e-01 -3.3460e+01 -5.3838e+01 5.8957e-01 2.4485e+00 -1.9611e+01 1.8424e+01 -4.6486e+00 4.9048e-02 2.3710e+00 -5.1027e+01 4.9561e+00 -1.2536e+00 -1.7824e+01 5.8036e-01 -1.2926e+00 -7.1521e-01 -3.5421e+00 -2.0202e-01 1.2454e+00 -6.9077e-01 -1.7741e+00 7.6235e-02 6.3007e-01 2.6824e+00 1.6097e+01 1.5254e+00 2.5624e-01 -3.9408e-01 -2.5780e+01 3.0197e-01 7.5895e-01 -3.0006e+01 -6.4107e-01 -4.4104e+00 2.8255e-01 -2.2765e+00 5.2064e-01 -6.1631e-01 -9.7936e-02 1.1973e+00 1.1546e+00 -5.1938e-01 1.3542e-01 -5.4049e-01 -3.3738e+00 -8.5694e-02 -1.3886e+00 -6.2241e-01
4.2324e-01 -6.0920e-01 -2.0831e-01 2.5965e+01 -1.5830e+00 2.2498e-01 -2.3919e-01 1.2201e+01 -1.6797e-01 -3.3344e+00 -1.7116e+00 -1.4495e+00 -2.4739e-01 1.5724e-01 1.6024e-02 -7.9174e-01 1.6189e-01 -1.0632e-01 -2.2692e-01 3.9627e-01 6.2905e-01 -1.8963e-03 8.8506e-02 5.9728e-02 -5.7318e-01 -9.3212e-02 -4.4673e-02 4.2187e-01 3.0914e-01 -5.4739e-01 8.0671e-02 -9.4513e-01 1.4494e+00 -5.2222e-01 6.1018e-01 3.0685e-01 1.5813e+00 7.6087e-01 -1.5967e-03 8.2425e-01 -1.5537e-02 -1.9670e+00 -1.5166e-01 -2.1143e-01 -1.7790e-03 2.8460e-02 -1.6134e-01 5.9737e-03 -2.8421e-01 -2.1175e-01 -2.2901e-01 -6.2415e-01
-2.1089e+01 -2.2092e-01 -3.3460e+01 -1.5830e+00 6.2920e+01 2.5513e+01 -8.2095e-01 1.2514e-01 3.2853e+01 9.0101e+00 1.1129e+00 -2.1636e-01 -1.4735e+00 3.1390e+01 7.1829e-01 2.0863e-01 2.3455e+01 1.6728e-02 -9.5408e-02 2.8809e+00 5.1028e+00 1.0571e-01 -1.1450e-02 -1.9562e+00 1.2364e+00 1.5656e-01 -7.3510e-01 -8.7083e-01 3.8989e+00 2.7442e-01 -7.2280e-01 -1.6285e+00 8.0762e+00 9.3220e-01 8.4443e-02 7.5778e+00 2.0049e-01 -9.6696e-01 -5.6723e-02 -7.1651e-01 -5.1755e-01 1.6258e+00 -9.8333e-05 5.0664e-01 -5.9636e-01 -2.5816e-01 1.0816e-01 2.6138e-01 9.8383e-01 5.3716e-01 -1.0433e-01 -5.2415e-02
-1.4480e+01 5.0963e-01 -5.3838e+01 2.2498e-01 2.5513e+01 9.2013e+01 -8.4821e-01 -1.9677e+00 8.3915e+00 -1.7610e+01 3.1480e+00 5.8746e-01 2.3178e+00 3.1771e+01 5.9051e+00 -8.9459e-01 6.7817e+00 -1.1271e+00 -6.1912e-01 -6.9585e-01 1.2225e+01 5.2771e-01 -8.9957e-01 -9.9141e-01 1.1682e+00 -2.2263e+00 1.2914e-01 -5.3541e+00 -1.6047e+01 -1.9700e+00 -7.6131e+00 -5.5555e-01 2.2660e+01 -7.8079e+00 -3.8828e-01 2.3876e+01 3.6833e-01 6.2294e-01 2.5559e-01 1.4944e+00 -5.3005e-01 3.4168e-01 4.9682e-01 -7.6907e-01 1.9839e-01 -1.4953e+00 1.6675e-01 4.4930e-01 1.1581e+00 6.8051e-01 -5.8667e-01 -1.0339e-01
-1.6835e-01 -8.9993e-01 5.8957e-01 -2.3919e-01 -8.2095e-01 -8.4821e-01 1.3626e+01 -1.8639e-01 -6.9856e-01 -8.1499e-01 1.0003e+00 -3.5456e-01 9.6362e-01 -5.3696e-01 1.0792e-01 2.3779e+00 1.0374e+00 1.0187e+00 -1.1488e+00 9.8183e-01 -1.8693e-02 -9.4110e-02 -1.0223e-01 2.0172e+00 -2.5763e-01 -3.3978e-01 -1.3184e-01 -5.9979e-01 2.5083e-01 -1.1984e-01 -5.0353e-01 -2.2238e-01 -1.2845e+00 -6.2189e-01 -6.5356e-02 6.7826e-01 -2.9218e-01 -1.6597e-01 3.3614e-02 -1.2559e-01 -6.8150e-04 2.2258e-01 -1.0040e-02 -1.5465e-01 -1.9822e-01 -1.1061e-01 -1.2531e-01 8.2430e-03 -2.1339e-01 -1.2542e-01 -1.1462e+00 9.2869e-01
2.9702e-01 -6.0312e-01 2.4485e+00 1.2201e+01 1.2514e-01 -1.9677e+00 -1.8639e-01 2.5317e+01 -4.3622e-01 -3.2690e+00 -1.4147e+00 -1.3125e+00 -2.5575e-01 8.2431e-01 5.9632e-02 -4.7104e-01 2.4305e-02 4.4420e-02 -2.9638e-01 5.9749e-01 4.5144e-01 4.0006e-02 -2.6633e-02 -5.9998e-01 -4.8292e-01 6.0485e-02 -1.6308e-01 -8.7010e-02 -1.6027e+00 -4.9832e-01 -3.7432e-02 -1.1146e+00 1.0511e+00 6.4220e-01 1.3281e-01 -8.4825e-02 1.2035e+00 5.4505e-01 -2.2678e-02 4.8208e-01 1.6101e-02 -6.6191e-01 -1.2445e-01 4.0876e-02 -7.0759e-02 9.2119e-02 -2.4719e-01 -4.6212e-03 -6.3667e-01 -1.6191e-01 -3.2618e-01 -6.1029e-01
-8.3230e+00 -8.7495e-01 -1.9611e+01 -1.6797e-01 3.2853e+01 8.3915e+00 -6.9856e-01 -4.3622e-01 5.4184e+01 3.1158e+00 1.3067e+00 -2.6594e-01 -8.9209e-01 3.5765e+01 1.4753e-01 6.7025e-01 2.3211e+01 -3.6198e-02 -4.8179e-01 5.2755e+00 6.5345e+00 8.8304e-02 2.1533e-01 -5.9228e-01 3.4033e-01 4.9097e-01 -4.6842e-01 3.1417e-01 4.7791e+00 -8.7435e-02 -5.2927e-01 -1.1374e+00 6.3296e+00 -4.4933e-01 3.7644e-01 5.5551e+00 5.4964e-01 -1.5943e+00 6.1610e-03 -1.3950e+00 -2.9380e-01 -5.0376e-01 7.9264e-02 4.3267e-01 -8.0155e-01 -6.3058e-01 -8.1200e-02 1.8343e-01 6.8857e-01 -4.9367e-01 -5.1702e-01 -8.6918e-01
3.6624e+00 -7.0213e-01 1.8424e+01 -3.3344e+00 9.0101e+00 -1.7610e+01 -8.1499e-01 -3.2690e+00 3.1158e+00 7.0549e+01 -4.9534e+00 -1.1226e+00 -3.4942e+00 -3.7024e+01 -2.2306e+00 -6.9900e-01 -1.2011e+01 4.7034e-01 6.2881e-01 -1.1049e+01 -9.5927e+00 -4.1725e-01 7.0951e-01 -7.6026e-01 -1.6780e+00 -1.8236e+00 5.0993e-01 4.6154e+00 2.5347e+01 1.4223e+00 1.0781e+00 -2.6524e-01 -2.7313e+01 1.4166e+00 6.8224e-01 -2.8742e+01 -7.4526e-01 7.2209e-01 4.2721e-01 -1.4893e+00 4.8168e-01 1.7469e+00 -6.4537e-01 3.9595e-02 9.8069e-02 6.7154e-01 -7.2266e-01 -4.0278e-01 5.0515e-01 5.6469e-01 6.1097e-01 2.4822e-02
-2.0641e+00 7.9071e-01 -4.6486e+00 -1.7116e+00 1.1129e+00 3.1480e+00 1.0003e+00 -1.4147e+00 1.3067e+00 -4.9534e+00 2.8105e+01 4.5582e+00 -5.6066e-01 5.4591e+00 -2.4741e-01 -1.5481e-01 -2.6454e-01 -1.0535e-01 -1.5266e+00 -3.1044e-01 -4.1267e-01 1.7629e-02 -6.7528e-02 -4.9769e-02 1.5774e+00 -1.1430e+00 -3.2903e-01 -6.7791e-02 -2.0980e+00 -2.4884e-01 6.3329e-01 -5.8809e-02 6.1421e+00 2.8483e-01 -2.8185e-02 5.0221e+00 -6.5017e-01 -2.5236e-01 -2.2459e-02 -3.4074e-01 1.9297e-01 7.5088e-02 3.5453e-02 -1.7557e-01 -4.7402e-01 1.0721e+00 -2.6337e-01 -3.0603e-02 -3.5403e-01 2.3784e-01 -1.2078e+00 7.1159e-01
-3.8380e-01 1.5744e+00 4.9048e-02 -1.4495e+00 -2.1636e-01 5.8746e-01 -3.5456e-01 -1.3125e+00 -2.6594e-01 -1.1226e+00 4.5582e+00 1.6111e+01 2.6797e+00 6.1722e-01 1.0464e-01 -2.7163e-01 -3.5981e-01 -2.8395e-02 -1.4540e+00 1.0023e+00 -3.6660e-02 5.7852e-03 -1.9216e-02 1.0749e+00 1.1932e+00 -2.5840e-01 -1.8079e-01 -2.6501e-01 -1.9298e-01 -2.0865e-02 1.2327e+00 -4.6312e-01 2.5296e+00 8.8349e-01 -1.1666e-01 2.2043e+00 -1.9605e-01 -1.3791e-01 1.2786e-01 -3.2377e-01 -1.0763e-01 -2.0724e-01 7.2653e-02 -1.7019e-01 -2.4122e-01 1.7325e-01 -6.9026e-02 1.0569e-01 -4.1030e-01 -4.9103e-02 -1.5013e+00 1.4674e+00
-4.2236e+00 8.4956e-02 2.3710e+00 -2.4739e-01 -1.4735e+00 2.3178e+00 9.6362e-01 -2.5575e-01 -8.9209e-01 -3.4942e+00 -5.6066e-01 2.6797e+00 2.6874e+01 1.4932e+00 8.2678e+00 -3.1282e-01 4.5287e+00 -3.0292e-01 -6.8090e-01 4.2307e+00 3.6556e+00 -1.5367e-01 -7.9009e-02 6.9453e+00 -3.0508e-01 -6.9212e-01 8.2766e-02 -2.3134e+00 -2.7619e+00 -2.1409e-01 -1.0326e+00 -4.4400e-01 8.6657e-03 -1.3785e+00 1.3354e+00 1.6945e+00 -4.3599e-01 -7.1184e-01 3.3781e-01 -1.4090e+00 -3.2098e-01 -1.7137e-01 2.2888e-01 -3.9531e-01 -3.3067e-01 -2.2362e-01 3.8815e-01 -6.4958e-02 -7.7675e-01 -1.9386e-01 -6.8704e-01 -1.1282e-02
-1.9887e+01 5.6622e-01 -5.1027e+01 1.5724e-01 3.1390e+01 3.1771e+01 -5.3696e-01 8.2431e-01 3.5765e+01 -3.7024e+01 5.4591e+00 6.1722e-01 1.4932e+00 9.6459e+01 1.3633e+00 1.7824e+00 4.2679e+01 -3.5778e-01 -4.1351e-01 1.4719e+01 1.5004e+01 3.6686e-01 -8.5725e-01 -1.5484e+00 9.3038e-01 1.7644e+00 -1.8745e-01 -4.0730e+00 -3.0498e+01 -5.8803e-01 -2.0483e+00 -1.4006e+00 3.6100e+01 7.7800e-01 -1.5843e-01 3.6727e+01 3.0251e-01 1.8481e+00 -2.3409e-01 -3.4688e-01 -4.0466e-01 -8.6571e-01 5.3888e-01 -5.4634e-02 -1.6826e-01 -8.0922e-01 6.2968e-02 -4.8813e-02 -8.4387e-01 1.4171e-01 -4.1708e-01 -1.3735e-01
-4.7050e+00 6.5065e-02 4.9561e+00 1.6024e-02 7.1829e-01 5.9051e+00 1.0792e-01 5.9632e-02 1.4753e-01 -2.2306e+00 -2.4741e-01 1.0464e-01 8.2678e+00 1.3633e+00 2.5398e+01 -3.6078e-01 5.0721e+00 -3.6509e-01 -5.6817e-01 4.4403e+00 3.7117e+00 -2.3701e-01 -3.2912e-01 5.5324e-01 -3.7891e-01 -1.0575e+00 -2.3825e-01 -2.3526e+00 1.0937e+00 -1.7691e-01 -1.5225e+00 1.2210e-03 -1.2351e+00 -2.8234e+00 1.1494e+00 2.0991e+00 -3.1146e-01 6.4469e-01 -3.3324e-01 2.4475e-01 -3.3313e-01 -1.6090e-01 2.5270e-01 -1.5402e-01 -1.9573e-01 -3.3960e-01 5.3615e-01 2.8486e-01 7.2677e-01 -1.5616e-01 -5.7082e-01 -4.2557e-03
-1.5618e-01 -1.7406e-02 -1.2536e+00 -7.9174e-01 2.0863e-01 -8.9459e-01 2.3779e+00 -4.7104e-01 6.7025e-01 -6.9900e-01 -1.5481e-01 -2.7163e-01 -3.1282e-01 1.7824e+00 -3.6078e-01 1.5967e+01 3.0337e-01 -8.5104e-02 -8.1535e-03 -4.9913e-01 -1.1378e+00 -9.8183e-02 -2.4082e-01 1.3305e+00 -7.3822e-02 2.2665e+00 2.8043e-02 -9.7003e-01 2.8028e-01 -1.6881e-01 -4.1890e-01 4.2074e-01 -6.4320e-01 5.2985e-01 -1.0171e-01 8.2646e-01 -4.3641e-01 -3.2471e-01 1.3350e-01 -3.4504e-01 -1.1726e-01 -1.4871e-01 -1.8767e-02 -1.3375e-02 -1.1719e-01 -2.0908e-01 -1.6318e-01 -1.7481e-02 1.2539e+00 -1.7058e-01 -1.8976e-02 -4.4233e-02
-1.8815e+01 4.9204e-02 -1.7824e+01 1.6189e-01 2.3455e+01 6.7817e+00 1.0374e+00 2.4305e-02 2.3211e+01 -1.2011e+01 -2.6454e-01 -3.5981e-01 4.5287e+00 4.2679e+01 5.0721e+00 3.0337e-01 7.0255e+01 3.3497e-01 -1.2703e+00 1.7626e+01 2.2541e+01 -2.2737e-01 -6.1324e-02 -2.8768e+00 5.5448e-01 -2.1906e+00 8.0961e-02 -2.2119e+00 -9.4894e+00 -2.0191e-01 -1.0200e+00 -2.0579e+00 2.3051e+01 -2.9104e+00 -4.4387e-01 2.1998e+01 7.7926e-01 -2.2300e+00 3.8865e-02 -2.0253e+00 -2.5633e-01 -9.8077e-01 8.7015e-02 1.3982e+00 -1.3013e+00 -3.5557e-01 2.0952e-01 1.7026e-01 -1.3181e-01 -3.6514e-01 -1.2828e+00 -8.1704e-02
6.2581e-02 -1.2842e-01 5.8036e-01 -1.0632e-01 1.6728e-02 -1.1271e+00 1.0187e+00 4.4420e-02 -3.6198e-02 4.7034e-01 -1.0535e-01 -2.8395e-02 -3.0292e-01 -3.5778e-01 -3.6509e-01 -8.5104e-02 3.3497e-01 9.2089e+00 5.2166e-02 -1.2278e-01 -1.2493e+00 -1.0084e-01 -2.0631e-01 -8.3060e-02 2.1209e-01 -2.7457e-03 -4.2735e-01 -1.8509e+00 -2.2003e+00 -2.7908e-02 -6.0133e-01 -4.1814e-02 -1.5459e+00 -1.2527e+00 -1.4913e-01 -1.7840e+00 -1.2530e-01 -1.8943e-01 -2.5906e-01 -7.2165e-01 -1.0261e-01 1.8200e-02 -1.4986e-02 1.4316e-02 -3.5721e-02 2.0837e-02 -2.2982e-02 6.6650e-04 -1.4975e-01 -3.3412e-02 4.1914e-02 -1.4463e-01
1.6354e-01 -1.4146e+00 -1.2926e+00 -2.2692e-01 -9.5408e-02 -6.1912e-01 -1.1488e+00 -2.9638e-01 -4.8179e-01 6.2881e-01 -1.5266e+00 -1.4540e+00 -6.8090e-01 -4.1351e-01 -5.6817e-01 -8.1535e-03 -1.2703e+00 5.2166e-02 2.7647e+01 -5.0224e-01 -5.1957e-01 -2.1889e-02 -3.8229e-02 -6.6061e-01 -1.3206e+00 6.1990e-02 6.3880e-01 -4.0709e-01 2.2790e-01 1.0036e-01 -2.9116e+00 7.0939e-01 8.2065e-02 -1.3722e-01 7.4265e-01 6.6685e-01 1.1409e+00 -1.2342e-02 -3.4705e-02 -8.2570e-02 -2.5383e-01 1.1114e-01 -1.4344e-01 4.7108e-02 3.5459e-01 4.1516e-02 3.1870e-01 -1.1769e-01 1.5451e+00 -4.0287e-01 2.5789e+01 -2.1055e+00
-6.4254e+00 2.5342e-01 -7.1521e-01 3.9627e-01 2.8809e+00 -6.9585e-01 9.8183e-01 5.9749e-01 5.2755e+00 -1.1049e+01 -3.1044e-01 1.0023e+00 4.2307e+00 1.4719e+01 4.4403e+00 -4.9913e-01 1.7626e+01 -1.2278e-01 -5.0224e-01 5.1059e+01 1.9504e+01 -7.9763e-02 -1.4395e-02 -8.9903e-01 1.8255e-02 -1.6965e+00 1.3382e+00 -1.4476e+00 -6.2662e+00 1.1267e+00 1.6957e+00 1.2922e+00 5.6126e+00 -1.2556e+00 -4.8335e-01 5.1091e+00 2.7808e+00 2.6466e-01 2.7400e-04 4.8103e-01 1.7323e+00 -1.9392e-01 9.4476e-02 -7.6558e-02 -5.8509e-01 -6.0177e-01 4.2192e-01 -3.4404e-01 9.0707e-01 -3.8048e-01 -5.0918e-01 3.5346e-02
-8.5569e+00 -4.8965e-02 -3.5421e+00 6.2905e-01 5.1028e+00 1.2225e+01 -1.8693e-02 4.5144e-01 6.5345e+00 -9.5927e+00 -4.1267e-01 -3.6660e-02 3.6556e+00 1.5004e+01 3.7117e+00 -1.1378e+00 2.2541e+01 -1.2493e+00 -5.1957e-01 1.9504e+01 5.9918e+01 -1.9267e-01 -9.0723e-01 -7.4820e-01 -2.7468e-01 -1.8547e+00 3.6627e-01 1.3317e+01 3.6165e+00 -3.6154e-01 8.1902e-01 -3.6471e-01 2.8863e+00 -6.6949e+00 -9.1737e-01 8.6923e-01 2.6276e+00 -1.5262e+00 -1.4104e+00 -3.4487e+00 -1.7775e-01 -5.0578e-02 3.7147e-01 -2.2684e-01 -6.7436e-02 -9.0043e-02 3.2882e-01 -2.1358e-01 1.3035e+00 -1.0574e-01 -4.3498e-01 -1.4514e-01
3.4999e-02 -2.2733e-01 -2.0202e-01 -1.8963e-03 1.0571e-01 5.2771e-01 -9.4110e-02 4.0006e-02 8.8304e-02 -4.1725e-01 1.7629e-02 5.7852e-03 -1.5367e-01 3.6686e-01 -2.3701e-01 -9.8183e-02 -2.2737e-01 -1.0084e-01 -2.1889e-02 -7.9763e-02 -1.9267e-01 8.0897e+00 -1.1439e-01 -6.3207e-02 5.2430e-02 8.8418e-01 -2.0504e-01 -6.5951e-01 1.6004e-01 -4.0750e-02 -4.0705e-01 4.5751e-02 -9.9530e-01 -6.9245e-01 -3.4052e-02 -8.0539e-01 -5.5371e-02 2.2731e+00 -1.0183e-01 -1.6937e-01 -9.0873e-03 -2.0802e-02 -3.4436e-02 2.1915e-01 2.4825e-01 -5.5761e-02 -5.2958e-02 -2.9135e-02 -1.4559e-01 6.4005e-01 -2.2810e-02 -2.6867e-01
1.7471e-01 -7.7555e-02 1.2454e+00 8.8506e-02 -1.1450e-02 -8.9957e-01 -1.0223e-01 -2.6633e-02 2.1533e-01 7.0951e-01 -6.7528e-02 -1.9216e-02 -7.9009e-02 -8.5725e-01 -3.2912e-01 -2.4082e-01 -6.1324e-02 -2.0631e-01 -3.8229e-02 -1.4395e-02 -9.0723e-01 -1.1439e-01 1.0086e+01 -8.3382e-02 -1.1438e-01 -2.8816e-01 -2.2189e-01 -1.4239e+00 -4.4615e+00 -3.2531e-02 -2.0982e-01 -1.3546e-02 4.7451e+00 -1.3754e+00 -1.2671e-01 4.3801e+00 -3.2239e-02 -2.1172e-01 -1.9532e-01 -3.4303e-01 -1.2091e-01 -4.9946e-02 -2.1112e-02 -2.3362e-02 -4.6647e-02 -5.8443e-02 -5.2980e-02 -5.0754e-02 1.1495e-01 -4.4856e-02 -4.7698e-02 -1.0044e-01
-6.5327e-01 -2.0019e-01 -6.9077e-01 5.9728e-02 -1.9562e+00 -9.9141e-01 2.0172e+00 -5.9998e-01 -5.9228e-01 -7.6026e-01 -4.9769e-02 1.0749e+00 6.9453e+00 -1.5484e+00 5.5324e-01 1.3305e+00 -2.8768e+00 -8.3060e-02 -6.6061e-01 -8.9903e-01 -7.4820e-01 -6.3207e-02 -8.3382e-02 2.3430e+01 9.0493e-02 7.4264e-02 1.1469e-01 1.8050e+00 2.5657e-01 2.0368e-01 -8.3071e-01 -7.9401e-01 -3.2596e+00 -5.6270e-01 1.4110e-01 -2.5498e+00 6.0414e-01 -6.9349e-01 3.6993e-01 -4.7446e-01 -4.5933e-03 9.9118e-01 -1.5609e-02 -5.2432e-01 -3.1568e-01 9.5412e-01 -6.2574e-02 8.9463e-03 -5.9968e-01 -7.5441e-02 -6.5030e-01 -2.2880e-01
-9.2125e-01 -5.2016e-01 -1.7741e+00 -5.7318e-01 1.2364e+00 1.1682e+00 -2.5763e-01 -4.8292e-01 3.4033e-01 -1.6780e+00 1.5774e+00 1.1932e+00 -3.0508e-01 9.3038e-01 -3.7891e-01 -7.3822e-02 5.5448e-01 2.1209e-01 -1.3206e+00 1.8255e-02 -2.7468e-01 5.2430e-02 -1.1438e-01 9.0493e-02 1.7290e+01 6.6705e-02 -4.0035e-01 -7.3621e-02 -2.2114e-01 -2.7770e-02 3.4851e+00 -2.8824e-01 1.6384e+00 -6.6288e-01 -2.0128e-01 2.7533e+00 -4.6845e-01 -2.7451e-01 -7.3169e-02 6.1530e-01 -8.8455e-02 -2.0415e-01 -4.5080e-02 -1.0470e-01 4.9806e-01 2.7414e-01 1.1322e-02 -6.1922e-03 -2.1593e-01 -8.2532e-02 -1.2638e+00 -5.7851e-01
1.3577e+00 1.5462e-01 7.6235e-02 -9.3212e-02 1.5656e-01 -2.2263e+00 -3.3978e-01 6.0485e-02 4.9097e-01 -1.8236e+00 -1.1430e+00 -2.5840e-01 -6.9212e-01 1.7644e+00 -1.0575e+00 2.2665e+00 -2.1906e+00 -2.7457e-03 6.1990e-02 -1.6965e+00 -1.8547e+00 8.8418e-01 -2.8816e-01 7.4264e-02 6.6705e-02 2.6191e+01 2.3231e-01 -3.3725e-01 -6.2427e+00 3.3538e+00 -1.2721e+00 -1.2961e-01 -5.7075e+00 -2.7326e+00 -1.9784e-01 -7.1521e+00 -2.8329e-01 -3.1416e-01 3.0809e-01 -3.4013e-01 -7.8787e-02 -2.9188e-01 -1.3668e-01 5.9246e-01 -2.1057e-01 -1.4768e-01 4.0069e-01 -2.3573e-01 5.1270e-01 -3.6926e-01 2.0635e-01 -2.0148e-02
9.6477e-01 1.5965e-01 6.3007e-01 -4.4673e-02 -7.3510e-01 1.2914e-01 -1.3184e-01 -1.6308e-01 -4.6842e-01 5.0993e-01 -3.2903e-01 -1.8079e-01 8.2766e-02 -1.8745e-01 -2.3825e-01 2.8043e-02 8.0961e-02 -4.2735e-01 6.3880e-01 1.3382e+00 3.6627e-01 -2.0504e-01 -2.2189e-01 1.1469e-01 -4.0035e-01 2.3231e-01 2.2366e+01 6.2581e+00 3.5062e+00 -5.6346e-02 -1.1172e+00 1.3902e+00 -3.3097e+00 -2.1185e+00 -2.3580e-01 -4.1796e+00 1.8508e+00 -1.9223e-01 6.3751e+00 -1.0991e+00 1.5542e+00 -1.2410e-01 -6.2678e-02 -3.4724e-02 -3.9169e-01 -1.1260e-01 -8.2863e-02 -3.0500e-02 -4.1004e-01 1.3754e-01 5.5780e-01 1.1298e-01
-5.9400e-02 8.8688e-03 2.6824e+00 4.2187e-01 -8.7083e-01 -5.3541e+00 -5.9979e-01 -8.7010e-02 3.1417e-01 4.6154e+00 -6.7791e-02 -2.6501e-01 -2.3134e+00 -4.0730e+00 -2.3526e+00 -9.7003e-01 -2.2119e+00 -1.8509e+00 -4.0709e-01 -1.4476e+00 1.3317e+01 -6.5951e-01 -1.4239e+00 1.8050e+00 -7.3621e-02 -3.3725e-01 6.2581e+00 5.0983e+01 1.8431e+01 -2.4927e-01 7.6270e+00 -5.7536e-01 -1.7374e+01 1.4680e+00 -2.0343e-01 -2.0710e+01 1.2554e+00 -2.4171e+00 4.6742e+00 -5.2156e+00 8.0174e-01 -3.0841e-01 1.4761e-01 -3.6910e-01 8.1113e-01 1.3893e+00 -3.0926e-01 -1.3515e-01 1.2933e+00 9.8540e-02 -4.1247e-01 9.4790e-03
8.2721e+00 -1.1161e+00 1.6097e+01 3.0914e-01 3.8989e+00 -1.6047e+01 2.5083e-01 -1.6027e+00 4.7791e+00 2.5347e+01 -2.0980e+00 -1.9298e-01 -2.7619e+00 -3.0498e+01 1.0937e+00 2.8028e-01 -9.4894e+00 -2.2003e+00 2.2790e-01 -6.2662e+00 3.6165e+00 1.6004e-01 -4.4615e+00 2.5657e-01 -2.2114e-01 -6.2427e+00 3.5062e+00 1.8431e+01 9.0857e+01 -2.5968e+00 2.7999e+00 1.2830e-01 -5.3577e+01 1.0746e+01 1.5319e+00 -4.8006e+01 3.1083e+00 -3.0923e+00 2.3991e+00 -9.6852e+00 1.0956e+00 4.1457e-01 -3.3415e-01 -4.6066e-01 -1.1283e+00 9.2923e-01 1.1067e-01 -2.8963e-01 2.5177e+00 -5.2171e-01 3.1713e-01 3.0083e-01
-6.1187e-02 4.1667e-02 1.5254e+00 -5.4739e-01 2.7442e-01 -1.9700e+00 -1.1984e-01 -4.9832e-01 -8.7435e-02 1.4223e+00 -2.4884e-01 -2.0865e-02 -2.1409e-01 -5.8803e-01 -1.7691e-01 -1.6881e-01 -2.0191e-01 -2.7908e-02 1.0036e-01 1.1267e+00 -3.6154e-01 -4.0750e-02 -3.2531e-02 2.0368e-01 -2.7770e-02 3.3538e+00 -5.6346e-02 -2.4927e-01 -2.5968e+00 8.5434e+00 -2.7243e-01 -6.8344e-02 -1.3819e+00 -1.3278e-01 -1.2442e-02 -1.4887e+00 1.6499e-01 -3.9849e-02 -4.0436e-02 -2.3867e-01 -2.2623e-03 -1.2483e-01 -4.3698e-02 3.4589e-01 -9.2680e-02 -1.7749e-01 -5.2036e-02 -2.4312e-02 -1.1164e-01 -1.4093e-01 9.7180e-02 1.0952e-02
3.1429e-01 1.8108e+00 2.5624e-01 8.0671e-02 -7.2280e-01 -7.6131e+00 -5.0353e-01 -3.7432e-02 -5.2927e-01 1.0781e+00 6.3329e-01 1.2327e+00 -1.0326e+00 -2.0483e+00 -1.5225e+00 -4.1890e-01 -1.0200e+00 -6.0133e-01 -2.9116e+00 1.6957e+00 8.1902e-01 -4.0705e-01 -2.0982e-01 -8.3071e-01 3.4851e+00 -1.2721e+00 -1.1172e+00 7.6270e+00 2.7999e+00 -2.7243e-01 4.1314e+01 -3.3474e-01 -7.0419e+00 7.6909e+00 -6.8675e-01 -1.0340e+01 -9.1608e-01 -1.1680e+00 -5.5915e-01 -1.9460e+00 -3.2534e-01 -3.3830e-01 -1.0986e-01 -2.8593e-01 -4.8622e-01 3.0979e-01 -2.4623e-01 -2.0129e-01 -4.3078e-02 -1.6969e-01 -2.9983e+00 1.5857e+00
1.6073e-01 4.3280e-01 -3.9408e-01 -9.4513e-01 -1.6285e+00 -5.5555e-01 -2.2238e-01 -1.1146e+00 -1.1374e+00 -2.6524e-01 -5.8809e-02 -4.6312e-01 -4.4400e-01 -1.4006e+00 1.2210e-03 4.2074e-01 -2.0579e+00 -4.1814e-02 7.0939e-01 1.2922e+00 -3.6471e-01 4.5751e-02 -1.3546e-02 -7.9401e-01 -2.8824e-01 -1.2961e-01 1.3902e+00 -5.7536e-01 1.2830e-01 -6.8344e-02 -3.3474e-01 1.5669e+01 -4.1645e+00 -1.2895e-01 -1.3013e-01 -4.1820e+00 -1.8334e-01 -2.6153e-01 -2.5129e-02 -2.9714e-01 -6.3277e-02 5.0988e-01 -1.2375e-02 -2.7743e-01 -1.2197e-01 -1.5045e-01 5.3374e-01 5.7057e-02 -2.9306e-01 1.9510e-01 6.7571e-01 3.8399e-01
-1.2244e+01 4.9126e-01 -2.5780e+01 1.4494e+00 8.0762e+00 2.2660e+01 -1.2845e+00 1.0511e+00 6.3296e+00 -2.7313e+01 6.1421e+00 2.5296e+00 8.6657e-03 3.6100e+01 -1.2351e+00 -6.4320e-01 2.3051e+01 -1.5459e+00 8.2065e-02 5.6126e+00 2.8863e+00 -9.9530e-01 4.7451e+00 -3.2596e+00 1.6384e+00 -5.7075e+00 -3.3097e+00 -1.7374e+01 -5.3577e+01 -1.3819e+00 -7.0419e+00 -4.1645e+00 1.5431e+02 -1.6864e+01 9.8819e-02 1.3783e+02 -2.8577e+00 -5.8955e+00 -1.7556e+00 7.5798e+00 -1.1290e+00 -1.8041e+00 7.3620e-01 2.0204e+00 -6.6478e-03 -8.9520e-01 -1.5693e-01 3.5486e-01 -4.2013e+00 1.1191e-01 6.0509e-02 -2.9732e-01
-2.0207e+00 2.2559e-01 3.0197e-01 -5.2222e-01 9.3220e-01 -7.8079e+00 -6.2189e-01 6.4220e-01 -4.4933e-01 1.4166e+00 2.8483e-01 8.8349e-01 -1.3785e+00 7.7800e-01 -2.8234e+00 5.2985e-01 -2.9104e+00 -1.2527e+00 -1.3722e-01 -1.2556e+00 -6.6949e+00 -6.9245e-01 -1.3754e+00 -5.6270e-01 -6.6288e-01 -2.7326e+00 -2.1185e+00 1.4680e+00 1.0746e+01 -1.3278e-01 7.6909e+00 -1.2895e-01 -1.6864e+01 5.5332e+01 -1.0442e+00 -2.0050e+01 -3.6203e-01 3.8161e+00 -1.5593e+00 -1.0475e+00 -1.0517e+00 -3.7891e-01 -1.7983e-01 5.1919e-02 -2.0215e-01 2.6490e+00 -3.3226e-01 -3.4183e-02 5.4672e-01 -2.2810e-01 -1.4642e-01 3.8953e-02
2.7564e-01 -1.4309e+00 7.5895e-01 6.1018e-01 8.4443e-02 -3.8828e-01 -6.5356e-02 1.3281e-01 3.7644e-01 6.8224e-01 -2.8185e-02 -1.1666e-01 1.3354e+00 -1.5843e-01 1.1494e+00 -1.0171e-01 -4.4387e-01 -1.4913e-01 7.4265e-01 -4.8335e-01 -9.1737e-01 -3.4052e-02 -1.2671e-01 1.4110e-01 -2.0128e-01 -1.9784e-01 -2.3580e-01 -2.0343e-01 1.5319e+00 -1.2442e-02 -6.8675e-01 -1.3013e-01 9.8819e-02 -1.0442e+00 1.1850e+01 1.2702e+00 -3.1086e-01 -2.3477e-01 -1.3870e-01 -1.7989e-01 -1.2956e-01 -1.1188e-01 -3.2158e-02 -2.9904e-02 -1.3691e-01 -2.4549e-02 -3.5460e-02 -4.7277e-02 -2.0137e-01 -6.9977e-02 7.0843e-01 -3.9002e-01
-1.1904e+01 7.5827e-01 -3.0006e+01 3.0685e-01 7.5778e+00 2.3876e+01 6.7826e-01 -8.4825e-02 5.5551e+00 -2.8742e+01 5.0221e+00 2.2043e+00 1.6945e+00 3.6727e+01 2.0991e+00 8.2646e-01 2.1998e+01 -1.7840e+00 6.6685e-01 5.1091e+00 8.6923e-01 -8.0539e-01 4.3801e+00 -2.5498e+00 2.7533e+00 -7.1521e+00 -4.1796e+00 -2.0710e+01 -4.8006e+01 -1.4887e+00 -1.0340e+01 -4.1820e+00 1.3783e+02 -2.0050e+01 1.2702e+00 1.6794e+02 -4.1638e+00 -5.0988e+00 -2.0669e+00 7.8432e+00 -1.2278e+00 -2.1852e+00 5.3144e-01 1.8339e+00 -4.6498e-01 -1.8307e+00 -1.2720e-01 3.1193e-01 -3.9578e+00 3.6767e-01 6.1380e-01 -4.8630e-02
6.4838e-01 4.5034e-01 -6.4107e-01 1.5813e+00 2.0049e-01 3.6833e-01 -2.9218e-01 1.2035e+00 5.4964e-01 -7.4526e-01 -6.5017e-01 -1.9605e-01 -4.3599e-01 3.0251e-01 -3.1146e-01 -4.3641e-01 7.7926e-01 -1.2530e-01 1.1409e+00 2.7808e+00 2.6276e+00 -5.5371e-02 -3.2239e-02 6.0414e-01 -4.6845e-01 -2.8329e-01 1.8508e+00 1.2554e+00 3.1083e+00 1.6499e-01 -9.1608e-01 -1.8334e-01 -2.8577e+00 -3.6203e-01 -3.1086e-01 -4.1638e+00 2.6865e+01 -4.6393e-01 -2.3685e-01 -7.4030e-01 -1.1855e-01 -1.2890e-01 -1.4102e-01 -1.7143e-01 -5.2706e-01 -1.1108e-01 -2.2071e-01 -1.9201e-02 7.9445e-01 -1.5296e-01 1.0861e+00 3.9297e-01
-3.1252e+00 -1.1576e-01 -4.4104e+00 7.6087e-01 -9.6696e-01 6.2294e-01 -1.6597e-01 5.4505e-01 -1.5943e+00 7.2209e-01 -2.5236e-01 -1.3791e-01 -7.1184e-01 1.8481e+00 6.4469e-01 -3.2471e-01 -2.2300e+00 -1.8943e-01 -1.2342e-02 2.6466e-01 -1.5262e+00 2.2731e+00 -2.1172e-01 -6.9349e-01 -2.7451e-01 -3.1416e-01 -1.9223e-01 -2.4171e+00 -3.0923e+00 -3.9849e-02 -1.1680e+00 -2.6153e-01 -5.8955e+00 3.8161e+00 -2.3477e-01 -5.0988e+00 -4.6393e-01 2.2734e+01 -2.9975e-01 6.7496e+00 -2.4191e-01 -2.8303e-01 1.7012e-02 -8.2725e-02 -2.1171e-01 7.5681e-01 -1.4011e-01 -6.8360e-02 4.9340e+00 1.0394e+00 -2.2543e-02 -1.4570e-01
2.0449e-01 -1.1426e-02 2.8255e-01 -1.5967e-03 -5.6723e-02 2.5559e-01 3.3614e-02 -2.2678e-02 6.1610e-03 4.2721e-01 -2.2459e-02 1.2786e-01 3.3781e-01 -2.3409e-01 -3.3324e-01 1.3350e-01 3.8865e-02 -2.5906e-01 -3.4705e-02 2.7400e-04 -1.4104e+00 -1.0183e-01 -1.9532e-01 3.6993e-01 -7.3169e-02 3.0809e-01 6.3751e+00 4.6742e+00 2.3991e+00 -4.0436e-02 -5.5915e-01 -2.5129e-02 -1.7556e+00 -1.5593e+00 -1.3870e-01 -2.0669e+00 -2.3685e-01 -2.9975e-01 8.8777e+00 -9.5583e-01 1.5185e+00 -2.7158e-02 -3.0042e-02 -9.5402e-03 -1.6272e-02 2.3624e-01 -5.2239e-02 -1.1465e-02 -2.5498e-01 -2.9084e-02 -3.7523e-02 4.2060e-02
-4.0917e-01 -1.0108e-01 -2.2765e+00 8.2425e-01 -7.1651e-01 1.4944e+00 -1.2559e-01 4.8208e-01 -1.3950e+00 -1.4893e+00 -3.4074e-01 -3.2377e-01 -1.4090e+00 -3.4688e-01 2.4475e-01 -3.4504e-01 -2.0253e+00 -7.2165e-01 -8.2570e-02 4.8103e-01 -3.4487e+00 -1.6937e-01 -3.4303e-01 -4.7446e-01 6.1530e-01 -3.4013e-01 -1.0991e+00 -5.2156e+00 -9.6852e+00 -2.3867e-01 -1.9460e+00 -2.9714e-01 7.5798e+00 -1.0475e+00 -1.7989e-01 7.8432e+00 -7.4030e-01 6.7496e+00 -9.5583e-01 2.9750e+01 -1.8026e-01 -3.1053e-01 -9.5919e-02 -2.3202e-01 1.7754e+00 8.4835e-01 -1.3719e-01 -3.4938e-02 4.3240e+00 2.0866e-01 6.2548e-01 -1.4096e-01
1.1618e+00 -9.1666e-02 5.2064e-01 -1.5537e-02 -5.1755e-01 -5.3005e-01 -6.8150e-04 1.6101e-02 -2.9380e-01 4.8168e-01 1.9297e-01 -1.0763e-01 -3.2098e-01 -4.0466e-01 -3.3313e-01 -1.1726e-01 -2.5633e-01 -1.0261e-01 -2.5383e-01 1.7323e+00 -1.7775e-01 -9.0873e-03 -1.2091e-01 -4.5933e-03 -8.8455e-02 -7.8787e-02 1.5542e+00 8.0174e-01 1.0956e+00 -2.2623e-03 -3.2534e-01 -6.3277e-02 -1.1290e+00 -1.0517e+00 -1.2956e-01 -1.2278e+00 -1.1855e-01 -2.4191e-01 1.5185e+00 -1.8026e-01 1.2221e+01 1.4317e+00 3.2761e-01 -7.4103e-03 -1.3216e-01 -5.7721e-02 -8.0432e-02 -1.1873e-02 -3.0112e-01 -1.0301e-01 1.7463e+00 -3.1523e-02
5.3147e-01 -1.5219e-01 -6.1631e-01 -1.9670e+00 1.6258e+00 3.4168e-01 2.2258e-01 -6.6191e-01 -5.0376e-01 1.7469e+00 7.5088e-02 -2.0724e-01 -1.7137e-01 -8.6571e-01 -1.6090e-01 -1.4871e-01 -9.8077e-01 1.8200e-02 1.1114e-01 -1.9392e-01 -5.0578e-02 -2.0802e-02 -4.9946e-02 9.9118e-01 -2.0415e-01 -2.9188e-01 -1.2410e-01 -3.0841e-01 4.1457e-01 -1.2483e-01 -3.3830e-01 5.0988e-01 -1.8041e+00 -3.7891e-01 -1.1188e-01 -2.1852e+00 -1.2890e-01 -2.8303e-01 -2.7158e-02 -3.1053e-01 1.4317e+00 1.2101e+01 -4.0312e-02 3.0538e-02 -1.1412e-01 -1.4417e-01 -1.1339e-01 3.6794e-02 2.3502e-02 3.9245e-02 9.8358e-02 -1.2277e-01
-1.4523e-01 -9.8603e-02 -9.7936e-02 -1.5166e-01 -9.8333e-05 4.9682e-01 -1.0040e-02 -1.2445e-01 7.9264e-02 -6.4537e-01 3.5453e-02 7.2653e-02 2.2888e-01 5.3888e-01 2.5270e-01 -1.8767e-02 8.7015e-02 -1.4986e-02 -1.4344e-01 9.4476e-02 3.7147e-01 -3.4436e-02 -2.1112e-02 -1.5609e-02 -4.5080e-02 -1.3668e-01 -6.2678e-02 1.4761e-01 -3.3415e-01 -4.3698e-02 -1.0986e-01 -1.2375e-02 7.3620e-01 -1.7983e-01 -3.2158e-02 5.3144e-01 -1.4102e-01 1.7012e-02 -3.0042e-02 -9.5919e-02 3.2761e-01 -4.0312e-02 4.9313e+00 1.4820e-02 3.9648e-01 -4.2990e-02 -3.9316e-02 -1.9876e-02 3.2202e-01 2.0797e-02 1.0405e-01 -8.2669e-02
-7.0429e-01 6.8812e-02 1.1973e+00 -2.1143e-01 5.0664e-01 -7.6907e-01 -1.5465e-01 4.0876e-02 4.3267e-01 3.9595e-02 -1.7557e-01 -1.7019e-01 -3.9531e-01 -5.4634e-02 -1.5402e-01 -1.3375e-02 1.3982e+00 1.4316e-02 4.7108e-02 -7.6558e-02 -2.2684e-01 2.1915e-01 -2.3362e-02 -5.2432e-01 -1.0470e-01 5.9246e-01 -3.4724e-02 -3.6910e-01 -4.6066e-01 3.4589e-01 -2.8593e-01 -2.7743e-01 2.0204e+00 5.1919e-02 -2.9904e-02 1.8339e+00 -1.7143e-01 -8.2725e-02 -9.5402e-03 -2.3202e-01 -7.4103e-03 3.0538e-02 1.4820e-02 9.5593e+00 -1.2324e-01 -1.2605e-01 -4.7166e-02 1.3516e-02 2.7595e-01 -1.5749e-02 4.1559e-02 5.1688e-02
1.7295e+00 1.3285e-01 1.1546e+00 -1.7790e-03 -5.9636e-01 1.9839e-01 -1.9822e-01 -7.0759e-02 -8.0155e-01 9.8069e-02 -4.7402e-01 -2.4122e-01 -3.3067e-01 -1.6826e-01 -1.9573e-01 -1.1719e-01 -1.3013e+00 -3.5721e-02 3.5459e-01 -5.8509e-01 -6.7436e-02 2.4825e-01 -4.6647e-02 -3.1568e-01 4.9806e-01 -2.1057e-01 -3.9169e-01 8.1113e-01 -1.1283e+00 -9.2680e-02 -4.8622e-01 -1.2197e-01 -6.6478e-03 -2.0215e-01 -1.3691e-01 -4.6498e-01 -5.2706e-01 -2.1171e-01 -1.6272e-02 1.7754e+00 -1.3216e-01 -1.1412e-01 3.9648e-01 -1.2324e-01 1.7021e+01 -1.5863e-01 1.0949e-01 -5.3033e-02 -4.6004e-01 2.0691e-02 3.3068e-01 7.4151e-02
-9.6023e-01 8.6450e-03 -5.1938e-01 2.8460e-02 -2.5816e-01 -1.4953e+00 -1.1061e-01 9.2119e-02 -6.3058e-01 6.7154e-01 1.0721e+00 1.7325e-01 -2.2362e-01 -8.0922e-01 -3.3960e-01 -2.0908e-01 -3.5557e-01 2.0837e-02 4.1516e-02 -6.0177e-01 -9.0043e-02 -5.5761e-02 -5.8443e-02 9.5412e-01 2.7414e-01 -1.4768e-01 -1.1260e-01 1.3893e+00 9.2923e-01 -1.7749e-01 3.0979e-01 -1.5045e-01 -8.9520e-01 2.6490e+00 -2.4549e-02 -1.8307e+00 -1.1108e-01 7.5681e-01 2.3624e-01 8.4835e-01 -5.7721e-02 -1.4417e-01 -4.2990e-02 -1.2605e-01 -1.5863e-01 1.1137e+01 -1.2488e-01 -3.7660e-02 7.1212e-01 -1.5938e-01 3.9196e-02 -1.5495e-02
-5.4533e-01 -8.9730e-02 1.3542e-01 -1.6134e-01 1.0816e-01 1.6675e-01 -1.2531e-01 -2.4719e-01 -8.1200e-02 -7.2266e-01 -2.6337e-01 -6.9026e-02 3.8815e-01 6.2968e-02 5.3615e-01 -1.6318e-01 2.0952e-01 -2.2982e-02 3.1870e-01 4.2192e-01 3.2882e-01 -5.2958e-02 -5.2980e-02 -6.2574e-02 1.1322e-02 4.0069e-01 -8.2863e-02 -3.0926e-01 1.1067e-01 -5.2036e-02 -2.4623e-01 5.3374e-01 -1.5693e-01 -3.3226e-01 -3.5460e-02 -1.2720e-01 -2.2071e-01 -1.4011e-01 -5.2239e-02 -1.3719e-01 -8.0432e-02 -1.1339e-01 -3.9316e-02 -4.7166e-02 1.0949e-01 -1.2488e-01 9.4474e+00 -3.2055e-02 4.1408e-01 -9.5307e-02 3.0059e-01 -1.2494e-01
1.2856e-01 -3.0428e-01 -5.4049e-01 5.9737e-03 2.6138e-01 4.4930e-01 8.2430e-03 -4.6212e-03 1.8343e-01 -4.0278e-01 -3.0603e-02 1.0569e-01 -6.4958e-02 -4.8813e-02 2.8486e-01 -1.7481e-02 1.7026e-01 6.6650e-04 -1.1769e-01 -3.4404e-01 -2.1358e-01 -2.9135e-02 -5.0754e-02 8.9463e-03 -6.1922e-03 -2.3573e-01 -3.0500e-02 -1.3515e-01 -2.8963e-01 -2.4312e-02 -2.0129e-01 5.7057e-02 3.5486e-01 -3.4183e-02 -4.7277e-02 3.1193e-01 -1.9201e-02 -6.8360e-02 -1.1465e-02 -3.4938e-02 -1.1873e-02 3.6794e-02 -1.9876e-02 1.3516e-02 -5.3033e-02 -3.7660e-02 -3.2055e-02 5.1575e+00 1.4920e-01 9.2669e-02 -1.2466e-01 -4.2649e-02
3.9879e-01 -1.0433e+00 -3.3738e+00 -2.8421e-01 9.8383e-01 1.1581e+00 -2.1339e-01 -6.3667e-01 6.8857e-01 5.0515e-01 -3.5403e-01 -4.1030e-01 -7.7675e-01 -8.4387e-01 7.2677e-01 1.2539e+00 -1.3181e-01 -1.4975e-01 1.5451e+00 9.0707e-01 1.3035e+00 -1.4559e-01 1.1495e-01 -5.9968e-01 -2.1593e-01 5.1270e-01 -4.1004e-01 1.2933e+00 2.5177e+00 -1.1164e-01 -4.3078e-02 -2.9306e-01 -4.2013e+00 5.4672e-01 -2.0137e-01 -3.9578e+00 7.9445e-01 4.9340e+00 -2.5498e-01 4.3240e+00 -3.0112e-01 2.3502e-02 3.2202e-01 2.7595e-01 -4.6004e-01 7.1212e-01 4.1408e-01 1.4920e-01 2.5047e+01 2.2846e-01 1.4576e+00 -1.1472e+00
-3.0933e-01 1.6081e-01 -8.5694e-02 -2.1175e-01 5.3716e-01 6.8051e-01 -1.2542e-01 -1.6191e-01 -4.9367e-01 5.6469e-01 2.3784e-01 -4.9103e-02 -1.9386e-01 1.4171e-01 -1.5616e-01 -1.7058e-01 -3.6514e-01 -3.3412e-02 -4.0287e-01 -3.8048e-01 -1.0574e-01 6.4005e-01 -4.4856e-02 -7.5441e-02 -8.2532e-02 -3.6926e-01 1.3754e-01 9.8540e-02 -5.2171e-01 -1.4093e-01 -1.6969e-01 1.9510e-01 1.1191e-01 -2.2810e-01 -6.9977e-02 3.6767e-01 -1.5296e-01 1.0394e+00 -2.9084e-02 2.0866e-01 -1.0301e-01 3.9245e-02 2.0797e-02 -1.5749e-02 2.0691e-02 -1.5938e-01 -9.5307e-02 9.2669e-02 2.2846e-01 1.1309e+01 -4.6153e-01 1.1259e-01
2.4327e-01 -1.8228e+00 -1.3886e+00 -2.2901e-01 -1.0433e-01 -5.8667e-01 -1.1462e+00 -3.2618e-01 -5.1702e-01 6.1097e-01 -1.2078e+00 -1.5013e+00 -6.8704e-01 -4.1708e-01 -5.7082e-01 -1.8976e-02 -1.2828e+00 4.1914e-02 2.5789e+01 -5.0918e-01 -4.3498e-01 -2.2810e-02 -4.7698e-02 -6.5030e-01 -1.2638e+00 2.0635e-01 5.5780e-01 -4.1247e-01 3.1713e-01 9.7180e-02 -2.9983e+00 6.7571e-01 6.0509e-02 -1.4642e-01 7.0843e-01 6.1380e-01 1.0861e+00 -2.2543e-02 -3.7523e-02 6.2548e-01 1.7463e+00 9.8358e-02 1.0405e-01 4.1559e-02 3.3068e-01 3.9196e-02 3.0059e-01 -1.2466e-01 1.4576e+00 -4.6153e-01 2.7755e+01 -2.4141e+00
-1.4618e-01 1.6496e+01 -6.2241e-01 -6.2415e-01 -5.2415e-02 -1.0339e-01 9.2869e-01 -6.1029e-01 -8.6918e-01 2.4822e-02 7.1159e-01 1.4674e+00 -1.1282e-02 -1.3735e-01 -4.2557e-03 -4.4233e-02 -8.1704e-02 -1.4463e-01 -2.1055e+00 3.5346e-02 -1.4514e-01 -2.6867e-01 -1.0044e-01 -2.2880e-01 -5.7851e-01 -2.0148e-02 1.1298e-01 9.4790e-03 3.0083e-01 1.0952e-02 1.5857e+00 3.8399e-01 -2.9732e-01 3.8953e-02 -3.9002e-01 -4.8630e-02 3.9297e-01 -1.4570e-01 4.2060e-02 -1.4096e-01 -3.1523e-02 -1.2277e-01 -8.2669e-02 5.1688e-02 7.4151e-02 -1.5495e-02 -1.2494e-01 -4.2649e-02 -1.1472e+00 1.1259e-01 -2.4141e+00 1.7733e+01
