3.7174e+01 2.3424e+01 1.7683e-01 -1.8230e+00 3.1387e-01 8.7115e+00 8.8748e-01 2.3692e+00 2.5436e-01 -9.1164e+00 5.1952e-02 -8.8400e-02 3.8661e-02 -1.1214e+01 7.0871e-01 8.1480e+00 -3.4315e-01 -1.5711e+01 -2.7742e-02 3.1881e-01 -5.7796e-02 -6.2822e-01 -4.6324e+00 7.3362e-02 -4.2767e-01 -4.2466e-01 -6.5109e-02 3.2130e-01 -7.6827e-01 1.4240e+00 -2.0907e-01 1.2543e-01 1.1924e+00 6.0987e+00 5.9456e-01 -1.8822e-01 1.0205e+00 1.0985e+00 8.3170e-01 -5.6298e-01 9.6641e-02 9.3505e-02 -7.0876e-02 -5.3830e-01 -7.9422e-03 -1.4090e-01 1.0732e-01 -8.9543e-02 -9.0500e-01 8.4837e-02 -1.2661e+00 -5.9815e-01
2.3424e+01 3.9867e+01 4.6534e-01 -1.8511e+00 5.3514e-01 8.8815e+00 3.3883e-01 9.7110e-01 -2.8798e-01 -8.9230e-01 4.6150e-02 -1.1134e+00 -4.9194e-02 -1.4463e+01 -1.8483e+00 8.6048e+00 -1.0031e+00 -8.0890e+00 -2.0401e-01 4.7822e-01 2.3681e-01 -2.0265e+00 1.9788e+00 9.6800e-02 -3.3910e-01 -4.7248e-01 1.2865e-01 3.2157e-01 -2.5399e+00 1.6097e+00 -2.6603e-01 -7.9658e-02 -1.4575e-01 5.8114e+00 2.3185e-01 -2.6282e-01 -1.5133e+00 5.9333e+00 -8.8588e-01 -5.0798e-01 9.1702e-03 7.1678e-02 -7.3410e-02 -2.8349e-01 -4.4090e-03 -3.0306e-01 9.2158e-02 2.7200e-02 -7.7149e-01 6.4287e-02 -2.3901e+00 -2.0037e+00
1.7683e-01 4.6534e-01 1.0604e+02 -1.5738e+00 -3.6368e+01 -1.5567e+00 -1.4426e+00 -5.5345e+01 1.7711e+01 1.0412e+01 8.0978e-01 2.2289e+01 1.2222e+00 -2.4102e+00 2.5736e+01 7.7033e+00 2.9862e+01 -4.9740e+01 6.2643e+01 1.7835e+00 -1.5562e+00 6.4595e-02 3.7317e+01 -6.8442e+00 2.1594e-02 -4.4208e-01 1.3413e-01 -2.9777e-01 -4.0764e+00 -2.1261e+01 1.1292e+00 3.3442e+00 -4.0804e+00 2.2933e-01 -1.2650e+00 -7.5212e-01 1.1369e-01 1.9688e+01 7.2334e-01 1.5874e+00 -8.1967e-01 -1.1073e-01 1.9702e-03 1.5428e+00 -4.8184e-01 3.1527e-01 9.9884e-01 -1.2680e-01 -2.0129e-01 1.0035e-01 -1.7751e-01 2.8567e-02
-1.8230e+00 -1.8511e+00 -1.5738e+00 6.5089e+01 8.0781e+00 -6.1807e-01 -1.4061e+01 -1.6507e+01 -1.6089e+01 3.4392e+01 -5.7585e-01 3.1908e+01 -1.1395e-01 -2.7697e+00 2.5792e+00 2.5507e+00 3.3109e+01 1.2097e+01 1.2583e+01 -5.7135e-01 1.8928e+00 1.8519e-02 1.8665e+01 1.4246e+00 -2.9450e+00 3.9374e-01 4.7554e-01 -7.6865e-01 -1.7203e-01 7.0602e+00 2.0994e+00 5.6286e+00 9.0914e+00 -1.0171e+00 1.2985e+00 -8.4377e-01 1.3789e+00 3.7933e+00 -2.1753e+00 -3.8718e-01 -1.0073e+00 -6.0656e-01 -8.1150e-01 -3.5568e+00 1.6067e+00 4.2398e-01 2.2071e+00 -1.4939e-01 1.3381e-01 -8.8632e-01 -4.8624e-02 3.5768e-03
3.1387e-01 5.3514e-01 -3.6368e+01 8.0781e+00 4.8203e+01 4.9639e-01 -3.6828e+00 3.3681e+01 7.9527e-03 6.1726e+00 -5.5540e-01 -2.0900e+01 -7.5786e-01 -1.3886e+00 -8.3234e+00 6.8285e-01 -2.2056e+01 3.0484e+01 -2.7906e+01 -2.9048e+00 1.5966e-01 -8.9974e-02 -1.9279e+01 1.3600e+00 -2.2974e-01 -2.1884e-01 2.3630e-01 1.0285e-01 3.9649e-01 2.4188e+01 -1.0062e+00 -1.5417e+00 -4.2014e+00 6.9201e-02 -1.4670e+00 -4.5805e-01 -1.4446e+00 6.2284e+00 -2.0647e-01 2.6549e-01 -2.1687e-01 -2.1224e-02 -1.5971e-01 -7.8459e-01 5.5004e-01 -5.0824e-01 -9.8613e-01 3.3117e-02 1.4465e-01 -4.0512e-01 -1.0699e-01 -1.0111e-01
8.7115e+00 8.8815e+00 -1.5567e+00 -6.1807e-01 4.9639e-01 5.9080e+01 1.4360e+00 8.4259e+00 6.9196e-01 2.9336e+00 -2.7300e-01 5.8275e-01 -2.3757e-02 -1.8138e+01 9.2323e-01 1.7045e+01 -1.5051e+01 -1.6136e+01 -1.3909e+00 2.5314e+00 1.6525e-01 1.5478e-02 8.1897e+00 1.8000e-01 6.5644e-01 -4.7944e+00 -1.0826e-01 -7.0490e-02 -2.0625e+00 9.6506e-02 -2.7447e-01 -2.9414e-01 4.5971e-01 1.8914e+01 5.1412e-01 1.2432e-01 2.1331e+00 1.8186e+01 1.9055e+00 -5.3682e-01 -1.4196e+00 -7.7765e-01 -2.1054e-01 2.1843e-01 -2.3648e-02 -8.3786e-02 -1.3878e-01 3.2512e-02 -8.4266e-01 2.7523e-01 -7.0378e-01 7.8610e-03
8.8748e-01 3.3883e-01 -1.4426e+00 -1.4061e+01 -3.6828e+00 1.4360e+00 4.9193e+01 -7.6121e+00 -6.7569e+00 -1.4674e+01 -5.4980e-02 -5.0479e+00 4.9335e-01 3.0701e-01 -5.5579e+00 2.0714e+00 -7.8832e+00 3.8127e-01 -3.6009e+00 -2.2678e+00 -1.1766e+00 1.5063e-01 5.6542e-01 -7.4621e-01 -4.7869e-01 -9.2120e-01 -2.4359e-01 -4.2464e-01 3.0904e+00 -4.0528e+00 -6.7909e-01 -7.6930e-01 5.2340e-01 -3.7223e-01 -8.0030e-01 1.0410e+00 -1.1886e+00 7.9186e+00 7.1718e-01 -7.2122e-01 3.0082e-01 2.6716e-01 9.9075e-01 -8.0823e-01 -1.1194e-01 -6.3123e-02 -7.7790e-01 -1.9282e-01 -8.9061e-02 -1.4959e-01 -6.8475e-02 1.5309e-01
2.3692e+00 9.7110e-01 -5.5345e+01 -1.6507e+01 3.3681e+01 8.4259e+00 -7.6121e+00 1.3229e+02 2.2974e+01 -4.6869e+01 -1.7881e-01 -4.0052e+01 -1.8003e+00 5.1451e+00 -9.8107e+00 -2.1889e+01 -5.1766e+01 1.7020e+01 -5.2023e+01 -6.3398e+00 -2.3316e+00 -1.2796e-01 -3.7961e+01 3.1522e+00 -7.3700e-01 4.2688e+00 -3.1864e-01 4.9048e-01 -3.9242e+00 1.6405e+01 -2.3116e+00 -6.6198e+00 -1.4732e+01 9.2747e-01 2.3031e+00 -3.7782e-01 -4.7380e+00 -2.9572e+01 -2.8327e+00 8.5861e-02 1.3928e-01 8.5810e-02 -9.9051e-02 2.7048e+00 -1.0254e+00 -6.4329e-01 -2.8376e+00 4.2889e-02 -8.9837e-02 -6.3017e-01 9.2691e-02 -8.9931e-02
2.5436e-01 -2.8798e-01 1.7711e+01 -1.6089e+01 7.9527e-03 6.9196e-01 -6.7569e+00 2.2974e+01 7.2457e+01 -1.9308e+01 6.3836e-01 -1.3767e+01 -3.0024e-01 -9.3408e-01 1.9663e+01 9.5671e-01 -1.5964e+01 -2.7229e+01 3.2727e+00 -1.5421e+00 -1.6349e+00 -2.4867e+00 -7.8585e+00 -3.3728e+00 -1.0830e+00 1.1689e-01 -9.8040e-01 -2.5838e-01 -3.4530e+00 -1.3739e+00 -2.7328e-01 -4.4488e+00 -5.6256e+00 4.0700e-01 -2.0229e+00 5.4237e-03 -1.3884e+00 -7.0843e+00 8.1260e-01 1.4651e+00 8.0475e-01 4.8130e-01 2.7118e-01 5.4111e+00 -1.1563e+00 -3.3329e-01 -1.2878e+00 2.7995e-01 -1.4372e-01 6.0380e-02 -2.3753e+00 -2.6062e+00
-9.1164e+00 -8.9230e-01 1.0412e+01 3.4392e+01 6.1726e+00 2.9336e+00 -1.4674e+01 -4.6869e+01 -1.9308e+01 9.8328e+01 -8.3261e-01 2.1207e+01 4.3113e-01 -2.8614e+00 4.2412e-01 1.3314e+01 1.9600e+01 1.9230e+01 2.0230e+01 -1.4879e+00 8.8718e-01 -3.9144e-01 2.1288e+01 4.3518e-01 7.7548e-01 -1.5575e+00 9.3737e-03 1.5437e-01 -1.3635e+00 9.1189e+00 1.6329e+00 5.0423e+00 2.6738e+01 -1.2304e+00 -3.1496e+00 -1.0551e+00 -2.8296e-01 1.4089e+01 -4.5183e+00 2.9828e-01 -8.1220e-01 -1.4960e-01 -9.8105e-01 -3.1022e+00 1.8655e+00 1.7424e-01 1.4795e+00 8.8242e-01 -2.4390e-01 5.4723e-02 -7.9361e-01 -3.2988e-01
5.1952e-02 4.6150e-02 8.0978e-01 -5.7585e-01 -5.5540e-01 -2.7300e-01 -5.4980e-02 -1.7881e-01 6.3836e-01 -8.3261e-01 3.8834e+00 -2.3457e-01 2.2655e-01 -8.5110e-02 -1.1293e-01 6.8261e-02 1.4725e-02 -5.1241e-01 -4.2903e-01 -1.1077e-01 -7.0389e-02 -8.4650e-03 -3.3910e-01 -5.0072e-02 -3.9484e-02 -1.2703e-03 -1.3794e-02 -1.6200e-02 -3.6831e-02 2.1642e-01 -2.5669e-02 -5.7745e-03 -7.1284e-02 -2.6257e-02 -5.7560e-02 8.3544e-02 -5.4529e-02 1.7474e-01 -7.8595e-02 2.3495e-03 5.5396e-01 -7.3305e-03 -1.1710e-02 -4.2866e-02 -5.1124e-02 7.4722e-02 -2.6814e-02 2.5425e-03 -1.7517e-02 -1.5249e-02 8.2818e-03 3.3362e-03
-8.8400e-02 -1.1134e+00 2.2289e+01 3.1908e+01 -2.0900e+01 5.8275e-01 -5.0479e+00 -4.0052e+01 -1.3767e+01 2.1207e+01 -2.3457e-01 9.3434e+01 1.1611e+00 -1.6592e+00 1.0453e+01 1.3820e+00 7.1409e+01 -2.4180e+01 5.4459e+01 5.5310e-01 8.5313e+00 -4.5746e-01 4.5529e+01 -2.5440e+00 -2.7820e+00 1.4125e-01 2.6597e+00 -1.0474e+00 -1.0458e+00 -1.3660e+01 3.3670e+00 9.2181e+00 4.4379e+00 8.6350e-01 3.3199e+00 4.4864e-01 2.5959e+00 3.4168e+00 -1.3479e+00 -5.2504e-01 -5.8839e-01 -6.6690e-01 -4.0665e-01 -2.7685e+00 3.6692e+00 2.5987e-01 3.6263e+00 -3.3739e-01 2.2443e-02 -4.6191e-01 -6.8299e-01 -4.6748e-01
3.8661e-02 -4.9194e-02 1.2222e+00 -1.1395e-01 -7.5786e-01 -2.3757e-02 4.9335e-01 -1.8003e+00 -3.0024e-01 4.3113e-01 2.2655e-01 1.1611e+00 8.8770e+00 -6.7351e-01 1.9623e-02 3.5367e-01 1.0212e+00 -1.8384e+00 6.1575e-01 2.7992e-01 -2.1988e-01 -3.9402e-01 1.2652e+00 -1.0323e-01 -1.3622e-01 -7.9920e-02 3.3179e-01 -2.5082e-02 -2.2441e-01 -9.2157e-01 4.9767e-01 3.0101e-01 5.9865e-01 5.1439e-02 -2.7826e-01 5.6949e-01 -1.7976e-01 -3.1188e-02 5.4690e-01 -1.7638e-01 -8.7691e-02 5.6349e-02 -3.2662e-02 -2.2361e-01 1.1388e+00 2.6301e-02 5.6482e-01 -2.2822e-02 -3.1158e-02 -6.8669e-02 -5.0028e-01 -4.0797e-01
-1.1214e+01 -1.4463e+01 -2.4102e+00 -2.7697e+00 -1.3886e+00 -1.8138e+01 3.0701e-01 5.1451e+00 -9.3408e-01 -2.8614e+00 -8.5110e-02 -1.6592e+00 -6.7351e-01 7.4772e+01 -2.7531e+00 -2.2115e+01 -4.7502e+00 3.4379e+01 -2.4335e+00 3.0355e-01 -2.7104e-01 1.0888e+01 -9.6400e+00 -4.2828e-01 1.2926e+00 -6.2696e-01 -1.0376e-01 -6.3680e-02 1.7742e+00 -2.7250e+00 -3.3849e-01 -4.5381e-01 -1.1834e-01 -2.3062e+01 -3.7050e-01 -1.6489e-01 -2.5517e+00 -1.1991e+01 -1.8624e+00 4.1803e-01 5.0578e-01 5.9322e-01 4.1124e-01 1.2408e+00 -2.2033e-02 -4.0117e-04 -4.8899e-02 1.8285e-02 1.4993e+00 8.3351e-01 9.1802e+00 1.0617e+01
7.0871e-01 -1.8483e+00 2.5736e+01 2.5792e+00 -8.3234e+00 9.2323e-01 -5.5579e+00 -9.8107e+00 1.9663e+01 4.2412e-01 -1.1293e-01 1.0453e+01 1.9623e-02 -2.7531e+00 6.6284e+01 1.7555e+00 7.7050e+00 -2.9041e+01 2.7538e+01 3.2198e-01 -2.0005e+00 5.4088e-01 1.3457e+00 -4.8975e+00 -7.0088e-01 1.5737e-01 -1.2534e+00 -2.8838e-01 -8.9539e-01 1.2762e+00 -4.2705e-01 -3.4186e+00 -5.7132e+00 -9.6079e-01 -5.5784e-01 -1.4355e+00 4.5646e+00 3.4527e+00 5.9891e+00 1.7328e+00 1.7308e-01 2.7493e-01 -2.4650e-01 8.0216e-01 -1.1017e+00 -2.1472e-01 -6.8470e-01 1.7149e-01 -1.1128e-01 -4.8992e-01 -2.5898e-01 5.1185e-01
8.1480e+00 8.6048e+00 7.7033e+00 2.5507e+00 6.8285e-01 1.7045e+01 2.0714e+00 -2.1889e+01 9.5671e-01 1.3314e+01 6.8261e-02 1.3820e+00 3.5367e-01 -2.2115e+01 1.7555e+00 7.7495e+01 5.1157e+00 -2.1517e+01 7.5199e+00 3.9131e+00 -6.8913e-01 -6.7257e-01 9.7246e+00 6.1177e-01 -1.9332e+00 2.4666e+00 3.7755e-02 -8.7630e-02 -3.8620e+00 -1.2682e+00 -1.0691e-01 1.0702e+00 4.2957e+00 1.9806e+01 -9.2234e+00 2.0376e-01 2.6498e+00 2.6479e+01 3.3138e+00 -3.8600e-01 4.8207e-02 -5.3124e-01 7.5538e-03 -1.5555e-01 -6.2158e-01 -4.4839e-01 2.4259e-01 1.7303e-01 -1.5049e+00 -2.0762e-01 -1.7742e+00 -3.6295e-01
-3.4315e-01 -1.0031e+00 2.9862e+01 3.3109e+01 -2.2056e+01 -1.5051e+01 -7.8832e+00 -5.1766e+01 -1.5964e+01 1.9600e+01 1.4725e-02 7.1409e+01 1.0212e+00 -4.7502e+00 7.7050e+00 5.1157e+00 1.0193e+02 -2.9615e+01 6.0820e+01 -8.0172e-01 8.2871e+00 7.8539e-02 5.1489e+01 -2.8584e+00 -2.5535e+00 -7.3220e-01 3.6250e+00 -9.8459e-01 -1.4241e+00 -1.6533e+01 3.3665e+00 8.1260e+00 -6.8554e-01 -5.3043e-01 3.1958e+00 -1.6609e+00 2.1682e+00 5.8656e+00 -2.3685e+00 -7.9563e-01 -5.7601e-01 -5.2293e-01 -7.0299e-01 -3.5658e+00 3.0164e+00 2.3264e-01 3.7745e+00 -2.3797e-01 2.1993e-01 -4.3557e-01 -1.5593e-01 5.0638e-02
-1.5711e+01 -8.0890e+00 -4.9740e+01 1.2097e+01 3.0484e+01 -1.6136e+01 3.8127e-01 1.7020e+01 -2.7229e+01 1.9230e+01 -5.1241e-01 -2.4180e+01 -1.8384e+00 3.4379e+01 -2.9041e+01 -2.1517e+01 -2.9615e+01 1.4319e+02 -5.9336e+01 -4.1867e+00 -4.7083e+00 9.7514e+00 -1.5091e+01 4.7452e+00 8.2741e-01 -1.6102e+00 -2.7449e+00 2.1982e-01 8.8318e+00 2.8420e+01 -1.3597e+00 4.5339e-01 2.3594e+00 -2.4933e+01 -3.8720e-01 7.2434e-01 -3.9396e+00 -1.8939e+00 -6.6887e+00 -1.0824e+00 -4.4943e-01 -2.8487e-02 1.3997e-01 -2.1741e+00 -1.3414e-01 3.2514e-01 -9.5065e-01 5.8358e-01 1.0410e+00 -5.5454e-01 1.0634e+01 9.6972e+00
-2.7742e-02 -2.0401e-01 6.2643e+01 1.2583e+01 -2.7906e+01 -1.3909e+00 -3.6009e+00 -5.2023e+01 3.2727e+00 2.0230e+01 -4.2903e-01 5.4459e+01 6.1575e-01 -2.4335e+00 2.7538e+01 7.5199e+00 6.0820e+01 -5.9336e+01 1.2488e+02 2.9653e-01 7.6970e+00 2.6138e-01 6.4702e+01 -5.8549e+00 -4.0816e+00 -4.7407e-01 2.2989e+00 -1.8179e+00 -4.7893e+00 -2.1057e+01 2.8018e+00 7.0662e+00 -5.9279e+00 4.0417e-01 5.7797e-01 -2.4899e+00 1.4340e+00 2.5288e+01 1.4317e-01 2.9039e+00 -8.0017e-01 1.7900e-01 -9.0330e-01 -2.8538e+00 1.8816e+00 3.4657e-02 2.6598e+00 3.6102e-03 1.1206e-01 3.0092e-01 5.8224e-02 2.3118e-01
3.1881e-01 4.7822e-01 1.7835e+00 -5.7135e-01 -2.9048e+00 2.5314e+00 -2.2678e+00 -6.3398e+00 -1.5421e+00 -1.4879e+00 -1.1077e-01 5.5310e-01 2.7992e-01 3.0355e-01 3.2198e-01 3.9131e+00 -8.0172e-01 -4.1867e+00 2.9653e-01 3.5975e+01 -1.0568e+00 -7.6819e-02 -2.0641e+00 -2.8960e-01 -3.1908e-01 -1.4249e+00 4.4671e-01 -1.4618e-01 -6.0613e-01 -4.4031e+00 -1.5391e-02 -6.5641e-01 -6.1833e-01 -2.8107e-01 -8.2367e-01 1.0766e+00 -6.6734e-01 1.1474e+01 -9.9676e-01 7.2116e-01 -1.7498e-01 -9.0450e-02 -1.4671e-01 -4.1889e-01 -6.4633e-01 -1.7974e-01 -3.1502e-01 -2.1778e-02 2.0647e-01 6.0876e-01 -5.9022e-01 -1.2144e-01
-5.7796e-02 2.3681e-01 -1.5562e+00 1.8928e+00 1.5966e-01 1.6525e-01 -1.1766e+00 -2.3316e+00 -1.6349e+00 8.8718e-01 -7.0389e-02 8.5313e+00 -2.1988e-01 -2.7104e-01 -2.0005e+00 -6.8913e-01 8.2871e+00 -4.7083e+00 7.6970e+00 -1.0568e+00 2.2171e+01 3.5608e-02 9.4218e+00 -1.5707e-01 3.4880e-02 -2.9452e-02 3.5664e+00 -7.6912e-02 6.4494e-02 -4.8664e+00 -8.8552e-02 -1.1534e+00 1.1286e+01 -2.1610e-01 -6.7106e-01 -2.7406e-01 -5.5951e-01 -1.0368e+01 -2.7265e-01 -2.3531e-01 1.1224e-01 1.8542e-01 -9.0864e-02 -3.6294e-01 5.1057e+00 4.6046e-01 -1.2083e-01 -9.2911e-02 1.9670e-01 -4.2875e-02 -2.4117e-02 2.1297e-02
-6.2822e-01 -2.0265e+00 6.4595e-02 1.8519e-02 -8.9974e-02 1.5478e-02 1.5063e-01 -1.2796e-01 -2.4867e+00 -3.9144e-01 -8.4650e-03 -4.5746e-01 -3.9402e-01 1.0888e+01 5.4088e-01 -6.7257e-01 7.8539e-02 9.7514e+00 2.6138e-01 -7.6819e-02 3.5608e-02 1.7612e+01 -1.4500e-01 -1.0624e-01 -2.5754e-01 -2.1192e-03 -3.0778e-01 -1.0067e-01 1.9671e-02 -1.2937e+00 1.9333e-02 -5.0165e-01 2.4848e-02 -5.9328e-01 3.4475e-02 6.3682e-02 -7.2205e-01 -5.2237e-01 -2.3265e-01 1.2928e-02 1.8102e-02 -2.6857e-02 1.7969e-01 3.3319e-02 -1.9003e-01 -2.9506e-01 5.6913e-02 -1.0388e-01 -6.6509e-02 -6.8756e-02 8.9342e+00 1.5981e+01
-4.6324e+00 1.9788e+00 3.7317e+01 1.8665e+01 -1.9279e+01 8.1897e+00 5.6542e-01 -3.7961e+01 -7.8585e+00 2.1288e+01 -3.3910e-01 4.5529e+01 1.2652e+00 -9.6400e+00 1.3457e+00 9.7246e+00 5.1489e+01 -1.5091e+01 6.4702e+01 -2.0641e+00 9.4218e+00 -1.4500e-01 1.2294e+02 -2.5483e+00 -3.7124e+00 -1.0847e+00 3.3077e+00 -1.0170e+00 2.3462e-01 -2.5538e+01 3.0178e+00 1.0557e+01 -2.5665e+00 3.3454e+00 3.1758e+00 -1.7264e+00 2.8457e+00 3.5995e+01 -5.6576e+00 8.0393e-01 -8.6674e-01 -4.9143e-01 -6.7762e-01 -2.5720e+00 2.4852e+00 3.5713e-01 3.1663e+00 2.5743e-01 -1.3046e-01 -7.9267e-01 1.6849e-02 -1.6431e-01
7.3362e-02 9.6800e-02 -6.8442e+00 1.4246e+00 1.3600e+00 1.8000e-01 -7.4621e-01 3.1522e+00 -3.3728e+00 4.3518e-01 -5.0072e-02 -2.5440e+00 -1.0323e-01 -4.2828e-01 -4.8975e+00 6.1177e-01 -2.8584e+00 4.7452e+00 -5.8549e+00 -2.8960e-01 -1.5707e-01 -1.0624e-01 -2.5483e+00 1.8774e+01 -2.0521e-01 -2.0642e-01 -5.1543e-01 3.5981e-01 -7.1430e-01 7.5213e-01 -5.0750e-02 -9.6511e-01 9.0785e-01 3.5408e-01 -2.9126e-01 -2.8838e-01 -2.2472e-01 -5.0991e-01 2.0961e-01 -3.3115e-02 -1.9194e-01 3.7964e-02 -9.0400e-02 -1.2833e-01 -7.1261e-02 -5.8777e-02 -6.7277e-02 -7.8200e-02 -4.0920e-02 3.3558e-01 1.2620e-01 -1.1202e-01
-4.2767e-01 -3.3910e-01 2.1594e-02 -2.9450e+00 -2.2974e-01 6.5644e-01 -4.7869e-01 -7.3700e-01 -1.0830e+00 7.7548e-01 -3.9484e-02 -2.7820e+00 -1.3622e-01 1.2926e+00 -7.0088e-01 -1.9332e+00 -2.5535e+00 8.2741e-01 -4.0816e+00 -3.1908e-01 3.4880e-02 -2.5754e-01 -3.7124e+00 -2.0521e-01 1.9688e+01 -3.3679e-01 4.7399e-01 1.4554e+00 -2.2561e-01 -6.1016e-01 -2.5158e-01 -4.2823e-02 -5.6590e-01 -1.3741e+00 -4.7608e-01 -2.5861e-01 -2.8605e-01 -7.6376e-01 1.0062e-01 -2.3970e-01 -4.9039e-02 -1.0015e-01 2.1948e-01 -1.8559e-01 -5.6914e-02 -8.6598e-02 2.7857e-01 -8.5900e-02 1.5262e-01 -4.0902e-02 -3.7741e-01 -2.5460e-01
-4.2466e-01 -4.7248e-01 -4.4208e-01 3.9374e-01 -2.1884e-01 -4.7944e+00 -9.2120e-01 4.2688e+00 1.1689e-01 -1.5575e+00 -1.2703e-03 1.4125e-01 -7.9920e-02 -6.2696e-01 1.5737e-01 2.4666e+00 -7.3220e-01 -1.6102e+00 -4.7407e-01 -1.4249e+00 -2.9452e-02 -2.1192e-03 -1.0847e+00 -2.0642e-01 -3.3679e-01 1.8738e+01 4.4025e-02 1.4484e+00 -7.8177e-01 -5.2698e-01 4.7182e-01 -2.1154e-01 -1.7887e+00 -3.3325e-02 -1.7046e-01 -2.3532e-01 -4.5363e-01 -3.8623e+00 -6.6401e-01 -1.4627e-01 7.3200e-01 -4.1895e-02 1.9300e-02 -1.9069e-01 -1.0394e-01 -1.2697e-01 -9.4191e-02 1.5405e-02 -9.8531e-02 -1.0539e-01 -1.0651e-01 -1.1414e-02
-6.5109e-02 1.2865e-01 1.3413e-01 4.7554e-01 2.3630e-01 -1.0826e-01 -2.4359e-01 -3.1864e-01 -9.8040e-01 9.3737e-03 -1.3794e-02 2.6597e+00 3.3179e-01 -1.0376e-01 -1.2534e+00 3.7755e-02 3.6250e+00 -2.7449e+00 2.2989e+00 4.4671e-01 3.5664e+00 -3.0778e-01 3.3077e+00 -5.1543e-01 4.7399e-01 4.4025e-02 1.4015e+01 -1.3254e-02 -3.7970e-01 -2.8277e+00 6.9691e-01 -2.4625e-01 3.4055e+00 -3.8783e-01 -2.0629e-01 3.0655e-01 -1.9962e-01 -3.7221e+00 -3.1345e-01 4.6163e-02 -1.2266e-01 -6.6364e-02 -6.5601e-02 -1.3143e-01 -2.1380e-02 -8.1870e-02 3.4783e-01 -7.1097e-02 -6.4132e-02 -5.3339e-02 -4.0554e-01 -3.5200e-01
3.2130e-01 3.2157e-01 -2.9777e-01 -7.6865e-01 1.0285e-01 -7.0490e-02 -4.2464e-01 4.9048e-01 -2.5838e-01 1.5437e-01 -1.6200e-02 -1.0474e+00 -2.5082e-02 -6.3680e-02 -2.8838e-01 -8.7630e-02 -9.8459e-01 2.1982e-01 -1.8179e+00 -1.4618e-01 -7.6912e-02 -1.0067e-01 -1.0170e+00 3.5981e-01 1.4554e+00 1.4484e+00 -1.3254e-02 8.2171e+00 -2.6270e-01 -3.9574e-02 -1.2121e-01 -1.9208e-01 -6.0442e-01 -2.3678e-01 -2.4799e-01 -1.1913e-01 -3.4827e-02 3.1644e-01 -2.6103e-01 -1.5828e-01 -6.4237e-02 -3.0771e-02 -6.9857e-02 -6.5283e-02 9.3328e-02 -4.9617e-02 -1.1298e-01 3.1025e-02 4.9103e-01 -1.3370e-02 6.4014e-02 -1.0223e-01
-7.6827e-01 -2.5399e+00 -4.0764e+00 -1.7203e-01 3.9649e-01 -2.0625e+00 3.0904e+00 -3.9242e+00 -3.4530e+00 -1.3635e+00 -3.6831e-02 -1.0458e+00 -2.2441e-01 1.7742e+00 -8.9539e-01 -3.8620e+00 -1.4241e+00 8.8318e+00 -4.7893e+00 -6.0613e-01 6.4494e-02 1.9671e-02 2.3462e-01 -7.1430e-01 -2.2561e-01 -7.8177e-01 -3.7970e-01 -2.6270e-01 2.2276e+01 2.7328e-01 -6.6049e-02 2.5289e-02 1.1622e-01 -2.4121e+00 -3.0676e-01 -3.1462e-01 4.4718e+00 -4.8294e+00 1.9818e+00 -7.2033e-01 -1.1332e-01 -1.2540e-01 -3.2632e-02 -6.9603e-02 -2.0135e-02 2.0779e-01 -6.9939e-02 -1.2427e-01 2.2629e-01 -6.1320e-02 3.1952e-02 1.0221e-02
1.4240e+00 1.6097e+00 -2.1261e+01 7.0602e+00 2.4188e+01 9.6506e-02 -4.0528e+00 1.6405e+01 -1.3739e+00 9.1189e+00 2.1642e-01 -1.3660e+01 -9.2157e-01 -2.7250e+00 1.2762e+00 -1.2682e+00 -1.6533e+01 2.8420e+01 -2.1057e+01 -4.4031e+00 -4.8664e+00 -1.2937e+00 -2.5538e+01 7.5213e-01 -6.1016e-01 -5.2698e-01 -2.8277e+00 -3.9574e-02 2.7328e-01 5.9443e+01 -1.1984e+00 -5.5512e+00 -1.2384e+01 -5.0554e-01 -1.9006e+00 -3.7274e+00 -3.1207e+00 1.7438e+01 -2.2497e-01 1.1613e+00 1.6252e+00 -1.4045e-01 -2.5829e-02 -1.8876e+00 -6.4036e-01 -2.5270e-01 -1.2777e+00 -1.2465e-01 3.8803e-01 -5.0446e-01 -1.3243e+00 -1.3265e+00
-2.0907e-01 -2.6603e-01 1.1292e+00 2.0994e+00 -1.0062e+00 -2.7447e-01 -6.7909e-01 -2.3116e+00 -2.7328e-01 1.6329e+00 -2.5669e-02 3.3670e+00 4.9767e-01 -3.3849e-01 -4.2705e-01 -1.0691e-01 3.3665e+00 -1.3597e+00 2.8018e+00 -1.5391e-02 -8.8552e-02 1.9333e-02 3.0178e+00 -5.0750e-02 -2.5158e-01 4.7182e-01 6.9691e-01 -1.2121e-01 -6.6049e-02 -1.1984e+00 1.1714e+01 3.8387e+00 -1.1677e+00 -1.5510e-01 -3.8249e-01 -1.4913e-01 6.3723e-01 1.6036e+00 -3.5866e-01 -1.4828e-01 -3.2406e-02 7.1036e-02 -6.4878e-02 -3.2698e-01 -3.9767e-01 -8.9296e-02 5.7248e+00 -3.9068e-02 3.7855e-02 -1.0531e-01 5.0615e-03 2.5757e-02
1.2543e-01 -7.9658e-02 3.3442e+00 5.6286e+00 -1.5417e+00 -2.9414e-01 -7.6930e-01 -6.6198e+00 -4.4488e+00 5.0423e+00 -5.7745e-03 9.2181e+00 3.0101e-01 -4.5381e-01 -3.4186e+00 1.0702e+00 8.1260e+00 4.5339e-01 7.0662e+00 -6.5641e-01 -1.1534e+00 -5.0165e-01 1.0557e+01 -9.6511e-01 -4.2823e-02 -2.1154e-01 -2.4625e-01 -1.9208e-01 2.5289e-02 -5.5512e+00 3.8387e+00 3.0997e+01 -9.5080e-01 1.5805e-02 -1.6208e+00 2.8239e+00 5.4527e+00 4.5898e+00 -4.6341e-01 7.2618e-01 1.2632e+00 -2.1359e-01 -1.6597e-01 -9.2617e-01 -7.9946e-01 -1.8254e-01 4.1718e+00 -1.2282e-01 -6.0000e-02 8.6178e-03 -1.1016e-01 -5.0873e-01
1.1924e+00 -1.4575e-01 -4.0804e+00 9.0914e+00 -4.2014e+00 4.5971e-01 5.2340e-01 -1.4732e+01 -5.6256e+00 2.6738e+01 -7.1284e-02 4.4379e+00 5.9865e-01 -1.1834e-01 -5.7132e+00 4.2957e+00 -6.8554e-01 2.3594e+00 -5.9279e+00 -6.1833e-01 1.1286e+01 2.4848e-02 -2.5665e+00 9.0785e-01 -5.6590e-01 -1.7887e+00 3.4055e+00 -6.0442e-01 1.1622e-01 -1.2384e+01 -1.1677e+00 -9.5080e-01 8.1304e+01 2.3122e-01 -3.8885e+00 4.8474e+00 -2.1917e+00 -4.5510e+01 -2.8357e+00 2.4031e+00 2.6839e-01 2.6624e-01 -4.5888e-01 -1.4549e+00 5.8765e+00 7.3513e-01 -1.3621e+00 -1.8838e-01 -1.7433e-01 -4.1814e-01 2.3640e-01 7.9817e-01
6.0987e+00 5.8114e+00 2.2933e-01 -1.0171e+00 6.9201e-02 1.8914e+01 -3.7223e-01 9.2747e-01 4.0700e-01 -1.2304e+00 -2.6257e-02 8.6350e-01 5.1439e-02 -2.3062e+01 -9.6079e-01 1.9806e+01 -5.3043e-01 -2.4933e+01 4.0417e-01 -2.8107e-01 -2.1610e-01 -5.9328e-01 3.3454e+00 3.5408e-01 -1.3741e+00 -3.3325e-02 -3.8783e-01 -2.3678e-01 -2.4121e+00 -5.0554e-01 -1.5510e-01 1.5805e-02 2.3122e-01 4.0277e+01 -4.2104e-01 -1.4871e-01 -6.1313e-01 1.5272e+01 1.1396e+00 -7.1722e-01 6.7644e-02 -7.0860e-01 -1.8160e-01 -2.3348e-02 3.4169e-02 -3.6024e-01 -2.0160e-01 -4.1137e-03 5.6601e-01 1.6070e-01 6.2749e+00 -6.3737e-01
5.9456e-01 2.3185e-01 -1.2650e+00 1.2985e+00 -1.4670e+00 5.1412e-01 -8.0030e-01 2.3031e+00 -2.0229e+00 -3.1496e+00 -5.7560e-02 3.3199e+00 -2.7826e-01 -3.7050e-01 -5.5784e-01 -9.2234e+00 3.1958e+00 -3.8720e-01 5.7797e-01 -8.2367e-01 -6.7106e-01 3.4475e-02 3.1758e+00 -2.9126e-01 -4.7608e-01 -1.7046e-01 -2.0629e-01 -2.4799e-01 -3.0676e-01 -1.9006e+00 -3.8249e-01 -1.6208e+00 -3.8885e+00 -4.2104e-01 2.8427e+01 -2.6096e-01 -6.1070e-01 -2.2467e+00 -5.9690e-01 -2.2116e-01 -2.8774e-01 -7.2128e-02 -1.7506e-01 1.5016e-01 -4.8821e-01 5.4513e-01 -5.6966e-01 6.5961e-02 -5.8489e-02 -1.3351e-01 1.2909e-01 1.5428e-02
-1.8822e-01 -2.6282e-01 -7.5212e-01 -8.4377e-01 -4.5805e-01 1.2432e-01 1.0410e+00 -3.7782e-01 5.4237e-03 -1.0551e+00 8.3544e-02 4.4864e-01 5.6949e-01 -1.6489e-01 -1.4355e+00 2.0376e-01 -1.6609e+00 7.2434e-01 -2.4899e+00 1.0766e+00 -2.7406e-01 6.3682e-02 -1.7264e+00 -2.8838e-01 -2.5861e-01 -2.3532e-01 3.0655e-01 -1.1913e-01 -3.1462e-01 -3.7274e+00 -1.4913e-01 2.8239e+00 4.8474e+00 -1.4871e-01 -2.6096e-01 1.2816e+01 -2.0920e-01 -4.1398e+00 -9.0815e-02 -1.5927e-01 -7.5007e-02 -1.9194e-02 -7.3865e-02 -1.7138e-01 -1.1068e-01 1.0331e-02 -1.1214e-01 -5.7748e-02 -5.3487e-02 -6.1803e-02 -2.0029e-02 3.4499e-02
1.0205e+00 -1.5133e+00 1.1369e-01 1.3789e+00 -1.4446e+00 2.1331e+00 -1.1886e+00 -4.7380e+00 -1.3884e+00 -2.8296e-01 -5.4529e-02 2.5959e+00 -1.7976e-01 -2.5517e+00 4.5646e+00 2.6498e+00 2.1682e+00 -3.9396e+00 1.4340e+00 -6.6734e-01 -5.5951e-01 -7.2205e-01 2.8457e+00 -2.2472e-01 -2.8605e-01 -4.5363e-01 -1.9962e-01 -3.4827e-02 4.4718e+00 -3.1207e+00 6.3723e-01 5.4527e+00 -2.1917e+00 -6.1313e-01 -6.1070e-01 -2.0920e-01 2.1590e+01 -8.3538e-01 3.5888e+00 -2.0003e-01 3.7515e-02 -2.2427e-02 -1.4856e-01 -2.7774e-01 -6.0240e-01 4.0977e-02 7.5712e-01 -7.2954e-02 -1.8067e-01 1.2799e-01 6.8715e-01 -7.4727e-01
1.0985e+00 5.9333e+00 1.9688e+01 3.7933e+00 6.2284e+00 1.8186e+01 7.9186e+00 -2.9572e+01 -7.0843e+00 1.4089e+01 1.7474e-01 3.4168e+00 -3.1188e-02 -1.1991e+01 3.4527e+00 2.6479e+01 5.8656e+00 -1.8939e+00 2.5288e+01 1.1474e+01 -1.0368e+01 -5.2237e-01 3.5995e+01 -5.0991e-01 -7.6376e-01 -3.8623e+00 -3.7221e+00 3.1644e-01 -4.8294e+00 1.7438e+01 1.6036e+00 4.5898e+00 -4.5510e+01 1.5272e+01 -2.2467e+00 -4.1398e+00 -8.3538e-01 1.5271e+02 -8.0740e+00 8.9674e-01 8.2142e-01 -1.3443e+00 3.1384e-01 -4.3322e+00 -5.1683e+00 7.7887e-02 2.3246e+00 2.2931e-01 -3.4122e-01 1.1103e+00 4.1795e-01 -4.6312e-01
8.3170e-01 -8.8588e-01 7.2334e-01 -2.1753e+00 -2.0647e-01 1.9055e+00 7.1718e-01 -2.8327e+00 8.1260e-01 -4.5183e+00 -7.8595e-02 -1.3479e+00 5.4690e-01 -1.8624e+00 5.9891e+00 3.3138e+00 -2.3685e+00 -6.6887e+00 1.4317e-01 -9.9676e-01 -2.7265e-01 -2.3265e-01 -5.6576e+00 2.0961e-01 1.0062e-01 -6.6401e-01 -3.1345e-01 -2.6103e-01 1.9818e+00 -2.2497e-01 -3.5866e-01 -4.6341e-01 -2.8357e+00 1.1396e+00 -5.9690e-01 -9.0815e-02 3.5888e+00 -8.0740e+00 3.0391e+01 -1.1622e-03 -4.0361e-01 -1.5618e-01 -1.7507e-01 2.8966e+00 -1.7841e-01 -1.4414e-01 1.3573e-01 -2.1831e-01 -9.5654e-02 -6.6359e-02 -2.8845e-01 -2.4306e-01
-5.6298e-01 -5.0798e-01 1.5874e+00 -3.8718e-01 2.6549e-01 -5.3682e-01 -7.2122e-01 8.5861e-02 1.4651e+00 2.9828e-01 2.3495e-03 -5.2504e-01 -1.7638e-01 4.1803e-01 1.7328e+00 -3.8600e-01 -7.9563e-01 -1.0824e+00 2.9039e+00 7.2116e-01 -2.3531e-01 1.2928e-02 8.0393e-01 -3.3115e-02 -2.3970e-01 -1.4627e-01 4.6163e-02 -1.5828e-01 -7.2033e-01 1.1613e+00 -1.4828e-01 7.2618e-01 2.4031e+00 -7.1722e-01 -2.2116e-01 -1.5927e-01 -2.0003e-01 8.9674e-01 -1.1622e-03 1.2688e+01 2.8845e-01 -9.9877e-02 -5.8889e-02 -2.0948e-01 -1.2865e-01 -4.4693e-02 -1.3509e-01 -2.2567e-02 -6.9539e-02 -4.3525e-02 1.0293e-01 3.4675e-03
9.6641e-02 9.1702e-03 -8.1967e-01 -1.0073e+00 -2.1687e-01 -1.4196e+00 3.0082e-01 1.3928e-01 8.0475e-01 -8.1220e-01 5.5396e-01 -5.8839e-01 -8.7691e-02 5.0578e-01 1.7308e-01 4.8207e-02 -5.7601e-01 -4.4943e-01 -8.0017e-01 -1.7498e-01 1.1224e-01 1.8102e-02 -8.6674e-01 -1.9194e-01 -4.9039e-02 7.3200e-01 -1.2266e-01 -6.4237e-02 -1.1332e-01 1.6252e+00 -3.2406e-02 1.2632e+00 2.6839e-01 6.7644e-02 -2.8774e-01 -7.5007e-02 3.7515e-02 8.2142e-01 -4.0361e-01 2.8845e-01 1.0320e+01 5.9471e-02 8.5266e-02 -1.6921e-01 -1.3128e-01 -5.7104e-02 -1.5726e-01 -3.2502e-02 -3.2999e-02 -3.1391e-02 5.2307e-02 1.6475e-02
9.3505e-02 7.1678e-02 -1.1073e-01 -6.0656e-01 -2.1224e-02 -7.7765e-01 2.6716e-01 8.5810e-02 4.8130e-01 -1.4960e-01 -7.3305e-03 -6.6690e-01 5.6349e-02 5.9322e-01 2.7493e-01 -5.3124e-01 -5.2293e-01 -2.8487e-02 1.7900e-01 -9.0450e-02 1.8542e-01 -2.6857e-02 -4.9143e-01 3.7964e-02 -1.0015e-01 -4.1895e-02 -6.6364e-02 -3.0771e-02 -1.2540e-01 -1.4045e-01 7.1036e-02 -2.1359e-01 2.6624e-01 -7.0860e-01 -7.2128e-02 -1.9194e-02 -2.2427e-02 -1.3443e+00 -1.5618e-01 -9.9877e-02 5.9471e-02 5.8930e+00 -6.5733e-03 7.4709e-02 -3.6177e-02 -2.6569e-02 -5.7988e-02 -4.3893e-02 -7.4183e-04 -4.2464e-02 -1.2233e-02 -3.1588e-02
-7.0876e-02 -7.3410e-02 1.9702e-03 -8.1150e-01 -1.5971e-01 -2.1054e-01 9.9075e-01 -9.9051e-02 2.7118e-01 -9.8105e-01 -1.1710e-02 -4.0665e-01 -3.2662e-02 4.1124e-01 -2.4650e-01 7.5538e-03 -7.0299e-01 1.3997e-01 -9.0330e-01 -1.4671e-01 -9.0864e-02 1.7969e-01 -6.7762e-01 -9.0400e-02 2.1948e-01 1.9300e-02 -6.5601e-02 -6.9857e-02 -3.2632e-02 -2.5829e-02 -6.4878e-02 -1.6597e-01 -4.5888e-01 -1.8160e-01 -1.7506e-01 -7.3865e-02 -1.4856e-01 3.1384e-01 -1.7507e-01 -5.8889e-02 8.5266e-02 -6.5733e-03 6.8346e+00 2.7779e-01 -7.9069e-02 -2.6220e-02 -4.9330e-02 -2.5885e-02 9.7711e-02 4.1989e-02 6.6337e-02 1.6855e-01
-5.3830e-01 -2.8349e-01 1.5428e+00 -3.5568e+00 -7.8459e-01 2.1843e-01 -8.0823e-01 2.7048e+00 5.4111e+00 -3.1022e+00 -4.2866e-02 -2.7685e+00 -2.2361e-01 1.2408e+00 8.0216e-01 -1.5555e-01 -3.5658e+00 -2.1741e+00 -2.8538e+00 -4.1889e-01 -3.6294e-01 3.3319e-02 -2.5720e+00 -1.2833e-01 -1.8559e-01 -1.9069e-01 -1.3143e-01 -6.5283e-02 -6.9603e-02 -1.8876e+00 -3.2698e-01 -9.2617e-01 -1.4549e+00 -2.3348e-02 1.5016e-01 -1.7138e-01 -2.7774e-01 -4.3322e+00 2.8966e+00 -2.0948e-01 -1.6921e-01 7.4709e-02 2.7779e-01 1.4300e+01 -5.8152e-01 -2.4589e-02 -3.4615e-01 8.2666e-02 1.8820e-02 -6.4027e-02 3.2103e-02 2.6515e-02
-7.9422e-03 -4.4090e-03 -4.8184e-01 1.6067e+00 5.5004e-01 -2.3648e-02 -1.1194e-01 -1.0254e+00 -1.1563e+00 1.8655e+00 -5.1124e-02 3.6692e+00 1.1388e+00 -2.2033e-02 -1.1017e+00 -6.2158e-01 3.0164e+00 -1.3414e-01 1.8816e+00 -6.4633e-01 5.1057e+00 -1.9003e-01 2.4852e+00 -7.1261e-02 -5.6914e-02 -1.0394e-01 -2.1380e-02 9.3328e-02 -2.0135e-02 -6.4036e-01 -3.9767e-01 -7.9946e-01 5.8765e+00 3.4169e-02 -4.8821e-01 -1.1068e-01 -6.0240e-01 -5.1683e+00 -1.7841e-01 -1.2865e-01 -1.3128e-01 -3.6177e-02 -7.9069e-02 -5.8152e-01 1.2575e+01 4.6600e-01 -4.1996e-01 -2.4676e-02 -1.2428e-02 -1.6278e-01 9.1332e-02 -1.7218e-01
-1.4090e-01 -3.0306e-01 3.1527e-01 4.2398e-01 -5.0824e-01 -8.3786e-02 -6.3123e-02 -6.4329e-01 -3.3329e-01 1.7424e-01 7.4722e-02 2.5987e-01 2.6301e-02 -4.0117e-04 -2.1472e-01 -4.4839e-01 2.3264e-01 3.2514e-01 3.4657e-02 -1.7974e-01 4.6046e-01 -2.9506e-01 3.5713e-01 -5.8777e-02 -8.6598e-02 -1.2697e-01 -8.1870e-02 -4.9617e-02 2.0779e-01 -2.5270e-01 -8.9296e-02 -1.8254e-01 7.3513e-01 -3.6024e-01 5.4513e-01 1.0331e-02 4.0977e-02 7.7887e-02 -1.4414e-01 -4.4693e-02 -5.7104e-02 -2.6569e-02 -2.6220e-02 -2.4589e-02 4.6600e-01 8.4751e+00 -8.2107e-02 -3.7064e-02 4.4050e-01 -3.8640e-02 -1.7040e-01 9.9916e-01
1.0732e-01 9.2158e-02 9.9884e-01 2.2071e+00 -9.8613e-01 -1.3878e-01 -7.7790e-01 -2.8376e+00 -1.2878e+00 1.4795e+00 -2.6814e-02 3.6263e+00 5.6482e-01 -4.8899e-02 -6.8470e-01 2.4259e-01 3.7745e+00 -9.5065e-01 2.6598e+00 -3.1502e-01 -1.2083e-01 5.6913e-02 3.1663e+00 -6.7277e-02 2.7857e-01 -9.4191e-02 3.4783e-01 -1.1298e-01 -6.9939e-02 -1.2777e+00 5.7248e+00 4.1718e+00 -1.3621e+00 -2.0160e-01 -5.6966e-01 -1.1214e-01 7.5712e-01 2.3246e+00 1.3573e-01 -1.3509e-01 -1.5726e-01 -5.7988e-02 -4.9330e-02 -3.4615e-01 -4.1996e-01 -8.2107e-02 1.1196e+01 -3.6011e-02 8.8190e-03 -7.1532e-02 4.3925e-02 5.4215e-02
-8.9543e-02 2.7200e-02 -1.2680e-01 -1.4939e-01 3.3117e-02 3.2512e-02 -1.9282e-01 4.2889e-02 2.7995e-01 8.8242e-01 2.5425e-03 -3.3739e-01 -2.2822e-02 1.8285e-02 1.7149e-01 1.7303e-01 -2.3797e-01 5.8358e-01 3.6102e-03 -2.1778e-02 -9.2911e-02 -1.0388e-01 2.5743e-01 -7.8200e-02 -8.5900e-02 1.5405e-02 -7.1097e-02 3.1025e-02 -1.2427e-01 -1.2465e-01 -3.9068e-02 -1.2282e-01 -1.8838e-01 -4.1137e-03 6.5961e-02 -5.7748e-02 -7.2954e-02 2.2931e-01 -2.1831e-01 -2.2567e-02 -3.2502e-02 -4.3893e-02 -2.5885e-02 8.2666e-02 -2.4676e-02 -3.7064e-02 -3.6011e-02 6.2461e+00 -2.1369e-02 -2.9801e-02 -5.0115e-02 -1.1407e-01
-9.0500e-01 -7.7149e-01 -2.0129e-01 1.3381e-01 1.4465e-01 -8.4266e-01 -8.9061e-02 -8.9837e-02 -1.4372e-01 -2.4390e-01 -1.7517e-02 2.2443e-02 -3.1158e-02 1.4993e+00 -1.1128e-01 -1.5049e+00 2.1993e-01 1.0410e+00 1.1206e-01 2.0647e-01 1.9670e-01 -6.6509e-02 -1.3046e-01 -4.0920e-02 1.5262e-01 -9.8531e-02 -6.4132e-02 4.9103e-01 2.2629e-01 3.8803e-01 3.7855e-02 -6.0000e-02 -1.7433e-01 5.6601e-01 -5.8489e-02 -5.3487e-02 -1.8067e-01 -3.4122e-01 -9.5654e-02 -6.9539e-02 -3.2999e-02 -7.4183e-04 9.7711e-02 1.8820e-02 -1.2428e-02 4.4050e-01 8.8190e-03 -2.1369e-02 7.7160e+00 -1.8540e-02 -1.0816e-01 4.2968e-02
8.4837e-02 6.4287e-02 1.0035e-01 -8.8632e-01 -4.0512e-01 2.7523e-01 -1.4959e-01 -6.3017e-01 6.0380e-02 5.4723e-02 -1.5249e-02 -4.6191e-01 -6.8669e-02 8.3351e-01 -4.8992e-01 -2.0762e-01 -4.3557e-01 -5.5454e-01 3.0092e-01 6.0876e-01 -4.2875e-02 -6.8756e-02 -7.9267e-01 3.3558e-01 -4.0902e-02 -1.0539e-01 -5.3339e-02 -1.3370e-02 -6.1320e-02 -5.0446e-01 -1.0531e-01 8.6178e-03 -4.1814e-01 1.6070e-01 -1.3351e-01 -6.1803e-02 1.2799e-01 1.1103e+00 -6.6359e-02 -4.3525e-02 -3.1391e-02 -4.2464e-02 4.1989e-02 -6.4027e-02 -1.6278e-01 -3.8640e-02 -7.1532e-02 -2.9801e-02 -1.8540e-02 6.4807e+00 -1.2117e-01 -8.3572e-02
-1.2661e+00 -2.3901e+00 -1.7751e-01 -4.8624e-02 -1.0699e-01 -7.0378e-01 -6.8475e-02 9.2691e-02 -2.3753e+00 -7.9361e-01 8.2818e-03 -6.8299e-01 -5.0028e-01 9.1802e+00 -2.5898e-01 -1.7742e+00 -1.5593e-01 1.0634e+01 5.8224e-02 -5.9022e-01 -2.4117e-02 8.9342e+00 1.6849e-02 1.2620e-01 -3.7741e-01 -1.0651e-01 -4.0554e-01 6.4014e-02 3.1952e-02 -1.3243e+00 5.0615e-03 -1.1016e-01 2.3640e-01 6.2749e+00 1.2909e-01 -2.0029e-02 6.8715e-01 4.1795e-01 -2.8845e-01 1.0293e-01 5.2307e-02 -1.2233e-02 6.6337e-02 3.2103e-02 9.1332e-02 -1.7040e-01 4.3925e-02 -5.0115e-02 -1.0816e-01 -1.2117e-01 1.7170e+01 8.7678e+00
-5.9815e-01 -2.0037e+00 2.8567e-02 3.5768e-03 -1.0111e-01 7.8610e-03 1.5309e-01 -8.9931e-02 -2.6062e+00 -3.2988e-01 3.3362e-03 -4.6748e-01 -4.0797e-01 1.0617e+01 5.1185e-01 -3.6295e-01 5.0638e-02 9.6972e+00 2.3118e-01 -1.2144e-01 2.1297e-02 1.5981e+01 -1.6431e-01 -1.1202e-01 -2.5460e-01 -1.1414e-02 -3.5200e-01 -1.0223e-01 1.0221e-02 -1.3265e+00 2.5757e-02 -5.0873e-01 7.9817e-01 -6.3737e-01 1.5428e-02 3.4499e-02 -7.4727e-01 -4.6312e-01 -2.4306e-01 3.4675e-03 1.6475e-02 -3.1588e-02 1.6855e-01 2.6515e-02 -1.7218e-01 9.9916e-01 5.4215e-02 -1.1407e-01 4.2968e-02 -8.3572e-02 8.7678e+00 1.7567e+01
