2.0666e+01 -3.2877e-01 2.8656e-01 6.6721e-01 -4.0402e+00 -4.6030e-01 -5.9764e-01 3.6985e+00 -6.0698e-01 -1.1403e+00 3.0368e-01 1.0122e+01 -3.7787e-01 2.7926e-02 -1.0381e+00 -1.2465e-02 1.2281e-01 -7.8232e-01 3.0708e-01 -7.4941e-01 -1.3595e-02 3.1405e-02 -2.6408e-01 2.7538e-01 3.3519e-02 4.7217e-04 3.9053e-02 4.8289e-01 6.6884e-01 1.0243e-01 2.1324e-01 -6.6315e-02 -1.5978e+00 -5.4426e-01 -3.0693e-01 -4.4700e-01 2.2505e-02 1.8427e-01 1.7592e-01 -1.0709e+00 -2.0083e-01 -3.4558e-01 1.4739e-01 -1.9847e-02 1.3828e-01 -3.6232e-02 7.3467e-03 2.8209e-02 3.0762e-03 -6.7337e-03 9.7129e+00 -4.6223e-01
-3.2877e-01 7.7131e+01 -4.2461e+01 -3.4552e+01 -1.6337e+01 -1.7366e+01 -3.0511e+00 -7.1296e-01 3.0082e+01 -2.1754e+01 -3.7638e+00 -4.0461e-01 -1.6378e+00 -3.2304e-01 -7.4974e+00 -9.5275e-01 2.0051e+00 -6.3262e-01 5.2717e-01 -2.9277e+01 1.7284e+00 -8.7670e+00 -1.9211e+00 2.5187e+01 -6.1422e-01 -9.9111e-01 -1.1688e-01 -1.0073e+01 -1.8217e+00 -1.5827e+00 -1.9971e+00 -9.8392e-01 -1.1003e+01 2.6668e+00 4.5010e-03 6.1107e-01 -2.4916e+00 -2.3659e+01 -8.8512e-01 1.5432e+01 -2.0114e-01 1.5450e+00 9.4809e-01 -1.7847e-01 -5.1576e-01 5.1462e-01 -1.1189e-01 2.1262e+00 8.8528e-01 -8.3101e-01 -4.4755e-01 5.0817e-01
2.8656e-01 -4.2461e+01 1.1496e+02 -1.0578e+00 1.9713e+01 -3.4471e+01 1.0678e+01 6.8209e-01 -2.1668e+01 3.3564e+00 4.1794e+00 1.3723e-01 1.0175e+00 7.8181e-01 3.0660e+01 -2.5780e+00 -1.4514e+01 -4.9146e-02 -7.5738e-02 2.4260e+01 -1.7432e+00 -3.0911e+00 7.9576e+00 -1.2563e+01 1.2216e-01 2.2405e+00 2.4840e-01 2.1378e+01 5.5019e+00 -2.3289e+00 -5.4547e+00 5.9237e-01 5.7518e+00 -1.6920e+00 2.4335e-01 -2.4307e-01 1.2030e+00 1.3500e+01 6.0604e+00 -9.2671e+00 1.6887e-01 -1.9699e+00 4.5446e-01 7.2174e-02 -1.9753e+00 -2.5144e+00 -1.2617e+00 -2.1460e+00 -7.7416e-01 3.5603e-01 1.2598e-01 -4.1707e-01
6.6721e-01 -3.4552e+01 -1.0578e+00 9.5321e+01 9.5355e+00 5.4446e+01 -2.8003e+01 3.3468e-01 -3.1622e+01 5.1946e+00 -3.6329e+00 -2.0535e-01 -8.1164e-01 -1.2384e+00 -4.9890e+00 2.0316e+00 6.0873e+00 5.5767e-01 -5.1637e-01 3.0934e+01 -7.8555e-01 1.7712e+01 -7.2313e+00 -4.1029e+01 1.4867e+00 -9.8939e+00 -6.1290e-01 -4.9924e-01 -2.4103e-01 2.5822e+00 9.5254e+00 -6.0281e-01 1.4487e+01 -1.0301e+00 -1.8583e+00 -5.0263e-01 1.8436e+00 1.5278e+01 -3.1469e+00 -4.2176e+00 -5.3259e-01 -1.0885e-02 -1.4979e+00 1.6087e-01 1.0973e+00 7.1362e-01 1.4935e+00 1.0967e+00 1.5628e-02 8.6217e-01 -2.1312e-01 -2.9898e-01
-4.0402e+00 -1.6337e+01 1.9713e+01 9.5355e+00 4.9761e+01 4.1965e+00 -5.3980e+00 -2.3432e+00 6.9335e-01 -8.6418e-03 -1.1591e-01 -2.1215e+00 2.7547e-01 -1.7613e+00 -7.2264e-01 -8.0131e-01 -1.1720e+00 1.8299e+00 -1.6876e+00 3.0032e+00 -2.2177e+00 9.2706e+00 -3.8679e-01 -2.6752e+00 -5.4215e+00 -5.0258e+00 -3.2794e-01 -3.9883e+00 4.3297e-01 6.9622e-02 -3.3006e-01 -4.1778e-01 1.6797e+01 -6.3168e-03 -9.6510e-01 -1.8658e+00 2.4895e+00 1.4791e+01 -1.4160e+00 -6.2461e+00 -1.6599e-02 -1.5467e+00 -2.1161e-01 2.9502e-01 -2.9378e-01 -9.5516e-01 -4.4494e-02 -5.5315e-01 -3.7467e-01 6.5506e-01 -2.3023e+00 -1.9127e+00
-4.6030e-01 -1.7366e+01 -3.4471e+01 5.4446e+01 4.1965e+00 1.0506e+02 -2.5940e+01 3.6758e-01 -2.8296e+01 2.1717e+01 -5.6387e+00 -1.4572e-01 -1.9970e+00 -5.5310e-01 -3.4981e+01 1.4519e+00 1.7540e+01 2.4985e-01 -3.3310e-01 1.5308e+01 -1.2813e+00 1.6936e+01 -5.0381e+00 -3.5753e+01 9.0609e-01 -2.8261e+00 -5.9280e-01 -9.9745e+00 -4.9034e-01 4.9381e+00 1.1204e+01 -1.3249e+00 1.3215e+01 1.3988e+00 -1.1841e+00 1.3591e-01 1.2611e+00 1.6262e+01 -7.7525e+00 -9.0624e+00 -5.9282e-01 -5.1024e-02 -2.5321e-01 -2.8011e-02 8.5762e-01 2.3253e+00 1.9088e+00 8.2276e-01 2.8330e-01 1.1936e+00 -8.9423e-02 3.8713e-01
-5.9764e-01 -3.0511e+00 1.0678e+01 -2.8003e+01 -5.3980e+00 -2.5940e+01 6.1151e+01 6.2798e-01 -1.2939e+01 1.9701e+01 -3.6487e+00 -3.1953e-01 1.2879e+00 2.7864e+00 2.2164e+01 -6.6303e-01 8.9684e+00 -3.7607e-01 -4.9490e-01 -2.3806e+01 -5.9933e-01 -1.1254e+01 -3.2892e+00 3.0311e+01 -1.6463e-01 8.0885e+00 8.9294e-01 8.0333e+00 -1.6145e+00 -1.5490e+00 -5.2883e-01 2.6622e+00 -3.8359e+00 -4.7701e-01 2.2674e-02 -4.4840e-02 -8.1627e-01 -7.2602e+00 3.3450e+00 5.7999e+00 8.7124e-02 -1.8500e-01 -6.9139e-01 -4.2348e-02 9.3462e-02 -3.0272e-01 -7.0046e-01 -6.7622e-01 -1.8163e-01 -4.8514e-01 -3.6840e-01 -6.6744e-02
3.6985e+00 -7.1296e-01 6.8209e-01 3.3468e-01 -2.3432e+00 3.6758e-01 6.2798e-01 3.7953e+01 -3.5179e-02 4.7556e-01 1.5170e+00 5.0719e+00 -2.2612e+00 -3.7867e-01 -1.1093e+00 2.0399e-01 -3.5161e+00 -2.0108e-01 1.2173e+00 1.8088e+00 9.6449e-02 -1.0420e+00 -9.3560e-01 -8.5434e-01 9.5238e-03 4.1305e-01 1.7489e-01 -6.8237e-02 -1.4421e+00 -2.9745e-01 2.3442e-01 -7.3762e-03 -1.0454e+00 -1.9584e-01 -9.0873e-02 -7.6131e-01 3.6133e-01 -1.4573e+00 9.0602e-01 5.5874e-01 -3.4737e-02 -3.5771e-01 -3.7635e-01 -1.3090e-01 3.4716e-01 1.9754e-01 -8.4317e-02 3.1829e-02 3.6946e-02 1.9555e-01 5.0949e+00 -8.4018e-01
-6.0698e-01 3.0082e+01 -2.1668e+01 -3.1622e+01 6.9335e-01 -2.8296e+01 -1.2939e+01 -3.5179e-02 8.5455e+01 -3.9246e+01 1.0904e+01 -4.4108e-01 -1.7832e+00 -2.0064e-01 -1.4404e+01 -8.4143e-01 -1.0744e+01 -6.7721e-01 7.8785e-01 -2.2538e+01 -1.9866e+00 -6.2208e-01 3.0017e+00 2.5110e+01 -1.3527e+00 -1.9136e+00 -4.2404e-01 -1.3908e+01 -2.7578e+00 -2.5402e+00 -4.2681e+00 1.9981e-01 -2.8682e+00 2.1259e+00 -1.7296e-01 5.0751e-01 -6.8671e-01 -1.1106e+01 -5.2114e+00 7.8860e-01 8.1043e-01 8.0275e-01 8.7126e-01 -3.6614e-02 -1.3047e+00 -1.0278e+00 -7.8762e-01 -3.1917e-01 -3.4142e-01 -1.1087e+00 -4.3091e-01 3.8337e-01
-1.1403e+00 -2.1754e+01 3.3564e+00 5.1946e+00 -8.6418e-03 2.1717e+01 1.9701e+01 4.7556e-01 -3.9246e+01 8.9833e+01 -6.0949e+00 -2.9540e-01 4.8478e-01 -9.0065e-02 -1.4269e+00 1.3185e+00 -5.9632e+00 1.7650e-01 -7.9170e-01 2.3735e+01 1.6979e+00 8.2341e+00 -7.9810e+00 -3.5226e+00 -5.2040e-01 4.5776e+00 4.7554e-01 1.0856e+01 -1.9830e+00 3.3354e+00 -3.8922e+00 2.3043e-01 -5.4549e+00 -9.3302e-01 2.4039e+00 -6.6478e-01 1.2857e+00 1.3673e+01 -3.5360e+00 -8.2541e-01 -3.1846e-01 3.2526e-01 6.6441e-01 -1.5132e-01 3.8907e+00 1.7686e-01 1.0015e+00 4.2652e-01 1.8565e-01 1.1399e+00 -3.2848e-01 -4.2540e-01
3.0368e-01 -3.7638e+00 4.1794e+00 -3.6329e+00 -1.1591e-01 -5.6387e+00 -3.6487e+00 1.5170e+00 1.0904e+01 -6.0949e+00 2.9722e+01 3.8838e-01 1.1086e+00 4.3594e-01 3.6025e+00 -5.5868e-01 -1.3632e+00 -1.9668e-01 -2.1203e-01 6.1173e+00 -3.3154e-01 3.7508e+00 4.3464e+00 -4.2207e+00 -9.2734e-01 3.3871e+00 -1.0537e-01 1.3908e+00 -1.0579e+00 -9.9174e-01 4.7707e-01 1.1960e-01 -1.9725e+00 2.3683e-01 -5.8707e-01 1.0135e+00 9.2664e-01 5.8936e-01 2.7437e-01 -1.0139e+00 4.1290e-01 -1.5892e-01 3.0563e-01 -8.3406e-02 9.5200e-01 2.8395e-01 1.6267e-01 -6.9630e-02 2.2522e-01 1.6963e+00 3.8194e-01 8.9471e-01
1.0122e+01 -4.0461e-01 1.3723e-01 -2.0535e-01 -2.1215e+00 -1.4572e-01 -3.1953e-01 5.0719e+00 -4.4108e-01 -2.9540e-01 3.8838e-01 2.2189e+01 1.6514e-02 3.8155e-02 -1.8687e+00 -5.4984e-02 -6.5419e+00 -6.7701e-01 -3.1033e-01 3.9038e-01 -6.3203e-03 1.7763e-01 -3.1884e-01 -2.8154e-01 -6.0538e-01 -1.3593e-01 7.3444e-02 6.3221e-02 -6.6753e-01 -6.7558e-01 1.0634e-02 5.3331e-02 -1.8065e+00 -4.9294e-01 -3.6189e-01 -5.5719e+00 -4.4910e-01 -1.4925e+00 5.2614e-02 3.3955e-01 -2.4550e-01 -3.9394e-01 1.7886e-01 -2.3220e-02 5.6397e-02 -3.2172e-02 -6.4405e-03 5.4276e-02 9.8237e-03 4.5054e-02 2.0756e+01 -5.5509e+00
-3.7787e-01 -1.6378e+00 1.0175e+00 -8.1164e-01 2.7547e-01 -1.9970e+00 1.2879e+00 -2.2612e+00 -1.7832e+00 4.8478e-01 1.1086e+00 1.6514e-02 2.1898e+01 -1.8522e-01 -3.8388e+00 -5.6168e-01 2.7183e-01 -1.6451e-01 -9.2037e-02 7.4246e+00 -7.0871e-01 -3.6814e-01 -2.0181e+00 4.3446e+00 -7.6854e-01 -1.9498e+00 -1.0276e-01 3.2681e+00 -9.9416e-01 -1.0140e-01 1.2215e+00 -3.7758e-01 4.4067e-01 7.3437e-02 -1.5397e-01 1.7783e-01 8.8181e-01 2.8853e+00 -2.3947e+00 -7.9235e-01 -2.4207e-02 -1.2593e-02 -7.3553e-02 -9.7995e-02 -3.4647e-01 -3.5223e-01 3.2883e-01 -2.6782e-01 -1.2791e-01 8.9550e-01 3.0258e-03 1.7349e-01
2.7926e-02 -3.2304e-01 7.8181e-01 -1.2384e+00 -1.7613e+00 -5.5310e-01 2.7864e+00 -3.7867e-01 -2.0064e-01 -9.0065e-02 4.3594e-01 3.8155e-02 -1.8522e-01 1.1322e+01 1.3267e-01 -1.5071e-01 -4.1723e-01 -5.6246e-02 -5.6919e-02 5.2626e-01 -7.5187e-02 -1.5029e+00 4.5223e-01 -1.0080e+00 -2.6631e-01 -6.7430e-01 2.0387e-01 2.9242e+00 -1.4105e-02 -4.1139e-02 -1.2120e-01 1.8471e+00 -1.3632e+00 1.1750e+00 4.0011e-02 1.5518e-01 -1.1175e-01 -5.7419e-01 1.4905e+00 -3.1862e-01 -2.8543e-02 -1.7560e-01 -1.2287e-01 -3.0927e-02 -3.9746e-02 2.7174e-01 -5.2031e-02 5.8557e-01 -6.0078e-02 -1.4446e-01 2.7045e-02 1.4370e-01
-1.0381e+00 -7.4974e+00 3.0660e+01 -4.9890e+00 -7.2264e-01 -3.4981e+01 2.2164e+01 -1.1093e+00 -1.4404e+01 -1.4269e+00 3.6025e+00 -1.8687e+00 -3.8388e+00 1.3267e-01 1.2074e+02 2.0451e+00 9.9442e-01 -6.6251e-01 -1.0832e+00 1.9789e+01 -8.1476e-01 -5.0790e+00 -2.1531e+00 9.6675e+00 -2.8624e+00 1.2485e+01 1.6317e+00 5.6340e+00 1.0090e+01 -3.2905e+00 -5.3788e+00 9.4117e-01 -1.4090e+00 -1.1438e+00 -1.5192e+00 2.3379e+00 5.8136e+00 -1.2988e+01 6.1399e+00 5.3403e+00 4.0502e-01 -6.9853e-01 -1.9128e+00 7.1012e-01 2.9579e+00 -1.6268e+00 -8.3995e-01 -7.9666e-01 -2.1886e-01 -9.2760e-01 -1.8367e+00 2.0825e+00
-1.2465e-02 -9.5275e-01 -2.5780e+00 2.0316e+00 -8.0131e-01 1.4519e+00 -6.6303e-01 2.0399e-01 -8.4143e-01 1.3185e+00 -5.5868e-01 -5.4984e-02 -5.6168e-01 -1.5071e-01 2.0451e+00 1.8284e+01 -2.7644e-01 -1.0066e-01 -1.3387e-01 2.3619e+00 3.3573e-01 -1.5151e+00 -1.8096e-01 -1.7475e+00 -6.8725e-02 -1.5198e+00 -1.0388e-01 1.3593e+00 -8.7915e-02 2.2928e+00 2.8479e-02 -1.2876e-01 -1.3984e+00 1.3763e-01 -2.9927e-02 -3.9146e-01 -5.4674e-01 -2.2112e-01 2.6265e-01 -5.7122e-01 -9.6016e-02 4.4294e-01 -8.4700e-02 -6.8824e-02 -9.2406e-02 1.8756e+00 7.1183e-01 4.0824e-02 -9.3074e-02 -2.9562e-01 -8.6901e-02 -3.9639e-01
1.2281e-01 2.0051e+00 -1.4514e+01 6.0873e+00 -1.1720e+00 1.7540e+01 8.9684e+00 -3.5161e+00 -1.0744e+01 -5.9632e+00 -1.3632e+00 -6.5419e+00 2.7183e-01 -4.1723e-01 9.9442e-01 -2.7644e-01 7.0158e+01 -3.1251e-01 1.7425e-02 -2.9905e+01 -1.4275e+00 -6.2818e+00 -7.2677e+00 -2.6092e+00 1.7124e+00 -2.2256e+00 -2.1916e-01 -5.5081e-01 6.9665e-01 -1.1935e+00 1.4874e+01 -3.8078e-01 1.1686e+01 -9.1540e-01 -9.9042e-02 4.5038e+00 1.1714e+00 -1.0115e+00 -1.8039e+00 7.4269e+00 -4.0661e-01 -3.6621e-01 -1.2649e+00 -7.9065e-02 -1.9168e-01 6.1813e-01 4.9449e-01 -1.8168e-01 4.6403e-01 1.9211e+00 -6.6347e+00 4.3382e+00
-7.8232e-01 -6.3262e-01 -4.9146e-02 5.5767e-01 1.8299e+00 2.4985e-01 -3.7607e-01 -2.0108e-01 -6.7721e-01 1.7650e-01 -1.9668e-01 -6.7701e-01 -1.6451e-01 -5.6246e-02 -6.6251e-01 -1.0066e-01 -3.1251e-01 8.6119e+00 2.5422e-01 -3.9395e-01 -9.6551e-02 1.1442e-01 -4.3442e-02 -4.4269e-01 -2.2916e-01 -2.7562e-01 -2.5565e-02 -2.9262e-01 2.7300e-01 -1.4068e-01 -5.4362e-02 -9.9009e-02 -1.0217e+00 -8.1690e-02 -9.1670e-02 -2.6876e-01 -4.1408e-01 5.2436e-01 1.4140e-02 -6.9386e-01 -4.7786e-02 -1.0005e-01 -5.0382e-02 -5.2068e-02 1.2683e-01 -1.1084e-01 -1.9180e-02 -2.1693e-02 -1.6048e-02 -4.6869e-02 -7.0515e-01 -2.7606e-01
3.0708e-01 5.2717e-01 -7.5738e-02 -5.1637e-01 -1.6876e+00 -3.3310e-01 -4.9490e-01 1.2173e+00 7.8785e-01 -7.9170e-01 -2.1203e-01 -3.1033e-01 -9.2037e-02 -5.6919e-02 -1.0832e+00 -1.3387e-01 1.7425e-02 2.5422e-01 9.1770e+00 -1.0165e-01 -1.6156e-01 6.6487e-01 -2.4622e-01 -3.6732e-01 1.9779e+00 -4.3311e-01 1.6423e-01 1.0101e-01 -3.9862e-01 -1.6924e-01 3.5641e-01 -1.4089e-01 -9.5498e-01 -1.4415e-01 1.8847e-01 3.8284e-02 -4.9830e-01 6.1710e-01 8.8364e-02 -5.9381e-01 -1.3045e-02 -7.7459e-02 -1.2456e-01 -4.0362e-02 1.5405e-01 1.4621e-01 -5.7741e-02 -2.9387e-02 4.3120e-03 -4.8522e-02 -3.4397e-01 2.4476e-02
-7.4941e-01 -2.9277e+01 2.4260e+01 3.0934e+01 3.0032e+00 1.5308e+01 -2.3806e+01 1.8088e+00 -2.2538e+01 2.3735e+01 6.1173e+00 3.9038e-01 7.4246e+00 5.2626e-01 1.9789e+01 2.3619e+00 -2.9905e+01 -3.9395e-01 -1.0165e-01 1.5176e+02 -1.0043e+00 2.6159e+01 1.0187e+01 -6.8435e+01 -3.2154e+00 -6.3319e+00 -3.8484e-02 1.9968e+01 2.3513e+00 3.8459e+00 -9.3756e+00 5.7983e-01 -3.9407e+00 -2.2471e+00 1.1617e+00 8.5276e-01 2.8971e+00 2.4037e+01 -7.5653e+00 -4.7724e+00 7.9297e-01 -1.8996e-01 -1.0265e+00 -5.3649e-01 2.0115e+00 -1.0470e+00 8.3259e-01 4.7572e-02 -2.1241e-01 1.9033e+00 3.8927e-01 9.4969e-01
-1.3595e-02 1.7284e+00 -1.7432e+00 -7.8555e-01 -2.2177e+00 -1.2813e+00 -5.9933e-01 9.6449e-02 -1.9866e+00 1.6979e+00 -3.3154e-01 -6.3203e-03 -7.0871e-01 -7.5187e-02 -8.1476e-01 3.3573e-01 -1.4275e+00 -9.6551e-02 -1.6156e-01 -1.0043e+00 1.7753e+01 8.2393e-02 -1.8367e+00 2.4092e+00 1.3373e+00 -7.1213e-01 1.3650e-01 -7.5942e-01 -9.6166e-01 -1.9797e-01 -3.8286e-01 -3.6230e-01 -1.2912e+00 -1.7461e-01 6.3744e-01 -3.4313e-01 -7.4884e-01 1.0095e+00 -1.6789e+00 8.1313e-01 -7.8280e-02 1.0369e+00 2.4346e+00 5.5889e-01 4.1948e-01 5.3320e-01 2.1401e-01 -1.3952e-01 6.8893e-01 7.2650e-04 -1.6868e-02 -3.2843e-01
3.1405e-02 -8.7670e+00 -3.0911e+00 1.7712e+01 9.2706e+00 1.6936e+01 -1.1254e+01 -1.0420e+00 -6.2208e-01 8.2341e+00 3.7508e+00 1.7763e-01 -3.6814e-01 -1.5029e+00 -5.0790e+00 -1.5151e+00 -6.2818e+00 1.1442e-01 6.6487e-01 2.6159e+01 8.2393e-02 7.3737e+01 4.3471e+00 -2.0872e+01 2.1127e+00 -2.4688e+01 -4.0196e-01 -1.2488e+01 7.4161e-01 -6.5098e-01 -1.6721e+00 -2.7542e-01 1.1841e+01 -4.4676e-01 -9.8353e-01 -1.4621e+00 3.7356e+00 2.9741e+01 -1.7303e+00 5.7963e+00 1.2920e+00 5.1449e-01 8.5520e-01 8.7646e-02 -6.2638e-01 -5.8838e-01 4.1845e-01 1.4016e+00 -4.5720e-01 5.8982e-01 1.6687e-01 -1.5304e+00
-2.6408e-01 -1.9211e+00 7.9576e+00 -7.2313e+00 -3.8679e-01 -5.0381e+00 -3.2892e+00 -9.3560e-01 3.0017e+00 -7.9810e+00 4.3464e+00 -3.1884e-01 -2.0181e+00 4.5223e-01 -2.1531e+00 -1.8096e-01 -7.2677e+00 -4.3442e-02 -2.4622e-01 1.0187e+01 -1.8367e+00 4.3471e+00 5.0895e+01 -1.3320e+01 -4.7564e-01 -6.6957e-01 -2.1454e-01 -5.7965e+00 -1.7696e+00 -2.1933e-01 -2.2352e+00 -4.3180e-01 -2.0958e+00 -6.2076e-01 -4.7492e-01 -2.7253e-01 -1.6015e-01 -9.5067e-01 7.7346e+00 -1.2019e+00 -2.4531e-01 3.5521e-01 3.2997e-01 -1.8950e-01 -1.5013e+00 -1.0226e-01 -1.6327e-01 7.6177e-01 -8.6250e-02 -2.9682e-01 -3.1383e-01 -2.9161e-01
2.7538e-01 2.5187e+01 -1.2563e+01 -4.1029e+01 -2.6752e+00 -3.5753e+01 3.0311e+01 -8.5434e-01 2.5110e+01 -3.5226e+00 -4.2207e+00 -2.8154e-01 4.3446e+00 -1.0080e+00 9.6675e+00 -1.7475e+00 -2.6092e+00 -4.4269e-01 -3.6732e-01 -6.8435e+01 2.4092e+00 -2.0872e+01 -1.3320e+01 1.3291e+02 1.0460e-01 3.5786e+00 4.5107e-01 -1.0513e+01 -5.8630e+00 5.0877e-01 -5.1054e+00 7.2152e-01 -7.1752e+00 1.5500e+00 -1.3614e+00 1.2719e+00 5.3868e-01 -2.5626e+01 -3.8707e+00 -6.6413e-01 7.1436e-02 -1.0527e-01 5.0328e-01 2.5597e-01 1.6949e+00 -3.1940e-01 -1.2084e+00 -7.8324e-01 -2.7892e-02 -1.2531e+00 -2.7522e-01 1.0589e+00
3.3519e-02 -6.1422e-01 1.2216e-01 1.4867e+00 -5.4215e+00 9.0609e-01 -1.6463e-01 9.5238e-03 -1.3527e+00 -5.2040e-01 -9.2734e-01 -6.0538e-01 -7.6854e-01 -2.6631e-01 -2.8624e+00 -6.8725e-02 1.7124e+00 -2.2916e-01 1.9779e+00 -3.2154e+00 1.3373e+00 2.1127e+00 -4.7564e-01 1.0460e-01 3.0772e+01 -1.2071e+00 -1.3343e-01 -1.5755e+00 -1.3614e+00 1.6865e+00 -8.1805e-02 -6.7919e-01 -4.4480e+00 -7.1543e-02 3.8496e-01 5.9557e-01 1.2810e+00 3.7658e+00 -1.5232e+00 -1.3047e+00 -1.2741e-01 2.7992e-01 -3.2315e-01 -2.0014e-01 -3.6024e-01 -2.9496e-01 -1.0622e-01 -1.6813e-01 -1.7259e-01 1.6702e-01 -6.0756e-01 5.6463e-01
4.7217e-04 -9.9111e-01 2.2405e+00 -9.8939e+00 -5.0258e+00 -2.8261e+00 8.0885e+00 4.1305e-01 -1.9136e+00 4.5776e+00 3.3871e+00 -1.3593e-01 -1.9498e+00 -6.7430e-01 1.2485e+01 -1.5198e+00 -2.2256e+00 -2.7562e-01 -4.3311e-01 -6.3319e+00 -7.1213e-01 -2.4688e+01 -6.6957e-01 3.5786e+00 -1.2071e+00 6.0416e+01 1.3970e+00 -8.2714e+00 -6.3892e-01 -1.9896e+00 6.0451e-01 -1.2881e+00 -4.0294e+00 2.7077e-01 -3.2036e-01 8.0559e-01 -1.3841e+00 -1.8718e+01 9.1006e-01 -1.1071e+01 -1.9852e-01 -1.7559e-01 -2.4050e-01 -1.3299e-01 -6.9759e-01 -9.1117e-01 -8.2953e-01 7.4802e-02 7.9366e-01 -4.9194e-01 -1.4247e-01 6.9394e-01
3.9053e-02 -1.1688e-01 2.4840e-01 -6.1290e-01 -3.2794e-01 -5.9280e-01 8.9294e-01 1.7489e-01 -4.2404e-01 4.7554e-01 -1.0537e-01 7.3444e-02 -1.0276e-01 2.0387e-01 1.6317e+00 -1.0388e-01 -2.1916e-01 -2.5565e-02 1.6423e-01 -3.8484e-02 1.3650e-01 -4.0196e-01 -2.1454e-01 4.5107e-01 -1.3343e-01 1.3970e+00 6.3234e+00 -5.3870e-01 1.4629e-01 -7.9068e-02 2.4056e-01 1.8906e-01 -1.6379e-01 1.2201e-01 -4.6068e-02 -4.7077e-02 -5.5732e-02 -6.3806e-01 -1.9591e-01 6.2473e-02 7.7392e-02 -4.0919e-02 -2.9272e-02 -1.4895e-02 3.9141e-02 -8.6914e-02 -5.2612e-02 8.6735e-03 -1.6134e-02 -1.2274e-01 6.4741e-01 -4.8503e-02
4.8289e-01 -1.0073e+01 2.1378e+01 -4.9924e-01 -3.9883e+00 -9.9745e+00 8.0333e+00 -6.8237e-02 -1.3908e+01 1.0856e+01 1.3908e+00 6.3221e-02 3.2681e+00 2.9242e+00 5.6340e+00 1.3593e+00 -5.5081e-01 -2.9262e-01 1.0101e-01 1.9968e+01 -7.5942e-01 -1.2488e+01 -5.7965e+00 -1.0513e+01 -1.5755e+00 -8.2714e+00 -5.3870e-01 7.4549e+01 -2.3795e+00 6.1287e+00 -2.7168e+00 1.5280e+00 -6.5479e+00 -3.0361e-01 3.5413e+00 -2.3234e-01 1.3437e+00 1.2232e+01 -5.2215e-01 5.9258e+00 -3.6541e-01 -5.6517e-01 -1.6360e+00 -7.3366e-02 7.4596e-01 1.5635e+00 -3.2221e-01 -6.2699e-01 5.4538e-02 9.9982e-01 6.7226e-02 6.0835e-02
6.6884e-01 -1.8217e+00 5.5019e+00 -2.4103e-01 4.3297e-01 -4.9034e-01 -1.6145e+00 -1.4421e+00 -2.7578e+00 -1.9830e+00 -1.0579e+00 -6.6753e-01 -9.9416e-01 -1.4105e-02 1.0090e+01 -8.7915e-02 6.9665e-01 2.7300e-01 -3.9862e-01 2.3513e+00 -9.6166e-01 7.4161e-01 -1.7696e+00 -5.8630e+00 -1.3614e+00 -6.3892e-01 1.4629e-01 -2.3795e+00 3.5240e+01 -6.2824e-01 1.4272e+00 -6.8132e-01 6.8217e+00 -1.8465e-01 -6.2068e-01 -4.9700e-04 6.8532e+00 3.1586e+00 1.1237e+01 -3.0972e+00 -2.3229e-01 -2.1270e-01 -5.4224e-01 -1.5190e-01 -6.2254e-01 -2.9351e-01 1.9281e-01 -5.6839e-02 -1.5795e-01 2.0439e-01 -6.8310e-01 -6.2002e-02
1.0243e-01 -1.5827e+00 -2.3289e+00 2.5822e+00 6.9622e-02 4.9381e+00 -1.5490e+00 -2.9745e-01 -2.5402e+00 3.3354e+00 -9.9174e-01 -6.7558e-01 -1.0140e-01 -4.1139e-02 -3.2905e+00 2.2928e+00 -1.1935e+00 -1.4068e-01 -1.6924e-01 3.8459e+00 -1.9797e-01 -6.5098e-01 -2.1933e-01 5.0877e-01 1.6865e+00 -1.9896e+00 -7.9068e-02 6.1287e+00 -6.2824e-01 1.4096e+01 -4.2496e-01 -1.7320e-01 1.2027e+00 -9.3552e-02 -1.2701e-01 1.3002e-01 1.4526e+00 6.1312e+00 -2.8696e-01 -1.5371e+00 -8.1170e-02 -4.4502e-02 1.1508e-02 -4.5951e-02 4.4510e-02 2.3298e+00 -1.7089e-01 -1.4460e-02 -5.9985e-02 -2.4536e-01 -6.7935e-01 9.6166e-02
2.1324e-01 -1.9971e+00 -5.4547e+00 9.5254e+00 -3.3006e-01 1.1204e+01 -5.2883e-01 2.3442e-01 -4.2681e+00 -3.8922e+00 4.7707e-01 1.0634e-02 1.2215e+00 -1.2120e-01 -5.3788e+00 2.8479e-02 1.4874e+01 -5.4362e-02 3.5641e-01 -9.3756e+00 -3.8286e-01 -1.6721e+00 -2.2352e+00 -5.1054e+00 -8.1805e-02 6.0451e-01 2.4056e-01 -2.7168e+00 1.4272e+00 -4.2496e-01 2.2104e+01 -2.4010e-01 1.5774e+01 -3.1768e-01 -5.5948e-01 -1.6948e-02 1.3459e+00 -9.1992e-01 -1.0737e+00 -1.0154e+00 -1.4582e-01 -1.3789e-01 -7.5126e-01 1.2464e-02 -5.6533e-01 -1.3540e-01 6.4570e-01 -9.0724e-02 1.1779e-01 1.1627e+00 7.9177e-03 -4.4730e-02
-6.6315e-02 -9.8392e-01 5.9237e-01 -6.0281e-01 -4.1778e-01 -1.3249e+00 2.6622e+00 -7.3762e-03 1.9981e-01 2.3043e-01 1.1960e-01 5.3331e-02 -3.7758e-01 1.8471e+00 9.4117e-01 -1.2876e-01 -3.8078e-01 -9.9009e-02 -1.4089e-01 5.7983e-01 -3.6230e-01 -2.7542e-01 -4.3180e-01 7.2152e-01 -6.7919e-01 -1.2881e+00 1.8906e-01 1.5280e+00 -6.8132e-01 -1.7320e-01 -2.4010e-01 1.4094e+01 -1.5409e+00 -1.4396e-01 -1.9934e-01 2.6465e-01 -8.6168e-01 -2.2267e+00 1.1491e+00 1.5873e+00 -9.7648e-03 -1.2933e-01 -1.5393e-01 -3.2290e-02 -2.4906e-01 1.0916e-02 -4.3752e-02 -1.2245e-01 -1.1677e-01 8.1836e-02 4.3560e-02 2.6078e-01
-1.5978e+00 -1.1003e+01 5.7518e+00 1.4487e+01 1.6797e+01 1.3215e+01 -3.8359e+00 -1.0454e+00 -2.8682e+00 -5.4549e+00 -1.9725e+00 -1.8065e+00 4.4067e-01 -1.3632e+00 -1.4090e+00 -1.3984e+00 1.1686e+01 -1.0217e+00 -9.5498e-01 -3.9407e+00 -1.2912e+00 1.1841e+01 -2.0958e+00 -7.1752e+00 -4.4480e+00 -4.0294e+00 -1.6379e-01 -6.5479e+00 6.8217e+00 1.2027e+00 1.5774e+01 -1.5409e+00 7.0762e+01 -5.9808e-01 -1.6938e+00 -2.0730e+00 1.0573e+01 2.4077e+01 -1.3946e+00 -1.3570e+01 -3.5412e-02 6.8400e-02 -6.9267e-01 7.3733e-01 -1.1719e+00 -6.6791e-01 2.2531e-01 -5.2927e-01 -3.6309e-01 -8.1692e-02 -1.9544e+00 -2.1127e+00
-5.4426e-01 2.6668e+00 -1.6920e+00 -1.0301e+00 -6.3168e-03 1.3988e+00 -4.7701e-01 -1.9584e-01 2.1259e+00 -9.3302e-01 2.3683e-01 -4.9294e-01 7.3437e-02 1.1750e+00 -1.1438e+00 1.3763e-01 -9.1540e-01 -8.1690e-02 -1.4415e-01 -2.2471e+00 -1.7461e-01 -4.4676e-01 -6.2076e-01 1.5500e+00 -7.1543e-02 2.7077e-01 1.2201e-01 -3.0361e-01 -1.8465e-01 -9.3552e-02 -3.1768e-01 -1.4396e-01 -5.9808e-01 1.2976e+01 -1.6029e-02 2.4232e-02 -4.3481e-02 -6.2670e-01 -4.9293e-01 5.5384e-01 -7.6085e-02 2.3026e-01 5.4508e-01 1.0242e-01 2.5047e-01 4.9166e-01 4.1407e-02 -2.9980e-03 5.2659e-02 -1.0436e-01 -4.1620e-01 5.3440e-03
-3.0693e-01 4.5010e-03 2.4335e-01 -1.8583e+00 -9.6510e-01 -1.1841e+00 2.2674e-02 -9.0873e-02 -1.7296e-01 2.4039e+00 -5.8707e-01 -3.6189e-01 -1.5397e-01 4.0011e-02 -1.5192e+00 -2.9927e-02 -9.9042e-02 -9.1670e-02 1.8847e-01 1.1617e+00 6.3744e-01 -9.8353e-01 -4.7492e-01 -1.3614e+00 3.8496e-01 -3.2036e-01 -4.6068e-02 3.5413e+00 -6.2068e-01 -1.2701e-01 -5.5948e-01 -1.9934e-01 -1.6938e+00 -1.6029e-02 1.4015e+01 6.8514e-02 -3.4769e-01 4.4323e-02 -5.1389e-01 8.3557e-01 -8.1127e-02 -1.7119e-01 -2.5558e-01 -5.5615e-02 1.2852e+00 -1.3817e-01 -5.5574e-02 -8.7482e-03 5.0903e-02 -1.0986e-01 8.5942e-01 4.8155e-02
-4.4700e-01 6.1107e-01 -2.4307e-01 -5.0263e-01 -1.8658e+00 1.3591e-01 -4.4840e-02 -7.6131e-01 5.0751e-01 -6.6478e-01 1.0135e+00 -5.5719e+00 1.7783e-01 1.5518e-01 2.3379e+00 -3.9146e-01 4.5038e+00 -2.6876e-01 3.8284e-02 8.5276e-01 -3.4313e-01 -1.4621e+00 -2.7253e-01 1.2719e+00 5.9557e-01 8.0559e-01 -4.7077e-02 -2.3234e-01 -4.9700e-04 1.3002e-01 -1.6948e-02 2.6465e-01 -2.0730e+00 2.4232e-02 6.8514e-02 2.7191e+01 8.2721e-01 -1.4019e+00 2.3188e-01 1.1861e+00 -6.8536e-02 -5.1251e-01 -7.0234e-01 -3.1320e-01 -5.4126e-01 4.0434e-02 -3.3506e-01 1.1684e-02 8.4113e-03 3.2321e-02 -5.6531e+00 2.5096e+01
2.2505e-02 -2.4916e+00 1.2030e+00 1.8436e+00 2.4895e+00 1.2611e+00 -8.1627e-01 3.6133e-01 -6.8671e-01 1.2857e+00 9.2664e-01 -4.4910e-01 8.8181e-01 -1.1175e-01 5.8136e+00 -5.4674e-01 1.1714e+00 -4.1408e-01 -4.9830e-01 2.8971e+00 -7.4884e-01 3.7356e+00 -1.6015e-01 5.3868e-01 1.2810e+00 -1.3841e+00 -5.5732e-02 1.3437e+00 6.8532e+00 1.4526e+00 1.3459e+00 -8.6168e-01 1.0573e+01 -4.3481e-02 -3.4769e-01 8.2721e-01 2.4150e+01 8.1781e+00 -3.1864e-01 -5.6432e+00 -8.4985e-02 -3.3501e-01 -1.5402e-01 -2.3467e-01 -1.1164e-01 -2.2489e-01 5.3460e-01 1.8963e-01 2.6780e-03 1.2280e+00 -4.5147e-01 8.1999e-01
1.8427e-01 -2.3659e+01 1.3500e+01 1.5278e+01 1.4791e+01 1.6262e+01 -7.2602e+00 -1.4573e+00 -1.1106e+01 1.3673e+01 5.8936e-01 -1.4925e+00 2.8853e+00 -5.7419e-01 -1.2988e+01 -2.2112e-01 -1.0115e+00 5.2436e-01 6.1710e-01 2.4037e+01 1.0095e+00 2.9741e+01 -9.5067e-01 -2.5626e+01 3.7658e+00 -1.8718e+01 -6.3806e-01 1.2232e+01 3.1586e+00 6.1312e+00 -9.1992e-01 -2.2267e+00 2.4077e+01 -6.2670e-01 4.4323e-02 -1.4019e+00 8.1781e+00 9.3751e+01 -1.8827e+00 -2.3111e+01 -2.0284e-01 -2.0887e-01 -4.1942e-01 8.0771e-01 3.1495e+00 2.5212e+00 -2.4415e-01 -1.6964e+00 -2.1998e-01 2.6218e+00 -1.5004e+00 -1.0607e+00
1.7592e-01 -8.8512e-01 6.0604e+00 -3.1469e+00 -1.4160e+00 -7.7525e+00 3.3450e+00 9.0602e-01 -5.2114e+00 -3.5360e+00 2.7437e-01 5.2614e-02 -2.3947e+00 1.4905e+00 6.1399e+00 2.6265e-01 -1.8039e+00 1.4140e-02 8.8364e-02 -7.5653e+00 -1.6789e+00 -1.7303e+00 7.7346e+00 -3.8707e+00 -1.5232e+00 9.1006e-01 -1.9591e-01 -5.2215e-01 1.1237e+01 -2.8696e-01 -1.0737e+00 1.1491e+00 -1.3946e+00 -4.9293e-01 -5.1389e-01 2.3188e-01 -3.1864e-01 -1.8827e+00 5.3136e+01 -1.2432e-01 -2.9599e-01 -1.6281e-01 -3.5255e-01 -2.3067e-01 -5.9623e-01 6.1832e-01 -1.6524e-01 7.0411e-01 -4.1010e-01 -8.2032e-01 4.7318e-02 2.2403e-01
-1.0709e+00 1.5432e+01 -9.2671e+00 -4.2176e+00 -6.2461e+00 -9.0624e+00 5.7999e+00 5.5874e-01 7.8860e-01 -8.2541e-01 -1.0139e+00 3.3955e-01 -7.9235e-01 -3.1862e-01 5.3403e+00 -5.7122e-01 7.4269e+00 -6.9386e-01 -5.9381e-01 -4.7724e+00 8.1313e-01 5.7963e+00 -1.2019e+00 -6.6413e-01 -1.3047e+00 -1.1071e+01 6.2473e-02 5.9258e+00 -3.0972e+00 -1.5371e+00 -1.0154e+00 1.5873e+00 -1.3570e+01 5.5384e-01 8.3557e-01 1.1861e+00 -5.6432e+00 -2.3111e+01 -1.2432e-01 6.6921e+01 -2.8528e-01 1.2921e+00 6.4898e-01 -1.6145e-01 1.2969e+00 4.2486e-02 7.0584e-02 2.2476e+00 -5.5796e-02 -9.6778e-01 3.3360e-01 1.1203e+00
-2.0083e-01 -2.0114e-01 1.6887e-01 -5.3259e-01 -1.6599e-02 -5.9282e-01 8.7124e-02 -3.4737e-02 8.1043e-01 -3.1846e-01 4.1290e-01 -2.4550e-01 -2.4207e-02 -2.8543e-02 4.0502e-01 -9.6016e-02 -4.0661e-01 -4.7786e-02 -1.3045e-02 7.9297e-01 -7.8280e-02 1.2920e+00 -2.4531e-01 7.1436e-02 -1.2741e-01 -1.9852e-01 7.7392e-02 -3.6541e-01 -2.3229e-01 -8.1170e-02 -1.4582e-01 -9.7648e-03 -3.5412e-02 -7.6085e-02 -8.1127e-02 -6.8536e-02 -8.4985e-02 -2.0284e-01 -2.9599e-01 -2.8528e-01 5.8203e+00 -3.2020e-02 -5.6361e-02 -1.1127e-02 -7.8558e-02 -2.2225e-02 -3.4527e-02 -1.7160e-02 -1.7228e-02 8.6758e-03 -2.5286e-01 -7.4049e-02
-3.4558e-01 1.5450e+00 -1.9699e+00 -1.0885e-02 -1.5467e+00 -5.1024e-02 -1.8500e-01 -3.5771e-01 8.0275e-01 3.2526e-01 -1.5892e-01 -3.9394e-01 -1.2593e-02 -1.7560e-01 -6.9853e-01 4.4294e-01 -3.6621e-01 -1.0005e-01 -7.7459e-02 -1.8996e-01 1.0369e+00 5.1449e-01 3.5521e-01 -1.0527e-01 2.7992e-01 -1.7559e-01 -4.0919e-02 -5.6517e-01 -2.1270e-01 -4.4502e-02 -1.3789e-01 -1.2933e-01 6.8400e-02 2.3026e-01 -1.7119e-01 -5.1251e-01 -3.3501e-01 -2.0887e-01 -1.6281e-01 1.2921e+00 -3.2020e-02 1.1150e+01 2.1690e-01 1.5893e-01 -1.2140e-01 8.8012e-01 -2.6376e-02 6.0432e-02 -3.7376e-02 -2.1487e-02 -4.3180e-01 -5.1407e-01
1.4739e-01 9.4809e-01 4.5446e-01 -1.4979e+00 -2.1161e-01 -2.5321e-01 -6.9139e-01 -3.7635e-01 8.7126e-01 6.6441e-01 3.0563e-01 1.7886e-01 -7.3553e-02 -1.2287e-01 -1.9128e+00 -8.4700e-02 -1.2649e+00 -5.0382e-02 -1.2456e-01 -1.0265e+00 2.4346e+00 8.5520e-01 3.2997e-01 5.0328e-01 -3.2315e-01 -2.4050e-01 -2.9272e-02 -1.6360e+00 -5.4224e-01 1.1508e-02 -7.5126e-01 -1.5393e-01 -6.9267e-01 5.4508e-01 -2.5558e-01 -7.0234e-01 -1.5402e-01 -4.1942e-01 -3.5255e-01 6.4898e-01 -5.6361e-02 2.1690e-01 1.3579e+01 1.4831e-01 -3.9767e-01 -7.3571e-02 -2.0644e-02 5.8725e-02 -2.2138e-02 -1.3557e-03 1.7114e-01 -7.2788e-01
-1.9847e-02 -1.7847e-01 7.2174e-02 1.6087e-01 2.9502e-01 -2.8011e-02 -4.2348e-02 -1.3090e-01 -3.6614e-02 -1.5132e-01 -8.3406e-02 -2.3220e-02 -9.7995e-02 -3.0927e-02 7.1012e-01 -6.8824e-02 -7.9065e-02 -5.2068e-02 -4.0362e-02 -5.3649e-01 5.5889e-01 8.7646e-02 -1.8950e-01 2.5597e-01 -2.0014e-01 -1.3299e-01 -1.4895e-02 -7.3366e-02 -1.5190e-01 -4.5951e-02 1.2464e-02 -3.2290e-02 7.3733e-01 1.0242e-01 -5.5615e-02 -3.1320e-01 -2.3467e-01 8.0771e-01 -2.3067e-01 -1.6145e-01 -1.1127e-02 1.5893e-01 1.4831e-01 5.2518e+00 -3.4507e-02 -3.8438e-02 -1.9526e-02 5.5068e-02 -4.0156e-02 -2.8693e-02 -3.1630e-02 5.8969e-01
1.3828e-01 -5.1576e-01 -1.9753e+00 1.0973e+00 -2.9378e-01 8.5762e-01 9.3462e-02 3.4716e-01 -1.3047e+00 3.8907e+00 9.5200e-01 5.6397e-02 -3.4647e-01 -3.9746e-02 2.9579e+00 -9.2406e-02 -1.9168e-01 1.2683e-01 1.5405e-01 2.0115e+00 4.1948e-01 -6.2638e-01 -1.5013e+00 1.6949e+00 -3.6024e-01 -6.9759e-01 3.9141e-02 7.4596e-01 -6.2254e-01 4.4510e-02 -5.6533e-01 -2.4906e-01 -1.1719e+00 2.5047e-01 1.2852e+00 -5.4126e-01 -1.1164e-01 3.1495e+00 -5.9623e-01 1.2969e+00 -7.8558e-02 -1.2140e-01 -3.9767e-01 -3.4507e-02 1.7066e+01 -1.1465e-01 1.8998e-01 -5.0067e-02 -6.7707e-02 -3.2098e-02 5.8388e-02 3.7157e-01
-3.6232e-02 5.1462e-01 -2.5144e+00 7.1362e-01 -9.5516e-01 2.3253e+00 -3.0272e-01 1.9754e-01 -1.0278e+00 1.7686e-01 2.8395e-01 -3.2172e-02 -3.5223e-01 2.7174e-01 -1.6268e+00 1.8756e+00 6.1813e-01 -1.1084e-01 1.4621e-01 -1.0470e+00 5.3320e-01 -5.8838e-01 -1.0226e-01 -3.1940e-01 -2.9496e-01 -9.1117e-01 -8.6914e-02 1.5635e+00 -2.9351e-01 2.3298e+00 -1.3540e-01 1.0916e-02 -6.6791e-01 4.9166e-01 -1.3817e-01 4.0434e-02 -2.2489e-01 2.5212e+00 6.1832e-01 4.2486e-02 -2.2225e-02 8.8012e-01 -7.3571e-02 -3.8438e-02 -1.1465e-01 1.2686e+01 -7.5489e-02 -9.0886e-02 2.6519e-02 -1.5958e-01 -4.1506e-02 5.1546e-02
7.3467e-03 -1.1189e-01 -1.2617e+00 1.4935e+00 -4.4494e-02 1.9088e+00 -7.0046e-01 -8.4317e-02 -7.8762e-01 1.0015e+00 1.6267e-01 -6.4405e-03 3.2883e-01 -5.2031e-02 -8.3995e-01 7.1183e-01 4.9449e-01 -1.9180e-02 -5.7741e-02 8.3259e-01 2.1401e-01 4.1845e-01 -1.6327e-01 -1.2084e+00 -1.0622e-01 -8.2953e-01 -5.2612e-02 -3.2221e-01 1.9281e-01 -1.7089e-01 6.4570e-01 -4.3752e-02 2.2531e-01 4.1407e-02 -5.5574e-02 -3.3506e-01 5.3460e-01 -2.4415e-01 -1.6524e-01 7.0584e-02 -3.4527e-02 -2.6376e-02 -2.0644e-02 -1.9526e-02 1.8998e-01 -7.5489e-02 7.3085e+00 -5.6082e-02 -1.8580e-02 3.2938e-01 -8.4340e-03 -3.4466e-01
2.8209e-02 2.1262e+00 -2.1460e+00 1.0967e+00 -5.5315e-01 8.2276e-01 -6.7622e-01 3.1829e-02 -3.1917e-01 4.2652e-01 -6.9630e-02 5.4276e-02 -2.6782e-01 5.8557e-01 -7.9666e-01 4.0824e-02 -1.8168e-01 -2.1693e-02 -2.9387e-02 4.7572e-02 -1.3952e-01 1.4016e+00 7.6177e-01 -7.8324e-01 -1.6813e-01 7.4802e-02 8.6735e-03 -6.2699e-01 -5.6839e-02 -1.4460e-02 -9.0724e-02 -1.2245e-01 -5.2927e-01 -2.9980e-03 -8.7482e-03 1.1684e-02 1.8963e-01 -1.6964e+00 7.0411e-01 2.2476e+00 -1.7160e-02 6.0432e-02 5.8725e-02 5.5068e-02 -5.0067e-02 -9.0886e-02 -5.6082e-02 9.2518e+00 -2.7797e-02 -9.3684e-02 6.0832e-02 6.8982e-03
3.0762e-03 8.8528e-01 -7.7416e-01 1.5628e-02 -3.7467e-01 2.8330e-01 -1.8163e-01 3.6946e-02 -3.4142e-01 1.8565e-01 2.2522e-01 9.8237e-03 -1.2791e-01 -6.0078e-02 -2.1886e-01 -9.3074e-02 4.6403e-01 -1.6048e-02 4.3120e-03 -2.1241e-01 6.8893e-01 -4.5720e-01 -8.6250e-02 -2.7892e-02 -1.7259e-01 7.9366e-01 -1.6134e-02 5.4538e-02 -1.5795e-01 -5.9985e-02 1.1779e-01 -1.1677e-01 -3.6309e-01 5.2659e-02 5.0903e-02 8.4113e-03 2.6780e-03 -2.1998e-01 -4.1010e-01 -5.5796e-02 -1.7228e-02 -3.7376e-02 -2.2138e-02 -4.0156e-02 -6.7707e-02 2.6519e-02 -1.8580e-02 -2.7797e-02 5.8447e+00 5.0866e-02 8.4063e-03 5.4017e-03
-6.7337e-03 -8.3101e-01 3.5603e-01 8.6217e-01 6.5506e-01 1.1936e+00 -4.8514e-01 1.9555e-01 -1.1087e+00 1.1399e+00 1.6963e+00 4.5054e-02 8.9550e-01 -1.4446e-01 -9.2760e-01 -2.9562e-01 1.9211e+00 -4.6869e-02 -4.8522e-02 1.9033e+00 7.2650e-04 5.8982e-01 -2.9682e-01 -1.2531e+00 1.6702e-01 -4.9194e-01 -1.2274e-01 9.9982e-01 2.0439e-01 -2.4536e-01 1.1627e+00 8.1836e-02 -8.1692e-02 -1.0436e-01 -1.0986e-01 3.2321e-02 1.2280e+00 2.6218e+00 -8.2032e-01 -9.6778e-01 8.6758e-03 -2.1487e-02 -1.3557e-03 -2.8693e-02 -3.2098e-02 -1.5958e-01 3.2938e-01 -9.3684e-02 5.0866e-02 1.2677e+01 3.4499e-02 6.2082e-03
9.7129e+00 -4.4755e-01 1.2598e-01 -2.1312e-01 -2.3023e+00 -8.9423e-02 -3.6840e-01 5.0949e+00 -4.3091e-01 -3.2848e-01 3.8194e-01 2.0756e+01 3.0258e-03 2.7045e-02 -1.8367e+00 -8.6901e-02 -6.6347e+00 -7.0515e-01 -3.4397e-01 3.8927e-01 -1.6868e-02 1.6687e-01 -3.1383e-01 -2.7522e-01 -6.0756e-01 -1.4247e-01 6.4741e-01 6.7226e-02 -6.8310e-01 -6.7935e-01 7.9177e-03 4.3560e-02 -1.9544e+00 -4.1620e-01 8.5942e-01 -5.6531e+00 -4.5147e-01 -1.5004e+00 4.7318e-02 3.3360e-01 -2.5286e-01 -4.3180e-01 1.7114e-01 -3.1630e-02 5.8388e-02 -4.1506e-02 -8.4340e-03 6.0832e-02 8.4063e-03 3.4499e-02 2.2221e+01 -5.6413e+00
-4.6223e-01 5.0817e-01 -4.1707e-01 -2.9898e-01 -1.9127e+00 3.8713e-01 -6.6744e-02 -8.4018e-01 3.8337e-01 -4.2540e-01 8.9471e-01 -5.5509e+00 1.7349e-01 1.4370e-01 2.0825e+00 -3.9639e-01 4.3382e+00 -2.7606e-01 2.4476e-02 9.4969e-01 -3.2843e-01 -1.5304e+00 -2.9161e-01 1.0589e+00 5.6463e-01 6.9394e-01 -4.8503e-02 6.0835e-02 -6.2002e-02 9.6166e-02 -4.4730e-02 2.6078e-01 -2.1127e+00 5.3440e-03 4.8155e-02 2.5096e+01 8.1999e-01 -1.0607e+00 2.2403e-01 1.1203e+00 -7.4049e-02 -5.1407e-01 -7.2788e-01 5.8969e-01 3.7157e-01 5.1546e-02 -3.4466e-01 6.8982e-03 5.4017e-03 6.2082e-03 -5.6413e+00 2.5929e+01
