4.3987e+01 -1.8324e+00 8.0456e+00 1.7127e+00 3.4899e-02 6.6783e+00 1.3518e+01 3.9849e-01 3.1836e+00 3.2814e+00 -1.3361e+00 -1.1119e+00 -4.5635e-01 3.0144e+00 -2.1427e+00 -1.4007e+00 -8.9098e-01 -4.7882e-01 -4.9011e-01 -1.5191e-01 1.0358e-01 5.0167e+00 1.9420e+01 3.5413e-02 -1.6987e+01 -1.0365e-01 1.5169e+01 1.0354e-01 -2.7296e-01 -2.2413e+00 -3.6005e+00 -5.4635e-01 -1.0014e-01 1.6050e+01 -3.1691e+00 -1.9835e-01 -1.4057e+01 -1.5294e+00 -1.0204e+00 -4.1528e-01 -1.0213e-01 -2.2532e+00 -5.0466e-01 1.6669e-01 6.2109e-01 -6.2806e-02 4.0996e-02 1.0496e+00 -6.9441e-02 -2.1841e-01 -1.0398e-01 6.5152e-02
-1.8324e+00 1.5413e+01 -2.9137e+00 -1.1310e+00 -5.4546e-01 1.3086e-01 9.7140e-01 -1.0071e-01 -5.6369e+00 -2.9968e+00 -2.3718e-01 2.1250e+00 -3.9250e-02 7.4749e-01 -9.5969e-01 3.1958e+00 -6.1820e-01 4.9102e-01 2.2830e-01 -7.2535e-02 -3.4495e-01 -8.7524e-01 -9.3760e-01 -2.7569e-01 -9.6546e-01 -2.3884e-01 1.2548e+00 -7.7468e-02 -1.5385e-01 -1.7557e-01 -5.9328e-01 -1.8187e-01 -7.9466e-02 -1.3242e+00 2.2311e+00 -1.1914e-01 -2.3739e+00 -1.9550e-01 2.3580e+00 -4.0347e-02 7.5338e-03 2.2688e+00 1.4116e-01 -7.3656e-02 1.7185e-01 -1.7035e-02 -2.3259e-02 -2.0812e-01 -1.3245e-01 -7.0602e-02 -2.4700e-01 -7.6593e-01
8.0456e+00 -2.9137e+00 6.2450e+01 7.5917e-01 -2.1757e-02 -8.2757e+00 -6.2006e-01 1.4451e+00 1.4180e+01 3.8026e+00 -1.7292e+00 -1.4107e+00 -9.6308e-01 1.1364e+00 2.1916e+00 3.0965e+00 -8.6790e-01 -5.2963e+00 -7.0818e-01 -1.5050e-01 2.2606e-01 -9.7170e+00 1.9623e+01 -9.3493e-01 2.5205e+01 2.2998e-01 -4.5466e-01 2.4499e-01 3.3447e-01 -1.8332e+00 -7.7302e-01 1.7993e+00 -1.4552e-01 8.3425e-01 -1.0021e+01 3.1442e-01 1.7143e+01 -1.8773e+00 -1.8799e+00 2.9674e-01 -1.0760e-01 -1.2858e-01 9.4070e-02 -1.6645e-01 2.9643e-01 3.1843e-01 -3.4102e-02 2.9767e-03 1.0739e-02 4.5651e-01 -4.7281e-02 1.9407e-01
1.7127e+00 -1.1310e+00 7.5917e-01 5.6395e+01 -5.9952e-01 8.1030e-01 1.0839e+00 -4.5994e-01 8.8482e-01 -3.2492e-02 -4.1216e-01 -5.0304e-01 -9.4870e-03 -1.0567e+01 3.1458e+01 5.2487e+00 1.2838e-01 -1.2038e+01 2.3162e-01 -8.9823e-01 -4.9262e+00 -3.0179e-01 9.5858e-01 -4.6740e-01 -1.0046e+00 3.7133e-03 8.9051e-01 6.7414e-02 -5.1988e+00 -4.1611e-01 -2.9338e-01 -2.4107e+00 -5.0672e-01 8.6494e-01 -3.8997e-01 -3.2677e+00 -7.2893e-01 1.3897e+00 3.4328e+00 -5.5822e-01 -1.8533e-02 1.6184e-01 8.1246e-01 -5.8669e-01 4.1389e-01 -4.5089e-01 -1.1778e-01 5.9294e-01 -8.9338e-01 -2.5238e-01 -4.4949e-01 -6.7942e-01
3.4899e-02 -5.4546e-01 -2.1757e-02 -5.9952e-01 3.8248e+01 2.6648e-01 -3.4327e-01 -1.0010e+01 4.3526e-01 7.2762e-01 -2.0539e+00 2.7824e+00 1.3528e+00 3.7522e-01 -8.9514e-01 -2.0223e-01 -1.7053e+00 -3.3767e+00 3.1142e-01 -8.1806e-02 -7.2227e-01 -9.9151e-01 -7.9636e-01 -2.2250e+00 -4.6843e+00 -1.0903e+00 3.5878e+00 -6.1570e-03 -4.9415e-01 -4.0769e-01 -3.9061e-01 -3.5252e-02 -3.5839e-01 -1.7833e+00 6.4674e-02 9.9317e-02 4.4508e-01 -5.2577e-02 2.6308e-01 -4.1959e-01 1.7866e+00 -5.2010e-01 1.0089e-01 -8.6497e-03 -1.7398e-01 3.2450e-01 -1.3116e-02 1.4969e-01 -8.8030e-01 5.6643e-02 -1.2597e+01 2.9453e+01
6.6783e+00 1.3086e-01 -8.2757e+00 8.1030e-01 2.6648e-01 5.1767e+01 1.8365e+01 -5.2093e-01 -1.8924e+01 -1.8163e+00 8.0348e-02 -5.3010e-01 5.6100e-03 9.5984e-01 -7.1224e+00 -4.8139e+00 1.4069e+00 2.7032e+00 1.2954e-01 -7.7355e-02 -7.5580e-01 -4.6671e+00 -3.8311e+00 -4.9149e-01 -2.2613e+01 1.5177e+00 1.8823e+01 2.3712e-01 7.1459e-01 -2.1173e+00 1.6208e+00 -2.2060e+00 -3.1219e-02 1.6268e+01 5.6066e+00 -3.9809e-01 -1.5794e+01 5.5490e-01 8.4655e-02 3.1126e-01 -4.3085e-02 -2.4754e+00 4.0332e-02 2.6789e-01 1.9175e-01 -1.4688e-01 -1.2572e-01 7.9952e-02 8.4212e-01 -4.1394e-01 7.6935e-03 6.9825e-02
1.3518e+01 9.7140e-01 -6.2006e-01 1.0839e+00 -3.4327e-01 1.8365e+01 5.6988e+01 -1.6869e+00 -3.0113e+01 -8.1850e-01 9.4057e-02 -1.4869e+00 2.9752e-02 6.1383e-01 -4.5750e+00 -1.2209e+00 3.6374e+00 2.3151e+00 6.0798e-01 -1.1325e-01 8.4281e-01 -3.7889e+00 2.9760e+00 -3.4800e-01 -1.9074e+01 1.0866e-01 2.7713e+01 8.4508e-02 -1.8372e+00 -4.4664e+00 4.4414e-02 -2.9214e+00 1.5201e-01 2.5858e+01 -3.8281e+00 -1.5759e-01 -1.4271e+01 2.4522e+00 4.7120e-01 2.4354e-01 2.0784e-02 -1.1532e+00 -6.1146e-01 -3.7101e-01 5.0693e-01 1.2152e-02 4.6184e-02 -4.2341e-01 -2.0529e-01 -4.1208e-01 -2.8130e-01 -3.1127e-01
3.9849e-01 -1.0071e-01 1.4451e+00 -4.5994e-01 -1.0010e+01 -5.2093e-01 -1.6869e+00 3.6700e+01 -1.3736e+00 -3.8643e+00 -2.1518e+00 -3.3967e+00 -2.5676e+00 5.9455e-01 -1.2301e-01 -1.9680e+00 -1.6062e+00 2.5845e+00 4.2697e-01 -1.1629e-01 -1.3386e+00 1.6282e-01 6.5032e-01 2.8948e-01 7.2415e-01 7.5373e-01 -3.9391e+00 2.5250e-01 -2.1961e-01 7.8656e-01 1.7216e-02 -2.3330e-02 -4.9945e-03 -3.5037e+00 2.6874e-01 1.4174e-01 6.1250e-01 -1.4579e+00 -1.0656e+00 1.2243e+00 -6.5152e-01 3.1535e-01 -8.6307e-02 5.0607e-02 3.2409e-01 1.8150e-01 -1.4636e-02 1.7666e-01 -2.0340e-01 -2.0406e-01 2.6682e+01 -1.2003e+01
3.1836e+00 -5.6369e+00 1.4180e+01 8.8482e-01 4.3526e-01 -1.8924e+01 -3.0113e+01 -1.3736e+00 8.8199e+01 3.3734e+01 -2.1528e+00 -7.1701e-01 -4.5533e-01 5.7198e+00 4.0444e+00 -4.2219e+00 -2.6762e+00 -4.0822e+00 3.3688e+00 8.3731e-02 -6.7391e-01 2.1975e+00 3.8444e+00 1.4642e-01 1.8826e+01 -3.6374e+00 -2.1956e+01 1.3495e-01 -4.6526e-01 2.9796e+00 -2.1178e+00 6.1853e-01 3.7372e-01 -1.9010e+01 3.5208e+00 6.5483e-02 3.0067e+01 -6.6068e+00 -3.0608e+00 -3.4974e-01 -3.7975e-01 4.0548e-01 5.2466e-01 -2.1489e-01 -2.1043e-01 2.3915e+00 -4.8363e-02 6.2820e-01 -4.2288e-01 6.9485e-01 -3.3775e+00 -3.4022e-01
3.2814e+00 -2.9968e+00 3.8026e+00 -3.2492e-02 7.2762e-01 -1.8163e+00 -8.1850e-01 -3.8643e+00 3.3734e+01 4.9151e+01 -6.2793e-01 -2.2627e+00 -2.9116e-02 -1.3103e-01 -3.9178e-02 -7.3379e+00 2.3889e+00 -1.7258e-01 -1.1348e+00 -2.9102e-02 -1.2063e-01 -2.3681e-01 -3.7632e+00 -5.2628e-01 3.5500e+00 -4.6184e+00 1.2642e-02 9.1010e-03 -4.4186e-01 2.6306e-01 -5.2642e+00 -5.1481e-02 2.6336e-01 6.5961e-01 1.9421e+00 -2.1798e-01 1.7145e+01 -4.0237e-02 -6.3002e-01 -3.3224e-02 -1.2556e-01 6.7571e-01 -1.3603e-01 9.6048e-02 -7.1776e-01 -5.8512e-01 -1.6861e-01 4.7683e-02 -6.4649e-01 2.4726e-01 -4.1838e+00 -1.0549e-01
-1.3361e+00 -2.3718e-01 -1.7292e+00 -4.1216e-01 -2.0539e+00 8.0348e-02 9.4057e-02 -2.1518e+00 -2.1528e+00 -6.2793e-01 1.2216e+01 -2.5604e-01 -1.5988e-01 -5.0618e-01 -1.7849e-01 2.1425e+00 -1.3525e-02 -3.8024e-01 -9.8991e-02 9.8095e-03 -2.8554e-01 8.5030e-01 -1.3038e+00 -1.7767e-01 -3.4558e-02 -1.3627e-01 -1.0983e+00 -4.1673e-02 -1.5663e-01 -1.7328e-01 -2.5165e-01 -1.8559e-02 -9.3820e-02 7.9837e-01 -1.8751e-01 -4.4793e-02 -9.1502e-02 7.7009e-01 -2.8387e-01 -1.2549e-01 -1.4005e-01 -6.1399e-02 -7.3485e-02 1.6141e-01 -7.9399e-02 -7.3063e-02 1.0153e-01 6.0953e-02 -9.4650e-02 -4.8956e-02 -7.0562e-01 2.9164e+00
-1.1119e+00 2.1250e+00 -1.4107e+00 -5.0304e-01 2.7824e+00 -5.3010e-01 -1.4869e+00 -3.3967e+00 -7.1701e-01 -2.2627e+00 -2.5604e-01 2.1928e+01 3.6232e+00 -5.1105e-01 -2.5162e-01 6.6601e-01 4.9609e-01 -7.4006e-01 -1.4025e-01 -5.2450e-02 8.8502e-01 -1.2904e+00 -5.6033e-01 -1.7619e-01 -1.8165e-01 -8.0636e-01 -1.5529e+00 1.0104e-02 -3.8605e-01 -3.1744e-01 -6.9352e-01 7.3515e-02 1.1556e-02 -1.4007e+00 -6.5566e-01 4.4532e-02 1.7972e+00 -1.4888e-01 -6.9817e-02 -2.3738e-01 1.0598e-01 -5.0210e-01 8.4703e-02 -7.1615e-02 -1.1079e-01 -4.4142e-02 -2.6726e-02 -2.4141e-01 -9.0848e-02 7.0986e-02 -3.4966e+00 2.3443e+00
-4.5635e-01 -3.9250e-02 -9.6308e-01 -9.4870e-03 1.3528e+00 5.6100e-03 2.9752e-02 -2.5676e+00 -4.5533e-01 -2.9116e-02 -1.5988e-01 3.6232e+00 1.1385e+01 -2.5787e-01 -1.2317e-01 1.4705e-01 -3.6755e-03 -2.1965e-01 -1.8032e-01 -1.9838e-02 -8.0769e-02 4.1032e-01 -1.0946e-01 -2.5273e-01 -3.3794e-01 -1.8503e-01 3.7922e-01 5.2888e-02 -1.7634e-01 2.1982e-01 -2.6493e-01 -1.6209e-01 -7.1271e-02 -4.8196e-02 2.9647e-01 7.3522e-03 -1.7160e-03 9.2503e-01 -2.0262e-02 9.0414e-02 -2.0962e-01 -1.6837e-01 -2.9344e-02 -2.3478e-02 -6.5607e-02 -5.8179e-02 -1.9572e-02 5.1529e-02 1.0901e-01 -1.3756e-02 -2.8112e+00 1.0292e+00
3.0144e+00 7.4749e-01 1.1364e+00 -1.0567e+01 3.7522e-01 9.5984e-01 6.1383e-01 5.9455e-01 5.7198e+00 -1.3103e-01 -5.0618e-01 -5.1105e-01 -2.5787e-01 5.2977e+01 -1.5179e+01 -6.9257e+00 -3.5174e+00 1.8771e+01 4.4201e+00 -4.2246e-01 1.4816e+00 -2.3220e-01 4.0704e+00 -1.3251e+00 -2.9346e+00 1.1036e-02 1.0463e+00 -2.6765e-01 -1.1251e+00 -1.7726e+00 -1.7799e+00 3.7584e-01 -3.8136e-01 6.2984e-01 -6.9318e-01 3.3627e+00 -2.2165e+00 -1.1292e+00 -2.6155e+00 5.0122e-01 -2.1517e-01 -9.9819e-01 3.4215e-01 1.9661e-01 -6.6008e-01 2.4777e+00 -8.4455e-03 -1.0610e+00 -3.7860e-01 2.0177e-02 3.9546e-01 -3.0122e-02
-2.1427e+00 -9.5969e-01 2.1916e+00 3.1458e+01 -8.9514e-01 -7.1224e+00 -4.5750e+00 -1.2301e-01 4.0444e+00 -3.9178e-02 -1.7849e-01 -2.5162e-01 -1.2317e-01 -1.5179e+01 8.8030e+01 2.0105e+01 9.0804e-01 -1.8424e+01 1.0756e+00 -4.3201e-01 -9.8243e+00 2.2263e+00 2.6326e+00 1.8460e+00 8.9910e+00 -4.9803e-01 -3.9642e+00 9.7435e-01 -3.2553e+00 8.8654e+00 1.6957e+00 -1.6594e+00 7.2643e-01 -4.0883e+00 -1.5048e+00 -3.7763e+00 2.9063e+00 -8.1669e-01 8.6412e+00 -1.6562e+00 -5.3867e-02 -1.6075e+00 5.4562e-02 4.0293e-02 1.2499e+00 -6.0114e-01 -2.2885e-01 8.9756e-01 -2.3763e+00 -7.8293e-01 1.3308e-01 -8.3662e-01
-1.4007e+00 3.1958e+00 3.0965e+00 5.2487e+00 -2.0223e-01 -4.8139e+00 -1.2209e+00 -1.9680e+00 -4.2219e+00 -7.3379e+00 2.1425e+00 6.6601e-01 1.4705e-01 -6.9257e+00 2.0105e+01 7.8370e+01 -1.0213e+01 -6.2171e+00 -9.1918e-01 -6.1276e-01 -2.1750e+00 -1.7596e+00 1.0394e+01 -2.0485e+00 -5.4532e-02 3.9372e+00 -3.5949e+00 -1.0341e+00 2.9952e+00 7.9673e-01 -3.9393e-01 -9.3361e-01 -2.4745e+00 -2.8802e+00 -4.2682e-01 -1.4836e+00 -1.5080e+00 -1.2050e+00 2.1205e+01 -3.2637e-01 -4.8009e-02 -2.6043e+00 9.8172e-02 -1.9035e-01 5.5055e+00 -3.3342e-01 7.5091e-01 3.3078e+00 -2.1420e+00 -1.7759e-01 -6.7609e-01 1.7293e+00
-8.9098e-01 -6.1820e-01 -8.6790e-01 1.2838e-01 -1.7053e+00 1.4069e+00 3.6374e+00 -1.6062e+00 -2.6762e+00 2.3889e+00 -1.3525e-02 4.9609e-01 -3.6755e-03 -3.5174e+00 9.0804e-01 -1.0213e+01 5.6884e+01 -4.9254e+00 -3.6682e-01 -6.9666e-01 1.0181e+01 1.4539e-01 3.1590e+00 -1.0908e+00 -2.5285e+00 -1.4651e+00 4.4509e-01 -1.6915e+00 -1.6406e+00 -1.1084e-01 6.2290e-01 9.5840e-03 -1.6789e+00 2.1865e+00 -8.8541e-01 3.3123e-01 1.5025e-01 1.5521e+00 -3.7871e+00 -7.7854e-01 -1.3633e-02 -1.4227e+00 -1.9045e-01 -2.0136e-01 -2.2169e+00 -2.5505e-01 -8.7072e-02 -1.2995e+00 -1.8144e-01 7.3771e-02 -4.4755e-01 -1.9017e+00
-4.7882e-01 4.9102e-01 -5.2963e+00 -1.2038e+01 -3.3767e+00 2.7032e+00 2.3151e+00 2.5845e+00 -4.0822e+00 -1.7258e-01 -3.8024e-01 -7.4006e-01 -2.1965e-01 1.8771e+01 -1.8424e+01 -6.2171e+00 -4.9254e+00 4.6219e+01 -8.7112e-01 -1.1538e-01 -3.2393e-02 -1.8143e+00 7.5089e-02 -8.1036e-01 -4.4546e+00 1.8582e+00 3.3557e+00 -7.5035e-01 -4.4597e-01 -2.0392e+00 -5.4640e-01 -7.4762e-01 3.7179e-01 3.8306e+00 1.8342e+00 3.2796e+00 -4.0137e+00 -7.3766e-01 -3.1871e+00 5.2634e-01 -3.0379e-01 -6.0126e-01 -1.7358e-01 -1.0580e-01 -7.8636e-01 3.8885e-01 -2.3820e-03 -8.8001e-01 -8.6759e-01 -3.5076e-02 2.4500e+00 -3.5810e+00
-4.9011e-01 2.2830e-01 -7.0818e-01 2.3162e-01 3.1142e-01 1.2954e-01 6.0798e-01 4.2697e-01 3.3688e+00 -1.1348e+00 -9.8991e-02 -1.4025e-01 -1.8032e-01 4.4201e+00 1.0756e+00 -9.1918e-01 -3.6682e-01 -8.7112e-01 1.5952e+01 -8.8262e-02 -2.6046e-01 -5.2063e-01 -3.5330e+00 -3.0075e-01 -1.0406e+00 -2.4275e-01 4.9330e-01 -1.7037e-01 -4.4802e-01 -3.8932e-02 8.4463e-01 -7.4305e-02 -1.6162e-01 1.3774e-01 4.7228e-01 -2.1817e-01 -3.8753e-01 -3.2795e-01 -1.6867e-01 -2.7379e-01 -5.0744e-02 3.5950e+00 5.0429e-01 9.7563e-02 -2.2614e-01 2.9587e+00 -5.6196e-02 -2.8329e-01 -1.9890e-01 -6.1616e-02 3.1312e-01 1.5209e-02
-1.5191e-01 -7.2535e-02 -1.5050e-01 -8.9823e-01 -8.1806e-02 -7.7355e-02 -1.1325e-01 -1.1629e-01 8.3731e-02 -2.9102e-02 9.8095e-03 -5.2450e-02 -1.9838e-02 -4.2246e-01 -4.3201e-01 -6.1276e-01 -6.9666e-01 -1.1538e-01 -8.8262e-02 6.3629e+00 -4.6284e-02 2.3825e-01 1.6274e-01 -2.3410e-03 -3.7723e-03 -4.7005e-02 -8.9741e-02 -5.2007e-02 1.3145e-01 -4.3544e-02 -8.1107e-02 -7.1218e-02 -1.9513e-02 -1.8923e-01 2.1013e-01 3.1783e-01 8.8249e-01 -9.6630e-02 -3.8769e-01 -6.3431e-02 1.2233e-01 -1.7600e-01 -1.9043e-02 5.2257e-01 -1.1329e-01 -2.8632e-02 -1.1741e-02 3.7276e-02 -5.1642e-03 2.2887e-03 4.4579e-02 -6.4390e-02
1.0358e-01 -3.4495e-01 2.2606e-01 -4.9262e+00 -7.2227e-01 -7.5580e-01 8.4281e-01 -1.3386e+00 -6.7391e-01 -1.2063e-01 -2.8554e-01 8.8502e-01 -8.0769e-02 1.4816e+00 -9.8243e+00 -2.1750e+00 1.0181e+01 -3.2393e-02 -2.6046e-01 -4.6284e-02 3.6171e+01 -8.5235e-01 2.2424e+00 -1.2026e+00 -7.8100e-04 -1.8380e-01 7.2411e-01 5.2145e-01 -1.5010e+00 -4.6173e-01 -1.3456e+00 -1.2542e+00 -9.8629e-01 6.2637e-01 -6.3045e-01 1.4920e-01 4.3887e-01 -8.4991e-01 -2.4170e+00 -4.9322e-01 -1.1227e-01 -8.6732e-01 5.1269e-02 -1.3637e-01 -1.0680e-01 9.2022e-02 -1.1029e-02 1.6420e-01 -4.4010e-01 -2.6332e-01 1.7099e+00 -8.9303e-01
5.0167e+00 -8.7524e-01 -9.7170e+00 -3.0179e-01 -9.9151e-01 -4.6671e+00 -3.7889e+00 1.6282e-01 2.1975e+00 -2.3681e-01 8.5030e-01 -1.2904e+00 4.1032e-01 -2.3220e-01 2.2263e+00 -1.7596e+00 1.4539e-01 -1.8143e+00 -5.2063e-01 2.3825e-01 -8.5235e-01 4.5183e+01 -7.7774e+00 5.0957e+00 -2.1996e+00 -6.6260e-01 -9.0305e+00 2.4795e-02 -5.3344e-01 3.2393e+00 2.5017e+00 1.2793e-01 3.2855e+00 -8.2261e+00 -1.3335e+00 -2.1606e-01 -7.1790e+00 -2.0901e+00 -2.1776e-01 -2.1015e-01 -1.3708e-03 -5.0125e-01 -1.3941e-01 7.5946e-02 5.4848e-02 -1.6820e-01 5.4860e-02 1.1268e+00 -1.4598e-01 -2.0610e-01 -3.3939e-01 7.2252e-01
1.9420e+01 -9.3760e-01 1.9623e+01 9.5858e-01 -7.9636e-01 -3.8311e+00 2.9760e+00 6.5032e-01 3.8444e+00 -3.7632e+00 -1.3038e+00 -5.6033e-01 -1.0946e-01 4.0704e+00 2.6326e+00 1.0394e+01 3.1590e+00 7.5089e-02 -3.5330e+00 1.6274e-01 2.2424e+00 -7.7774e+00 8.1429e+01 5.8622e-01 2.3110e+00 4.5356e+00 9.7196e+00 -3.3463e+00 9.1236e-01 2.9190e+00 2.9325e-01 -2.0455e+00 -1.4124e-01 1.0097e+01 -4.5942e+00 4.3310e-01 -3.9813e+00 -3.8538e+00 1.2372e+00 -7.3354e-02 5.7972e-02 4.8556e-02 -2.7657e-01 -3.0330e-01 2.1612e+00 5.6986e-02 3.7177e-02 1.4579e+00 1.2584e+00 1.2857e+00 -1.2930e-01 -6.9222e-01
3.5413e-02 -2.7569e-01 -9.3493e-01 -4.6740e-01 -2.2250e+00 -4.9149e-01 -3.4800e-01 2.8948e-01 1.4642e-01 -5.2628e-01 -1.7767e-01 -1.7619e-01 -2.5273e-01 -1.3251e+00 1.8460e+00 -2.0485e+00 -1.0908e+00 -8.1036e-01 -3.0075e-01 -2.3410e-03 -1.2026e+00 5.0957e+00 5.8622e-01 2.3146e+01 1.4946e+00 -1.8422e-01 -4.9786e-01 -6.8409e-02 -6.6235e-01 3.9863e-02 7.7941e+00 4.1467e-01 1.1572e+01 6.1663e-02 2.5222e-01 -2.0431e-01 -3.0281e-01 -4.4290e-01 -5.6293e-01 -3.6709e-01 7.6361e-02 -6.0813e-01 -6.6937e-02 -1.0731e-01 1.4467e-01 -1.5841e-01 -5.8888e-02 1.1544e-01 -2.5495e-01 2.0811e-01 2.1070e-01 -3.9636e-01
-1.6987e+01 -9.6546e-01 2.5205e+01 -1.0046e+00 -4.6843e+00 -2.2613e+01 -1.9074e+01 7.2415e-01 1.8826e+01 3.5500e+00 -3.4558e-02 -1.8165e-01 -3.3794e-01 -2.9346e+00 8.9910e+00 -5.4532e-02 -2.5285e+00 -4.4546e+00 -1.0406e+00 -3.7723e-03 -7.8100e-04 -2.1996e+00 2.3110e+00 1.4946e+00 7.6907e+01 -2.4369e+00 -2.7765e+01 -3.3841e-01 8.3729e-01 5.7275e+00 3.1663e-01 3.3903e+00 3.9350e-01 -2.5881e+01 -6.7432e+00 2.8582e-01 2.8980e+01 -2.8740e+00 -7.3624e-01 -2.0065e-01 -1.2424e-01 2.6689e+00 -2.1885e-01 -2.4044e-01 -4.2711e-01 -1.8182e-01 -8.6550e-03 -4.5212e-02 -2.0675e-01 9.2706e-01 -4.9921e-01 2.0277e+00
-1.0365e-01 -2.3884e-01 2.2998e-01 3.7133e-03 -1.0903e+00 1.5177e+00 1.0866e-01 7.5373e-01 -3.6374e+00 -4.6184e+00 -1.3627e-01 -8.0636e-01 -1.8503e-01 1.1036e-02 -4.9803e-01 3.9372e+00 -1.4651e+00 1.8582e+00 -2.4275e-01 -4.7005e-02 -1.8380e-01 -6.6260e-01 4.5356e+00 -1.8422e-01 -2.4369e+00 1.8639e+01 -7.4038e-01 -3.7093e-01 -1.0044e-01 -6.8831e-01 7.7863e+00 -4.5057e-01 -2.5214e-01 -2.5189e+00 -4.0850e-01 -1.2015e-01 -4.0721e+00 -1.5030e-01 -3.4201e-01 -3.1965e-01 -1.5314e-01 -2.4893e-01 -9.5976e-02 -6.5680e-02 -4.0396e-01 -1.3170e-02 -3.4911e-02 1.5818e+00 4.4712e-01 -9.3844e-02 5.4148e-01 -1.3226e+00
1.5169e+01 1.2548e+00 -4.5466e-01 8.9051e-01 3.5878e+00 1.8823e+01 2.7713e+01 -3.9391e+00 -2.1956e+01 1.2642e-02 -1.0983e+00 -1.5529e+00 3.7922e-01 1.0463e+00 -3.9642e+00 -3.5949e+00 4.4509e-01 3.3557e+00 4.9330e-01 -8.9741e-02 7.2411e-01 -9.0305e+00 9.7196e+00 -4.9786e-01 -2.7765e+01 -7.4038e-01 5.6443e+01 -6.7940e-02 -1.3003e-01 -4.2684e+00 -4.6958e+00 -1.1149e+00 1.6821e-01 3.7775e+01 -2.4688e+00 -1.9652e-03 -2.4413e+01 5.7791e+00 -4.4887e-01 -2.9387e-02 -2.6982e-01 -5.4807e-01 1.0354e-01 -4.8316e-02 4.1086e-01 -8.9770e-02 -5.6475e-02 4.8208e-01 7.7982e-02 -5.7183e-01 -3.0280e+00 3.0888e+00
1.0354e-01 -7.7468e-02 2.4499e-01 6.7414e-02 -6.1570e-03 2.3712e-01 8.4508e-02 2.5250e-01 1.3495e-01 9.1010e-03 -4.1673e-02 1.0104e-02 5.2888e-02 -2.6765e-01 9.7435e-01 -1.0341e+00 -1.6915e+00 -7.5035e-01 -1.7037e-01 -5.2007e-02 5.2145e-01 2.4795e-02 -3.3463e+00 -6.8409e-02 -3.3841e-01 -3.7093e-01 -6.7940e-02 1.0240e+01 -4.1643e-01 -9.6058e-01 -1.9289e-01 -9.4620e-02 -2.6974e-01 1.1681e-01 -2.0708e-01 -1.8328e-01 -4.8145e-02 -2.7008e-01 -5.8730e-01 -1.4722e-01 -5.9645e-02 -1.5005e-01 -8.3643e-02 -3.3181e-02 5.1721e-01 -5.4735e-02 -2.1037e-02 -2.4905e-01 3.2481e-01 -2.9180e-02 4.5394e-02 -6.8626e-02
-2.7296e-01 -1.5385e-01 3.3447e-01 -5.1988e+00 -4.9415e-01 7.1459e-01 -1.8372e+00 -2.1961e-01 -4.6526e-01 -4.4186e-01 -1.5663e-01 -3.8605e-01 -1.7634e-01 -1.1251e+00 -3.2553e+00 2.9952e+00 -1.6406e+00 -4.4597e-01 -4.4802e-01 1.3145e-01 -1.5010e+00 -5.3344e-01 9.1236e-01 -6.6235e-01 8.3729e-01 -1.0044e-01 -1.3003e-01 -4.1643e-01 2.5626e+01 -5.2043e-01 -3.4945e-01 5.5042e+00 -7.2389e-01 9.1945e-02 -3.6775e-01 -9.7518e-02 -1.3689e-01 -2.3518e-01 4.0340e+00 -4.9782e-01 -3.4115e-02 -3.4290e-01 -1.2701e-01 -9.2987e-02 -5.7929e-01 -1.8446e-01 3.8767e-02 -3.2395e-01 2.3634e-02 -6.0229e-02 3.1014e-01 -2.9413e-01
-2.2413e+00 -1.7557e-01 -1.8332e+00 -4.1611e-01 -4.0769e-01 -2.1173e+00 -4.4664e+00 7.8656e-01 2.9796e+00 2.6306e-01 -1.7328e-01 -3.1744e-01 2.1982e-01 -1.7726e+00 8.8654e+00 7.9673e-01 -1.1084e-01 -2.0392e+00 -3.8932e-02 -4.3544e-02 -4.6173e-01 3.2393e+00 2.9190e+00 3.9863e-02 5.7275e+00 -6.8831e-01 -4.2684e+00 -9.6058e-01 -5.2043e-01 2.6080e+01 -2.8862e-01 -2.1450e-01 -3.6670e-01 -5.6777e+00 -2.4365e-01 -3.8476e-01 1.0552e+00 -7.4274e-01 -1.2735e+00 -3.0183e-01 -2.6931e-02 -7.5241e-01 5.4228e-01 2.7793e-03 -1.0679e+00 -3.6308e-02 -1.5507e-02 -6.2766e-01 -4.2468e-01 4.3344e-01 2.2621e-01 -2.7544e-01
-3.6005e+00 -5.9328e-01 -7.7302e-01 -2.9338e-01 -3.9061e-01 1.6208e+00 4.4414e-02 1.7216e-02 -2.1178e+00 -5.2642e+00 -2.5165e-01 -6.9352e-01 -2.6493e-01 -1.7799e+00 1.6957e+00 -3.9393e-01 6.2290e-01 -5.4640e-01 8.4463e-01 -8.1107e-02 -1.3456e+00 2.5017e+00 2.9325e-01 7.7941e+00 3.1663e-01 7.7863e+00 -4.6958e+00 -1.9289e-01 -3.4945e-01 -2.8862e-01 3.7450e+01 1.2158e+00 7.0863e+00 -4.8408e+00 3.1252e+00 -3.4101e-01 -2.1500e+00 -1.0914e+00 -7.8753e-01 -2.9699e-01 1.4905e-01 -1.6506e+00 -3.5979e-02 1.5664e-01 -2.7952e-01 -8.2612e-03 -4.0278e-02 -1.8743e-01 6.6569e-02 -3.1072e-01 -1.4392e-02 1.1707e-01
-5.4635e-01 -1.8187e-01 1.7993e+00 -2.4107e+00 -3.5252e-02 -2.2060e+00 -2.9214e+00 -2.3330e-02 6.1853e-01 -5.1481e-02 -1.8559e-02 7.3515e-02 -1.6209e-01 3.7584e-01 -1.6594e+00 -9.3361e-01 9.5840e-03 -7.4762e-01 -7.4305e-02 -7.1218e-02 -1.2542e+00 1.2793e-01 -2.0455e+00 4.1467e-01 3.3903e+00 -4.5057e-01 -1.1149e+00 -9.4620e-02 5.5042e+00 -2.1450e-01 1.2158e+00 2.1185e+01 5.8250e-01 -1.2713e+00 -1.4237e-01 3.7126e-02 -3.7694e+00 3.4084e-01 -8.0079e-01 -2.3119e-01 -3.2912e-03 -6.6601e-01 -5.7423e-02 2.1324e-01 -8.3375e-02 6.0052e-02 -3.5263e-02 -1.2633e-01 -9.8605e-02 -2.0417e-01 -6.8824e-02 7.9182e-03
-1.0014e-01 -7.9466e-02 -1.4552e-01 -5.0672e-01 -3.5839e-01 -3.1219e-02 1.5201e-01 -4.9945e-03 3.7372e-01 2.6336e-01 -9.3820e-02 1.1556e-02 -7.1271e-02 -3.8136e-01 7.2643e-01 -2.4745e+00 -1.6789e+00 3.7179e-01 -1.6162e-01 -1.9513e-02 -9.8629e-01 3.2855e+00 -1.4124e-01 1.1572e+01 3.9350e-01 -2.5214e-01 1.6821e-01 -2.6974e-01 -7.2389e-01 -3.6670e-01 7.0863e+00 5.8250e-01 1.8178e+01 2.6639e-01 -1.5019e-01 -2.3511e-01 4.3463e-01 -2.6662e-01 -5.9219e-01 1.6502e-01 1.5893e-01 -5.9684e-01 -6.9325e-02 -8.5522e-02 5.1838e-02 2.9165e-02 -2.3859e-02 -2.1186e-01 -2.7752e-01 2.5173e-01 1.0497e-02 7.2792e-02
1.6050e+01 -1.3242e+00 8.3425e-01 8.6494e-01 -1.7833e+00 1.6268e+01 2.5858e+01 -3.5037e+00 -1.9010e+01 6.5961e-01 7.9837e-01 -1.4007e+00 -4.8196e-02 6.2984e-01 -4.0883e+00 -2.8802e+00 2.1865e+00 3.8306e+00 1.3774e-01 -1.8923e-01 6.2637e-01 -8.2261e+00 1.0097e+01 6.1663e-02 -2.5881e+01 -2.5189e+00 3.7775e+01 1.1681e-01 9.1945e-02 -5.6777e+00 -4.8408e+00 -1.2713e+00 2.6639e-01 5.6491e+01 -5.9500e+00 1.9335e-01 -2.7925e+01 6.6491e+00 -1.0806e+00 1.8130e-01 -6.0036e-02 -3.2227e+00 2.2324e-01 -7.0483e-02 6.9007e-01 1.1502e-03 -2.9187e-02 -1.9979e+00 2.8252e-01 -4.7032e-01 1.4366e+00 -4.5000e-01
-3.1691e+00 2.2311e+00 -1.0021e+01 -3.8997e-01 6.4674e-02 5.6066e+00 -3.8281e+00 2.6874e-01 3.5208e+00 1.9421e+00 -1.8751e-01 -6.5566e-01 2.9647e-01 -6.9318e-01 -1.5048e+00 -4.2682e-01 -8.8541e-01 1.8342e+00 4.7228e-01 2.1013e-01 -6.3045e-01 -1.3335e+00 -4.5942e+00 2.5222e-01 -6.7432e+00 -4.0850e-01 -2.4688e+00 -2.0708e-01 -3.6775e-01 -2.4365e-01 3.1252e+00 -1.4237e-01 -1.5019e-01 -5.9500e+00 2.9403e+01 -1.9511e-01 -4.5578e+00 -1.0965e+00 2.8274e+00 -1.4558e-01 7.3531e-02 4.8980e+00 -1.0668e-01 -6.8438e-02 -2.5756e-01 4.5791e-02 4.2950e-04 3.3840e-01 -2.4498e-01 -3.0163e-01 5.2892e-02 6.4358e-03
-1.9835e-01 -1.1914e-01 3.1442e-01 -3.2677e+00 9.9317e-02 -3.9809e-01 -1.5759e-01 1.4174e-01 6.5483e-02 -2.1798e-01 -4.4793e-02 4.4532e-02 7.3522e-03 3.3627e+00 -3.7763e+00 -1.4836e+00 3.3123e-01 3.2796e+00 -2.1817e-01 3.1783e-01 1.4920e-01 -2.1606e-01 4.3310e-01 -2.0431e-01 2.8582e-01 -1.2015e-01 -1.9652e-03 -1.8328e-01 -9.7518e-02 -3.8476e-01 -3.4101e-01 3.7126e-02 -2.3511e-01 1.9335e-01 -1.9511e-01 1.1719e+01 5.0097e-02 -1.6237e-01 -8.4583e-01 -9.0527e-02 -1.9516e-02 -3.7465e-02 1.7516e-02 -2.9246e-02 -2.0686e-01 -3.4144e-02 9.4462e-03 -3.2740e-01 -3.9451e-01 -5.2439e-02 -5.2167e-03 1.4327e-01
-1.4057e+01 -2.3739e+00 1.7143e+01 -7.2893e-01 4.4508e-01 -1.5794e+01 -1.4271e+01 6.1250e-01 3.0067e+01 1.7145e+01 -9.1502e-02 1.7972e+00 -1.7160e-03 -2.2165e+00 2.9063e+00 -1.5080e+00 1.5025e-01 -4.0137e+00 -3.8753e-01 8.8249e-01 4.3887e-01 -7.1790e+00 -3.9813e+00 -3.0281e-01 2.8980e+01 -4.0721e+00 -2.4413e+01 -4.8145e-02 -1.3689e-01 1.0552e+00 -2.1500e+00 -3.7694e+00 4.3463e-01 -2.7925e+01 -4.5578e+00 5.0097e-02 9.8149e+01 -3.2196e+00 -9.3105e-01 9.9034e-02 -2.5477e-02 -4.8098e+00 -1.3232e-01 9.5100e-02 -5.8414e-01 -5.1455e-01 -9.8399e-02 -1.2171e+00 -5.2524e-02 9.9251e-01 -3.8090e-01 1.9345e-01
-1.5294e+00 -1.9550e-01 -1.8773e+00 1.3897e+00 -5.2577e-02 5.5490e-01 2.4522e+00 -1.4579e+00 -6.6068e+00 -4.0237e-02 7.7009e-01 -1.4888e-01 9.2503e-01 -1.1292e+00 -8.1669e-01 -1.2050e+00 1.5521e+00 -7.3766e-01 -3.2795e-01 -9.6630e-02 -8.4991e-01 -2.0901e+00 -3.8538e+00 -4.4290e-01 -2.8740e+00 -1.5030e-01 5.7791e+00 -2.7008e-01 -2.3518e-01 -7.4274e-01 -1.0914e+00 3.4084e-01 -2.6662e-01 6.6491e+00 -1.0965e+00 -1.6237e-01 -3.2196e+00 2.4356e+01 -8.7338e-01 -5.0579e-02 -1.2865e-02 -9.1786e-01 7.0592e-01 2.9014e-01 3.5390e-01 -3.3899e-02 -3.3301e-02 -1.8911e-01 6.4385e-02 -2.4597e-01 -9.6815e-02 -6.0313e-03
-1.0204e+00 2.3580e+00 -1.8799e+00 3.4328e+00 2.6308e-01 8.4655e-02 4.7120e-01 -1.0656e+00 -3.0608e+00 -6.3002e-01 -2.8387e-01 -6.9817e-02 -2.0262e-02 -2.6155e+00 8.6412e+00 2.1205e+01 -3.7871e+00 -3.1871e+00 -1.6867e-01 -3.8769e-01 -2.4170e+00 -2.1776e-01 1.2372e+00 -5.6293e-01 -7.3624e-01 -3.4201e-01 -4.4887e-01 -5.8730e-01 4.0340e+00 -1.2735e+00 -7.8753e-01 -8.0079e-01 -5.9219e-01 -1.0806e+00 2.8274e+00 -8.4583e-01 -9.3105e-01 -8.7338e-01 4.2868e+01 3.8759e-01 -5.3846e-02 1.6189e+00 -2.2262e-01 -1.8530e-01 -4.4250e-01 -2.7053e-01 -2.2829e-02 -9.8710e-01 -1.1878e+00 2.6206e-01 6.3985e-02 1.0693e-01
-4.1528e-01 -4.0347e-02 2.9674e-01 -5.5822e-01 -4.1959e-01 3.1126e-01 2.4354e-01 1.2243e+00 -3.4974e-01 -3.3224e-02 -1.2549e-01 -2.3738e-01 9.0414e-02 5.0122e-01 -1.6562e+00 -3.2637e-01 -7.7854e-01 5.2634e-01 -2.7379e-01 -6.3431e-02 -4.9322e-01 -2.1015e-01 -7.3354e-02 -3.6709e-01 -2.0065e-01 -3.1965e-01 -2.9387e-02 -1.4722e-01 -4.9782e-01 -3.0183e-01 -2.9699e-01 -2.3119e-01 1.6502e-01 1.8130e-01 -1.4558e-01 -9.0527e-02 9.9034e-02 -5.0579e-02 3.8759e-01 1.2722e+01 1.3235e+00 -2.0795e-01 -6.3494e-02 -1.7931e-02 -2.1792e-01 -1.5141e-01 -3.2794e-02 -1.6540e-01 5.4253e-02 -5.1061e-02 1.0083e+00 -6.5373e-01
-1.0213e-01 7.5338e-03 -1.0760e-01 -1.8533e-02 1.7866e+00 -4.3085e-02 2.0784e-02 -6.5152e-01 -3.7975e-01 -1.2556e-01 -1.4005e-01 1.0598e-01 -2.0962e-01 -2.1517e-01 -5.3867e-02 -4.8009e-02 -1.3633e-02 -3.0379e-01 -5.0744e-02 1.2233e-01 -1.1227e-01 -1.3708e-03 5.7972e-02 7.6361e-02 -1.2424e-01 -1.5314e-01 -2.6982e-01 -5.9645e-02 -3.4115e-02 -2.6931e-02 1.4905e-01 -3.2912e-03 1.5893e-01 -6.0036e-02 7.3531e-02 -1.9516e-02 -2.5477e-02 -1.2865e-02 -5.3846e-02 1.3235e+00 7.4898e+00 6.9203e-02 -1.7390e-03 -2.2093e-02 1.2120e-01 -6.7550e-04 -1.0987e-02 7.3040e-02 1.1330e-01 -1.1576e-02 -8.2890e-01 1.4868e+00
-2.2532e+00 2.2688e+00 -1.2858e-01 1.6184e-01 -5.2010e-01 -2.4754e+00 -1.1532e+00 3.1535e-01 4.0548e-01 6.7571e-01 -6.1399e-02 -5.0210e-01 -1.6837e-01 -9.9819e-01 -1.6075e+00 -2.6043e+00 -1.4227e+00 -6.0126e-01 3.5950e+00 -1.7600e-01 -8.6732e-01 -5.0125e-01 4.8556e-02 -6.0813e-01 2.6689e+00 -2.4893e-01 -5.4807e-01 -1.5005e-01 -3.4290e-01 -7.5241e-01 -1.6506e+00 -6.6601e-01 -5.9684e-01 -3.2227e+00 4.8980e+00 -3.7465e-02 -4.8098e+00 -9.1786e-01 1.6189e+00 -2.0795e-01 6.9203e-02 3.0974e+01 -1.2992e-01 -1.6087e-02 4.6050e-01 -3.3344e-02 -1.9124e-02 -4.8114e-01 -5.0045e-01 -2.0865e-01 1.3498e-01 -5.8136e-01
-5.0466e-01 1.4116e-01 9.4070e-02 8.1246e-01 1.0089e-01 4.0332e-02 -6.1146e-01 -8.6307e-02 5.2466e-01 -1.3603e-01 -7.3485e-02 8.4703e-02 -2.9344e-02 3.4215e-01 5.4562e-02 9.8172e-02 -1.9045e-01 -1.7358e-01 5.0429e-01 -1.9043e-02 5.1269e-02 -1.3941e-01 -2.7657e-01 -6.6937e-02 -2.1885e-01 -9.5976e-02 1.0354e-01 -8.3643e-02 -1.2701e-01 5.4228e-01 -3.5979e-02 -5.7423e-02 -6.9325e-02 2.2324e-01 -1.0668e-01 1.7516e-02 -1.3232e-01 7.0592e-01 -2.2262e-01 -6.3494e-02 -1.7390e-03 -1.2992e-01 6.1418e+00 1.1802e-02 -1.1189e-01 5.7976e-01 -1.8767e-02 3.4573e-01 -1.1512e-03 2.1243e-02 -1.1699e-01 2.8018e-02
1.6669e-01 -7.3656e-02 -1.6645e-01 -5.8669e-01 -8.6497e-03 2.6789e-01 -3.7101e-01 5.0607e-02 -2.1489e-01 9.6048e-02 1.6141e-01 -7.1615e-02 -2.3478e-02 1.9661e-01 4.0293e-02 -1.9035e-01 -2.0136e-01 -1.0580e-01 9.7563e-02 5.2257e-01 -1.3637e-01 7.5946e-02 -3.0330e-01 -1.0731e-01 -2.4044e-01 -6.5680e-02 -4.8316e-02 -3.3181e-02 -9.2987e-02 2.7793e-03 1.5664e-01 2.1324e-01 -8.5522e-02 -7.0483e-02 -6.8438e-02 -2.9246e-02 9.5100e-02 2.9014e-01 -1.8530e-01 -1.7931e-02 -2.2093e-02 -1.6087e-02 1.1802e-02 5.3331e+00 2.1870e-02 -1.5920e-02 -7.3903e-03 -4.4483e-03 -1.9618e-02 -1.0169e-02 1.2335e-02 -5.2311e-02
6.2109e-01 1.7185e-01 2.9643e-01 4.1389e-01 -1.7398e-01 1.9175e-01 5.0693e-01 3.2409e-01 -2.1043e-01 -7.1776e-01 -7.9399e-02 -1.1079e-01 -6.5607e-02 -6.6008e-01 1.2499e+00 5.5055e+00 -2.2169e+00 -7.8636e-01 -2.2614e-01 -1.1329e-01 -1.0680e-01 5.4848e-02 2.1612e+00 1.4467e-01 -4.2711e-01 -4.0396e-01 4.1086e-01 5.1721e-01 -5.7929e-01 -1.0679e+00 -2.7952e-01 -8.3375e-02 5.1838e-02 6.9007e-01 -2.5756e-01 -2.0686e-01 -5.8414e-01 3.5390e-01 -4.4250e-01 -2.1792e-01 1.2120e-01 4.6050e-01 -1.1189e-01 2.1870e-02 1.3096e+01 -3.3553e-02 -2.9253e-02 -2.2168e-01 1.4775e-01 -2.9859e-02 2.4811e-01 -2.1965e-01
-6.2806e-02 -1.7035e-02 3.1843e-01 -4.5089e-01 3.2450e-01 -1.4688e-01 1.2152e-02 1.8150e-01 2.3915e+00 -5.8512e-01 -7.3063e-02 -4.4142e-02 -5.8179e-02 2.4777e+00 -6.0114e-01 -3.3342e-01 -2.5505e-01 3.8885e-01 2.9587e+00 -2.8632e-02 9.2022e-02 -1.6820e-01 5.6986e-02 -1.5841e-01 -1.8182e-01 -1.3170e-02 -8.9770e-02 -5.4735e-02 -1.8446e-01 -3.6308e-02 -8.2612e-03 6.0052e-02 2.9165e-02 1.1502e-03 4.5791e-02 -3.4144e-02 -5.1455e-01 -3.3899e-02 -2.7053e-01 -1.5141e-01 -6.7550e-04 -3.3344e-02 5.7976e-01 -1.5920e-02 -3.3553e-02 7.9350e+00 -4.6219e-02 -9.4906e-02 -6.2167e-05 -2.4609e-02 1.3434e-01 1.7285e-01
4.0996e-02 -2.3259e-02 -3.4102e-02 -1.1778e-01 -1.3116e-02 -1.2572e-01 4.6184e-02 -1.4636e-02 -4.8363e-02 -1.6861e-01 1.0153e-01 -2.6726e-02 -1.9572e-02 -8.4455e-03 -2.2885e-01 7.5091e-01 -8.7072e-02 -2.3820e-03 -5.6196e-02 -1.1741e-02 -1.1029e-02 5.4860e-02 3.7177e-02 -5.8888e-02 -8.6550e-03 -3.4911e-02 -5.6475e-02 -2.1037e-02 3.8767e-02 -1.5507e-02 -4.0278e-02 -3.5263e-02 -2.3859e-02 -2.9187e-02 4.2950e-04 9.4462e-03 -9.8399e-02 -3.3301e-02 -2.2829e-02 -3.2794e-02 -1.0987e-02 -1.9124e-02 -1.8767e-02 -7.3903e-03 -2.9253e-02 -4.6219e-02 3.7509e+00 -3.2310e-02 -4.2948e-02 -7.0353e-03 -4.1779e-02 5.4615e-02
1.0496e+00 -2.0812e-01 2.9767e-03 5.9294e-01 1.4969e-01 7.9952e-02 -4.2341e-01 1.7666e-01 6.2820e-01 4.7683e-02 6.0953e-02 -2.4141e-01 5.1529e-02 -1.0610e+00 8.9756e-01 3.3078e+00 -1.2995e+00 -8.8001e-01 -2.8329e-01 3.7276e-02 1.6420e-01 1.1268e+00 1.4579e+00 1.1544e-01 -4.5212e-02 1.5818e+00 4.8208e-01 -2.4905e-01 -3.2395e-01 -6.2766e-01 -1.8743e-01 -1.2633e-01 -2.1186e-01 -1.9979e+00 3.3840e-01 -3.2740e-01 -1.2171e+00 -1.8911e-01 -9.8710e-01 -1.6540e-01 7.3040e-02 -4.8114e-01 3.4573e-01 -4.4483e-03 -2.2168e-01 -9.4906e-02 -3.2310e-02 1.4852e+01 -4.1204e-01 1.8913e-01 6.9051e-02 7.3746e-02
-6.9441e-02 -1.3245e-01 1.0739e-02 -8.9338e-01 -8.8030e-01 8.4212e-01 -2.0529e-01 -2.0340e-01 -4.2288e-01 -6.4649e-01 -9.4650e-02 -9.0848e-02 1.0901e-01 -3.7860e-01 -2.3763e+00 -2.1420e+00 -1.8144e-01 -8.6759e-01 -1.9890e-01 -5.1642e-03 -4.4010e-01 -1.4598e-01 1.2584e+00 -2.5495e-01 -2.0675e-01 4.4712e-01 7.7982e-02 3.2481e-01 2.3634e-02 -4.2468e-01 6.6569e-02 -9.8605e-02 -2.7752e-01 2.8252e-01 -2.4498e-01 -3.9451e-01 -5.2524e-02 6.4385e-02 -1.1878e+00 5.4253e-02 1.1330e-01 -5.0045e-01 -1.1512e-03 -1.9618e-02 1.4775e-01 -6.2167e-05 -4.2948e-02 -4.1204e-01 1.4857e+01 8.7158e-02 -2.2967e-01 -8.1412e-01
-2.1841e-01 -7.0602e-02 4.5651e-01 -2.5238e-01 5.6643e-02 -4.1394e-01 -4.1208e-01 -2.0406e-01 6.9485e-01 2.4726e-01 -4.8956e-02 7.0986e-02 -1.3756e-02 2.0177e-02 -7.8293e-01 -1.7759e-01 7.3771e-02 -3.5076e-02 -6.1616e-02 2.2887e-03 -2.6332e-01 -2.0610e-01 1.2857e+00 2.0811e-01 9.2706e-01 -9.3844e-02 -5.7183e-01 -2.9180e-02 -6.0229e-02 4.3344e-01 -3.1072e-01 -2.0417e-01 2.5173e-01 -4.7032e-01 -3.0163e-01 -5.2439e-02 9.9251e-01 -2.4597e-01 2.6206e-01 -5.1061e-02 -1.1576e-02 -2.0865e-01 2.1243e-02 -1.0169e-02 -2.9859e-02 -2.4609e-02 -7.0353e-03 1.8913e-01 8.7158e-02 7.4358e+00 -1.2387e-01 3.2574e-02
-1.0398e-01 -2.4700e-01 -4.7281e-02 -4.4949e-01 -1.2597e+01 7.6935e-03 -2.8130e-01 2.6682e+01 -3.3775e+00 -4.1838e+00 -7.0562e-01 -3.4966e+00 -2.8112e+00 3.9546e-01 1.3308e-01 -6.7609e-01 -4.4755e-01 2.4500e+00 3.1312e-01 4.4579e-02 1.7099e+00 -3.3939e-01 -1.2930e-01 2.1070e-01 -4.9921e-01 5.4148e-01 -3.0280e+00 4.5394e-02 3.1014e-01 2.2621e-01 -1.4392e-02 -6.8824e-02 1.0497e-02 1.4366e+00 5.2892e-02 -5.2167e-03 -3.8090e-01 -9.6815e-02 6.3985e-02 1.0083e+00 -8.2890e-01 1.3498e-01 -1.1699e-01 1.2335e-02 2.4811e-01 1.3434e-01 -4.1779e-02 6.9051e-02 -2.2967e-01 -1.2387e-01 2.9768e+01 -1.3323e+01
6.5152e-02 -7.6593e-01 1.9407e-01 -6.7942e-01 2.9453e+01 6.9825e-02 -3.1127e-01 -1.2003e+01 -3.4022e-01 -1.0549e-01 2.9164e+00 2.3443e+00 1.0292e+00 -3.0122e-02 -8.3662e-01 1.7293e+00 -1.9017e+00 -3.5810e+00 1.5209e-02 -6.4390e-02 -8.9303e-01 7.2252e-01 -6.9222e-01 -3.9636e-01 2.0277e+00 -1.3226e+00 3.0888e+00 -6.8626e-02 -2.9413e-01 -2.7544e-01 1.1707e-01 7.9182e-03 7.2792e-02 -4.5000e-01 6.4358e-03 1.4327e-01 1.9345e-01 -6.0313e-03 1.0693e-01 -6.5373e-01 1.4868e+00 -5.8136e-01 2.8018e-02 -5.2311e-02 -2.1965e-01 1.7285e-01 5.4615e-02 7.3746e-02 -8.1412e-01 3.2574e-02 -1.3323e+01 3.3835e+01
