1.0558e+01 -1.0875e+00 4.4845e-01 6.4023e-01 -6.0971e-01 -8.6198e-01 1.8689e+00 -5.6853e-01 1.1611e-01 -2.4539e-02 3.7884e-01 -1.3451e-01 -2.0255e-01 -1.2310e-01 -1.6066e-01 -3.6195e-01 6.0330e-02 4.9048e-03 -5.9911e-01 1.5023e+00 -6.6568e-01 -4.3683e-01 -4.6862e-01 -2.1863e-01 1.9590e-01 1.8207e-01 -2.0293e-01 -5.1592e-03 -2.0348e-01 -6.3750e-04 3.9853e-01 -2.8919e-02 -1.1108e-02 -1.8675e-02 9.9248e-01 8.1716e-01 -3.1558e-02 -4.3316e-01 -8.1933e-01 -2.2728e-01 -5.3738e-02 -1.7895e-02 9.4561e-01 -1.0101e-01 -7.3747e-02 -1.4962e-02 -6.8037e-02 -1.0735e-01 2.7136e-02 -4.5534e-02 -7.8880e-01 -9.9563e-01
-1.0875e+00 8.4626e+01 -6.4313e-01 1.4414e+00 1.3743e+00 -4.2758e-01 7.4510e-01 -1.0373e+01 3.2819e+00 3.3238e-01 -9.1061e-02 3.2342e-01 1.7565e+00 6.2164e-01 6.7279e-02 -3.1755e+00 -8.1814e-01 -1.5859e+00 1.2372e+01 -3.7137e+00 -9.2336e+00 5.2514e-01 -4.7049e-01 1.2986e+01 -1.7261e+00 -6.1443e-01 4.6613e-01 1.4732e+00 -5.5447e+00 -3.7233e+00 6.1831e+00 6.3492e-01 -8.3992e-02 -2.9724e-01 -9.0865e-01 4.8748e+00 7.6434e-01 -8.1518e+00 4.4317e-01 1.4246e-02 -4.5904e-01 5.5091e+00 1.9645e+00 8.6311e+00 4.3489e-02 1.6692e-02 -5.7493e-01 -1.3314e+00 -8.0661e-01 3.3647e-01 5.4095e-01 -4.4297e-01
4.4845e-01 -6.4313e-01 4.6541e+01 1.3142e+01 5.5929e+00 -8.5921e+00 1.0905e+01 -4.2357e+00 -9.4512e-02 2.6945e+01 -1.1869e+01 -1.9995e+00 -1.3642e-02 -1.1146e+00 -4.7536e-01 3.4581e+00 1.3719e+00 -1.1363e+01 2.0971e+00 6.3593e-01 7.1098e-01 -3.8264e+00 -2.0534e+00 3.5971e+00 -1.2202e+00 3.1575e+00 -8.5183e-02 4.5161e-01 -2.2390e+00 -1.2344e+00 -2.3140e+00 -2.7993e-01 -2.1177e-01 1.0440e-01 5.4394e-01 8.1611e-01 1.8530e-01 1.5790e+00 -5.0636e-01 -2.3604e-01 1.2387e-01 -4.3604e-01 1.3481e-02 7.2643e-01 3.3922e-01 1.5494e-01 -5.0449e-02 -2.2177e-01 -9.3599e-02 1.1686e-01 -8.5990e-01 -7.2661e+00
6.4023e-01 1.4414e+00 1.3142e+01 3.4974e+01 8.0068e+00 -3.7157e+00 1.3411e+01 -3.6276e+00 3.1636e-02 1.8009e+01 -7.0282e+00 -1.9032e+00 -5.4601e-01 -5.5086e-02 -1.1913e-01 -2.4646e+00 -1.1575e+00 -1.1160e+01 1.4489e-01 -1.1026e-01 -3.2034e+00 -1.7813e+00 -4.1535e+00 -3.8564e-01 -2.4579e-01 4.2962e+00 -8.4820e-01 1.5979e-01 2.8832e-01 3.6787e-02 -5.7125e+00 1.1022e+00 -3.6073e-01 3.7399e-02 -1.5852e-01 -1.2330e-01 -3.3926e-02 9.6396e-01 -6.5053e-01 4.4009e-01 -3.1688e-02 2.1704e-01 -3.5448e-02 1.2292e+00 -1.4418e-02 1.8293e-02 -1.2216e-01 -1.1786e-01 -5.5131e-01 6.4375e-02 -6.7581e-01 -7.5670e+00
-6.0971e-01 1.3743e+00 5.5929e+00 8.0068e+00 1.3347e+01 -3.1189e+00 8.3008e+00 -3.0753e+00 2.3168e-01 6.0298e+00 -3.3427e+00 -1.3457e-01 -4.2977e-02 -1.5467e-01 -3.4653e-01 -1.7283e+00 -7.7679e-01 -4.5563e+00 -5.6715e-03 -8.5804e-02 -2.1370e+00 -1.1503e+00 -2.4292e+00 -8.3560e-01 -3.6563e-01 -8.2203e-02 -5.1553e-02 1.3393e-01 -1.8016e-01 -1.8559e-01 -3.3937e+00 -2.0538e-01 -1.0307e-03 -2.3290e-01 -1.9351e-01 -8.2446e-02 -6.0925e-02 -6.2440e-01 1.8644e+00 -5.9897e-02 5.4943e-03 8.6450e-03 -3.9594e-02 1.0592e+00 -4.7017e-04 1.7149e-02 -1.3052e-01 3.1099e-01 -2.3938e-01 -1.2529e-02 1.8248e+00 3.8357e+00
-8.6198e-01 -4.2758e-01 -8.5921e+00 -3.7157e+00 -3.1189e+00 9.5464e+01 -4.7084e+00 4.9803e-01 -1.6322e+01 -4.6408e+00 1.5242e+01 8.2368e-01 -3.1472e+00 -3.1063e+00 -6.9771e+00 4.9072e+00 -1.8863e-01 2.5108e+00 -6.7638e+00 2.5278e+00 -2.9338e+00 -2.9338e+00 -1.5304e+00 -2.1799e+01 -2.7225e-01 2.3965e+00 4.8169e-01 -1.5768e+00 1.3293e+01 -6.0862e+00 -2.0128e+00 -7.2693e-01 -5.8280e-01 -1.4977e-01 -2.7728e+00 9.1237e-01 6.5631e-01 2.9236e-01 -8.8960e-01 -1.5095e+00 -3.6180e-01 -3.8667e+00 -7.4967e-02 -9.8117e-01 -6.7670e-01 7.5828e-01 3.9053e-01 -5.9982e-01 5.3463e-01 4.2819e-01 -1.0455e+00 -5.3523e-01
1.8689e+00 7.4510e-01 1.0905e+01 1.3411e+01 8.3008e+00 -4.7084e+00 2.3692e+01 -4.5621e+00 -6.2918e-01 1.1390e+01 -6.2710e+00 -1.9607e+00 -6.3479e-01 -1.9324e-01 -1.2714e-01 -2.1021e+00 -1.0406e+00 -6.2355e+00 -1.8696e-01 -6.3089e-01 -2.9443e+00 -1.5494e+00 -4.3109e+00 -5.2830e-02 1.2284e+00 -6.8800e-01 -5.3310e-03 -3.8977e-01 -4.4303e-02 -6.5699e-01 -4.5265e+00 1.3183e-01 -4.4093e-02 -2.0355e-02 8.5621e-01 2.2590e-02 -1.1577e-01 -1.7820e+00 -1.0163e-02 -2.4753e-01 1.3019e-02 -3.4743e-01 1.0842e-02 9.9999e-01 2.9348e-02 1.9402e-02 -2.6227e-01 -6.8370e-03 -3.4161e-01 -5.4139e-01 -1.0785e-01 -1.9732e+00
-5.6853e-01 -1.0373e+01 -4.2357e+00 -3.6276e+00 -3.0753e+00 4.9803e-01 -4.5621e+00 8.8413e+01 -7.4343e+00 -6.3225e+00 1.2449e+01 -2.7683e+00 -1.2044e+00 -3.5592e+00 -3.9640e+00 2.2760e+00 -1.6811e-01 2.2412e+00 -5.3857e+00 -1.3902e+00 -2.7975e+00 1.8438e+00 -3.3221e+00 -1.6033e+01 1.7766e+00 -1.7420e+00 1.3946e+00 1.2711e+00 -1.2361e+01 9.1422e-01 -3.0752e+00 -8.5464e-02 4.8534e-01 -2.5005e-02 5.7676e-01 -6.6483e+00 -2.9129e-01 -2.9574e+00 -6.1576e-01 -6.6419e-01 4.5595e-01 5.1562e+00 1.4292e-01 -6.7517e-01 2.7728e-01 -1.4627e+00 -2.0747e-01 -3.3366e-01 -6.9006e-01 -4.6991e-01 -7.8923e-01 -5.0653e-01
1.1611e-01 3.2819e+00 -9.4512e-02 3.1636e-02 2.3168e-01 -1.6322e+01 -6.2918e-01 -7.4343e+00 6.7664e+01 -2.6294e+00 1.6811e+00 6.1206e+00 -2.2573e+00 2.4880e-01 4.5803e+00 -6.8785e+00 9.4583e-02 4.3791e-01 -5.7910e+00 -1.2526e+00 -2.4957e+00 -4.8319e+00 5.0939e-01 3.0096e+01 -6.5319e-02 2.8031e+00 -1.5210e-01 2.8881e+00 1.2326e+00 5.4146e+00 -4.1607e+00 -1.1671e+00 -1.9475e-01 -5.9679e-02 -3.6791e+00 -4.6019e+00 -4.4008e-01 3.9544e+00 -2.0950e-01 -2.7798e+00 7.6275e-02 5.0807e+00 -2.2526e-01 -1.6773e-01 1.2944e+00 2.4695e-01 -5.5624e-01 -1.8676e-01 4.2144e-01 -1.7809e-01 -1.3993e-01 -3.2719e-02
-2.4539e-02 3.3238e-01 2.6945e+01 1.8009e+01 6.0298e+00 -4.6408e+00 1.1390e+01 -6.3225e+00 -2.6294e+00 4.8878e+01 -1.0589e+01 -2.5131e+00 -3.5988e-01 4.8306e-01 -9.0493e+00 3.1571e+00 1.2814e+00 -1.2908e+01 6.3465e-01 6.5411e-01 -1.2496e+00 -2.1113e+00 -7.5354e+00 -1.3301e-01 -5.2760e-01 1.4493e+00 3.5425e-01 -1.5557e-01 2.9185e-01 -9.0341e+00 -2.7385e+00 1.4300e+00 -5.5221e-01 1.3524e-01 1.3909e-01 9.0010e-01 7.8224e-02 7.2091e+00 -9.8782e-01 3.9075e-01 -8.2878e-02 5.2783e-01 -1.3510e-01 1.1598e+00 2.8326e-01 -1.1102e-01 3.2957e-01 -4.1104e-01 2.3200e-02 1.7729e-01 -1.2097e+00 -8.5166e+00
3.7884e-01 -9.1061e-02 -1.1869e+01 -7.0282e+00 -3.3427e+00 1.5242e+01 -6.2710e+00 1.2449e+01 1.6811e+00 -1.0589e+01 3.4511e+01 4.7998e+00 -5.7705e-01 5.0365e-03 7.9869e-01 -1.3337e+00 -4.6352e-01 1.7915e-01 2.7578e-01 -3.2227e-01 -2.1100e+00 -1.2880e+00 4.4491e+00 6.9273e-01 -8.7656e-01 -1.5381e+00 -3.1343e-01 -1.9399e-02 3.6948e+00 -7.9421e-01 4.4265e+00 -4.0410e-01 -1.0779e-01 -1.0521e-01 -7.3663e-01 -7.8378e-01 -5.3517e-02 -2.3136e+00 -2.6500e+00 -6.4557e-01 -6.0537e-02 -3.2881e-01 1.4092e-01 -6.1808e-01 -2.1946e-01 -1.6402e-01 -9.0426e-02 1.3605e-01 -2.3114e-01 -1.6062e-01 -2.8917e+00 1.7890e+00
-1.3451e-01 3.2342e-01 -1.9995e+00 -1.9032e+00 -1.3457e-01 8.2368e-01 -1.9607e+00 -2.7683e+00 6.1206e+00 -2.5131e+00 4.7998e+00 2.7093e+01 -5.5328e-01 -5.8087e-01 1.4755e+00 -6.3135e-01 -1.5380e-01 -2.2309e+00 -1.5784e+00 -2.8453e-01 2.0556e-01 -4.4866e-01 5.5116e+00 -9.0519e-01 -3.8978e-01 5.9111e-01 -2.1586e-01 2.5302e+00 -1.6539e+00 -5.3429e-02 5.1898e+00 -3.0522e-01 -1.0708e-01 -3.9982e-02 -4.3878e-01 1.8564e+00 -4.4260e-02 -5.9321e-01 -1.5063e+00 -4.0622e-01 9.5613e-01 3.2482e+00 -6.1029e-01 -1.8061e-01 1.2667e-01 -1.0645e-01 -5.7593e-02 1.4857e+00 6.3564e-01 -4.1798e-02 -1.5921e+00 3.1277e+00
-2.0255e-01 1.7565e+00 -1.3642e-02 -5.4601e-01 -4.2977e-02 -3.1472e+00 -6.3479e-01 -1.2044e+00 -2.2573e+00 -3.5988e-01 -5.7705e-01 -5.5328e-01 2.5238e+01 -5.5870e-01 -1.0905e+00 -2.2473e-01 1.8465e-01 -3.6686e-01 -3.1255e+00 2.3676e+00 -1.7431e+00 -3.2053e-01 3.1023e+00 -3.7146e+00 -1.5017e-01 -8.7370e-01 3.6621e+00 4.6466e+00 -5.7659e-01 2.1006e-01 -1.5431e+00 -2.3463e-01 -1.4017e-01 -3.4749e-02 -5.7176e-01 3.2055e-01 -1.3641e-01 -3.9867e+00 3.7781e-02 -4.7381e-01 -1.2592e-01 5.4130e+00 -2.2213e-01 -2.0543e-01 -2.9643e-01 5.8901e-01 -1.0866e-01 -1.7646e-01 -1.6649e-01 1.1065e+00 2.0796e+00 -4.5490e-01
-1.2310e-01 6.2164e-01 -1.1146e+00 -5.5086e-02 -1.5467e-01 -3.1063e+00 -1.9324e-01 -3.5592e+00 2.4880e-01 4.8306e-01 5.0365e-03 -5.8087e-01 -5.5870e-01 2.4324e+01 -2.1120e+00 1.7579e+00 -5.8122e-02 6.9461e-01 1.2285e+01 -5.4414e-01 -3.3504e-01 -2.2884e-01 -6.9555e-01 2.3783e+00 -3.8859e-02 -7.0488e-01 -6.4075e-01 -2.7871e-01 -1.1476e+00 -2.0259e+00 1.6144e+00 -6.1200e-02 1.2282e-01 1.3300e-02 4.3731e-01 -1.5149e+00 -5.2428e-02 4.9396e-02 6.6901e-02 -3.7728e-01 -5.4842e-02 -5.0318e-01 -1.0865e-01 -1.7584e-01 -2.9317e-03 -5.9286e-02 -4.5449e-02 8.9351e-01 -1.2425e-02 -5.5346e-02 3.1449e-02 4.1590e-01
-1.6066e-01 6.7279e-02 -4.7536e-01 -1.1913e-01 -3.4653e-01 -6.9771e+00 -1.2714e-01 -3.9640e+00 4.5803e+00 -9.0493e+00 7.9869e-01 1.4755e+00 -1.0905e+00 -2.1120e+00 4.6854e+01 -5.6243e-02 1.4374e-01 -2.7952e-01 -4.8646e+00 -1.3619e+00 -2.1448e+00 -2.0497e+00 4.6727e+00 4.3223e+00 -3.2505e-01 6.1074e+00 -1.9814e+00 -4.8488e-01 -1.5481e+00 1.5978e+01 -2.0449e+00 -2.6870e-01 -2.0144e-01 -8.6873e-03 -1.5132e+00 -3.9602e+00 -2.3029e-01 4.1928e+00 -1.1785e-01 -1.2930e+00 1.7159e-02 -1.5938e+00 -2.1473e-01 -3.6435e-01 -5.4907e-01 -2.1977e-02 1.0043e+00 -3.7713e-01 -2.2692e-01 6.0430e-02 -1.2013e-01 -1.1661e+00
-3.6195e-01 -3.1755e+00 3.4581e+00 -2.4646e+00 -1.7283e+00 4.9072e+00 -2.1021e+00 2.2760e+00 -6.8785e+00 3.1571e+00 -1.3337e+00 -6.3135e-01 -2.2473e-01 1.7579e+00 -5.6243e-02 2.8961e+01 2.6994e-01 -1.7137e+00 3.2427e-01 -2.6382e-01 3.6865e+00 -6.0213e-01 2.8453e+00 -6.5893e+00 1.3450e-01 -8.1053e-01 -6.2214e-01 -4.5774e-01 1.2758e+00 9.3818e-01 1.9114e+00 -1.7313e-01 -7.0035e-02 1.5371e-01 1.6725e-01 -1.7572e+00 -1.1124e-01 -3.8528e+00 1.0502e+00 6.3967e-01 2.6869e-01 -1.2785e+00 3.3771e-01 -4.7332e-01 -2.4483e-01 -2.2285e-01 -1.4185e-01 -1.9513e-01 2.1225e-01 -1.2910e-01 9.8857e-01 -3.3179e-01
6.0330e-02 -8.1814e-01 1.3719e+00 -1.1575e+00 -7.7679e-01 -1.8863e-01 -1.0406e+00 -1.6811e-01 9.4583e-02 1.2814e+00 -4.6352e-01 -1.5380e-01 1.8465e-01 -5.8122e-02 1.4374e-01 2.6994e-01 7.9239e+00 1.7038e+00 -2.4809e-01 2.8397e-01 1.8461e-01 -2.3970e-01 2.4544e-01 4.8757e-01 8.8360e-02 -3.4190e-02 3.4894e-01 -7.9728e-02 1.9000e-01 4.9562e-01 -4.6830e-01 -7.7248e-02 -4.8586e-02 -1.9782e-02 -4.7274e-02 -2.4042e-01 3.1291e-02 -8.2601e-01 -9.3946e-01 -6.8967e-02 -3.8263e-02 -1.1122e-01 -7.7999e-02 -1.1523e-01 -3.1189e-02 -2.7393e-03 -3.1039e-02 -8.5125e-02 -7.2381e-02 -5.2308e-03 -9.3096e-01 7.4034e-01
4.9048e-03 -1.5859e+00 -1.1363e+01 -1.1160e+01 -4.5563e+00 2.5108e+00 -6.2355e+00 2.2412e+00 4.3791e-01 -1.2908e+01 1.7915e-01 -2.2309e+00 -3.6686e-01 6.9461e-01 -2.7952e-01 -1.7137e+00 1.7038e+00 3.4209e+01 7.6456e-02 9.6938e-02 -2.6163e+00 3.5791e+00 -3.1793e+00 1.3754e-01 1.8175e+00 -1.4200e+00 -2.3204e-01 -2.5091e-01 1.8995e-01 1.2724e-01 -2.2138e+00 -5.1693e-01 -4.0846e-01 -4.2515e-02 -8.4039e-01 -6.6111e-01 -1.2196e-01 -3.3635e-02 -4.6746e+00 9.0613e-02 3.4254e-02 -2.3775e-02 -2.5155e-01 -7.4378e-01 -1.2468e-01 -2.6987e-03 -9.9919e-02 7.7836e-01 1.4637e-01 -1.3402e-01 -5.0673e+00 1.9249e+01
-5.9911e-01 1.2372e+01 2.0971e+00 1.4489e-01 -5.6715e-03 -6.7638e+00 -1.8696e-01 -5.3857e+00 -5.7910e+00 6.3465e-01 2.7578e-01 -1.5784e+00 -3.1255e+00 1.2285e+01 -4.8646e+00 3.2427e-01 -2.4809e-01 7.6456e-02 7.6948e+01 -1.4229e+00 -5.8546e+00 -1.8394e+00 -1.4465e+00 2.1568e+01 -4.4020e-01 -1.2421e+00 5.4648e-01 -7.0327e-01 -4.5298e+00 -2.7129e+00 1.5683e+01 -1.6109e-01 9.9364e-01 1.1956e-01 1.3382e+01 1.3887e+01 1.9428e-01 -2.3593e+01 -5.6917e-02 8.2013e+00 -4.2972e-01 -4.1319e+00 2.4185e+00 8.7053e-01 3.1276e-01 -2.3050e-01 -2.3382e-01 5.3018e-01 1.5240e+00 -3.6670e-01 -8.3635e-02 1.2733e-01
1.5023e+00 -3.7137e+00 6.3593e-01 -1.1026e-01 -8.5804e-02 2.5278e+00 -6.3089e-01 -1.3902e+00 -1.2526e+00 6.5411e-01 -3.2227e-01 -2.8453e-01 2.3676e+00 -5.4414e-01 -1.3619e+00 -2.6382e-01 2.8397e-01 9.6938e-02 -1.4229e+00 1.4381e+01 -2.6438e-01 -4.8435e-01 -1.7329e-01 -3.8575e+00 -8.2890e-02 -4.7842e-01 -3.8465e-01 -1.8948e-01 -4.6791e-01 -1.1080e+00 -5.3510e-01 -1.1829e-01 1.5842e-02 8.4558e-03 -1.1068e-01 1.1755e+00 2.0560e-01 1.4957e+00 -1.6085e-01 -3.1214e-01 -8.1773e-02 -2.4763e-01 -1.4447e-01 1.2641e-01 1.0631e-01 -3.9647e-02 2.7695e-01 -1.7373e-01 -1.5809e-01 -4.1533e-02 -1.5798e-01 1.8472e-02
-6.6568e-01 -9.2336e+00 7.1098e-01 -3.2034e+00 -2.1370e+00 -2.9338e+00 -2.9443e+00 -2.7975e+00 -2.4957e+00 -1.2496e+00 -2.1100e+00 2.0556e-01 -1.7431e+00 -3.3504e-01 -2.1448e+00 3.6865e+00 1.8461e-01 -2.6163e+00 -5.8546e+00 -2.6438e-01 4.5209e+01 -1.2604e+00 4.3183e+00 -1.7052e+01 -5.4407e-01 -1.0585e+00 -7.8501e-01 -1.0482e+00 -1.7827e+00 -1.2809e+00 3.9873e-01 -1.6901e-01 -1.6170e-01 7.6875e-02 -2.8218e+00 -3.1051e+00 1.2120e-01 1.1354e+01 5.7310e+00 -1.1542e+00 8.4162e-01 -9.9950e-01 -7.8648e-01 -5.9414e-01 -2.4760e-01 -2.5453e-02 -1.9187e-01 1.1136e+00 8.2425e-01 -1.9053e-01 5.6563e+00 -2.0832e+00
-4.3683e-01 5.2514e-01 -3.8264e+00 -1.7813e+00 -1.1503e+00 -2.9338e+00 -1.5494e+00 1.8438e+00 -4.8319e+00 -2.1113e+00 -1.2880e+00 -4.4866e-01 -3.2053e-01 -2.2884e-01 -2.0497e+00 -6.0213e-01 -2.3970e-01 3.5791e+00 -1.8394e+00 -4.8435e-01 -1.2604e+00 2.7488e+01 -8.1946e-01 2.1300e+00 -2.9506e-01 -1.0462e+00 3.9341e-01 -3.0972e-01 -3.6023e-01 -4.2902e-01 -6.6255e-01 -2.3669e-01 4.5991e-01 -7.1315e-02 -6.0919e-01 -1.2547e+00 -9.4057e-02 6.6478e-01 -8.1079e-01 -6.0618e-01 3.7523e-01 7.0023e-01 -1.9105e-01 -4.2867e-01 -2.0530e-01 -9.0471e-02 -1.0109e-01 -2.5432e-01 -1.6064e-01 9.1573e-03 -4.2376e-01 1.7183e+00
-4.6862e-01 -4.7049e-01 -2.0534e+00 -4.1535e+00 -2.4292e+00 -1.5304e+00 -4.3109e+00 -3.3221e+00 5.0939e-01 -7.5354e+00 4.4491e+00 5.5116e+00 3.1023e+00 -6.9555e-01 4.6727e+00 2.8453e+00 2.4544e-01 -3.1793e+00 -1.4465e+00 -1.7329e-01 4.3183e+00 -8.1946e-01 2.6539e+01 -1.2360e+00 -4.4330e-01 -7.9651e-01 3.2643e+00 3.2789e+00 5.6575e-01 3.9729e+00 9.3511e+00 -3.3185e-01 -2.3538e-01 6.8473e-02 -4.8795e-01 -1.3277e+00 2.0373e-01 -3.3039e+00 6.4603e-01 -3.4525e-01 -5.3723e-02 2.8019e+00 -2.4039e-01 -4.7393e-01 7.4707e-02 5.3195e-01 -3.6590e-02 6.3342e-03 2.6470e-01 -2.3387e-02 5.2005e-01 3.0692e+00
-2.1863e-01 1.2986e+01 3.5971e+00 -3.8564e-01 -8.3560e-01 -2.1799e+01 -5.2830e-02 -1.6033e+01 3.0096e+01 -1.3301e-01 6.9273e-01 -9.0519e-01 -3.7146e+00 2.3783e+00 4.3223e+00 -6.5893e+00 4.8757e-01 1.3754e-01 2.1568e+01 -3.8575e+00 -1.7052e+01 2.1300e+00 -1.2360e+00 1.3033e+02 -1.1302e+00 1.8235e+00 -3.5904e+00 -1.6835e+00 1.1012e+01 2.8963e+00 1.0787e+01 -5.8145e-01 5.8198e-01 5.3327e-01 9.0550e+00 7.3316e+00 -7.9118e-01 -1.0302e+01 -9.6382e-01 3.0195e+00 -7.3560e-01 4.0678e+00 3.3401e+00 7.6052e-02 1.0534e+00 -4.2574e-01 6.5044e-01 -3.0781e-01 -4.1629e-01 1.5540e-01 -1.0294e+00 -6.7697e-01
1.9590e-01 -1.7261e+00 -1.2202e+00 -2.4579e-01 -3.6563e-01 -2.7225e-01 1.2284e+00 1.7766e+00 -6.5319e-02 -5.2760e-01 -8.7656e-01 -3.8978e-01 -1.5017e-01 -3.8859e-02 -3.2505e-01 1.3450e-01 8.8360e-02 1.8175e+00 -4.4020e-01 -8.2890e-02 -5.4407e-01 -2.9506e-01 -4.4330e-01 -1.1302e+00 1.0347e+01 -3.0889e-01 9.5074e-01 -1.4444e-01 -2.6171e-01 -1.6205e-01 -7.9021e-01 -1.4539e-01 -3.0395e-02 1.0037e-01 -2.6329e-01 -3.4656e-01 -3.4545e-02 -4.5033e-01 -6.3949e-02 -1.5625e-01 -1.7213e-02 -2.6392e-01 1.2163e-01 -1.2534e-01 -3.7768e-02 -4.1272e-02 -7.6983e-02 -9.8952e-02 3.9048e-02 -5.3725e-02 -8.7034e-02 1.1145e+00
1.8207e-01 -6.1443e-01 3.1575e+00 4.2962e+00 -8.2203e-02 2.3965e+00 -6.8800e-01 -1.7420e+00 2.8031e+00 1.4493e+00 -1.5381e+00 5.9111e-01 -8.7370e-01 -7.0488e-01 6.1074e+00 -8.1053e-01 -3.4190e-02 -1.4200e+00 -1.2421e+00 -4.7842e-01 -1.0585e+00 -1.0462e+00 -7.9651e-01 1.8235e+00 -3.0889e-01 2.5483e+01 3.3873e-02 -2.5321e-01 -8.6907e-01 8.5027e+00 -1.2562e+00 -2.6849e-01 -1.2149e-01 -4.1770e-02 -6.7757e-01 5.5514e-01 -5.5360e-02 6.4222e-01 -1.2721e+00 -5.0700e-01 -9.4172e-02 -5.8373e-01 -1.3400e-01 1.1306e-01 -1.9561e-01 -1.2748e-01 6.2110e-02 -2.2988e-01 -1.2882e-01 1.1484e-01 -1.3593e+00 -1.9154e+00
-2.0293e-01 4.6613e-01 -8.5183e-02 -8.4820e-01 -5.1553e-02 4.8169e-01 -5.3310e-03 1.3946e+00 -1.5210e-01 3.5425e-01 -3.1343e-01 -2.1586e-01 3.6621e+00 -6.4075e-01 -1.9814e+00 -6.2214e-01 3.4894e-01 -2.3204e-01 5.4648e-01 -3.8465e-01 -7.8501e-01 3.9341e-01 3.2643e+00 -3.5904e+00 9.5074e-01 3.3873e-02 2.6038e+01 4.1666e+00 -4.8096e-01 -1.3828e+00 -8.2360e-01 -1.4329e-01 -2.6886e-01 1.1496e-01 -2.3053e-01 -2.0731e+00 2.7507e-01 -1.3039e-01 4.7421e-02 -7.5542e-01 -1.7670e-01 4.9946e+00 1.2460e-01 -5.6477e-03 1.5013e-01 4.7752e-01 -2.5600e-02 -2.5150e-01 -6.7128e-02 -2.7152e-02 5.9759e-02 -5.7671e-02
-5.1592e-03 1.4732e+00 4.5161e-01 1.5979e-01 1.3393e-01 -1.5768e+00 -3.8977e-01 1.2711e+00 2.8881e+00 -1.5557e-01 -1.9399e-02 2.5302e+00 4.6466e+00 -2.7871e-01 -4.8488e-01 -4.5774e-01 -7.9728e-02 -2.5091e-01 -7.0327e-01 -1.8948e-01 -1.0482e+00 -3.0972e-01 3.2789e+00 -1.6835e+00 -1.4444e-01 -2.5321e-01 4.1666e+00 1.7688e+01 -1.0137e+00 3.5003e-02 -1.0904e+00 -1.5947e-01 2.0389e-01 -3.8577e-02 -7.9754e-01 6.4402e-02 -1.8405e-02 -4.1210e+00 2.2630e-01 -2.7156e-01 -9.8433e-02 6.5879e+00 -5.5207e-01 -1.0325e-01 -9.7310e-02 6.3797e-01 -7.3629e-02 -9.3842e-02 -2.4742e-01 -5.8138e-02 2.1999e-01 -1.1813e-01
-2.0348e-01 -5.5447e+00 -2.2390e+00 2.8832e-01 -1.8016e-01 1.3293e+01 -4.4303e-02 -1.2361e+01 1.2326e+00 2.9185e-01 3.6948e+00 -1.6539e+00 -5.7659e-01 -1.1476e+00 -1.5481e+00 1.2758e+00 1.9000e-01 1.8995e-01 -4.5298e+00 -4.6791e-01 -1.7827e+00 -3.6023e-01 5.6575e-01 1.1012e+01 -2.6171e-01 -8.6907e-01 -4.8096e-01 -1.0137e+00 4.1980e+01 6.7264e-02 -2.5824e-01 5.0391e-01 -1.5030e-01 -8.4526e-02 -2.1127e+00 -4.6152e+00 1.0958e-01 -5.1878e+00 -9.1448e-02 -2.4838e-01 -3.8495e-01 -2.8058e+00 -6.0787e-01 -2.7164e-01 -8.1519e-02 1.4373e+00 1.0052e+00 2.8593e-02 -2.5399e-01 2.7807e-03 -9.4746e-02 -1.9690e-02
-6.3750e-04 -3.7233e+00 -1.2344e+00 3.6787e-02 -1.8559e-01 -6.0862e+00 -6.5699e-01 9.1422e-01 5.4146e+00 -9.0341e+00 -7.9421e-01 -5.3429e-02 2.1006e-01 -2.0259e+00 1.5978e+01 9.3818e-01 4.9562e-01 1.2724e-01 -2.7129e+00 -1.1080e+00 -1.2809e+00 -4.2902e-01 3.9729e+00 2.8963e+00 -1.6205e-01 8.5027e+00 -1.3828e+00 3.5003e-02 6.7264e-02 5.6354e+01 -2.2335e+00 -6.0698e-01 -1.9833e-01 -6.4094e-02 -1.5375e+00 -3.6640e+00 -6.3452e-02 9.5929e-01 -3.5886e-01 -1.1228e+00 3.7266e-01 -1.4380e+00 -7.8072e-01 -4.5737e-01 -2.1545e-01 -2.9983e-01 -1.5943e-01 -2.1715e-01 -4.8936e-01 -2.4589e-01 -3.7803e-01 -2.4236e-01
3.9853e-01 6.1831e+00 -2.3140e+00 -5.7125e+00 -3.3937e+00 -2.0128e+00 -4.5265e+00 -3.0752e+00 -4.1607e+00 -2.7385e+00 4.4265e+00 5.1898e+00 -1.5431e+00 1.6144e+00 -2.0449e+00 1.9114e+00 -4.6830e-01 -2.2138e+00 1.5683e+01 -5.3510e-01 3.9873e-01 -6.6255e-01 9.3511e+00 1.0787e+01 -7.9021e-01 -1.2562e+00 -8.2360e-01 -1.0904e+00 -2.5824e-01 -2.2335e+00 4.7972e+01 -4.1450e-01 -1.1649e-02 2.4975e-01 2.0646e+01 2.1049e+01 -2.0663e-01 -1.2737e+01 -1.0005e+00 9.2814e+00 4.0454e-01 4.7102e-01 7.2016e+00 3.9225e+00 -4.8375e-01 1.0625e+00 -3.8272e-01 1.0792e+00 1.5740e-01 -4.3055e-02 -1.1377e+00 5.9460e+00
-2.8919e-02 6.3492e-01 -2.7993e-01 1.1022e+00 -2.0538e-01 -7.2693e-01 1.3183e-01 -8.5464e-02 -1.1671e+00 1.4300e+00 -4.0410e-01 -3.0522e-01 -2.3463e-01 -6.1200e-02 -2.6870e-01 -1.7313e-01 -7.7248e-02 -5.1693e-01 -1.6109e-01 -1.1829e-01 -1.6901e-01 -2.3669e-01 -3.3185e-01 -5.8145e-01 -1.4539e-01 -2.6849e-01 -1.4329e-01 -1.5947e-01 5.0391e-01 -6.0698e-01 -4.1450e-01 1.1387e+01 -1.0276e-01 6.6614e-02 6.8054e-01 -4.9437e-01 -5.4273e-02 1.1142e+00 -5.3704e-01 7.7780e-01 -4.1743e-02 -4.2892e-01 5.0553e-02 1.3691e-01 2.0577e-02 -4.4006e-02 -5.4765e-02 1.4607e-01 -9.0225e-02 9.5714e-02 -5.3499e-01 -8.9489e-01
-1.1108e-02 -8.3992e-02 -2.1177e-01 -3.6073e-01 -1.0307e-03 -5.8280e-01 -4.4093e-02 4.8534e-01 -1.9475e-01 -5.5221e-01 -1.0779e-01 -1.0708e-01 -1.4017e-01 1.2282e-01 -2.0144e-01 -7.0035e-02 -4.8586e-02 -4.0846e-01 9.9364e-01 1.5842e-02 -1.6170e-01 4.5991e-01 -2.3538e-01 5.8198e-01 -3.0395e-02 -1.2149e-01 -2.6886e-01 2.0389e-01 -1.5030e-01 -1.9833e-01 -1.1649e-02 -1.0276e-01 9.7834e+00 -1.5517e-02 3.2182e-02 1.7161e-01 -2.2545e-02 -1.2410e-01 -1.7368e-01 -2.0851e-02 2.9140e-02 -4.0311e-02 -2.1931e-02 7.5393e-02 1.5753e-01 -1.0382e-02 -2.9554e-02 -1.5116e-02 1.4540e-02 -1.9699e-02 -2.4856e-01 -4.4826e-01
-1.8675e-02 -2.9724e-01 1.0440e-01 3.7399e-02 -2.3290e-01 -1.4977e-01 -2.0355e-02 -2.5005e-02 -5.9679e-02 1.3524e-01 -1.0521e-01 -3.9982e-02 -3.4749e-02 1.3300e-02 -8.6873e-03 1.5371e-01 -1.9782e-02 -4.2515e-02 1.1956e-01 8.4558e-03 7.6875e-02 -7.1315e-02 6.8473e-02 5.3327e-01 1.0037e-01 -4.1770e-02 1.1496e-01 -3.8577e-02 -8.4526e-02 -6.4094e-02 2.4975e-01 6.6614e-02 -1.5517e-02 3.4925e+00 5.2456e-01 -5.5878e-02 -9.6568e-03 3.0833e-02 -1.5207e-01 -1.0928e-02 3.1009e-02 -8.7017e-02 -3.8977e-02 -4.0290e-02 -1.7509e-02 -1.0753e-02 2.4772e-02 5.6294e-02 -2.8295e-02 8.3148e-03 -1.5743e-01 5.4815e-02
9.9248e-01 -9.0865e-01 5.4394e-01 -1.5852e-01 -1.9351e-01 -2.7728e+00 8.5621e-01 5.7676e-01 -3.6791e+00 1.3909e-01 -7.3663e-01 -4.3878e-01 -5.7176e-01 4.3731e-01 -1.5132e+00 1.6725e-01 -4.7274e-02 -8.4039e-01 1.3382e+01 -1.1068e-01 -2.8218e+00 -6.0919e-01 -4.8795e-01 9.0550e+00 -2.6329e-01 -6.7757e-01 -2.3053e-01 -7.9754e-01 -2.1127e+00 -1.5375e+00 2.0646e+01 6.8054e-01 3.2182e-02 5.2456e-01 4.2038e+01 2.1960e+01 -1.7576e-01 -1.3662e+01 -1.9856e-01 9.7464e+00 -1.5525e-01 -3.0482e+00 7.5298e+00 1.4119e+00 -4.5860e-01 -7.2960e-02 1.4852e-01 1.8551e-01 -2.0180e-01 -1.6098e-02 -1.4646e-01 -5.7044e-01
8.1716e-01 4.8748e+00 8.1611e-01 -1.2330e-01 -8.2446e-02 9.1237e-01 2.2590e-02 -6.6483e+00 -4.6019e+00 9.0010e-01 -7.8378e-01 1.8564e+00 3.2055e-01 -1.5149e+00 -3.9602e+00 -1.7572e+00 -2.4042e-01 -6.6111e-01 1.3887e+01 1.1755e+00 -3.1051e+00 -1.2547e+00 -1.3277e+00 7.3316e+00 -3.4656e-01 5.5514e-01 -2.0731e+00 6.4402e-02 -4.6152e+00 -3.6640e+00 2.1049e+01 -4.9437e-01 1.7161e-01 -5.5878e-02 2.1960e+01 6.5598e+01 -2.8154e-01 -1.0794e+01 -7.3206e-02 1.0744e+01 -1.9962e-01 -4.6847e+00 8.2478e+00 2.0181e+00 4.8972e-01 -2.6802e-01 -1.4022e-01 -1.0300e-01 6.0915e-01 -2.9544e-01 -7.1950e-02 -3.1270e-01
-3.1558e-02 7.6434e-01 1.8530e-01 -3.3926e-02 -6.0925e-02 6.5631e-01 -1.1577e-01 -2.9129e-01 -4.4008e-01 7.8224e-02 -5.3517e-02 -4.4260e-02 -1.3641e-01 -5.2428e-02 -2.3029e-01 -1.1124e-01 3.1291e-02 -1.2196e-01 1.9428e-01 2.0560e-01 1.2120e-01 -9.4057e-02 2.0373e-01 -7.9118e-01 -3.4545e-02 -5.5360e-02 2.7507e-01 -1.8405e-02 1.0958e-01 -6.3452e-02 -2.0663e-01 -5.4273e-02 -2.2545e-02 -9.6568e-03 -1.7576e-01 -2.8154e-01 6.4008e+00 -1.1613e+00 -4.0733e-02 -9.6888e-02 -2.0461e-02 -4.1060e-03 -3.7838e-02 1.1983e+00 2.0023e-01 1.6977e-01 -1.2520e-02 -3.4242e-02 -1.8457e-02 -1.2572e-02 -5.9300e-02 -1.7332e-01
-4.3316e-01 -8.1518e+00 1.5790e+00 9.6396e-01 -6.2440e-01 2.9236e-01 -1.7820e+00 -2.9574e+00 3.9544e+00 7.2091e+00 -2.3136e+00 -5.9321e-01 -3.9867e+00 4.9396e-02 4.1928e+00 -3.8528e+00 -8.2601e-01 -3.3635e-02 -2.3593e+01 1.4957e+00 1.1354e+01 6.6478e-01 -3.3039e+00 -1.0302e+01 -4.5033e-01 6.4222e-01 -1.3039e-01 -4.1210e+00 -5.1878e+00 9.5929e-01 -1.2737e+01 1.1142e+00 -1.2410e-01 3.0833e-02 -1.3662e+01 -1.0794e+01 -1.1613e+00 8.8164e+01 -1.9315e+00 -6.9862e+00 4.3414e-01 -6.9026e+00 -3.1561e+00 -1.9000e+00 1.1723e+00 -3.5722e-01 -1.3150e-01 1.1002e+00 -5.0631e-01 -5.3231e-01 -1.9062e+00 -1.2750e+00
-8.1933e-01 4.4317e-01 -5.0636e-01 -6.5053e-01 1.8644e+00 -8.8960e-01 -1.0163e-02 -6.1576e-01 -2.0950e-01 -9.8782e-01 -2.6500e+00 -1.5063e+00 3.7781e-02 6.6901e-02 -1.1785e-01 1.0502e+00 -9.3946e-01 -4.6746e+00 -5.6917e-02 -1.6085e-01 5.7310e+00 -8.1079e-01 6.4603e-01 -9.6382e-01 -6.3949e-02 -1.2721e+00 4.7421e-02 2.2630e-01 -9.1448e-02 -3.5886e-01 -1.0005e+00 -5.3704e-01 -1.7368e-01 -1.5207e-01 -1.9856e-01 -7.3206e-02 -4.0733e-02 -1.9315e+00 2.0527e+01 -1.7268e-01 -7.5107e-02 -3.0143e-02 3.2553e-01 4.4146e-01 -5.3332e-02 5.9695e-03 3.7537e-01 -1.8186e-01 6.5998e-02 4.0084e-02 1.9126e+01 -3.1253e+00
-2.2728e-01 1.4246e-02 -2.3604e-01 4.4009e-01 -5.9897e-02 -1.5095e+00 -2.4753e-01 -6.6419e-01 -2.7798e+00 3.9075e-01 -6.4557e-01 -4.0622e-01 -4.7381e-01 -3.7728e-01 -1.2930e+00 6.3967e-01 -6.8967e-02 9.0613e-02 8.2013e+00 -3.1214e-01 -1.1542e+00 -6.0618e-01 -3.4525e-01 3.0195e+00 -1.5625e-01 -5.0700e-01 -7.5542e-01 -2.7156e-01 -2.4838e-01 -1.1228e+00 9.2814e+00 7.7780e-01 -2.0851e-02 -1.0928e-02 9.7464e+00 1.0744e+01 -9.6888e-02 -6.9862e+00 -1.7268e-01 2.0422e+01 -1.3265e-01 -7.4172e-01 5.2352e-02 1.5231e+00 -3.4606e-01 -1.5788e-01 -1.0657e-01 6.3867e-02 -1.7694e-01 -9.2064e-02 1.7750e-02 6.5235e-02
-5.3738e-02 -4.5904e-01 1.2387e-01 -3.1688e-02 5.4943e-03 -3.6180e-01 1.3019e-02 4.5595e-01 7.6275e-02 -8.2878e-02 -6.0537e-02 9.5613e-01 -1.2592e-01 -5.4842e-02 1.7159e-02 2.6869e-01 -3.8263e-02 3.4254e-02 -4.2972e-01 -8.1773e-02 8.4162e-01 3.7523e-01 -5.3723e-02 -7.3560e-01 -1.7213e-02 -9.4172e-02 -1.7670e-01 -9.8433e-02 -3.8495e-01 3.7266e-01 4.0454e-01 -4.1743e-02 2.9140e-02 3.1009e-02 -1.5525e-01 -1.9962e-01 -2.0461e-02 4.3414e-01 -7.5107e-02 -1.3265e-01 6.3786e+00 2.8106e-01 -2.7194e-02 -4.2068e-02 -3.9737e-02 -3.7971e-02 -3.9818e-02 9.8037e-01 -1.0599e-01 -3.0479e-02 -8.1846e-02 1.3244e-01
-1.7895e-02 5.5091e+00 -4.3604e-01 2.1704e-01 8.6450e-03 -3.8667e+00 -3.4743e-01 5.1562e+00 5.0807e+00 5.2783e-01 -3.2881e-01 3.2482e+00 5.4130e+00 -5.0318e-01 -1.5938e+00 -1.2785e+00 -1.1122e-01 -2.3775e-02 -4.1319e+00 -2.4763e-01 -9.9950e-01 7.0023e-01 2.8019e+00 4.0678e+00 -2.6392e-01 -5.8373e-01 4.9946e+00 6.5879e+00 -2.8058e+00 -1.4380e+00 4.7102e-01 -4.2892e-01 -4.0311e-02 -8.7017e-02 -3.0482e+00 -4.6847e+00 -4.1060e-03 -6.9026e+00 -3.0143e-02 -7.4172e-01 2.8106e-01 3.8489e+01 -1.4805e+00 2.2042e-01 -1.5805e-01 5.3927e-01 -2.3674e-01 -1.4583e-01 -8.0875e-02 6.6215e-01 -3.8683e-02 6.5908e-02
9.4561e-01 1.9645e+00 1.3481e-02 -3.5448e-02 -3.9594e-02 -7.4967e-02 1.0842e-02 1.4292e-01 -2.2526e-01 -1.3510e-01 1.4092e-01 -6.1029e-01 -2.2213e-01 -1.0865e-01 -2.1473e-01 3.3771e-01 -7.7999e-02 -2.5155e-01 2.4185e+00 -1.4447e-01 -7.8648e-01 -1.9105e-01 -2.4039e-01 3.3401e+00 1.2163e-01 -1.3400e-01 1.2460e-01 -5.5207e-01 -6.0787e-01 -7.8072e-01 7.2016e+00 5.0553e-02 -2.1931e-02 -3.8977e-02 7.5298e+00 8.2478e+00 -3.7838e-02 -3.1561e+00 3.2553e-01 5.2352e-02 -2.7194e-02 -1.4805e+00 1.5113e+01 -1.1665e-01 -1.2177e-01 7.2128e-02 -1.5917e-01 -2.8424e-02 1.1585e-02 -8.3990e-02 3.2169e-01 -3.1354e-01
-1.0101e-01 8.6311e+00 7.2643e-01 1.2292e+00 1.0592e+00 -9.8117e-01 9.9999e-01 -6.7517e-01 -1.6773e-01 1.1598e+00 -6.1808e-01 -1.8061e-01 -2.0543e-01 -1.7584e-01 -3.6435e-01 -4.7332e-01 -1.1523e-01 -7.4378e-01 8.7053e-01 1.2641e-01 -5.9414e-01 -4.2867e-01 -4.7393e-01 7.6052e-02 -1.2534e-01 1.1306e-01 -5.6477e-03 -1.0325e-01 -2.7164e-01 -4.5737e-01 3.9225e+00 1.3691e-01 7.5393e-02 -4.0290e-02 1.4119e+00 2.0181e+00 1.1983e+00 -1.9000e+00 4.4146e-01 1.5231e+00 -4.2068e-02 2.2042e-01 -1.1665e-01 2.1112e+01 7.3296e-01 5.7067e-02 -5.1498e-02 -1.9294e-01 1.2866e-02 2.0341e-01 1.2492e+00 -9.1905e-03
-7.3747e-02 4.3489e-02 3.3922e-01 -1.4418e-02 -4.7017e-04 -6.7670e-01 2.9348e-02 2.7728e-01 1.2944e+00 2.8326e-01 -2.1946e-01 1.2667e-01 -2.9643e-01 -2.9317e-03 -5.4907e-01 -2.4483e-01 -3.1189e-02 -1.2468e-01 3.1276e-01 1.0631e-01 -2.4760e-01 -2.0530e-01 7.4707e-02 1.0534e+00 -3.7768e-02 -1.9561e-01 1.5013e-01 -9.7310e-02 -8.1519e-02 -2.1545e-01 -4.8375e-01 2.0577e-02 1.5753e-01 -1.7509e-02 -4.5860e-01 4.8972e-01 2.0023e-01 1.1723e+00 -5.3332e-02 -3.4606e-01 -3.9737e-02 -1.5805e-01 -1.2177e-01 7.3296e-01 9.5310e+00 -6.2329e-02 -5.3084e-02 -5.2036e-02 -3.5299e-02 -6.5402e-02 -6.9618e-02 -6.6937e-02
-1.4962e-02 1.6692e-02 1.5494e-01 1.8293e-02 1.7149e-02 7.5828e-01 1.9402e-02 -1.4627e+00 2.4695e-01 -1.1102e-01 -1.6402e-01 -1.0645e-01 5.8901e-01 -5.9286e-02 -2.1977e-02 -2.2285e-01 -2.7393e-03 -2.6987e-03 -2.3050e-01 -3.9647e-02 -2.5453e-02 -9.0471e-02 5.3195e-01 -4.2574e-01 -4.1272e-02 -1.2748e-01 4.7752e-01 6.3797e-01 1.4373e+00 -2.9983e-01 1.0625e+00 -4.4006e-02 -1.0382e-02 -1.0753e-02 -7.2960e-02 -2.6802e-01 1.6977e-01 -3.5722e-01 5.9695e-03 -1.5788e-01 -3.7971e-02 5.3927e-01 7.2128e-02 5.7067e-02 -6.2329e-02 6.4351e+00 -3.6905e-02 -2.7474e-02 -4.3057e-02 -1.9993e-02 6.9046e-02 -4.8222e-03
-6.8037e-02 -5.7493e-01 -5.0449e-02 -1.2216e-01 -1.3052e-01 3.9053e-01 -2.6227e-01 -2.0747e-01 -5.5624e-01 3.2957e-01 -9.0426e-02 -5.7593e-02 -1.0866e-01 -4.5449e-02 1.0043e+00 -1.4185e-01 -3.1039e-02 -9.9919e-02 -2.3382e-01 2.7695e-01 -1.9187e-01 -1.0109e-01 -3.6590e-02 6.5044e-01 -7.6983e-02 6.2110e-02 -2.5600e-02 -7.3629e-02 1.0052e+00 -1.5943e-01 -3.8272e-01 -5.4765e-02 -2.9554e-02 2.4772e-02 1.4852e-01 -1.4022e-01 -1.2520e-02 -1.3150e-01 3.7537e-01 -1.0657e-01 -3.9818e-02 -2.3674e-01 -1.5917e-01 -5.1498e-02 -5.3084e-02 -3.6905e-02 6.1221e+00 -3.8213e-02 -6.6543e-02 9.9112e-02 3.5570e-01 -3.0055e-01
-1.0735e-01 -1.3314e+00 -2.2177e-01 -1.1786e-01 3.1099e-01 -5.9982e-01 -6.8370e-03 -3.3366e-01 -1.8676e-01 -4.1104e-01 1.3605e-01 1.4857e+00 -1.7646e-01 8.9351e-01 -3.7713e-01 -1.9513e-01 -8.5125e-02 7.7836e-01 5.3018e-01 -1.7373e-01 1.1136e+00 -2.5432e-01 6.3342e-03 -3.0781e-01 -9.8952e-02 -2.2988e-01 -2.5150e-01 -9.3842e-02 2.8593e-02 -2.1715e-01 1.0792e+00 1.4607e-01 -1.5116e-02 5.6294e-02 1.8551e-01 -1.0300e-01 -3.4242e-02 1.1002e+00 -1.8186e-01 6.3867e-02 9.8037e-01 -1.4583e-01 -2.8424e-02 -1.9294e-01 -5.2036e-02 -2.7474e-02 -3.8213e-02 9.0200e+00 3.3002e-02 -1.9024e-02 -2.0826e-01 2.5276e-01
2.7136e-02 -8.0661e-01 -9.3599e-02 -5.5131e-01 -2.3938e-01 5.3463e-01 -3.4161e-01 -6.9006e-01 4.2144e-01 2.3200e-02 -2.3114e-01 6.3564e-01 -1.6649e-01 -1.2425e-02 -2.2692e-01 2.1225e-01 -7.2381e-02 1.4637e-01 1.5240e+00 -1.5809e-01 8.2425e-01 -1.6064e-01 2.6470e-01 -4.1629e-01 3.9048e-02 -1.2882e-01 -6.7128e-02 -2.4742e-01 -2.5399e-01 -4.8936e-01 1.5740e-01 -9.0225e-02 1.4540e-02 -2.8295e-02 -2.0180e-01 6.0915e-01 -1.8457e-02 -5.0631e-01 6.5998e-02 -1.7694e-01 -1.0599e-01 -8.0875e-02 1.1585e-02 1.2866e-02 -3.5299e-02 -4.3057e-02 -6.6543e-02 3.3002e-02 1.0722e+01 -4.6138e-02 5.2522e-02 3.1594e-01
-4.5534e-02 3.3647e-01 1.1686e-01 6.4375e-02 -1.2529e-02 4.2819e-01 -5.4139e-01 -4.6991e-01 -1.7809e-01 1.7729e-01 -1.6062e-01 -4.1798e-02 1.1065e+00 -5.5346e-02 6.0430e-02 -1.2910e-01 -5.2308e-03 -1.3402e-01 -3.6670e-01 -4.1533e-02 -1.9053e-01 9.1573e-03 -2.3387e-02 1.5540e-01 -5.3725e-02 1.1484e-01 -2.7152e-02 -5.8138e-02 2.7807e-03 -2.4589e-01 -4.3055e-02 9.5714e-02 -1.9699e-02 8.3148e-03 -1.6098e-02 -2.9544e-01 -1.2572e-02 -5.3231e-01 4.0084e-02 -9.2064e-02 -3.0479e-02 6.6215e-01 -8.3990e-02 2.0341e-01 -6.5402e-02 -1.9993e-02 9.9112e-02 -1.9024e-02 -4.6138e-02 5.3382e+00 7.4352e-02 -1.6729e-01
-7.8880e-01 5.4095e-01 -8.5990e-01 -6.7581e-01 1.8248e+00 -1.0455e+00 -1.0785e-01 -7.8923e-01 -1.3993e-01 -1.2097e+00 -2.8917e+00 -1.5921e+00 2.0796e+00 3.1449e-02 -1.2013e-01 9.8857e-01 -9.3096e-01 -5.0673e+00 -8.3635e-02 -1.5798e-01 5.6563e+00 -4.2376e-01 5.2005e-01 -1.0294e+00 -8.7034e-02 -1.3593e+00 5.9759e-02 2.1999e-01 -9.4746e-02 -3.7803e-01 -1.1377e+00 -5.3499e-01 -2.4856e-01 -1.5743e-01 -1.4646e-01 -7.1950e-02 -5.9300e-02 -1.9062e+00 1.9126e+01 1.7750e-02 -8.1846e-02 -3.8683e-02 3.2169e-01 1.2492e+00 -6.9618e-02 6.9046e-02 3.5570e-01 -2.0826e-01 5.2522e-02 7.4352e-02 2.1707e+01 -3.6582e+00
-9.9563e-01 -4.4297e-01 -7.2661e+00 -7.5670e+00 3.8357e+00 -5.3523e-01 -1.9732e+00 -5.0653e-01 -3.2719e-02 -8.5166e+00 1.7890e+00 3.1277e+00 -4.5490e-01 4.1590e-01 -1.1661e+00 -3.3179e-01 7.4034e-01 1.9249e+01 1.2733e-01 1.8472e-02 -2.0832e+00 1.7183e+00 3.0692e+00 -6.7697e-01 1.1145e+00 -1.9154e+00 -5.7671e-02 -1.1813e-01 -1.9690e-02 -2.4236e-01 5.9460e+00 -8.9489e-01 -4.4826e-01 5.4815e-02 -5.7044e-01 -3.1270e-01 -1.7332e-01 -1.2750e+00 -3.1253e+00 6.5235e-02 1.3244e-01 6.5908e-02 -3.1354e-01 -9.1905e-03 -6.6937e-02 -4.8222e-03 -3.0055e-01 2.5276e-01 3.1594e-01 -1.6729e-01 -3.6582e+00 2.7177e+01
