1.3279e+02 3.8369e+00 1.9289e+01 3.6269e+01 -4.0667e+01 -2.2515e+00 -3.1060e+01 -2.5300e+01 -6.1826e+01 2.3458e+01 -4.9729e+00 -8.0594e-01 5.4456e+00 4.4344e+00 1.0490e+00 -3.8070e+01 1.9434e+00 1.9656e+00 1.2373e+01 -9.0069e-01 -6.9651e+00 -1.5727e+00 1.4175e+00 2.9253e+01 -4.8631e+01 1.9270e+01 -1.6246e+00 1.2031e+00 9.3004e-01 2.8447e+00 -1.6045e+01 -3.2297e+00 3.5387e+01 -1.8886e+01 2.4495e+01 2.5823e+00 -3.7386e+01 -6.2610e+00 3.2174e-01 -1.4947e+00 3.6161e-01 -5.9711e-01 3.6596e-01 9.7727e+00 -5.2548e+00 6.5075e-01 2.7042e+00 5.2807e-03 1.5996e-01 -8.7657e-01 1.0191e+01 -3.9861e+00
3.8369e+00 6.9667e+01 8.8638e+00 6.2001e+00 7.7813e+00 -3.9421e+00 -3.0195e+01 -1.8393e+00 -8.0841e+00 1.2121e+01 -8.8053e-01 1.6788e-01 -8.5807e-01 4.3123e+00 4.3178e-02 2.8859e+00 7.8661e-01 6.1250e+00 -1.4346e-01 -6.7689e-02 1.7044e+01 -6.0255e+00 -1.3492e-01 2.8588e+00 2.1389e+00 2.4714e+00 -8.2779e-02 -4.4552e-01 -6.6501e-01 6.8862e+00 6.3889e-01 8.2291e-02 -3.1233e+00 -1.5243e+00 1.7872e+01 -1.9436e+00 1.1039e+01 4.9224e-01 1.3397e+00 -1.7282e+00 -5.3658e-02 4.9999e-02 6.5614e-01 -1.0901e+00 4.8516e-02 1.9928e-01 -2.4164e-01 6.3408e-01 -3.7990e-01 -1.1339e-01 -3.2423e-01 -6.5728e-01
1.9289e+01 8.8638e+00 3.5688e+01 2.0388e+01 -2.7778e+00 -1.0546e+01 -1.4246e+01 -1.4971e+00 -1.8546e+01 1.5311e+00 -2.3914e+00 -2.0459e-01 1.3576e-01 1.5577e+01 -7.4090e-03 -8.9051e-01 -5.9847e-01 -3.8362e-01 2.1568e+00 -3.2492e-01 2.2561e+00 5.7062e-03 -4.6720e-01 3.6613e-01 3.5920e-01 7.0436e+00 -4.4689e-01 2.7043e-01 -4.2997e-01 -1.9645e-01 -3.0906e+00 5.0871e-02 5.0616e-01 1.3027e-01 -1.2233e+00 -7.2993e-02 1.3720e+01 3.7608e-02 -5.5819e-01 8.6002e-02 -2.1326e-01 -9.1173e-01 -3.6098e-01 -3.8601e+00 2.1996e-01 5.6110e-01 -4.9381e-01 2.0215e-01 3.4033e-02 -5.5427e-01 1.2438e+00 -2.6410e-01
3.6269e+01 6.2001e+00 2.0388e+01 4.9824e+01 -1.5379e+00 -1.2410e+01 -2.0388e+01 1.1573e+00 -3.3171e+01 -2.5799e+00 -1.2543e+01 -3.3534e-01 2.1981e-02 2.5249e+01 3.2223e-01 -8.2824e-01 -7.8652e-03 1.1032e-01 1.6083e+01 -7.3384e-01 1.6986e+00 -3.2365e-01 -8.7038e-01 -7.1337e-01 -5.3110e-01 1.6469e+01 2.6338e-01 -5.7103e-02 -9.6518e-01 -5.2301e-01 -4.7197e+00 -1.0385e-01 9.5425e-01 -4.2360e-01 9.2500e-01 -5.1893e-02 5.8009e+00 -2.6413e-01 -6.7489e-01 -1.1415e-01 -1.7117e-01 -1.4754e+00 -1.1487e-01 1.3749e+01 -1.8914e-01 -2.6349e-01 -9.5331e-01 5.9193e-03 2.6395e-01 -1.0308e+00 1.3681e+01 -3.8067e+00
-4.0667e+01 7.7813e+00 -2.7778e+00 -1.5379e+00 1.1559e+02 -3.3068e+01 -4.8925e+00 3.1062e+01 2.5102e+01 -6.8949e+01 -2.2629e+01 -2.4052e-02 -2.4825e+00 3.5207e+01 2.8607e-01 3.7921e+01 2.6180e+00 1.5581e+01 -1.0311e-01 -1.1155e-03 2.1503e+01 -4.8542e+00 4.1854e-01 -3.3298e+01 1.4628e+01 -6.4436e-01 8.7017e-01 -3.0420e-01 5.1216e+00 1.7843e+01 5.7100e+00 1.4789e+00 -1.9153e+01 -4.4713e+00 -1.3222e+01 -4.6951e+00 9.3325e+00 1.7527e+00 5.1946e-01 -7.0125e-02 1.3358e-01 -1.2181e+00 -2.0006e+00 9.9805e-01 4.0086e+00 -3.6624e+00 -4.0242e+00 -4.9266e-01 2.9681e-01 -4.7063e-01 -4.8387e-01 -4.5749e+00
-2.2515e+00 -3.9421e+00 -1.0546e+01 -1.2410e+01 -3.3068e+01 6.6237e+01 1.3230e+01 -1.6368e+01 2.7964e+00 3.2728e+01 1.7869e+01 3.9221e-01 1.0141e-01 -2.9673e+01 -7.2283e-01 -9.6249e+00 -1.1839e+00 -5.9217e-01 5.7835e-01 -5.0650e-01 -2.9829e+00 3.5894e+00 -2.5811e-01 1.6462e+01 4.1324e+00 -1.1785e+00 3.7553e-01 -1.2670e+00 3.5303e-01 -4.4948e-01 1.1382e+01 -5.4465e-01 -1.2497e+00 1.2100e+01 7.2952e+00 -1.3477e-01 -3.5870e+00 -8.4086e-01 4.7787e-02 -6.2758e-01 -2.1670e-01 -7.7488e-01 -5.1994e-01 -3.4989e-01 -1.3708e+00 -1.2607e+00 1.5761e+00 -1.2688e-01 -5.9531e-01 6.4401e-01 1.7896e-01 -9.0615e-01
-3.1060e+01 -3.0195e+01 -1.4246e+01 -2.0388e+01 -4.8925e+00 1.3230e+01 1.2483e+02 1.5168e+00 2.2108e+01 -1.4570e+01 -4.3432e+00 -1.5754e-01 -1.1796e+01 -3.0257e+01 -5.8454e-01 1.0299e+01 -4.9221e+00 -1.3775e+01 8.2190e-01 -7.6488e-01 -1.8232e+01 3.8643e+00 -2.4723e+00 1.5470e+01 6.3471e+00 -7.1609e+00 -9.2957e-01 -2.9461e+00 1.1534e+01 -1.9010e+01 1.6067e+01 4.2232e-01 7.6217e+00 6.5314e+00 1.8650e+00 2.8092e+00 -2.1595e+00 -5.8592e-02 9.2179e-02 9.2935e-01 -3.3284e-01 -7.1431e-01 1.2334e-01 -4.2102e+00 1.4716e+00 6.4420e+00 8.1884e-01 -8.7586e-02 -2.7313e-01 1.4391e+00 -5.4267e-01 -3.3234e+00
-2.5300e+01 -1.8393e+00 -1.4971e+00 1.1573e+00 3.1062e+01 -1.6368e+01 1.5168e+00 6.4820e+01 2.9901e+01 -3.3042e+01 -2.8824e+01 4.4988e-03 -2.0609e+00 2.6482e+01 -3.0102e-01 2.6220e+01 -7.7430e-01 -1.7551e+00 8.5854e-01 6.1167e-02 -8.4415e+00 -3.7227e+00 -2.1831e+00 -2.4938e+01 2.4644e+01 1.6650e+00 3.0435e-01 6.1768e+00 3.5662e-01 2.2326e+00 5.4097e-01 -2.9130e+00 -6.6251e+00 6.5744e+00 -1.7564e+01 -2.4720e+00 1.6158e+01 2.2854e+00 5.0190e-01 3.5475e+00 5.1818e-02 -9.6030e-01 1.4675e+00 2.6125e+00 7.1740e+00 -9.2959e-01 -2.8033e+00 -9.4459e-02 -4.2467e-01 -4.6367e-01 7.2180e-01 2.4448e-01
-6.1826e+01 -8.0841e+00 -1.8546e+01 -3.3171e+01 2.5102e+01 2.7964e+00 2.2108e+01 2.9901e+01 1.0093e+02 -3.3098e+01 8.0271e+00 1.6105e-01 -4.2653e+00 -1.1124e+01 -5.9925e-01 3.3998e+01 -2.6314e+00 -1.1900e+00 -1.6916e+01 1.2538e+00 -6.4699e+00 1.8471e+00 -1.0413e+00 -2.0127e+01 2.4313e+01 -2.2487e+01 -3.6666e-01 6.2769e-02 -4.6618e+00 -2.9508e+00 5.5979e+00 1.7122e+00 -9.5160e+00 1.0942e+01 -1.3824e+01 -3.2083e+00 9.4862e+00 1.6741e+00 9.2471e-01 2.3731e+00 1.4296e-01 6.0946e-01 -7.3101e-01 -7.8709e+00 5.8074e+00 3.9367e+00 -1.2146e+00 1.3522e+00 -2.0955e-02 9.7623e-01 -1.5131e+01 1.9271e+01
2.3458e+01 1.2121e+01 1.5311e+00 -2.5799e+00 -6.8949e+01 3.2728e+01 -1.4570e+01 -3.3042e+01 -3.3098e+01 1.4154e+02 1.5948e+01 2.7397e-01 5.2394e+00 -3.9539e+01 -8.5143e-01 -4.0567e+01 -6.4012e+00 -8.0447e+00 -1.5601e+00 3.3595e+00 -1.7911e+01 -1.2964e+00 2.4281e+00 3.2776e+01 1.2188e+00 -6.9933e-01 -1.3192e+00 -2.5136e+00 -1.7308e+00 -7.2244e+00 1.4395e+01 -2.1348e+00 5.5991e+00 1.2653e+01 1.3185e+01 1.8724e+00 -3.3525e+00 -3.6300e+00 -1.1853e+00 -1.7743e+00 -5.2213e-01 4.2584e-01 -1.5331e+00 -1.0469e+00 -3.4715e+00 -3.9673e+00 3.0134e+00 3.7756e-01 -1.1351e+00 -2.0999e-01 -1.6881e+00 -1.7800e+00
-4.9729e+00 -8.8053e-01 -2.3914e+00 -1.2543e+01 -2.2629e+01 1.7869e+01 -4.3432e+00 -2.8824e+01 8.0271e+00 1.5948e+01 9.5069e+01 -8.6010e-02 -5.0767e+00 -1.8193e+01 -8.5397e-02 -7.9579e+00 4.5075e-01 -2.5575e+00 -1.8471e+01 -7.9440e-01 1.3701e+01 4.0414e+00 -3.9836e-01 1.8493e+01 -1.9948e+01 -8.9766e+00 -4.4632e-01 -6.5571e-01 -4.7169e+00 -1.4448e+00 -1.0463e+01 4.5379e+00 5.5095e-01 -8.7624e+00 1.1459e+01 2.7205e+00 -9.1117e+00 -1.4327e+00 -7.9576e-01 -1.3822e+00 9.3002e-02 2.6658e+00 -2.2269e+00 -6.4987e+00 -3.6942e+00 -7.0304e-01 2.2255e+00 5.5730e-01 7.2285e-01 1.2175e+00 -1.5480e+01 1.6226e+01
-8.0594e-01 1.6788e-01 -2.0459e-01 -3.3534e-01 -2.4052e-02 3.9221e-01 -1.5754e-01 4.4988e-03 1.6105e-01 2.7397e-01 -8.6010e-02 6.5043e+00 -2.1469e-01 1.4756e-01 -3.1464e-02 -1.3307e-01 -7.5531e-02 4.2339e-01 -1.8187e-01 3.0788e-01 5.1519e-01 5.1311e-01 -3.6437e-02 -2.6516e-01 2.2191e-01 -5.9418e-01 1.1971e+00 -4.6092e-02 -1.9904e-01 3.4128e-01 -2.3822e-01 1.2991e-01 -1.0710e+00 -2.6844e-01 -8.4171e-01 -2.4019e-01 -4.0016e-01 2.6956e-01 2.6815e-02 5.0682e-02 -2.3401e-02 -4.8701e-02 -1.2877e-01 1.6820e-01 -5.2928e-02 -1.6327e-01 -1.0960e-01 -8.9757e-03 -3.6618e-02 -4.0458e-02 -2.2304e-01 -1.5182e-01
5.4456e+00 -8.5807e-01 1.3576e-01 2.1981e-02 -2.4825e+00 1.0141e-01 -1.1796e+01 -2.0609e+00 -4.2653e+00 5.2394e+00 -5.0767e+00 -2.1469e-01 3.1764e+01 5.6438e+00 -1.2432e-01 -3.9242e+00 2.2463e+00 -1.5714e+00 2.1533e-01 -7.4403e-02 2.2418e+00 4.0125e+00 2.8993e+00 -5.3418e+00 -4.3917e+00 8.7657e-02 -1.2581e-01 -6.2635e-01 1.1102e-01 -2.7435e+00 -5.4181e-01 -5.7881e-01 -3.5205e+00 -4.3251e+00 -6.7459e+00 -6.5351e-01 -7.0453e+00 -4.1606e-01 -4.4495e-01 4.5164e+00 -6.7585e-02 -1.6692e-01 1.6659e-01 -2.2530e-01 -2.7289e-01 -1.3683e+00 -6.1830e-01 3.5349e-01 -8.2137e-02 -3.0691e-01 1.8585e-01 -8.5031e-02
4.4344e+00 4.3123e+00 1.5577e+01 2.5249e+01 3.5207e+01 -2.9673e+01 -3.0257e+01 2.6482e+01 -1.1124e+01 -3.9539e+01 -1.8193e+01 1.4756e-01 5.6438e+00 1.1806e+02 1.3738e-01 2.6945e+01 2.5993e+00 5.4845e+00 5.7340e+00 -1.8374e+00 9.5820e+00 -3.5923e+00 -4.2815e-01 -4.9094e+01 1.1036e+01 2.5361e+01 1.1863e+00 9.6420e-01 5.5747e-01 4.2672e+00 3.0692e+00 8.1361e-01 -3.8535e+01 -1.2741e+01 -4.1592e+01 -8.0299e+00 2.8934e+01 -5.4211e+00 -3.6803e-01 9.0214e-01 7.0772e-01 -1.8138e-01 -8.1780e-01 7.7080e+00 1.6738e+00 -3.8909e+00 -4.0972e+00 -7.3855e-01 9.8953e-01 -2.6087e+00 6.2854e+00 2.2067e+00
1.0490e+00 4.3178e-02 -7.4090e-03 3.2223e-01 2.8607e-01 -7.2283e-01 -5.8454e-01 -3.0102e-01 -5.9925e-01 -8.5143e-01 -8.5397e-02 -3.1464e-02 -1.2432e-01 1.3738e-01 7.4131e+00 -4.7211e-01 -1.7426e-01 4.7937e-01 7.1080e-02 -4.7278e-02 2.2750e-01 -3.9670e-02 -5.1528e-03 1.5902e-02 -6.6191e-01 3.7014e-01 1.6324e-01 -8.9453e-02 -1.9874e-01 3.1178e-01 -4.6661e-01 7.5071e-02 5.6358e-01 -1.2021e+00 -2.7459e-01 9.3026e-02 -7.5995e-01 -2.5995e-01 -1.0158e-01 -7.7080e-02 -6.4684e-02 -5.4536e-02 -8.6698e-02 4.6325e-01 -1.4486e-01 -3.0860e-02 -2.4459e-02 -2.8883e-02 -4.3809e-02 -3.7573e-02 -2.1405e-03 -7.5268e-02
-3.8070e+01 2.8859e+00 -8.9051e-01 -8.2824e-01 3.7921e+01 -9.6249e+00 1.0299e+01 2.6220e+01 3.3998e+01 -4.0567e+01 -7.9579e+00 -1.3307e-01 -3.9242e+00 2.6945e+01 -4.7211e-01 6.7456e+01 -1.2246e+00 6.0222e-03 -1.0162e+00 1.2097e-01 1.2364e+01 -7.0290e-01 -2.8838e+00 -2.6987e+01 1.8054e+01 -6.0664e-01 3.2814e-01 6.7037e-01 3.2708e-01 -3.0039e+00 4.8732e+00 1.4895e+00 -1.5437e+01 5.0304e+00 -1.9327e+01 -1.1728e+00 2.8461e+01 1.8392e+00 3.0074e-01 1.4206e+00 3.2041e-01 -1.1325e+00 -7.5123e-01 9.7433e-02 4.5382e+00 -4.1982e-01 -3.8826e+00 -2.0717e-01 2.3195e-02 -3.7262e-01 -1.1190e+00 2.8064e-01
1.9434e+00 7.8661e-01 -5.9847e-01 -7.8652e-03 2.6180e+00 -1.1839e+00 -4.9221e+00 -7.7430e-01 -2.6314e+00 -6.4012e+00 4.5075e-01 -7.5531e-02 2.2463e+00 2.5993e+00 -1.7426e-01 -1.2246e+00 2.6767e+01 4.9750e+00 6.1851e-01 -1.0453e-01 8.6185e+00 -1.1293e+00 -2.6817e-01 -7.3353e-01 1.7085e-01 3.3981e-01 -1.2906e-01 2.3558e-01 -4.2310e-01 3.5327e+00 -1.8539e+00 1.0793e-02 -2.0393e+00 -3.7962e+00 -1.4239e+00 1.9308e-01 -5.7011e+00 -4.1821e-01 -3.2946e-01 6.3330e-01 -9.6788e-02 -2.5849e-01 1.1109e+00 1.8867e-01 1.9898e-02 -1.2277e+00 -3.5014e-01 -1.4598e-01 -1.8058e-01 -3.5655e-01 5.3259e-01 -4.2807e-02
1.9656e+00 6.1250e+00 -3.8362e-01 1.1032e-01 1.5581e+01 -5.9217e-01 -1.3775e+01 -1.7551e+00 -1.1900e+00 -8.0447e+00 -2.5575e+00 4.2339e-01 -1.5714e+00 5.4845e+00 4.7937e-01 6.0222e-03 4.9750e+00 3.7061e+01 -9.4980e-02 5.7992e-02 1.1189e+01 -1.5473e+00 -1.7220e-01 -6.4087e+00 8.3242e+00 2.1542e-03 1.2939e+00 -9.8256e-01 -1.8350e-01 2.3781e+01 -2.3856e-01 8.9365e-01 -9.6670e+00 -2.7762e-01 5.7347e+00 1.5848e+00 -6.9979e+00 -6.1846e-02 5.9364e-01 -1.1000e+00 6.2149e-02 -2.0689e-01 -8.3420e-01 -1.6561e-01 -4.2670e-01 -3.6620e+00 -1.1514e+00 -2.9477e-01 -2.3134e-01 -4.2973e-01 -1.0218e-01 -1.5047e-03
1.2373e+01 -1.4346e-01 2.1568e+00 1.6083e+01 -1.0311e-01 5.7835e-01 8.2190e-01 8.5854e-01 -1.6916e+01 -1.5601e+00 -1.8471e+01 -1.8187e-01 2.1533e-01 5.7340e+00 7.1080e-02 -1.0162e+00 6.1851e-01 -9.4980e-02 3.6466e+01 -8.3022e-01 1.0920e-01 -6.7885e-01 -8.1517e-01 8.1649e-01 1.6231e-01 9.8105e+00 1.0712e-01 -9.7162e-03 -1.0399e+00 -1.2466e-01 -2.3172e+00 -4.1519e-01 -3.8412e-01 4.6599e-01 -2.0990e+00 -4.2772e-01 9.5964e-01 -2.5160e-01 5.2072e-02 5.0632e-02 -2.2361e-01 -2.9220e+00 -2.4175e-01 1.2410e+01 2.8355e-01 1.5251e-01 9.0217e-01 -2.2685e-01 -2.3987e-01 -8.7031e-01 3.1570e+01 -7.4304e+00
-9.0069e-01 -6.7689e-02 -3.2492e-01 -7.3384e-01 -1.1155e-03 -5.0650e-01 -7.6488e-01 6.1167e-02 1.2538e+00 3.3595e+00 -7.9440e-01 3.0788e-01 -7.4403e-02 -1.8374e+00 -4.7278e-02 1.2097e-01 -1.0453e-01 5.7992e-02 -8.3022e-01 1.1589e+01 1.7429e-02 5.5815e-01 -9.1026e-02 -3.8624e-01 2.5947e-01 -2.2942e+00 -1.0481e-01 -2.3301e-02 -7.0518e-01 6.5255e-01 -9.9442e-01 -7.8843e-03 -2.5020e-01 5.9020e-01 -8.4971e-01 -2.1339e-01 -8.6095e-01 -2.5937e-01 1.3233e-01 -3.7570e-03 6.1445e-02 -1.0424e-01 -4.5208e-02 2.0701e-02 -1.6106e-01 -2.8203e-01 7.8326e-02 1.1687e+00 -8.1389e-02 -6.9330e-02 -9.0258e-01 -8.5029e-01
-6.9651e+00 1.7044e+01 2.2561e+00 1.6986e+00 2.1503e+01 -2.9829e+00 -1.8232e+01 -8.4415e+00 -6.4699e+00 -1.7911e+01 1.3701e+01 5.1519e-01 2.2418e+00 9.5820e+00 2.2750e-01 1.2364e+01 8.6185e+00 1.1189e+01 1.0920e-01 1.7429e-02 6.2906e+01 -2.7955e+00 -8.1344e-01 -6.9361e+00 -4.4377e+00 9.7246e-01 1.2205e+00 -1.7881e+00 -4.9216e-01 1.3970e+01 4.6328e-01 5.3415e+00 -1.3050e+01 -8.5950e+00 1.6517e+01 1.0032e+00 -3.1724e+00 -2.9334e-01 -1.5533e-01 -1.2919e-01 1.6977e-01 -5.8154e-01 1.6877e-01 -1.1469e-01 -1.7066e+00 -5.7567e+00 -1.4820e+00 -5.7920e-01 8.4327e-01 -2.2783e-01 1.1612e-01 -7.2783e-02
-1.5727e+00 -6.0255e+00 5.7062e-03 -3.2365e-01 -4.8542e+00 3.5894e+00 3.8643e+00 -3.7227e+00 1.8471e+00 -1.2964e+00 4.0414e+00 5.1311e-01 4.0125e+00 -3.5923e+00 -3.9670e-02 -7.0290e-01 -1.1293e+00 -1.5473e+00 -6.7885e-01 5.5815e-01 -2.7955e+00 3.1318e+01 5.2942e-01 3.5637e+00 1.7312e+00 -7.2346e-01 3.6162e+00 -1.0573e+00 -4.7830e-01 -2.0442e+00 -3.5748e+00 -2.8683e-01 1.7081e+00 3.1340e+00 -2.5405e+00 -1.0111e+00 -3.0734e+00 5.0675e+00 -4.7175e-03 2.8184e+00 -4.1309e-02 -2.3069e-01 -1.7649e-01 -3.7956e-01 -2.1975e-01 -1.6808e+00 1.2029e+00 6.1699e-01 -3.1630e-01 -3.8779e-01 -7.7886e-01 3.8854e-01
1.4175e+00 -1.3492e-01 -4.6720e-01 -8.7038e-01 4.1854e-01 -2.5811e-01 -2.4723e+00 -2.1831e+00 -1.0413e+00 2.4281e+00 -3.9836e-01 -3.6437e-02 2.8993e+00 -4.2815e-01 -5.1528e-03 -2.8838e+00 -2.6817e-01 -1.7220e-01 -8.1517e-01 -9.1026e-02 -8.1344e-01 5.2942e-01 1.3180e+01 -3.5884e-01 -1.5617e+00 -2.5925e-01 4.3418e-02 -9.0269e-02 4.3522e-01 4.6937e-02 2.3037e-01 -3.0548e-01 -1.5593e+00 -1.8635e+00 -1.4817e+00 -1.3943e-01 -2.4295e+00 -2.3071e-01 1.3497e-02 -3.0499e-01 -5.7151e-02 1.6696e-01 -1.8175e-01 -6.6000e-01 -4.7072e-01 -2.0956e-01 5.1955e-01 -3.4393e-02 2.0751e-02 -1.4326e-01 -9.5485e-01 3.4120e-02
2.9253e+01 2.8588e+00 3.6613e-01 -7.1337e-01 -3.3298e+01 1.6462e+01 1.5470e+01 -2.4938e+01 -2.0127e+01 3.2776e+01 1.8493e+01 -2.6516e-01 -5.3418e+00 -4.9094e+01 1.5902e-02 -2.6987e+01 -7.3353e-01 -6.4087e+00 8.1649e-01 -3.8624e-01 -6.9361e+00 3.5637e+00 -3.5884e-01 8.3869e+01 -2.5450e+01 -1.5404e-01 -1.4162e-01 6.9835e-02 8.5534e-01 -5.9324e+00 -8.1598e+00 -1.4269e+00 3.5683e+01 1.3096e+01 4.9059e+01 3.1992e+00 -2.6164e+01 -1.8042e+00 -6.6295e-01 -7.0679e-01 -5.5421e-01 -2.8355e-01 4.7669e-01 -1.1981e+00 -3.1083e+00 1.7110e+00 5.3847e+00 -2.0557e-02 -3.5692e-01 2.2426e-01 7.4899e-01 -1.4530e+00
-4.8631e+01 2.1389e+00 3.5920e-01 -5.3110e-01 1.4628e+01 4.1324e+00 6.3471e+00 2.4644e+01 2.4313e+01 1.2188e+00 -1.9948e+01 2.2191e-01 -4.3917e+00 1.1036e+01 -6.6191e-01 1.8054e+01 1.7085e-01 8.3242e+00 1.6231e-01 2.5947e-01 -4.4377e+00 1.7312e+00 -1.5617e+00 -2.5450e+01 1.0400e+02 -2.9601e+00 2.3110e+00 -1.5951e+00 -7.8533e-02 6.1968e+00 2.7040e+01 -1.3718e+00 -5.6274e+01 5.1567e+01 -1.8018e+01 -9.9914e-02 6.0619e+01 4.2534e+00 -1.6661e-01 2.0300e+00 -4.7814e-01 4.6588e-01 -1.1801e+00 -9.4069e-01 9.0196e+00 -6.9156e-01 -2.9101e+00 6.8062e-02 -1.3932e+00 -8.8895e-02 1.8049e-01 2.0984e-01
1.9270e+01 2.4714e+00 7.0436e+00 1.6469e+01 -6.4436e-01 -1.1785e+00 -7.1609e+00 1.6650e+00 -2.2487e+01 -6.9933e-01 -8.9766e+00 -5.9418e-01 8.7657e-02 2.5361e+01 3.7014e-01 -6.0664e-01 3.3981e-01 2.1542e-03 9.8105e+00 -2.2942e+00 9.7246e-01 -7.2346e-01 -2.5925e-01 -1.5404e-01 -2.9601e+00 3.6981e+01 1.3739e-01 6.0282e-01 4.9196e-01 -9.2973e-02 1.5949e+00 -1.2150e+00 -3.3802e-01 -1.3831e+00 -2.9267e+00 -1.7802e+00 3.8809e+00 -2.9427e+00 -1.6801e-01 5.5053e-02 2.8045e-01 -2.3631e+00 1.5925e-01 8.9855e+00 -4.2731e-01 -3.4086e+00 -9.0300e-01 -1.1106e+00 -3.5201e-02 -3.8160e-01 7.2868e+00 4.0691e+00
-1.6246e+00 -8.2779e-02 -4.4689e-01 2.6338e-01 8.7017e-01 3.7553e-01 -9.2957e-01 3.0435e-01 -3.6666e-01 -1.3192e+00 -4.4632e-01 1.1971e+00 -1.2581e-01 1.1863e+00 1.6324e-01 3.2814e-01 -1.2906e-01 1.2939e+00 1.0712e-01 -1.0481e-01 1.2205e+00 3.6162e+00 4.3418e-02 -1.4162e-01 2.3110e+00 1.3739e-01 9.1362e+00 -1.5380e-02 -3.9208e-02 1.3209e+00 -5.9988e-01 -1.4984e-02 -3.1115e+00 1.3999e+00 -1.0761e-01 -2.1674e-01 1.4515e+00 3.3314e+00 -6.1761e-02 -6.9702e-02 -5.5081e-02 6.7844e-02 -1.1056e-01 1.9353e-01 -9.4137e-02 -2.8003e-01 2.1849e-01 1.9102e-02 -4.6846e-02 -3.7967e-02 8.4819e-02 1.4147e-01
1.2031e+00 -4.4552e-01 2.7043e-01 -5.7103e-02 -3.0420e-01 -1.2670e+00 -2.9461e+00 6.1768e+00 6.2769e-02 -2.5136e+00 -6.5571e-01 -4.6092e-02 -6.2635e-01 9.6420e-01 -8.9453e-02 6.7037e-01 2.3558e-01 -9.8256e-01 -9.7162e-03 -2.3301e-02 -1.7881e+00 -1.0573e+00 -9.0269e-02 6.9835e-02 -1.5951e+00 6.0282e-01 -1.5380e-02 2.0919e+01 3.5920e-01 4.0886e+00 -1.7780e+00 -7.9704e-02 -6.2504e-01 2.6803e+00 2.7305e+00 -1.1026e+00 2.6664e+00 -8.9528e-01 -3.6614e-01 -4.6927e-02 -2.7054e-01 4.3172e-01 -8.5826e-02 -2.6929e-02 4.3013e-01 -9.6607e-02 -2.0615e-01 -1.0883e-01 -2.0990e-01 -2.3927e-02 -1.6374e-02 1.0530e-02
9.3004e-01 -6.6501e-01 -4.2997e-01 -9.6518e-01 5.1216e+00 3.5303e-01 1.1534e+01 3.5662e-01 -4.6618e+00 -1.7308e+00 -4.7169e+00 -1.9904e-01 1.1102e-01 5.5747e-01 -1.9874e-01 3.2708e-01 -4.2310e-01 -1.8350e-01 -1.0399e+00 -7.0518e-01 -4.9216e-01 -4.7830e-01 4.3522e-01 8.5534e-01 -7.8533e-02 4.9196e-01 -3.9208e-02 3.5920e-01 2.4077e+01 -4.3423e-01 1.2864e+01 -2.3274e-01 -4.3017e-02 1.2845e-01 -9.2997e-01 -7.4947e-01 1.9661e-01 -2.5772e-01 5.9129e-02 -8.9204e-02 5.8320e-01 2.2040e-01 -4.7686e-01 -1.6785e+00 -3.8565e-01 2.4811e-01 -6.4053e-02 -1.1184e-01 5.9618e-01 -7.5810e-03 -1.5682e+00 -3.5642e+00
2.8447e+00 6.8862e+00 -1.9645e-01 -5.2301e-01 1.7843e+01 -4.4948e-01 -1.9010e+01 2.2326e+00 -2.9508e+00 -7.2244e+00 -1.4448e+00 3.4128e-01 -2.7435e+00 4.2672e+00 3.1178e-01 -3.0039e+00 3.5327e+00 2.3781e+01 -1.2466e-01 6.5255e-01 1.3970e+01 -2.0442e+00 4.6937e-02 -5.9324e+00 6.1968e+00 -9.2973e-02 1.3209e+00 4.0886e+00 -4.3423e-01 4.8675e+01 1.4245e+00 6.7754e-01 -9.1678e+00 -4.3046e+00 1.2560e+01 4.6589e-01 -1.1374e+01 -4.5536e-02 5.4861e-01 -1.4500e+00 3.1469e-02 -2.5337e-01 -1.1310e+00 -2.8525e-01 -7.1831e-01 -4.9607e+00 -1.2094e+00 -1.6764e-01 -2.4600e-01 1.1892e-01 -1.4487e-01 -6.7518e-01
-1.6045e+01 6.3889e-01 -3.0906e+00 -4.7197e+00 5.7100e+00 1.1382e+01 1.6067e+01 5.4097e-01 5.5979e+00 1.4395e+01 -1.0463e+01 -2.3822e-01 -5.4181e-01 3.0692e+00 -4.6661e-01 4.8732e+00 -1.8539e+00 -2.3856e-01 -2.3172e+00 -9.9442e-01 4.6328e-01 -3.5748e+00 2.3037e-01 -8.1598e+00 2.7040e+01 1.5949e+00 -5.9988e-01 -1.7780e+00 1.2864e+01 1.4245e+00 7.6177e+01 -3.4783e-01 -2.6937e+01 1.0714e+01 -1.6104e+01 -3.3258e+00 2.7860e+01 -5.5001e+00 -1.0572e+00 -7.9868e-01 3.9837e-02 -9.2035e-01 -1.2017e+00 -3.1534e+00 -1.5876e+00 5.0264e-01 -9.4883e-01 -1.4145e-01 -7.6690e-01 -2.5394e-01 -3.0261e+00 -2.9831e+00
-3.2297e+00 8.2291e-02 5.0871e-02 -1.0385e-01 1.4789e+00 -5.4465e-01 4.2232e-01 -2.9130e+00 1.7122e+00 -2.1348e+00 4.5379e+00 1.2991e-01 -5.7881e-01 8.1361e-01 7.5071e-02 1.4895e+00 1.0793e-02 8.9365e-01 -4.1519e-01 -7.8843e-03 5.3415e+00 -2.8683e-01 -3.0548e-01 -1.4269e+00 -1.3718e+00 -1.2150e+00 -1.4984e-02 -7.9704e-02 -2.3274e-01 6.7754e-01 -3.4783e-01 1.2758e+01 -3.3856e+00 -3.8065e+00 -1.6598e+00 -4.3733e-02 3.9373e+00 -1.1255e-02 -6.4631e-02 2.6085e-01 -5.6658e-02 -1.6031e-01 -2.5754e-01 -4.2734e-01 -4.7377e-01 -1.3101e-01 -4.7012e-01 -6.4419e-02 9.4440e-01 -8.0309e-02 -4.6150e-01 2.0367e-01
3.5387e+01 -3.1233e+00 5.0616e-01 9.5425e-01 -1.9153e+01 -1.2497e+00 7.6217e+00 -6.6251e+00 -9.5160e+00 5.5991e+00 5.5095e-01 -1.0710e+00 -3.5205e+00 -3.8535e+01 5.6358e-01 -1.5437e+01 -2.0393e+00 -9.6670e+00 -3.8412e-01 -2.5020e-01 -1.3050e+01 1.7081e+00 -1.5593e+00 3.5683e+01 -5.6274e+01 -3.3802e-01 -3.1115e+00 -6.2504e-01 -4.3017e-02 -9.1678e+00 -2.6937e+01 -3.3856e+00 1.2541e+02 -2.9575e+01 5.4679e+01 6.5856e+00 -7.4822e+01 3.6708e+00 2.4709e-01 -2.6111e-01 8.2424e-01 -8.3136e-01 4.5802e-01 1.1967e+00 -6.2524e+00 -4.6434e+00 4.5545e+00 -2.2217e-01 3.8102e-02 -3.0825e-01 -3.7841e-01 -2.0708e-01
-1.8886e+01 -1.5243e+00 1.3027e-01 -4.2360e-01 -4.4713e+00 1.2100e+01 6.5314e+00 6.5744e+00 1.0942e+01 1.2653e+01 -8.7624e+00 -2.6844e-01 -4.3251e+00 -1.2741e+01 -1.2021e+00 5.0304e+00 -3.7962e+00 -2.7762e-01 4.6599e-01 5.9020e-01 -8.5950e+00 3.1340e+00 -1.8635e+00 1.3096e+01 5.1567e+01 -1.3831e+00 1.3999e+00 2.6803e+00 1.2845e-01 -4.3046e+00 1.0714e+01 -3.8065e+00 -2.9575e+01 9.5988e+01 2.4573e+01 -2.4539e+00 4.0335e+01 4.7515e+00 -1.1535e+00 2.1623e+00 -1.5956e+00 -3.3370e-01 2.5334e+00 -2.0340e+00 7.2404e+00 -1.3241e+00 1.3528e+00 -6.3342e-02 -9.0821e-01 -2.5770e-01 3.8958e-01 -7.8807e-01
2.4495e+01 1.7872e+01 -1.2233e+00 9.2500e-01 -1.3222e+01 7.2952e+00 1.8650e+00 -1.7564e+01 -1.3824e+01 1.3185e+01 1.1459e+01 -8.4171e-01 -6.7459e+00 -4.1592e+01 -2.7459e-01 -1.9327e+01 -1.4239e+00 5.7347e+00 -2.0990e+00 -8.4971e-01 1.6517e+01 -2.5405e+00 -1.4817e+00 4.9059e+01 -1.8018e+01 -2.9267e+00 -1.0761e-01 2.7305e+00 -9.2997e-01 1.2560e+01 -1.6104e+01 -1.6598e+00 5.4679e+01 2.4573e+01 1.6359e+02 3.4347e+00 -6.5217e+01 6.7434e+00 -1.0652e+00 -4.0440e+00 -1.2292e+00 2.9265e+00 -2.0880e-01 -5.2867e+00 -4.5473e+00 5.7788e+00 6.2840e+00 -6.4320e-01 8.2367e-04 2.0580e+00 1.9936e+00 -9.7221e-01
2.5823e+00 -1.9436e+00 -7.2993e-02 -5.1893e-02 -4.6951e+00 -1.3477e-01 2.8092e+00 -2.4720e+00 -3.2083e+00 1.8724e+00 2.7205e+00 -2.4019e-01 -6.5351e-01 -8.0299e+00 9.3026e-02 -1.1728e+00 1.9308e-01 1.5848e+00 -4.2772e-01 -2.1339e-01 1.0032e+00 -1.0111e+00 -1.3943e-01 3.1992e+00 -9.9914e-02 -1.7802e+00 -2.1674e-01 -1.1026e+00 -7.4947e-01 4.6589e-01 -3.3258e+00 -4.3733e-02 6.5856e+00 -2.4539e+00 3.4347e+00 3.7819e+01 -4.2848e+00 2.7290e+00 6.5099e-01 -5.2754e-01 1.4688e+00 1.8894e+00 -6.9778e-01 -5.7448e-01 9.5342e-01 -1.3383e+00 -4.1688e-01 -1.5603e-01 -2.6419e-01 8.2874e-02 -4.3246e-01 -3.3600e-01
-3.7386e+01 1.1039e+01 1.3720e+01 5.8009e+00 9.3325e+00 -3.5870e+00 -2.1595e+00 1.6158e+01 9.4862e+00 -3.3525e+00 -9.1117e+00 -4.0016e-01 -7.0453e+00 2.8934e+01 -7.5995e-01 2.8461e+01 -5.7011e+00 -6.9979e+00 9.5964e-01 -8.6095e-01 -3.1724e+00 -3.0734e+00 -2.4295e+00 -2.6164e+01 6.0619e+01 3.8809e+00 1.4515e+00 2.6664e+00 1.9661e-01 -1.1374e+01 2.7860e+01 3.9373e+00 -7.4822e+01 4.0335e+01 -6.5217e+01 -4.2848e+00 1.7770e+02 -2.3371e+00 7.8230e-01 2.1817e+00 -5.9783e-01 2.5634e-01 -3.7999e-02 -5.6801e+00 8.5274e+00 1.5954e+01 -2.9308e+00 -4.1099e-01 4.8332e-01 4.8825e-01 -1.4356e-01 3.3670e-02
-6.2610e+00 4.9224e-01 3.7608e-02 -2.6413e-01 1.7527e+00 -8.4086e-01 -5.8592e-02 2.2854e+00 1.6741e+00 -3.6300e+00 -1.4327e+00 2.6956e-01 -4.1606e-01 -5.4211e+00 -2.5995e-01 1.8392e+00 -4.1821e-01 -6.1846e-02 -2.5160e-01 -2.5937e-01 -2.9334e-01 5.0675e+00 -2.3071e-01 -1.8042e+00 4.2534e+00 -2.9427e+00 3.3314e+00 -8.9528e-01 -2.5772e-01 -4.5536e-02 -5.5001e+00 -1.1255e-02 3.6708e+00 4.7515e+00 6.7434e+00 2.7290e+00 -2.3371e+00 2.6546e+01 -2.2172e-01 5.8000e-02 -5.2002e-01 -1.4111e-01 -3.1835e-01 -5.3806e-01 -1.8653e-02 -2.3940e-02 6.9895e-02 -3.9378e-03 3.5395e-01 -1.2703e-01 -2.9369e-01 5.7992e-01
3.2174e-01 1.3397e+00 -5.5819e-01 -6.7489e-01 5.1946e-01 4.7787e-02 9.2179e-02 5.0190e-01 9.2471e-01 -1.1853e+00 -7.9576e-01 2.6815e-02 -4.4495e-01 -3.6803e-01 -1.0158e-01 3.0074e-01 -3.2946e-01 5.9364e-01 5.2072e-02 1.3233e-01 -1.5533e-01 -4.7175e-03 1.3497e-02 -6.6295e-01 -1.6661e-01 -1.6801e-01 -6.1761e-02 -3.6614e-01 5.9129e-02 5.4861e-01 -1.0572e+00 -6.4631e-02 2.4709e-01 -1.1535e+00 -1.0652e+00 6.5099e-01 7.8230e-01 -2.2172e-01 1.3190e+01 -1.2804e-01 1.5208e+00 -4.4344e-02 -6.0488e-02 -2.8855e-01 4.0090e-01 -3.7712e-01 1.8033e-01 -5.8409e-02 1.2443e-01 1.3523e+00 -5.1373e-02 -2.3718e-01
-1.4947e+00 -1.7282e+00 8.6002e-02 -1.1415e-01 -7.0125e-02 -6.2758e-01 9.2935e-01 3.5475e+00 2.3731e+00 -1.7743e+00 -1.3822e+00 5.0682e-02 4.5164e+00 9.0214e-01 -7.7080e-02 1.4206e+00 6.3330e-01 -1.1000e+00 5.0632e-02 -3.7570e-03 -1.2919e-01 2.8184e+00 -3.0499e-01 -7.0679e-01 2.0300e+00 5.5053e-02 -6.9702e-02 -4.6927e-02 -8.9204e-02 -1.4500e+00 -7.9868e-01 2.6085e-01 -2.6111e-01 2.1623e+00 -4.0440e+00 -5.2754e-01 2.1817e+00 5.8000e-02 -1.2804e-01 1.5197e+01 -6.1790e-02 6.8293e-03 9.0247e-01 -9.7878e-02 5.8443e+00 -8.1308e-01 -2.0306e-01 2.5850e-01 2.5910e-01 -6.3146e-02 3.8832e-02 7.2535e-02
3.6161e-01 -5.3658e-02 -2.1326e-01 -1.7117e-01 1.3358e-01 -2.1670e-01 -3.3284e-01 5.1818e-02 1.4296e-01 -5.2213e-01 9.3002e-02 -2.3401e-02 -6.7585e-02 7.0772e-01 -6.4684e-02 3.2041e-01 -9.6788e-02 6.2149e-02 -2.2361e-01 6.1445e-02 1.6977e-01 -4.1309e-02 -5.7151e-02 -5.5421e-01 -4.7814e-01 2.8045e-01 -5.5081e-02 -2.7054e-01 5.8320e-01 3.1469e-02 3.9837e-02 -5.6658e-02 8.2424e-01 -1.5956e+00 -1.2292e+00 1.4688e+00 -5.9783e-01 -5.2002e-01 1.5208e+00 -6.1790e-02 8.3993e+00 2.2490e-01 -6.8592e-02 2.3586e-01 -1.6070e-02 1.6727e-01 -3.3644e-02 -2.8311e-02 6.0092e-01 -3.8988e-02 -1.7226e-02 -5.4850e-02
-5.9711e-01 4.9999e-02 -9.1173e-01 -1.4754e+00 -1.2181e+00 -7.7488e-01 -7.1431e-01 -9.6030e-01 6.0946e-01 4.2584e-01 2.6658e+00 -4.8701e-02 -1.6692e-01 -1.8138e-01 -5.4536e-02 -1.1325e+00 -2.5849e-01 -2.0689e-01 -2.9220e+00 -1.0424e-01 -5.8154e-01 -2.3069e-01 1.6696e-01 -2.8355e-01 4.6588e-01 -2.3631e+00 6.7844e-02 4.3172e-01 2.2040e-01 -2.5337e-01 -9.2035e-01 -1.6031e-01 -8.3136e-01 -3.3370e-01 2.9265e+00 1.8894e+00 2.5634e-01 -1.4111e-01 -4.4344e-02 6.8293e-03 2.2490e-01 1.4906e+01 -5.3800e-02 -9.0240e-01 6.9960e-01 8.0636e-02 -1.7858e-01 -3.3343e-02 -1.5438e-01 -1.8676e-01 3.0509e+00 -2.7020e-01
3.6596e-01 6.5614e-01 -3.6098e-01 -1.1487e-01 -2.0006e+00 -5.1994e-01 1.2334e-01 1.4675e+00 -7.3101e-01 -1.5331e+00 -2.2269e+00 -1.2877e-01 1.6659e-01 -8.1780e-01 -8.6698e-02 -7.5123e-01 1.1109e+00 -8.3420e-01 -2.4175e-01 -4.5208e-02 1.6877e-01 -1.7649e-01 -1.8175e-01 4.7669e-01 -1.1801e+00 1.5925e-01 -1.1056e-01 -8.5826e-02 -4.7686e-01 -1.1310e+00 -1.2017e+00 -2.5754e-01 4.5802e-01 2.5334e+00 -2.0880e-01 -6.9778e-01 -3.7999e-02 -3.1835e-01 -6.0488e-02 9.0247e-01 -6.8592e-02 -5.3800e-02 1.6611e+01 -1.3091e-01 -7.8711e-01 -3.6132e-01 -1.1012e-01 8.6292e-02 -7.3563e-02 -1.0287e-01 2.2060e+00 -4.6329e-01
9.7727e+00 -1.0901e+00 -3.8601e+00 1.3749e+01 9.9805e-01 -3.4989e-01 -4.2102e+00 2.6125e+00 -7.8709e+00 -1.0469e+00 -6.4987e+00 1.6820e-01 -2.2530e-01 7.7080e+00 4.6325e-01 9.7433e-02 1.8867e-01 -1.6561e-01 1.2410e+01 2.0701e-02 -1.1469e-01 -3.7956e-01 -6.6000e-01 -1.1981e+00 -9.4069e-01 8.9855e+00 1.9353e-01 -2.6929e-02 -1.6785e+00 -2.8525e-01 -3.1534e+00 -4.2734e-01 1.1967e+00 -2.0340e+00 -5.2867e+00 -5.7448e-01 -5.6801e+00 -5.3806e-01 -2.8855e-01 -9.7878e-02 2.3586e-01 -9.0240e-01 -1.3091e-01 3.7654e+01 2.2445e-01 1.7323e+00 -6.7758e-01 1.4646e-02 1.0939e-01 -5.0272e-01 1.1199e+01 -1.7241e+00
-5.2548e+00 4.8516e-02 2.1996e-01 -1.8914e-01 4.0086e+00 -1.3708e+00 1.4716e+00 7.1740e+00 5.8074e+00 -3.4715e+00 -3.6942e+00 -5.2928e-02 -2.7289e-01 1.6738e+00 -1.4486e-01 4.5382e+00 1.9898e-02 -4.2670e-01 2.8355e-01 -1.6106e-01 -1.7066e+00 -2.1975e-01 -4.7072e-01 -3.1083e+00 9.0196e+00 -4.2731e-01 -9.4137e-02 4.3013e-01 -3.8565e-01 -7.1831e-01 -1.5876e+00 -4.7377e-01 -6.2524e+00 7.2404e+00 -4.5473e+00 9.5342e-01 8.5274e+00 -1.8653e-02 4.0090e-01 5.8443e+00 -1.6070e-02 6.9960e-01 -7.8711e-01 2.2445e-01 2.0304e+01 3.8525e-02 -1.4051e-01 1.9705e-01 -4.7433e-02 3.4650e-03 2.4170e-01 1.3289e-01
6.5075e-01 1.9928e-01 5.6110e-01 -2.6349e-01 -3.6624e+00 -1.2607e+00 6.4420e+00 -9.2959e-01 3.9367e+00 -3.9673e+00 -7.0304e-01 -1.6327e-01 -1.3683e+00 -3.8909e+00 -3.0860e-02 -4.1982e-01 -1.2277e+00 -3.6620e+00 1.5251e-01 -2.8203e-01 -5.7567e+00 -1.6808e+00 -2.0956e-01 1.7110e+00 -6.9156e-01 -3.4086e+00 -2.8003e-01 -9.6607e-02 2.4811e-01 -4.9607e+00 5.0264e-01 -1.3101e-01 -4.6434e+00 -1.3241e+00 5.7788e+00 -1.3383e+00 1.5954e+01 -2.3940e-02 -3.7712e-01 -8.1308e-01 1.6727e-01 8.0636e-02 -3.6132e-01 1.7323e+00 3.8525e-02 3.7464e+01 -5.0226e-01 1.7202e-01 1.7480e-01 2.0263e+00 3.5219e-02 4.1002e-03
2.7042e+00 -2.4164e-01 -4.9381e-01 -9.5331e-01 -4.0242e+00 1.5761e+00 8.1884e-01 -2.8033e+00 -1.2146e+00 3.0134e+00 2.2255e+00 -1.0960e-01 -6.1830e-01 -4.0972e+00 -2.4459e-02 -3.8826e+00 -3.5014e-01 -1.1514e+00 9.0217e-01 7.8326e-02 -1.4820e+00 1.2029e+00 5.1955e-01 5.3847e+00 -2.9101e+00 -9.0300e-01 2.1849e-01 -2.0615e-01 -6.4053e-02 -1.2094e+00 -9.4883e-01 -4.7012e-01 4.5545e+00 1.3528e+00 6.2840e+00 -4.1688e-01 -2.9308e+00 6.9895e-02 1.8033e-01 -2.0306e-01 -3.3644e-02 -1.7858e-01 -1.1012e-01 -6.7758e-01 -1.4051e-01 -5.0226e-01 1.9654e+01 -2.3067e-02 -8.4805e-02 -1.2295e-01 7.9027e-01 -1.9396e-01
5.2807e-03 6.3408e-01 2.0215e-01 5.9193e-03 -4.9266e-01 -1.2688e-01 -8.7586e-02 -9.4459e-02 1.3522e+00 3.7756e-01 5.5730e-01 -8.9757e-03 3.5349e-01 -7.3855e-01 -2.8883e-02 -2.0717e-01 -1.4598e-01 -2.9477e-01 -2.2685e-01 1.1687e+00 -5.7920e-01 6.1699e-01 -3.4393e-02 -2.0557e-02 6.8062e-02 -1.1106e+00 1.9102e-02 -1.0883e-01 -1.1184e-01 -1.6764e-01 -1.4145e-01 -6.4419e-02 -2.2217e-01 -6.3342e-02 -6.4320e-01 -1.5603e-01 -4.1099e-01 -3.9378e-03 -5.8409e-02 2.5850e-01 -2.8311e-02 -3.3343e-02 8.6292e-02 1.4646e-02 1.9705e-01 1.7202e-01 -2.3067e-02 6.8968e+00 1.9942e-02 -2.1121e-02 -6.1440e-02 2.0474e-01
1.5996e-01 -3.7990e-01 3.4033e-02 2.6395e-01 2.9681e-01 -5.9531e-01 -2.7313e-01 -4.2467e-01 -2.0955e-02 -1.1351e+00 7.2285e-01 -3.6618e-02 -8.2137e-02 9.8953e-01 -4.3809e-02 2.3195e-02 -1.8058e-01 -2.3134e-01 -2.3987e-01 -8.1389e-02 8.4327e-01 -3.1630e-01 2.0751e-02 -3.5692e-01 -1.3932e+00 -3.5201e-02 -4.6846e-02 -2.0990e-01 5.9618e-01 -2.4600e-01 -7.6690e-01 9.4440e-01 3.8102e-02 -9.0821e-01 8.2367e-04 -2.6419e-01 4.8332e-01 3.5395e-01 1.2443e-01 2.5910e-01 6.0092e-01 -1.5438e-01 -7.3563e-02 1.0939e-01 -4.7433e-02 1.7480e-01 -8.4805e-02 1.9942e-02 9.5467e+00 -1.0206e-01 -3.1716e-01 5.5111e-02
-8.7657e-01 -1.1339e-01 -5.5427e-01 -1.0308e+00 -4.7063e-01 6.4401e-01 1.4391e+00 -4.6367e-01 9.7623e-01 -2.0999e-01 1.2175e+00 -4.0458e-02 -3.0691e-01 -2.6087e+00 -3.7573e-02 -3.7262e-01 -3.5655e-01 -4.2973e-01 -8.7031e-01 -6.9330e-02 -2.2783e-01 -3.8779e-01 -1.4326e-01 2.2426e-01 -8.8895e-02 -3.8160e-01 -3.7967e-02 -2.3927e-02 -7.5810e-03 1.1892e-01 -2.5394e-01 -8.0309e-02 -3.0825e-01 -2.5770e-01 2.0580e+00 8.2874e-02 4.8825e-01 -1.2703e-01 1.3523e+00 -6.3146e-02 -3.8988e-02 -1.8676e-01 -1.0287e-01 -5.0272e-01 3.4650e-03 2.0263e+00 -1.2295e-01 -2.1121e-02 -1.0206e-01 1.1206e+01 -9.9388e-01 1.8625e-01
1.0191e+01 -3.2423e-01 1.2438e+00 1.3681e+01 -4.8387e-01 1.7896e-01 -5.4267e-01 7.2180e-01 -1.5131e+01 -1.6881e+00 -1.5480e+01 -2.2304e-01 1.8585e-01 6.2854e+00 -2.1405e-03 -1.1190e+00 5.3259e-01 -1.0218e-01 3.1570e+01 -9.0258e-01 1.1612e-01 -7.7886e-01 -9.5485e-01 7.4899e-01 1.8049e-01 7.2868e+00 8.4819e-02 -1.6374e-02 -1.5682e+00 -1.4487e-01 -3.0261e+00 -4.6150e-01 -3.7841e-01 3.8958e-01 1.9936e+00 -4.3246e-01 -1.4356e-01 -2.9369e-01 -5.1373e-02 3.8832e-02 -1.7226e-02 3.0509e+00 2.2060e+00 1.1199e+01 2.4170e-01 3.5219e-02 7.9027e-01 -6.1440e-02 -3.1716e-01 -9.9388e-01 3.6273e+01 -7.8447e+00
-3.9861e+00 -6.5728e-01 -2.6410e-01 -3.8067e+00 -4.5749e+00 -9.0615e-01 -3.3234e+00 2.4448e-01 1.9271e+01 -1.7800e+00 1.6226e+01 -1.5182e-01 -8.5031e-02 2.2067e+00 -7.5268e-02 2.8064e-01 -4.2807e-02 -1.5047e-03 -7.4304e+00 -8.5029e-01 -7.2783e-02 3.8854e-01 3.4120e-02 -1.4530e+00 2.0984e-01 4.0691e+00 1.4147e-01 1.0530e-02 -3.5642e+00 -6.7518e-01 -2.9831e+00 2.0367e-01 -2.0708e-01 -7.8807e-01 -9.7221e-01 -3.3600e-01 3.3670e-02 5.7992e-01 -2.3718e-01 7.2535e-02 -5.4850e-02 -2.7020e-01 -4.6329e-01 -1.7241e+00 1.3289e-01 4.1002e-03 -1.9396e-01 2.0474e-01 5.5111e-02 1.8625e-01 -7.8447e+00 2.3011e+01
