1.2138e+02 6.5991e-02 -3.7955e+01 -8.4164e+00 -1.9600e+00 -2.4694e+01 -2.0286e+01 -2.1994e+01 1.5701e+01 3.0483e+01 -3.6271e-01 -3.4985e-01 -2.4762e+00 -2.5001e+00 -1.6921e+00 -1.3781e+00 -6.2089e-01 1.8031e+00 -4.3612e+00 -1.3879e+01 1.7143e+00 -6.6093e-01 3.3091e+00 7.9362e-01 -5.6302e-01 -4.6139e+00 -1.1776e+00 -1.0418e+01 2.7625e+01 1.3867e+01 -2.1070e+00 -2.3661e-01 2.4858e+01 -3.5230e+00 3.7994e-01 -1.9140e+00 2.3097e+01 -9.0710e-01 5.7085e-01 2.0153e+00 2.7304e-01 1.6172e+00 -3.1603e+00 -4.2310e+00 -5.6184e-02 4.0040e+00 9.8054e-01 8.6841e-01 -8.0318e-01 -5.9470e-01 -6.4387e-02 -3.6864e-01
6.5991e-02 3.2019e+01 -2.1122e-01 -1.2130e+01 -2.2994e+00 -1.0487e+00 -1.5308e+00 -8.6843e-01 -6.7288e+00 -4.6930e+00 -4.1962e-01 3.5428e-02 -3.1873e-01 -1.6117e+00 1.1448e+00 -4.4070e-01 -2.5954e-01 7.4435e+00 1.9245e+00 -1.2685e+00 -8.5515e-02 1.2148e-01 2.4278e+00 -1.0178e+00 -2.3711e-01 -6.2324e-01 -4.3612e-01 -3.2275e-01 -3.1218e+00 3.1221e+00 3.9280e+00 -7.7472e-01 -3.8576e+00 -6.8363e-01 1.4445e-01 3.2673e+00 -2.7422e+00 -3.6031e-01 4.8350e+00 3.3160e+00 8.9938e-02 4.5245e+00 1.0876e+00 2.3495e-01 -1.2083e-01 -3.0103e-01 4.6817e-01 7.5940e-02 -2.5448e-02 -7.3559e-02 -4.6811e-01 2.3312e-03
-3.7955e+01 -2.1122e-01 8.8772e+01 -1.8122e+01 7.5023e-02 1.5429e+01 1.2711e+01 1.2780e+01 7.3658e-01 -2.6190e+01 3.8313e-01 -4.9435e-01 1.5335e+00 2.7742e+00 4.3189e+00 -1.4336e+00 -2.4637e-02 -6.9261e-01 -1.0458e-01 1.6369e+01 1.4344e+00 5.5355e-01 2.1338e-01 -1.0043e+00 3.2962e-01 -3.0657e+00 2.1284e-01 4.1604e+00 -4.5172e+00 -1.7173e+01 -4.6122e-01 2.9503e+00 4.7958e+00 8.7155e-01 -6.4503e-01 7.6183e+00 7.8701e+00 2.2816e+00 -8.8682e-01 -8.6756e-01 -8.7606e-02 -6.3467e-01 2.4008e-01 4.1598e+00 1.4465e-01 -5.8661e-01 -5.4550e-01 6.9510e-01 1.0963e+00 3.6677e-01 -1.2942e-02 -4.7981e-01
-8.4164e+00 -1.2130e+01 -1.8122e+01 1.4701e+02 2.8811e+00 -7.9893e+00 -1.4207e+01 -6.1902e+00 -4.3901e+01 -1.1220e+01 1.9884e+00 3.9248e-01 7.6938e+00 4.2255e+00 3.7702e+00 3.5269e+00 2.3187e+00 -1.0196e+00 2.4619e-02 2.0884e+00 4.2312e-01 6.4244e-01 -2.7861e+00 -6.4008e+00 -2.9545e+00 1.1909e+01 2.0712e+00 -2.6081e+00 -2.9147e+01 1.8771e+00 -1.7078e+00 1.2739e+00 -1.1096e+01 9.7769e+00 7.5245e-01 -3.3885e-01 -1.6686e+01 7.9360e-01 -2.1200e+00 -2.4829e+00 5.6517e-01 -2.7519e+00 -4.5299e+00 -2.5885e+00 -1.1827e+00 -2.8901e+00 3.1834e-01 -1.1607e-02 8.1246e-01 -8.8098e-01 -8.9449e-01 6.1306e-01
-1.9600e+00 -2.2994e+00 7.5023e-02 2.8811e+00 5.7704e+01 1.0660e+00 1.5061e+00 2.5458e+00 1.0037e+01 8.7842e-01 -6.4128e+00 -9.2629e+00 -7.8585e+00 1.3700e+00 -1.0840e+01 5.1070e-01 3.0907e-02 -4.0989e-01 -2.6030e-01 4.3989e-01 -7.4899e-01 1.0950e-01 -4.2093e-01 3.3567e-01 -2.3884e+00 1.1420e+00 -1.6012e-01 1.1541e+00 4.1381e+00 -8.9373e-01 -3.7372e-01 2.9446e+00 -1.6572e+00 1.4772e+00 -7.1009e-01 -2.5772e+00 -8.9372e-01 -4.0710e-01 1.9604e-01 -2.0996e+00 -2.3850e-01 1.1604e-02 1.0501e+00 1.0529e+00 6.5434e-02 2.6137e-01 1.9705e-01 -1.6354e-01 2.2039e-01 -1.2208e-01 7.3236e+00 -9.2179e+00
-2.4694e+01 -1.0487e+00 1.5429e+01 -7.9893e+00 1.0660e+00 4.1238e+01 2.5655e+01 2.8731e+01 4.6277e+00 -2.5905e+01 3.6645e-01 3.4610e-01 3.1350e+00 -5.3119e-01 1.4463e+00 -5.3031e-01 1.4102e+00 -2.8195e-01 1.2822e+00 -2.3329e-01 4.2619e-01 -2.1732e-01 -8.6419e-01 -3.3474e+00 -6.0837e-02 -2.1769e+00 -9.0505e-02 2.4202e+01 -2.0386e+01 9.3194e-01 -3.2136e-01 2.2587e-02 -1.3926e+01 -2.1793e+00 -1.3753e+00 -6.7564e+00 -9.9418e+00 -2.5464e-01 -1.7331e-01 -4.3019e-02 -8.4710e-02 -1.5688e-01 -1.8963e-01 2.0578e+00 8.5358e-01 3.1289e-01 -7.4272e-01 -8.9054e-02 9.3349e-01 -1.1714e-02 -3.6130e-03 3.3157e-01
-2.0286e+01 -1.5308e+00 1.2711e+01 -1.4207e+01 1.5061e+00 2.5655e+01 4.8156e+01 2.4353e+01 7.1476e+00 -1.3605e+01 -6.9650e-01 3.0847e-01 3.2769e+00 -1.3131e+00 2.3164e-01 -7.9747e-01 1.5836e-01 -1.8059e+00 -2.2623e+00 9.3437e-02 -1.0462e+00 -4.0569e-01 -1.3097e+00 1.0279e+01 2.1899e-01 -2.9247e+00 -6.9054e-02 1.7971e+01 -1.0955e+01 1.3948e+00 -6.9222e-01 -8.2197e-02 -1.8644e+01 -2.7374e+00 -1.4203e+00 -8.1657e+00 -1.3537e+01 7.8082e-02 -3.9946e-01 5.1177e-01 -1.1420e-02 -3.5943e-01 6.9801e-01 2.3897e+00 -5.1559e-02 -1.1166e-01 -7.6753e-01 -2.5442e-01 8.9874e-01 3.8091e-01 -5.4681e-02 2.9352e-01
-2.1994e+01 -8.6843e-01 1.2780e+01 -6.1902e+00 2.5458e+00 2.8731e+01 2.4353e+01 4.2288e+01 4.1180e+00 -2.7033e+01 -3.0400e-01 -1.3196e+00 4.9042e+00 -3.7725e-01 -4.4698e-01 -5.9760e-01 1.6342e-01 -2.2248e-01 1.2647e+00 2.2622e-01 -3.7826e-01 -2.0791e-01 -1.2361e+00 -3.4447e+00 -5.0575e-01 -2.0675e+00 -1.5475e-02 2.4002e+01 -2.0931e+01 1.3145e+00 -2.8394e-01 6.7936e-02 -1.4331e+01 -2.0625e+00 -1.1404e+00 -7.7019e+00 -1.1261e+01 2.3425e-01 -1.4973e-01 -3.9557e-02 -1.0586e-01 -1.8462e-01 2.2837e+00 2.4778e+00 -1.6968e-01 6.5573e-01 -7.2315e-01 -1.0105e-01 9.7068e-01 1.8628e-02 2.0563e-02 -1.3661e+00
1.5701e+01 -6.7288e+00 7.3658e-01 -4.3901e+01 1.0037e+01 4.6277e+00 7.1476e+00 4.1180e+00 1.0416e+02 1.5723e+01 -4.5502e+00 2.9123e-02 1.5078e+00 -6.9273e+00 -2.4836e-01 -2.6428e+00 -1.4955e+00 -5.9227e+00 3.9056e-01 7.2726e-01 -5.0225e-01 -4.9410e-02 -1.5424e+00 4.1149e+00 2.1151e+00 -5.6732e+00 -1.2558e+00 6.9622e+00 5.1906e+01 -9.3445e-02 -2.9778e+00 -2.5809e+00 1.4229e+01 -2.6890e+00 1.5381e-01 -1.0648e+01 9.5588e+00 -2.0087e+00 -2.0353e+00 1.4223e-01 -6.3629e-01 -2.7295e+00 8.6399e+00 2.0239e-01 2.5782e+00 -2.3802e-02 -9.9765e-01 -1.4785e-01 -9.0665e-01 2.7616e-01 -6.2838e-01 -2.2041e-01
3.0483e+01 -4.6930e+00 -2.6190e+01 -1.1220e+01 8.7842e-01 -2.5905e+01 -1.3605e+01 -2.7033e+01 1.5723e+01 1.0633e+02 -1.0423e+00 3.8879e-02 -2.0751e+01 -6.8489e+00 -1.3484e+00 -1.8542e+00 -4.0723e-01 -1.3729e+00 -3.8373e+00 -3.7202e+00 -2.2419e+00 -5.3198e-01 -1.5282e+00 1.1208e+01 -8.7929e-02 -5.0824e+00 -1.0388e+00 -2.7815e+01 4.1638e+01 6.6945e+00 -2.0420e+00 2.5877e+00 2.4747e+01 -9.6833e+00 1.7097e+00 9.3813e+00 2.7925e+01 -1.8540e+00 2.6312e-02 -2.7432e+00 2.1677e-01 -1.5141e+00 1.7390e+00 -3.3131e+00 1.2813e-01 2.5857e+00 -1.5067e-01 -2.1701e+00 -8.9533e-01 6.1248e-01 -4.8371e-02 2.9092e-02
-3.6271e-01 -4.1962e-01 3.8313e-01 1.9884e+00 -6.4128e+00 3.6645e-01 -6.9650e-01 -3.0400e-01 -4.5502e+00 -1.0423e+00 2.1120e+01 4.6154e-01 8.4381e-01 -8.3788e-01 5.7627e-01 -1.8445e-01 3.9782e-02 -5.3293e-01 -1.6115e-01 -9.8009e-02 7.4075e-01 4.2483e-01 -1.9280e-01 -4.1989e-01 -8.3271e-01 -1.1523e+00 -1.7516e-01 -6.0155e-01 -4.7705e+00 -1.9688e-01 -2.4626e-01 -9.8847e-01 -1.0363e+00 9.0549e-02 -3.3844e-02 -8.0555e-01 -1.0474e+00 -1.6829e-01 -2.0129e-01 -6.9540e-02 5.9006e-02 -3.8079e-01 -2.9119e-01 -2.0235e-01 -2.4579e-02 1.1907e-01 -4.9885e-01 -1.0189e-01 -4.9812e-03 -2.4164e-02 -5.2047e-02 3.9576e-01
-3.4985e-01 3.5428e-02 -4.9435e-01 3.9248e-01 -9.2629e+00 3.4610e-01 3.0847e-01 -1.3196e+00 2.9123e-02 3.8879e-02 4.6154e-01 2.0675e+01 1.5325e+01 -6.6857e-01 1.5398e+01 -8.0366e-01 9.3982e-02 -8.1705e-01 -6.9336e-02 -5.1860e-02 -2.0051e-01 -2.4457e-02 -5.9273e-01 -1.8623e-01 2.8933e-01 -1.0200e+00 -1.4714e-01 3.4006e-01 -3.6602e-02 1.2910e-01 -6.2187e-02 2.8296e-01 -7.4608e-01 4.0125e-01 -1.3147e-01 -3.3961e-01 -7.4629e-01 -8.8458e-02 -2.5434e-01 -8.3380e-02 1.5558e-02 9.6470e-03 -5.4799e-01 -7.9931e-02 7.5567e-03 -9.5815e-02 2.8141e-02 -4.0751e-02 -2.8822e-01 -6.3242e-02 2.9360e+00 1.8089e+01
-2.4762e+00 -3.1873e-01 1.5335e+00 7.6938e+00 -7.8585e+00 3.1350e+00 3.2769e+00 4.9042e+00 1.5078e+00 -2.0751e+01 8.4381e-01 1.5325e+01 6.8481e+01 1.4763e+00 2.2540e+01 -3.4278e-01 2.1865e-01 -4.7419e+00 4.9715e-01 5.2817e+00 2.3919e-01 9.4327e-02 2.1970e-02 -6.3973e-01 2.8236e-01 -3.3804e+00 4.1337e-01 1.2456e+01 -9.6676e+00 -9.3376e+00 1.0101e-01 -1.3230e+00 -1.0856e+01 -5.3524e+00 -4.0248e-01 -1.5153e+01 -1.3097e+01 -1.5615e+00 -1.4272e+00 1.1769e+00 1.7255e-01 -6.8811e-02 4.4011e-02 5.3733e-01 -2.1881e-02 -1.1919e+00 -7.3686e-02 8.8825e-02 -2.1176e+00 -5.5381e-01 6.5012e+00 1.4166e+01
-2.5001e+00 -1.6117e+00 2.7742e+00 4.2255e+00 1.3700e+00 -5.3119e-01 -1.3131e+00 -3.7725e-01 -6.9273e+00 -6.8489e+00 -8.3788e-01 -6.6857e-01 1.4763e+00 3.4491e+01 -3.4045e-01 8.2922e-03 4.8525e-01 8.2612e-01 -3.4784e-01 -1.5174e+00 1.4766e+00 -2.0598e-01 -6.2806e-01 -1.2001e+00 -1.6101e-02 1.2713e+00 -4.2336e-01 -4.3221e-01 -6.0525e+00 -4.9373e-01 -7.0813e-01 -8.7094e-01 -2.7051e+00 1.9343e+00 3.9495e-02 -1.9616e+00 -4.3318e+00 1.4022e+00 -5.9170e-01 -5.7720e-01 1.2734e-01 -5.1077e-01 -3.3574e-01 9.6525e-02 -4.7790e-02 -3.6435e-01 -1.8016e-01 -1.3612e-02 -1.3340e-01 -1.2721e-01 2.5836e-01 -7.0459e-01
-1.6921e+00 1.1448e+00 4.3189e+00 3.7702e+00 -1.0840e+01 1.4463e+00 2.3164e-01 -4.4698e-01 -2.4836e-01 -1.3484e+00 5.7627e-01 1.5398e+01 2.2540e+01 -3.4045e-01 3.9147e+01 -6.4970e-01 1.6774e-01 -1.4578e+00 -1.4112e+00 9.9287e-01 -1.4346e-01 -2.6779e-01 1.1352e+00 -2.4550e+00 -1.3124e+00 -3.6705e+00 9.7746e-02 7.1253e-01 -3.4213e-01 -2.2872e+00 8.5840e-02 -2.1526e+00 2.2351e+00 8.9819e-01 -7.7719e-02 9.5983e-01 -9.1290e-01 -5.2680e-01 -1.6141e-01 1.7467e-01 -6.9013e-03 -2.1551e+00 -4.9487e-01 3.8108e-01 1.1041e-01 -3.2179e-01 1.1747e-01 1.4748e-03 -1.9683e-01 5.5173e-02 7.1059e+00 1.4220e+01
-1.3781e+00 -4.4070e-01 -1.4336e+00 3.5269e+00 5.1070e-01 -5.3031e-01 -7.9747e-01 -5.9760e-01 -2.6428e+00 -1.8542e+00 -1.8445e-01 -8.0366e-01 -3.4278e-01 8.2922e-03 -6.4970e-01 1.3753e+01 -5.4586e-02 -2.6816e-01 1.3528e+00 2.1747e-01 -1.2193e-01 -3.9043e-02 -2.4392e-01 -4.5499e-01 -1.3508e-01 -3.4431e-01 1.2647e+00 -4.3599e-01 -2.2762e+00 8.6257e-01 5.0979e-01 -3.7287e-01 -7.5670e-01 -6.3590e-01 -1.4054e-01 3.1287e-02 -9.3397e-01 -6.7582e-02 -1.6143e-01 3.3931e-01 -4.5885e-02 -2.0501e-01 1.9792e-02 2.5954e-01 -6.1805e-02 -1.5300e-01 -3.7106e-02 1.4897e-02 -1.0796e-01 -4.9571e-02 -2.4561e-02 -8.4056e-01
-6.2089e-01 -2.5954e-01 -2.4637e-02 2.3187e+00 3.0907e-02 1.4102e+00 1.5836e-01 1.6342e-01 -1.4955e+00 -4.0723e-01 3.9782e-02 9.3982e-02 2.1865e-01 4.8525e-01 1.6774e-01 -5.4586e-02 8.7463e+00 3.4331e-01 1.9871e-02 1.6883e-01 -7.2368e-03 -1.7048e-02 -7.3874e-02 -8.0705e-02 -2.1554e-01 -2.2994e-01 -3.8039e-02 1.4752e-01 -8.4256e-01 -1.8364e-01 -6.6430e-02 -9.3365e-02 3.2656e-02 6.4009e-02 1.0532e-01 -1.6724e-01 1.1368e-02 -1.7410e-01 -8.2081e-02 4.8867e-03 -3.1870e-02 4.6300e-01 -3.2635e-01 -1.2866e-01 -2.1185e-01 -4.0523e-02 1.1324e-01 -2.8226e-02 -1.2971e-01 -1.2233e-02 -3.7728e-02 7.4135e-02
1.8031e+00 7.4435e+00 -6.9261e-01 -1.0196e+00 -4.0989e-01 -2.8195e-01 -1.8059e+00 -2.2248e-01 -5.9227e+00 -1.3729e+00 -5.3293e-01 -8.1705e-01 -4.7419e+00 8.2612e-01 -1.4578e+00 -2.6816e-01 3.4331e-01 3.2726e+01 9.3361e-01 -2.7672e+00 -6.8395e-02 -5.6772e-02 6.4992e+00 -8.3957e-01 -5.0792e-01 -1.1130e+00 -2.8659e-01 8.5345e-01 -1.1761e+00 4.6106e+00 -3.0721e-01 2.5047e-01 -2.9362e+00 6.6704e-01 -3.3112e-01 -1.9459e+00 -1.3304e+00 -6.5903e-01 6.8020e+00 -4.7514e-01 -8.6423e-03 4.7620e+00 1.1721e+00 -4.6666e-01 -4.8075e-01 1.8318e+00 3.7975e-01 -2.9955e-01 1.8350e+00 -1.4953e-02 -8.9172e-01 5.8681e-01
-4.3612e+00 1.9245e+00 -1.0458e-01 2.4619e-02 -2.6030e-01 1.2822e+00 -2.2623e+00 1.2647e+00 3.9056e-01 -3.8373e+00 -1.6115e-01 -6.9336e-02 4.9715e-01 -3.4784e-01 -1.4112e+00 1.3528e+00 1.9871e-02 9.3361e-01 1.5433e+01 1.4623e+00 -1.3258e-01 2.9562e-01 -4.7278e-03 1.1255e-01 -1.0989e-01 -5.4400e-01 8.4750e-04 7.2424e-01 -1.1869e+00 -8.8887e-01 -9.9416e-02 -3.3478e-01 -1.6139e+00 4.7756e-01 -1.5531e-01 -9.7586e-01 -1.8493e-01 -3.1575e-01 -1.3824e-01 -2.3359e-01 1.2079e-01 -4.6050e-02 2.1361e+00 1.1088e+00 -1.1915e-01 2.1832e-01 -9.2612e-02 -7.9977e-02 -1.3557e-01 1.2969e-01 -4.2797e-01 -7.5018e-02
-1.3879e+01 -1.2685e+00 1.6369e+01 2.0884e+00 4.3989e-01 -2.3329e-01 9.3437e-02 2.2622e-01 7.2726e-01 -3.7202e+00 -9.8009e-02 -5.1860e-02 5.2817e+00 -1.5174e+00 9.9287e-01 2.1747e-01 1.6883e-01 -2.7672e+00 1.4623e+00 4.3448e+01 -1.0291e+00 -2.3843e-01 -1.4944e+00 -2.8210e-01 3.6917e-01 -1.3744e+00 -2.4733e-01 1.4744e+00 -5.0893e+00 -1.2572e+01 6.7568e-03 6.8031e-01 4.9300e+00 7.9131e+00 4.7439e-01 -2.8242e+00 -2.7829e+00 -1.3539e+00 -3.9445e-01 -2.2306e+00 -1.0691e-01 -6.9940e-01 1.4568e+00 3.5180e-01 2.0687e-01 -1.3763e+00 -3.0870e-01 1.5440e+00 -3.0569e-02 -1.0934e-01 -2.0514e-01 -4.0594e-02
1.7143e+00 -8.5515e-02 1.4344e+00 4.2312e-01 -7.4899e-01 4.2619e-01 -1.0462e+00 -3.7826e-01 -5.0225e-01 -2.2419e+00 7.4075e-01 -2.0051e-01 2.3919e-01 1.4766e+00 -1.4346e-01 -1.2193e-01 -7.2368e-03 -6.8395e-02 -1.3258e-01 -1.0291e+00 9.2825e+00 -4.0734e-02 -1.1957e-01 -1.7271e-02 -1.1128e-01 -2.1489e-01 -7.8918e-02 -3.1400e-01 -1.1002e-01 -1.4058e+00 3.8052e-02 -1.9586e-01 3.6351e-01 -7.3497e-01 -5.4671e-02 1.5959e+00 -3.3669e-02 1.7359e+00 2.1310e-01 -2.7529e-01 -3.7431e-02 -1.0524e-01 -1.8169e-01 -5.3748e-02 -3.8949e-02 -2.1928e-01 -6.1723e-02 -5.9900e-02 8.4066e-02 -2.1984e-02 -2.5036e-01 -9.0261e-02
-6.6093e-01 1.2148e-01 5.5355e-01 6.4244e-01 1.0950e-01 -2.1732e-01 -4.0569e-01 -2.0791e-01 -4.9410e-02 -5.3198e-01 4.2483e-01 -2.4457e-02 9.4327e-02 -2.0598e-01 -2.6779e-01 -3.9043e-02 -1.7048e-02 -5.6772e-02 2.9562e-01 -2.3843e-01 -4.0734e-02 4.6172e+00 -4.0144e-02 1.3458e-02 -2.0733e-02 -1.4047e-01 1.1132e+00 -1.0547e+00 8.8916e-01 -4.6225e-01 -6.8253e-02 -1.3791e-02 1.0411e+00 -3.1530e-01 3.9043e-03 7.3887e-01 1.1267e+00 -5.3220e-02 5.7837e-03 -1.0370e-01 -2.6128e-02 -6.4562e-03 2.8430e-01 -5.5984e-02 -1.1366e-02 -1.1311e-01 -3.1621e-02 -7.0308e-03 -2.4611e-02 -1.6583e-02 -2.7306e-02 -2.7420e-02
3.3091e+00 2.4278e+00 2.1338e-01 -2.7861e+00 -4.2093e-01 -8.6419e-01 -1.3097e+00 -1.2361e+00 -1.5424e+00 -1.5282e+00 -1.9280e-01 -5.9273e-01 2.1970e-02 -6.2806e-01 1.1352e+00 -2.4392e-01 -7.3874e-02 6.4992e+00 -4.7278e-03 -1.4944e+00 -1.1957e-01 -4.0144e-02 1.6349e+01 -7.3224e-01 3.0872e-02 -2.3971e-01 -8.1297e-02 -4.1335e-01 -5.3078e-02 2.7600e+00 -2.5167e-01 -6.3792e-01 -1.8778e+00 -1.2089e+00 -2.3914e-01 -4.8788e-01 -1.6287e+00 -2.1185e-01 1.2496e+00 -2.6615e-01 -4.1007e-02 1.0475e+00 1.0880e-01 -2.2493e-01 4.6282e-02 3.5412e-01 5.6958e-01 -1.2513e-01 -1.1802e-01 -3.3037e-02 9.3380e-01 -6.2105e-01
7.9362e-01 -1.0178e+00 -1.0043e+00 -6.4008e+00 3.3567e-01 -3.3474e+00 1.0279e+01 -3.4447e+00 4.1149e+00 1.1208e+01 -4.1989e-01 -1.8623e-01 -6.3973e-01 -1.2001e+00 -2.4550e+00 -4.5499e-01 -8.0705e-02 -8.3957e-01 1.1255e-01 -2.8210e-01 -1.7271e-02 1.3458e-02 -7.3224e-01 2.6817e+01 -1.6973e-01 -1.9002e+00 -1.7824e-01 -3.9182e+00 7.6701e+00 -8.9825e-01 -9.0753e-02 -5.1764e-01 -5.3292e+00 -1.4094e+00 -2.5878e-01 -2.3897e+00 -4.9214e+00 3.2079e-01 -3.9845e-01 2.1791e-01 -4.5126e-02 -4.9413e-01 -4.8515e-01 -6.4967e-01 -1.0404e-01 -2.2312e-01 -2.0384e-01 2.1788e-02 -1.3479e-01 3.5788e-01 1.7855e-02 -1.9622e-01
-5.6302e-01 -2.3711e-01 3.2962e-01 -2.9545e+00 -2.3884e+00 -6.0837e-02 2.1899e-01 -5.0575e-01 2.1151e+00 -8.7929e-02 -8.3271e-01 2.8933e-01 2.8236e-01 -1.6101e-02 -1.3124e+00 -1.3508e-01 -2.1554e-01 -5.0792e-01 -1.0989e-01 3.6917e-01 -1.1128e-01 -2.0733e-02 3.0872e-02 -1.6973e-01 1.8292e+01 -9.4566e-01 4.8643e-02 -3.6059e-01 -3.5894e+00 -2.4546e-01 -1.2994e-01 -4.0549e-01 -4.7855e-01 -3.1659e-01 -1.0866e-01 -5.7603e-01 2.2731e+00 -1.4739e-01 -9.1703e-02 -3.2470e-02 -6.6634e-02 2.3594e+00 -4.9795e-01 -2.0116e-01 4.2838e+00 1.6280e-01 -2.4672e-01 -1.0007e-01 -2.7256e-01 -4.4801e-02 -2.4943e-02 2.6277e-01
-4.6139e+00 -6.2324e-01 -3.0657e+00 1.1909e+01 1.1420e+00 -2.1769e+00 -2.9247e+00 -2.0675e+00 -5.6732e+00 -5.0824e+00 -1.1523e+00 -1.0200e+00 -3.3804e+00 1.2713e+00 -3.6705e+00 -3.4431e-01 -2.2994e-01 -1.1130e+00 -5.4400e-01 -1.3744e+00 -2.1489e-01 -1.4047e-01 -2.3971e-01 -1.9002e+00 -9.4566e-01 4.1769e+01 -2.6501e-01 -2.5881e+00 -1.4523e+01 3.2115e+00 -7.1977e-01 2.5586e+00 -5.3587e+00 1.2607e+01 4.2742e-01 -2.5511e+00 -3.0574e+00 -6.7100e-01 -5.0151e-01 -4.7507e-01 1.4521e-01 -1.0006e-02 -1.1058e+00 1.8961e-01 7.0568e-01 -3.1180e-01 -5.0851e-01 -7.7628e-02 -2.7703e-01 3.0043e-01 1.3049e+00 -1.0790e+00
-1.1776e+00 -4.3612e-01 2.1284e-01 2.0712e+00 -1.6012e-01 -9.0505e-02 -6.9054e-02 -1.5475e-02 -1.2558e+00 -1.0388e+00 -1.7516e-01 -1.4714e-01 4.1337e-01 -4.2336e-01 9.7746e-02 1.2647e+00 -3.8039e-02 -2.8659e-01 8.4750e-04 -2.4733e-01 -7.8918e-02 1.1132e+00 -8.1297e-02 -1.7824e-01 4.8643e-02 -2.6501e-01 9.7892e+00 -1.8479e+00 9.1855e-02 -6.4927e-01 -5.3469e-02 -4.4292e-01 1.5704e+00 -5.2425e-01 -1.9961e-02 1.3393e+00 1.1708e+00 -2.2693e-01 -1.4584e-01 -1.5548e-01 -2.0500e-02 -1.5831e-01 -1.8142e-01 2.9990e-02 1.2363e-01 -1.8722e-01 -8.2862e-02 -5.9308e-02 -1.2187e-02 -3.0015e-02 1.3266e-01 -1.5847e-01
-1.0418e+01 -3.2275e-01 4.1604e+00 -2.6081e+00 1.1541e+00 2.4202e+01 1.7971e+01 2.4002e+01 6.9622e+00 -2.7815e+01 -6.0155e-01 3.4006e-01 1.2456e+01 -4.3221e-01 7.1253e-01 -4.3599e-01 1.4752e-01 8.5345e-01 7.2424e-01 1.4744e+00 -3.1400e-01 -1.0547e+00 -4.1335e-01 -3.9182e+00 -3.6059e-01 -2.5881e+00 -1.8479e+00 6.2055e+01 -3.5516e+01 5.4252e+00 3.0427e-01 4.3756e-01 -3.4436e+01 -2.0595e+00 -7.4065e-01 -2.3395e+01 -2.6493e+01 -2.2311e+00 -1.5368e-01 -1.1646e-02 -6.6076e-02 -3.0889e-01 -4.7556e-02 2.5582e+00 1.5401e+00 1.0030e+00 -3.5008e-01 -1.0701e-01 8.4197e-01 -7.5583e-01 -4.7635e-02 3.3224e-01
2.7625e+01 -3.1218e+00 -4.5172e+00 -2.9147e+01 4.1381e+00 -2.0386e+01 -1.0955e+01 -2.0931e+01 5.1906e+01 4.1638e+01 -4.7705e+00 -3.6602e-02 -9.6676e+00 -6.0525e+00 -3.4213e-01 -2.2762e+00 -8.4256e-01 -1.1761e+00 -1.1869e+00 -5.0893e+00 -1.1002e-01 8.8916e-01 -5.3078e-02 7.6701e+00 -3.5894e+00 -1.4523e+01 9.1855e-02 -3.5516e+01 1.5460e+02 -5.0831e+00 -2.6483e+00 1.5866e+00 4.6431e+01 -1.2838e+01 5.3759e-01 1.1986e+01 3.2292e+01 -1.4223e+00 -2.9791e+00 -4.2550e-01 -4.7061e-01 -3.4706e+00 9.5984e+00 -2.6463e+00 -5.7822e-01 -1.3560e+00 -7.6903e-01 -3.0433e-01 -1.7379e+00 7.1248e-01 7.4510e-02 -2.1097e-01
1.3867e+01 3.1221e+00 -1.7173e+01 1.8771e+00 -8.9373e-01 9.3194e-01 1.3948e+00 1.3145e+00 -9.3445e-02 6.6945e+00 -1.9688e-01 1.2910e-01 -9.3376e+00 -4.9373e-01 -2.2872e+00 8.6257e-01 -1.8364e-01 4.6106e+00 -8.8887e-01 -1.2572e+01 -1.4058e+00 -4.6225e-01 2.7600e+00 -8.9825e-01 -2.4546e-01 3.2115e+00 -6.4927e-01 5.4252e+00 -5.0831e+00 5.6147e+01 -2.7073e-01 -1.5669e+00 -7.9537e+00 1.1682e+00 -4.8110e-01 -4.6778e+00 -7.6753e+00 -1.4534e+00 7.3233e-01 4.7931e+00 -3.4175e-01 8.9735e-02 -2.5128e-01 5.7612e-01 -5.6061e-02 3.7497e-02 -1.1294e-02 -8.4562e-01 -1.5560e-01 -3.2909e-01 2.6020e-02 1.0277e-01
-2.1070e+00 3.9280e+00 -4.6122e-01 -1.7078e+00 -3.7372e-01 -3.2136e-01 -6.9222e-01 -2.8394e-01 -2.9778e+00 -2.0420e+00 -2.4626e-01 -6.2187e-02 1.0101e-01 -7.0813e-01 8.5840e-02 5.0979e-01 -6.6430e-02 -3.0721e-01 -9.9416e-02 6.7568e-03 3.8052e-02 -6.8253e-02 -2.5167e-01 -9.0753e-02 -1.2994e-01 -7.1977e-01 -5.3469e-02 3.0427e-01 -2.6483e+00 -2.7073e-01 1.2355e+01 -1.4972e-01 -1.6123e+00 -5.8522e-01 -8.5832e-02 4.9435e+00 -1.3871e+00 -2.1229e-01 -2.2148e-01 1.3320e-01 -8.7392e-03 -1.4978e-01 -4.3642e-03 -2.4317e-04 -8.0578e-02 -9.9221e-02 -1.3773e-01 -3.7147e-02 -5.5066e-02 -3.0892e-02 -2.9433e-01 3.6730e-02
-2.3661e-01 -7.7472e-01 2.9503e+00 1.2739e+00 2.9446e+00 2.2587e-02 -8.2197e-02 6.7936e-02 -2.5809e+00 2.5877e+00 -9.8847e-01 2.8296e-01 -1.3230e+00 -8.7094e-01 -2.1526e+00 -3.7287e-01 -9.3365e-02 2.5047e-01 -3.3478e-01 6.8031e-01 -1.9586e-01 -1.3791e-02 -6.3792e-01 -5.1764e-01 -4.0549e-01 2.5586e+00 -4.4292e-01 4.3756e-01 1.5866e+00 -1.5669e+00 -1.4972e-01 3.0877e+01 -1.6350e+00 -1.1095e+00 7.2408e-01 2.7663e+00 3.1206e+00 -6.2857e-01 -3.9935e-01 -7.2953e-01 3.9534e-02 1.2169e-01 -8.9648e-01 -3.3964e-01 -1.3544e-01 -1.6893e-01 -2.7543e-01 -4.9446e-01 -3.7154e-02 -3.5847e-02 3.6565e-03 2.4273e-01
2.4858e+01 -3.8576e+00 4.7958e+00 -1.1096e+01 -1.6572e+00 -1.3926e+01 -1.8644e+01 -1.4331e+01 1.4229e+01 2.4747e+01 -1.0363e+00 -7.4608e-01 -1.0856e+01 -2.7051e+00 2.2351e+00 -7.5670e-01 3.2656e-02 -2.9362e+00 -1.6139e+00 4.9300e+00 3.6351e-01 1.0411e+00 -1.8778e+00 -5.3292e+00 -4.7855e-01 -5.3587e+00 1.5704e+00 -3.4436e+01 4.6431e+01 -7.9537e+00 -1.6123e+00 -1.6350e+00 8.3171e+01 3.4555e+00 -4.1770e-01 2.0491e+01 4.2298e+01 6.6628e-01 -1.0352e+00 -1.3243e-01 -2.3545e-01 -8.0865e-01 -1.4183e+00 -2.1285e+00 -1.2900e-01 -9.3723e-01 2.1033e-01 2.4627e+00 -6.1690e-01 7.6337e-01 7.4188e-02 -7.6156e-01
-3.5230e+00 -6.8363e-01 8.7155e-01 9.7769e+00 1.4772e+00 -2.1793e+00 -2.7374e+00 -2.0625e+00 -2.6890e+00 -9.6833e+00 9.0549e-02 4.0125e-01 -5.3524e+00 1.9343e+00 8.9819e-01 -6.3590e-01 6.4009e-02 6.6704e-01 4.7756e-01 7.9131e+00 -7.3497e-01 -3.1530e-01 -1.2089e+00 -1.4094e+00 -3.1659e-01 1.2607e+01 -5.2425e-01 -2.0595e+00 -1.2838e+01 1.1682e+00 -5.8522e-01 -1.1095e+00 3.4555e+00 5.1705e+01 -3.4307e-01 -2.4402e+00 -5.5597e+00 3.2883e-01 5.7254e-01 -2.0098e+00 -3.4402e-01 7.6974e-02 -1.0418e+00 1.3126e+00 -1.6209e-01 1.9420e+00 -3.7201e-01 2.1721e+00 8.4030e-02 -2.4905e-01 -1.1340e-01 3.3921e-01
3.7994e-01 1.4445e-01 -6.4503e-01 7.5245e-01 -7.1009e-01 -1.3753e+00 -1.4203e+00 -1.1404e+00 1.5381e-01 1.7097e+00 -3.3844e-02 -1.3147e-01 -4.0248e-01 3.9495e-02 -7.7719e-02 -1.4054e-01 1.0532e-01 -3.3112e-01 -1.5531e-01 4.7439e-01 -5.4671e-02 3.9043e-03 -2.3914e-01 -2.5878e-01 -1.0866e-01 4.2742e-01 -1.9961e-02 -7.4065e-01 5.3759e-01 -4.8110e-01 -8.5832e-02 7.2408e-01 -4.1770e-01 -3.4307e-01 1.1539e+01 -3.4743e-01 2.6763e+00 7.9072e-01 -1.3280e-01 -1.5208e-01 -2.6823e-02 -9.7495e-02 -2.2197e-01 -3.3083e-01 -6.6642e-02 3.8222e-02 -5.7259e-02 9.4977e-03 -1.4214e-01 -1.6573e-02 -5.2720e-01 -1.2940e-01
-1.9140e+00 3.2673e+00 7.6183e+00 -3.3885e-01 -2.5772e+00 -6.7564e+00 -8.1657e+00 -7.7019e+00 -1.0648e+01 9.3813e+00 -8.0555e-01 -3.3961e-01 -1.5153e+01 -1.9616e+00 9.5983e-01 3.1287e-02 -1.6724e-01 -1.9459e+00 -9.7586e-01 -2.8242e+00 1.5959e+00 7.3887e-01 -4.8788e-01 -2.3897e+00 -5.7603e-01 -2.5511e+00 1.3393e+00 -2.3395e+01 1.1986e+01 -4.6778e+00 4.9435e+00 2.7663e+00 2.0491e+01 -2.4402e+00 -3.4743e-01 6.6405e+01 2.1268e+01 4.3007e+00 -9.2438e-01 -5.3976e-01 4.9919e-01 -1.2198e+00 -1.0599e+00 -1.4416e+00 -9.1656e-01 -1.0550e+00 -3.5095e-02 -1.6747e-01 -4.9648e-01 6.8626e-01 -2.2856e-01 -3.8262e-01
2.3097e+01 -2.7422e+00 7.8701e+00 -1.6686e+01 -8.9372e-01 -9.9418e+00 -1.3537e+01 -1.1261e+01 9.5588e+00 2.7925e+01 -1.0474e+00 -7.4629e-01 -1.3097e+01 -4.3318e+00 -9.1290e-01 -9.3397e-01 1.1368e-02 -1.3304e+00 -1.8493e-01 -2.7829e+00 -3.3669e-02 1.1267e+00 -1.6287e+00 -4.9214e+00 2.2731e+00 -3.0574e+00 1.1708e+00 -2.6493e+01 3.2292e+01 -7.6753e+00 -1.3871e+00 3.1206e+00 4.2298e+01 -5.5597e+00 2.6763e+00 2.1268e+01 8.3011e+01 4.4856e-01 -5.1877e-01 -1.1393e+00 -6.6167e-02 1.9544e+00 -3.6224e-01 -2.6158e+00 -2.1035e-01 5.6598e+00 -7.1059e-01 8.9973e-03 1.5077e-01 9.6443e-01 5.3200e-03 -7.0707e-01
-9.0710e-01 -3.6031e-01 2.2816e+00 7.9360e-01 -4.0710e-01 -2.5464e-01 7.8082e-02 2.3425e-01 -2.0087e+00 -1.8540e+00 -1.6829e-01 -8.8458e-02 -1.5615e+00 1.4022e+00 -5.2680e-01 -6.7582e-02 -1.7410e-01 -6.5903e-01 -3.1575e-01 -1.3539e+00 1.7359e+00 -5.3220e-02 -2.1185e-01 3.2079e-01 -1.4739e-01 -6.7100e-01 -2.2693e-01 -2.2311e+00 -1.4223e+00 -1.4534e+00 -2.1229e-01 -6.2857e-01 6.6628e-01 3.2883e-01 7.9072e-01 4.3007e+00 4.4856e-01 1.9282e+01 -4.0051e-01 -2.6558e-01 -9.1696e-02 2.1587e-01 -5.8841e-01 -1.6009e-01 -1.5196e-01 -2.8149e-01 2.7166e-01 -5.5803e-02 5.0957e-02 -6.6992e-02 -9.3584e-01 -8.9362e-02
5.7085e-01 4.8350e+00 -8.8682e-01 -2.1200e+00 1.9604e-01 -1.7331e-01 -3.9946e-01 -1.4973e-01 -2.0353e+00 2.6312e-02 -2.0129e-01 -2.5434e-01 -1.4272e+00 -5.9170e-01 -1.6141e-01 -1.6143e-01 -8.2081e-02 6.8020e+00 -1.3824e-01 -3.9445e-01 2.1310e-01 5.7837e-03 1.2496e+00 -3.9845e-01 -9.1703e-02 -5.0151e-01 -1.4584e-01 -1.5368e-01 -2.9791e+00 7.3233e-01 -2.2148e-01 -3.9935e-01 -1.0352e+00 5.7254e-01 -1.3280e-01 -9.2438e-01 -5.1877e-01 -4.0051e-01 1.2839e+01 -1.1131e-01 -2.3666e-02 4.6844e+00 -9.9812e-02 -1.2908e-01 -5.1687e-02 1.4163e+00 5.2793e-01 -8.5663e-02 -4.1790e-02 -2.3092e-02 -3.8661e-01 -2.7263e-01
2.0153e+00 3.3160e+00 -8.6756e-01 -2.4829e+00 -2.0996e+00 -4.3019e-02 5.1177e-01 -3.9557e-02 1.4223e-01 -2.7432e+00 -6.9540e-02 -8.3380e-02 1.1769e+00 -5.7720e-01 1.7467e-01 3.3931e-01 4.8867e-03 -4.7514e-01 -2.3359e-01 -2.2306e+00 -2.7529e-01 -1.0370e-01 -2.6615e-01 2.1791e-01 -3.2470e-02 -4.7507e-01 -1.5548e-01 -1.1646e-02 -4.2550e-01 4.7931e+00 1.3320e-01 -7.2953e-01 -1.3243e-01 -2.0098e+00 -1.5208e-01 -5.3976e-01 -1.1393e+00 -2.6558e-01 -1.1131e-01 1.5904e+01 -1.1521e-01 -1.4147e-01 -2.4568e-01 -3.1340e-01 1.8583e-04 -4.8061e-01 -1.2280e-01 -1.2154e-01 -8.4516e-02 -5.9286e-02 2.2564e-02 -6.7498e-02
2.7304e-01 8.9938e-02 -8.7606e-02 5.6517e-01 -2.3850e-01 -8.4710e-02 -1.1420e-02 -1.0586e-01 -6.3629e-01 2.1677e-01 5.9006e-02 1.5558e-02 1.7255e-01 1.2734e-01 -6.9013e-03 -4.5885e-02 -3.1870e-02 -8.6423e-03 1.2079e-01 -1.0691e-01 -3.7431e-02 -2.6128e-02 -4.1007e-02 -4.5126e-02 -6.6634e-02 1.4521e-01 -2.0500e-02 -6.6076e-02 -4.7061e-01 -3.4175e-01 -8.7392e-03 3.9534e-02 -2.3545e-01 -3.4402e-01 -2.6823e-02 4.9919e-01 -6.6167e-02 -9.1696e-02 -2.3666e-02 -1.1521e-01 5.4489e+00 -4.8115e-02 -1.2359e-01 -1.1808e-02 -5.9840e-02 1.1449e-01 -1.0087e-03 1.3342e-01 -2.0516e-02 -2.3989e-02 -6.1207e-02 1.2568e-02
1.6172e+00 4.5245e+00 -6.3467e-01 -2.7519e+00 1.1604e-02 -1.5688e-01 -3.5943e-01 -1.8462e-01 -2.7295e+00 -1.5141e+00 -3.8079e-01 9.6470e-03 -6.8811e-02 -5.1077e-01 -2.1551e+00 -2.0501e-01 4.6300e-01 4.7620e+00 -4.6050e-02 -6.9940e-01 -1.0524e-01 -6.4562e-03 1.0475e+00 -4.9413e-01 2.3594e+00 -1.0006e-02 -1.5831e-01 -3.0889e-01 -3.4706e+00 8.9735e-02 -1.4978e-01 1.2169e-01 -8.0865e-01 7.6974e-02 -9.7495e-02 -1.2198e+00 1.9544e+00 2.1587e-01 4.6844e+00 -1.4147e-01 -4.8115e-02 1.7990e+01 -6.9927e-01 1.3815e-01 -1.0927e-01 1.4484e-01 4.4611e-01 -9.9006e-02 -6.2299e-02 -6.3149e-02 -2.1686e-02 2.9622e-03
-3.1603e+00 1.0876e+00 2.4008e-01 -4.5299e+00 1.0501e+00 -1.8963e-01 6.9801e-01 2.2837e+00 8.6399e+00 1.7390e+00 -2.9119e-01 -5.4799e-01 4.4011e-02 -3.3574e-01 -4.9487e-01 1.9792e-02 -3.2635e-01 1.1721e+00 2.1361e+00 1.4568e+00 -1.8169e-01 2.8430e-01 1.0880e-01 -4.8515e-01 -4.9795e-01 -1.1058e+00 -1.8142e-01 -4.7556e-02 9.5984e+00 -2.5128e-01 -4.3642e-03 -8.9648e-01 -1.4183e+00 -1.0418e+00 -2.2197e-01 -1.0599e+00 -3.6224e-01 -5.8841e-01 -9.9812e-02 -2.4568e-01 -1.2359e-01 -6.9927e-01 2.5546e+01 -2.2752e-01 -6.2158e-01 -2.2777e-02 -9.2817e-02 -2.0186e-01 1.2814e-01 -4.7485e-02 -4.3213e-02 3.9033e-01
-4.2310e+00 2.3495e-01 4.1598e+00 -2.5885e+00 1.0529e+00 2.0578e+00 2.3897e+00 2.4778e+00 2.0239e-01 -3.3131e+00 -2.0235e-01 -7.9931e-02 5.3733e-01 9.6525e-02 3.8108e-01 2.5954e-01 -1.2866e-01 -4.6666e-01 1.1088e+00 3.5180e-01 -5.3748e-02 -5.5984e-02 -2.2493e-01 -6.4967e-01 -2.0116e-01 1.8961e-01 2.9990e-02 2.5582e+00 -2.6463e+00 5.7612e-01 -2.4317e-04 -3.3964e-01 -2.1285e+00 1.3126e+00 -3.3083e-01 -1.4416e+00 -2.6158e+00 -1.6009e-01 -1.2908e-01 -3.1340e-01 -1.1808e-02 1.3815e-01 -2.2752e-01 1.9316e+01 -8.4261e-02 -2.5766e-01 1.6423e-01 -9.7661e-02 -1.7839e-01 -4.4135e-02 6.5276e-02 -8.2247e-02
-5.6184e-02 -1.2083e-01 1.4465e-01 -1.1827e+00 6.5434e-02 8.5358e-01 -5.1559e-02 -1.6968e-01 2.5782e+00 1.2813e-01 -2.4579e-02 7.5567e-03 -2.1881e-02 -4.7790e-02 1.1041e-01 -6.1805e-02 -2.1185e-01 -4.8075e-01 -1.1915e-01 2.0687e-01 -3.8949e-02 -1.1366e-02 4.6282e-02 -1.0404e-01 4.2838e+00 7.0568e-01 1.2363e-01 1.5401e+00 -5.7822e-01 -5.6061e-02 -8.0578e-02 -1.3544e-01 -1.2900e-01 -1.6209e-01 -6.6642e-02 -9.1656e-01 -2.1035e-01 -1.5196e-01 -5.1687e-02 1.8583e-04 -5.9840e-02 -1.0927e-01 -6.2158e-01 -8.4261e-02 1.1629e+01 1.4224e-01 -5.7835e-02 1.4797e-03 -2.0100e-01 -1.7913e-02 -7.9495e-03 -2.9109e-02
4.0040e+00 -3.0103e-01 -5.8661e-01 -2.8901e+00 2.6137e-01 3.1289e-01 -1.1166e-01 6.5573e-01 -2.3802e-02 2.5857e+00 1.1907e-01 -9.5815e-02 -1.1919e+00 -3.6435e-01 -3.2179e-01 -1.5300e-01 -4.0523e-02 1.8318e+00 2.1832e-01 -1.3763e+00 -2.1928e-01 -1.1311e-01 3.5412e-01 -2.2312e-01 1.6280e-01 -3.1180e-01 -1.8722e-01 1.0030e+00 -1.3560e+00 3.7497e-02 -9.9221e-02 -1.6893e-01 -9.3723e-01 1.9420e+00 3.8222e-02 -1.0550e+00 5.6598e+00 -2.8149e-01 1.4163e+00 -4.8061e-01 1.1449e-01 1.4484e-01 -2.2777e-02 -2.5766e-01 1.4224e-01 1.3126e+01 -6.6375e-02 -3.8522e-02 -7.4125e-02 -7.3991e-02 -7.7163e-02 -1.0453e-01
9.8054e-01 4.6817e-01 -5.4550e-01 3.1834e-01 1.9705e-01 -7.4272e-01 -7.6753e-01 -7.2315e-01 -9.9765e-01 -1.5067e-01 -4.9885e-01 2.8141e-02 -7.3686e-02 -1.8016e-01 1.1747e-01 -3.7106e-02 1.1324e-01 3.7975e-01 -9.2612e-02 -3.0870e-01 -6.1723e-02 -3.1621e-02 5.6958e-01 -2.0384e-01 -2.4672e-01 -5.0851e-01 -8.2862e-02 -3.5008e-01 -7.6903e-01 -1.1294e-02 -1.3773e-01 -2.7543e-01 2.1033e-01 -3.7201e-01 -5.7259e-02 -3.5095e-02 -7.1059e-01 2.7166e-01 5.2793e-01 -1.2280e-01 -1.0087e-03 4.4611e-01 -9.2817e-02 1.6423e-01 -5.7835e-02 -6.6375e-02 9.7499e+00 -4.0189e-02 -6.6546e-02 -1.9354e-02 -7.5118e-02 4.6896e-02
8.6841e-01 7.5940e-02 6.9510e-01 -1.1607e-02 -1.6354e-01 -8.9054e-02 -2.5442e-01 -1.0105e-01 -1.4785e-01 -2.1701e+00 -1.0189e-01 -4.0751e-02 8.8825e-02 -1.3612e-02 1.4748e-03 1.4897e-02 -2.8226e-02 -2.9955e-01 -7.9977e-02 1.5440e+00 -5.9900e-02 -7.0308e-03 -1.2513e-01 2.1788e-02 -1.0007e-01 -7.7628e-02 -5.9308e-02 -1.0701e-01 -3.0433e-01 -8.4562e-01 -3.7147e-02 -4.9446e-01 2.4627e+00 2.1721e+00 9.4977e-03 -1.6747e-01 8.9973e-03 -5.5803e-02 -8.5663e-02 -1.2154e-01 1.3342e-01 -9.9006e-02 -2.0186e-01 -9.7661e-02 1.4797e-03 -3.8522e-02 -4.0189e-02 7.3030e+00 8.2627e-02 -9.6125e-03 -7.1455e-02 -5.0768e-02
-8.0318e-01 -2.5448e-02 1.0963e+00 8.1246e-01 2.2039e-01 9.3349e-01 8.9874e-01 9.7068e-01 -9.0665e-01 -8.9533e-01 -4.9812e-03 -2.8822e-01 -2.1176e+00 -1.3340e-01 -1.9683e-01 -1.0796e-01 -1.2971e-01 1.8350e+00 -1.3557e-01 -3.0569e-02 8.4066e-02 -2.4611e-02 -1.1802e-01 -1.3479e-01 -2.7256e-01 -2.7703e-01 -1.2187e-02 8.4197e-01 -1.7379e+00 -1.5560e-01 -5.5066e-02 -3.7154e-02 -6.1690e-01 8.4030e-02 -1.4214e-01 -4.9648e-01 1.5077e-01 5.0957e-02 -4.1790e-02 -8.4516e-02 -2.0516e-02 -6.2299e-02 1.2814e-01 -1.7839e-01 -2.0100e-01 -7.4125e-02 -6.6546e-02 8.2627e-02 1.0074e+01 -2.6917e-02 -1.3047e-01 2.5974e-02
-5.9470e-01 -7.3559e-02 3.6677e-01 -8.8098e-01 -1.2208e-01 -1.1714e-02 3.8091e-01 1.8628e-02 2.7616e-01 6.1248e-01 -2.4164e-02 -6.3242e-02 -5.5381e-01 -1.2721e-01 5.5173e-02 -4.9571e-02 -1.2233e-02 -1.4953e-02 1.2969e-01 -1.0934e-01 -2.1984e-02 -1.6583e-02 -3.3037e-02 3.5788e-01 -4.4801e-02 3.0043e-01 -3.0015e-02 -7.5583e-01 7.1248e-01 -3.2909e-01 -3.0892e-02 -3.5847e-02 7.6337e-01 -2.4905e-01 -1.6573e-02 6.8626e-01 9.6443e-01 -6.6992e-02 -2.3092e-02 -5.9286e-02 -2.3989e-02 -6.3149e-02 -4.7485e-02 -4.4135e-02 -1.7913e-02 -7.3991e-02 -1.9354e-02 -9.6125e-03 -2.6917e-02 4.4153e+00 -1.2812e-02 -7.2093e-02
-6.4387e-02 -4.6811e-01 -1.2942e-02 -8.9449e-01 7.3236e+00 -3.6130e-03 -5.4681e-02 2.0563e-02 -6.2838e-01 -4.8371e-02 -5.2047e-02 2.9360e+00 6.5012e+00 2.5836e-01 7.1059e+00 -2.4561e-02 -3.7728e-02 -8.9172e-01 -4.2797e-01 -2.0514e-01 -2.5036e-01 -2.7306e-02 9.3380e-01 1.7855e-02 -2.4943e-02 1.3049e+00 1.3266e-01 -4.7635e-02 7.4510e-02 2.6020e-02 -2.9433e-01 3.6565e-03 7.4188e-02 -1.1340e-01 -5.2720e-01 -2.2856e-01 5.3200e-03 -9.3584e-01 -3.8661e-01 2.2564e-02 -6.1207e-02 -2.1686e-02 -4.3213e-02 6.5276e-02 -7.9495e-03 -7.7163e-02 -7.5118e-02 -7.1455e-02 -1.3047e-01 -1.2812e-02 1.5234e+01 2.0490e+00
-3.6864e-01 2.3312e-03 -4.7981e-01 6.1306e-01 -9.2179e+00 3.3157e-01 2.9352e-01 -1.3661e+00 -2.2041e-01 2.9092e-02 3.9576e-01 1.8089e+01 1.4166e+01 -7.0459e-01 1.4220e+01 -8.4056e-01 7.4135e-02 5.8681e-01 -7.5018e-02 -4.0594e-02 -9.0261e-02 -2.7420e-02 -6.2105e-01 -1.9622e-01 2.6277e-01 -1.0790e+00 -1.5847e-01 3.3224e-01 -2.1097e-01 1.0277e-01 3.6730e-02 2.4273e-01 -7.6156e-01 3.3921e-01 -1.2940e-01 -3.8262e-01 -7.0707e-01 -8.9362e-02 -2.7263e-01 -6.7498e-02 1.2568e-02 2.9622e-03 3.9033e-01 -8.2247e-02 -2.9109e-02 -1.0453e-01 4.6896e-02 -5.0768e-02 2.5974e-02 -7.2093e-02 2.0490e+00 1.8935e+01
