4.0503e+01 2.5733e-01 1.0870e+01 1.5659e+01 6.5414e-02 5.7687e-01 8.8300e-02 -2.0657e-02 -2.0114e+01 4.6326e-02 -1.0058e-01 3.3438e-01 -9.2498e-01 -3.4096e-01 4.1304e-01 -3.1156e-01 1.6561e-01 -1.7832e+00 1.1714e-01 -1.2794e-01 2.2589e-01 -9.8518e-01 -1.7678e+00 -1.8510e-01 3.6154e-01 -3.4357e-01 -3.9586e+00 -1.7266e-01 -7.7777e-02 -5.3918e-02 -1.3554e+00 3.2166e+00 1.0925e-01 -1.2930e+01 1.8011e-01 2.2778e-01 2.0321e-01 -1.0175e+00 -2.3698e+00 2.5786e+00 -9.6083e-02 6.4835e-02 -4.9091e-01 5.0369e-01 2.3500e+00 -1.1840e-01 -3.7553e-01 3.1002e+00 2.8302e-02 8.3438e-02 1.7115e+01 -7.6885e+00
2.5733e-01 7.3155e+01 8.6118e-01 8.4527e-01 -2.0687e-01 5.2466e-01 1.7369e+00 -1.7724e+00 -4.4772e+00 -4.7918e-02 2.2715e-01 1.1377e+00 -7.7808e-02 2.2683e+00 -1.1902e-01 -1.6700e+00 -4.6928e+00 -9.2522e-02 2.8273e-01 2.8188e+00 2.9219e+00 -7.9502e+00 -8.1787e-01 -4.8374e-01 -1.3407e+00 -4.4724e-01 -6.8962e+00 1.2513e+00 6.2707e-01 5.9871e-01 -2.2241e+00 9.4123e+00 -2.3799e+00 -2.2065e+00 -3.8440e-01 -1.1395e+00 -9.9591e-02 1.0815e+01 2.6898e+00 -6.6841e-01 -8.0397e-01 2.6650e-02 1.4400e+00 -1.4458e-01 3.4695e+00 -8.4951e-01 -8.4373e-01 2.8676e-01 -2.5923e-01 -4.6199e-01 -5.6036e-02 1.8406e-01
1.0870e+01 8.6118e-01 3.0397e+01 1.8549e+01 -5.4487e-02 1.8035e+00 2.0099e-01 -2.2668e-01 -1.3081e+01 4.6267e-03 -6.0569e-02 -2.2600e-01 -8.7142e-02 -7.7504e-01 -2.7058e-02 3.9167e-01 3.9856e-01 -1.2622e+00 -1.9257e-01 -3.4523e-01 6.0105e-02 2.2101e-01 -1.8828e+00 -6.3861e-02 -4.7855e-01 8.1121e-02 -1.8612e+00 -1.3759e-01 1.3278e-01 -1.4235e-01 -5.6831e-01 6.0027e+00 -4.0829e-02 -9.6251e+00 2.1118e-01 6.5815e-02 8.7648e-02 -3.0067e-01 1.2390e-02 -3.5022e+00 -1.1941e-01 -4.3759e-02 -3.1594e-02 -8.8607e-02 5.0912e+00 -2.4713e-01 1.5903e-02 5.2449e+00 -9.8950e-04 1.2560e-01 -9.5427e-01 8.2494e+00
1.5659e+01 8.4527e-01 1.8549e+01 3.9935e+01 -1.7339e-01 9.9163e-01 3.3771e-01 -5.4443e-02 -1.7062e+01 2.0574e-02 -1.5617e-01 5.3458e-03 -2.8650e-01 -7.1457e-01 -2.4214e-01 -1.6764e-02 2.9360e-01 -1.1097e+00 -2.5486e-01 1.4051e-01 3.9332e-01 -7.0474e-01 -1.5120e+00 6.1032e-02 -7.8313e-01 7.5769e-02 -2.2113e+00 -1.1620e-01 1.2600e-01 3.7127e-02 -9.9795e-01 4.8514e+00 6.9449e-02 -1.2281e+01 2.8426e-01 8.4681e-02 -8.4171e-02 -5.3055e-01 -6.7704e-01 4.1300e+00 1.9157e-03 -4.4132e-02 1.0422e-02 -2.8481e-01 4.1764e+00 -3.7589e-01 1.5402e-01 4.8932e+00 -1.3710e-02 1.4210e-01 8.7895e-01 3.7752e+00
6.5414e-02 -2.0687e-01 -5.4487e-02 -1.7339e-01 8.8363e+00 -2.1863e-01 -4.2139e-01 7.1597e-01 1.3967e-01 -1.9913e-01 5.1477e-02 2.0514e-01 -7.3667e-02 -2.5811e-01 4.5068e-01 1.6645e-01 -1.5218e-01 -4.0065e-02 -2.2914e-01 -5.3408e-01 -3.4948e-01 -1.1770e+00 8.5918e-02 -2.4201e-02 3.6690e-01 -3.8633e-02 4.3349e-02 -1.0022e-02 -2.6937e-01 -5.2851e-02 5.7949e-02 -1.0976e-01 2.6691e-02 4.9925e-02 2.6097e-01 -1.1402e-01 -7.6040e-02 -1.5068e+00 -4.6222e-01 2.3695e-01 -4.1052e-02 1.1481e-01 -4.0673e-02 -7.9902e-02 -7.7600e-02 2.9448e-01 -3.5581e-01 -1.1459e-01 -3.4656e-02 4.7407e-02 -5.4615e-03 -1.8727e-01
5.7687e-01 5.2466e-01 1.8035e+00 9.9163e-01 -2.1863e-01 7.9930e+01 -1.2023e+00 -2.8080e+00 -1.0727e+01 2.1291e+00 -4.5607e+00 3.0832e-01 -1.8139e+00 -1.3639e+00 -1.0284e+00 3.9805e+00 1.0028e+00 -6.8727e-01 -1.0680e+00 -2.7446e-01 6.7302e-01 5.9742e+00 -3.8849e-01 -4.8039e-01 -1.1966e-01 -2.9450e-01 -2.7662e+00 1.4686e+00 2.2411e+00 1.6836e-01 1.9020e-01 1.3589e+01 -4.4058e-01 1.3513e+01 4.7829e-01 1.7226e+00 -1.0648e-01 2.7466e+00 -3.5862e+00 -6.0924e+00 -2.5146e+00 -1.1293e-02 9.3607e-01 -1.7912e+00 1.8060e+00 -1.3076e+00 -7.0373e+00 1.1275e+01 1.6203e-01 -4.8048e-01 -4.2576e-01 -1.9247e-02
8.8300e-02 1.7369e+00 2.0099e-01 3.3771e-01 -4.2139e-01 -1.2023e+00 3.4619e+01 -1.1943e+00 -1.1560e+00 -9.9798e-01 -3.8280e-02 -4.7314e+00 -1.1838e-01 1.1298e+01 4.5889e-01 9.5062e-02 -9.8571e-02 -1.6972e-01 -3.0458e-01 8.0023e+00 1.0893e+01 1.6201e+01 -2.1889e-01 8.2540e-01 6.6896e-01 2.7096e-01 2.3394e-01 4.1249e+00 6.9090e-03 1.2345e+00 -1.5967e-01 -3.9135e-01 1.6119e-01 -1.7250e+00 2.2337e+00 -2.5662e-01 9.0395e-02 1.1054e+01 -3.9132e+00 -4.4188e-01 1.0764e+00 -1.8335e-01 1.6710e-01 -2.9779e-01 -5.0149e-01 1.0972e-01 -1.6579e-01 -4.9254e-01 -2.4284e-02 -2.2629e-01 -8.5107e-02 -1.7094e-01
-2.0657e-02 -1.7724e+00 -2.2668e-01 -5.4443e-02 7.1597e-01 -2.8080e+00 -1.1943e+00 4.3933e+01 7.8947e+00 2.2556e+01 1.6530e+00 -2.4278e+00 -1.9355e-02 9.7434e-01 -1.1766e+00 -2.1878e+00 -2.9239e-02 3.1666e-01 -3.4246e-01 -4.4438e-01 5.6705e-01 1.3074e+00 -7.8856e-01 -6.5580e-01 -9.3877e-01 -2.9922e-01 -6.9757e+00 1.3894e-01 8.6091e-01 -7.1862e-02 -4.3962e-01 4.1267e+00 -7.0038e-02 1.2181e+01 6.2282e-02 5.6319e-01 -2.5770e-01 9.7609e-01 5.7600e-01 6.8288e-01 -2.5714e+00 4.1190e-02 2.5656e-01 5.3496e-01 -3.2866e-01 5.7490e-01 8.6497e+00 -8.0254e-01 2.0950e-01 -1.9156e-01 -3.5159e-01 -5.2451e-01
-2.0114e+01 -4.4772e+00 -1.3081e+01 -1.7062e+01 1.3967e-01 -1.0727e+01 -1.1560e+00 7.8947e+00 7.4365e+01 9.1663e+00 5.3478e-01 2.2291e-01 4.2048e-01 -1.5785e-01 -2.9165e+00 -4.0909e+00 -4.5922e-01 1.3604e+00 2.5658e-01 2.9900e-01 3.2654e-01 3.1172e+00 1.6319e+00 -1.0805e+00 2.8791e-01 -4.6985e-01 7.2415e+00 -2.6231e+00 -1.3751e+00 -3.2773e-01 1.4857e+00 -3.6436e+00 2.4371e-01 3.0213e+01 -1.9053e-01 1.0690e+00 3.2990e-02 6.9276e-01 1.0548e+00 -2.6045e+00 1.0129e+00 -3.2738e-01 -4.2687e-01 -2.6297e-01 -3.9149e+00 8.4021e-01 9.2591e+00 -8.7245e+00 -2.9884e-02 -1.2674e+00 -3.5314e+00 1.1095e+01
4.6326e-02 -4.7918e-02 4.6267e-03 2.0574e-02 -1.9913e-01 2.1291e+00 -9.9798e-01 2.2556e+01 9.1663e+00 3.9645e+01 2.1244e+00 -2.8686e-01 1.1628e-01 -8.4034e-01 -1.0217e+00 -1.9949e+00 -9.4193e-01 3.0767e-01 -7.5082e-03 -1.2231e+00 -1.2364e-02 -1.2759e-01 -4.4864e-01 -4.6329e-01 -5.2888e-01 2.1223e-01 -1.0066e+01 -1.5608e+00 -1.1299e-01 -1.5812e-01 -1.1996e+00 9.5546e+00 -2.0377e-01 7.2379e+00 -3.8500e-03 1.0333e+00 -1.8983e-01 -7.3899e-01 -6.8586e-01 -4.8781e-01 -4.1371e+00 8.1568e-02 1.3678e-01 8.6918e-01 5.5022e-02 1.7474e+00 1.0429e+01 -1.3889e+00 3.3806e-01 9.9195e-02 1.5123e-02 -9.8894e-02
-1.0058e-01 2.2715e-01 -6.0569e-02 -1.5617e-01 5.1477e-02 -4.5607e+00 -3.8280e-02 1.6530e+00 5.3478e-01 2.1244e+00 1.3974e+01 -1.4258e-01 2.1785e+00 -2.6973e-01 -5.4620e-02 -3.4143e-01 -8.3354e-02 -1.2878e-02 1.4781e+00 -3.9062e-02 -3.6738e-01 -1.2311e+00 -6.7888e-02 6.6848e-01 -1.1486e-01 -2.1615e-01 -1.3969e+00 -2.2684e-01 -2.2391e-01 -1.0600e-01 -1.5625e-01 -2.2573e+00 -1.7842e-01 -3.2443e+00 -1.6460e-01 -3.1046e-01 -5.6374e-02 -2.4216e-01 -2.7686e-01 9.9839e-02 3.1533e-01 -1.3435e-01 -3.0010e-02 -2.6733e-01 -3.4378e-02 -2.5451e-01 -1.1595e+00 -1.6958e-01 -1.6061e-01 -2.1577e-01 -8.4660e-02 -3.2532e-02
3.3438e-01 1.1377e+00 -2.2600e-01 5.3458e-03 2.0514e-01 3.0832e-01 -4.7314e+00 -2.4278e+00 2.2291e-01 -2.8686e-01 -1.4258e-01 2.4225e+01 -1.0817e-01 -4.2712e+00 1.0811e+00 -8.7193e-01 -8.0876e-01 2.3404e-01 -8.1109e-01 -2.2795e+00 -4.3900e+00 -6.0100e+00 -4.0480e-01 -8.1665e-02 -1.6040e-01 -1.6308e-01 7.6039e-01 -9.1838e-01 -1.0725e+00 -1.1608e-01 -3.9664e-01 -3.8420e-01 -5.0857e-02 -9.7542e-01 -9.4623e-01 -2.1018e-02 5.2012e-02 -7.2975e+00 6.4362e+00 -5.2131e-01 -2.7140e-01 2.4980e-01 -9.1570e-02 5.9631e-01 -2.8052e-01 1.6489e+00 -6.1887e-01 -2.2416e-01 6.5495e-02 -1.1844e-01 9.1625e-02 -2.0526e-01
-9.2498e-01 -7.7808e-02 -8.7142e-02 -2.8650e-01 -7.3667e-02 -1.8139e+00 -1.1838e-01 -1.9355e-02 4.2048e-01 1.1628e-01 2.1785e+00 -1.0817e-01 9.0812e+00 -2.9677e-01 -1.2372e-01 -1.8098e-01 -1.4595e-01 4.1299e-02 1.4621e+00 -1.3562e-01 -2.1657e-01 -8.7617e-01 -3.6649e-02 6.2035e-01 3.5224e-02 -3.9691e-02 7.3892e-01 -8.4282e-02 -2.0646e-01 -3.4810e-02 6.1292e-01 -1.5209e-01 1.0598e-01 3.5223e-01 -1.0109e-01 -5.1679e-02 -6.8399e-02 2.4758e-01 -1.2178e-01 -2.2116e-01 2.6386e-01 -3.9141e-02 -7.1460e-02 -5.8101e-02 -1.5931e-01 3.1496e-02 1.7867e-04 -3.2832e-01 -1.3499e-02 6.3587e-02 -2.8792e-01 -1.9935e-01
-3.4096e-01 2.2683e+00 -7.7504e-01 -7.1457e-01 -2.5811e-01 -1.3639e+00 1.1298e+01 9.7434e-01 -1.5785e-01 -8.4034e-01 -2.6973e-01 -4.2712e+00 -2.9677e-01 4.1334e+01 3.5405e-01 -1.0233e+00 -1.0877e+00 -6.6447e-02 -9.5954e-01 -3.1617e+00 2.3969e+01 1.5494e+01 2.8459e-02 -1.1637e-01 -1.0147e+00 3.9982e-01 -7.6562e-01 4.8433e+00 -8.1804e-02 -8.9372e-02 -4.7847e-01 -2.4378e+00 5.9361e-02 -5.4840e-01 -1.4240e+00 -5.5084e-01 8.3325e-02 1.5022e+01 -1.6626e+00 6.0020e-01 -3.7451e-01 -2.3380e-01 -7.9517e-02 -5.5423e-01 -1.0707e-01 -3.3520e-01 -1.4329e+00 -1.0724e+00 1.5137e-01 1.9891e-01 -8.0720e-02 -7.3821e-01
4.1304e-01 -1.1902e-01 -2.7058e-02 -2.4214e-01 4.5068e-01 -1.0284e+00 4.5889e-01 -1.1766e+00 -2.9165e+00 -1.0217e+00 -5.4620e-02 1.0811e+00 -1.2372e-01 3.5405e-01 1.9199e+01 -5.2846e-01 -1.1579e-01 -1.3239e-01 -2.1847e-01 2.3612e+00 -7.6704e-01 -1.7984e+00 -2.7092e-01 -2.1391e-02 8.4660e-01 -1.9777e-01 1.1408e-01 -3.9623e-01 1.5851e-02 -7.8514e-02 -4.9438e-03 -2.8463e+00 -8.8450e-02 -2.7102e+00 3.3067e-01 -3.5060e-01 -1.7571e-01 9.1945e-01 2.1706e+00 -4.8129e-01 1.9133e+00 1.3136e-01 -1.1997e-01 1.4008e-01 -6.6891e-01 -1.3431e-01 8.5847e-01 -1.1135e+00 -1.0763e-01 5.2993e-01 -1.3480e-01 1.9863e-03
-3.1156e-01 -1.6700e+00 3.9167e-01 -1.6764e-02 1.6645e-01 3.9805e+00 9.5062e-02 -2.1878e+00 -4.0909e+00 -1.9949e+00 -3.4143e-01 -8.7193e-01 -1.8098e-01 -1.0233e+00 -5.2846e-01 2.7553e+01 -6.1957e-01 9.7739e-02 -6.8830e-01 -1.3570e+00 -1.1666e+00 1.8493e+00 -3.7025e-01 -1.2032e-01 -3.2938e-01 -4.2660e-02 -5.1896e-01 -5.8879e-01 -8.1176e-01 -1.8613e-01 6.1583e+00 -3.4668e+00 -1.6909e-01 -2.9032e+00 -3.3210e-01 -5.6892e-01 -1.8039e-01 -1.1870e+00 -1.1322e+00 5.6758e+00 -2.0139e-01 -4.7467e-04 -1.5274e-01 -5.5100e-01 2.4396e-01 -1.2723e-01 -1.7157e+00 3.0875e-01 -2.4483e-01 1.0317e-01 -4.4883e-01 -1.7724e-01
1.6561e-01 -4.6928e+00 3.9856e-01 2.9360e-01 -1.5218e-01 1.0028e+00 -9.8571e-02 -2.9239e-02 -4.5922e-01 -9.4193e-01 -8.3354e-02 -8.0876e-01 -1.4595e-01 -1.0877e+00 -1.1579e-01 -6.1957e-01 1.8055e+01 1.5566e-01 -4.3147e-01 -8.0359e-01 -1.5094e+00 4.3689e+00 4.0649e-01 6.1708e-02 1.3251e+00 7.7216e-01 4.2734e-02 -4.7858e-01 -7.4980e-01 -1.1409e-01 2.1153e+00 -9.5509e-01 -2.6176e-01 -1.1065e+00 -5.1637e-01 -7.9398e-02 -8.5868e-02 -2.7305e+00 2.0559e+00 -9.8481e-01 -1.5064e-01 -9.5508e-02 -1.0693e-01 -2.6797e-01 -1.1097e-01 -3.4059e-01 -6.3265e-01 -1.6057e-02 -1.4079e-01 -1.0762e-01 -8.7471e-02 6.5233e-02
-1.7832e+00 -9.2522e-02 -1.2622e+00 -1.1097e+00 -4.0065e-02 -6.8727e-01 -1.6972e-01 3.1666e-01 1.3604e+00 3.0767e-01 -1.2878e-02 2.3404e-01 4.1299e-02 -6.6447e-02 -1.3239e-01 9.7739e-02 1.5566e-01 8.2668e+00 2.3548e-01 -7.5890e-02 1.8884e-01 -6.0467e-01 -1.0425e-01 -6.0004e-02 -8.3770e-02 2.3029e-02 5.5233e-02 -7.8914e-02 -1.0630e-01 -4.6335e-02 -1.0531e-01 -1.4281e+00 -6.4419e-02 -8.1858e-02 -5.7832e-02 -8.4407e-02 -4.7195e-02 -1.6814e-01 9.8020e-01 -1.2959e-01 -3.3566e-02 -3.7548e-02 -6.9707e-02 -1.3241e-01 -2.9153e-01 2.3892e-01 -2.9366e-01 -2.9728e-01 -3.5688e-02 -5.3510e-02 -3.5120e-01 -5.3920e-03
1.1714e-01 2.8273e-01 -1.9257e-01 -2.5486e-01 -2.2914e-01 -1.0680e+00 -3.0458e-01 -3.4246e-01 2.5658e-01 -7.5082e-03 1.4781e+00 -8.1109e-01 1.4621e+00 -9.5954e-01 -2.1847e-01 -6.8830e-01 -4.3147e-01 2.3548e-01 1.6797e+01 -9.9774e-01 -1.2079e+00 -3.8890e+00 -2.4351e-01 -3.6218e-02 -1.1803e-01 -8.8273e-02 5.4638e-01 -4.8085e-02 7.2815e+00 -1.0068e-01 -5.1525e-01 2.3115e-02 9.2327e-02 4.8973e-01 4.9477e+00 5.3904e-01 -1.5981e-01 -3.0442e+00 -1.0676e+00 5.9764e+00 -1.1714e-01 -1.3044e-01 -1.3627e-01 -1.9572e-01 -2.5525e-01 -3.3344e-01 -2.8146e-02 5.7986e-02 -1.1709e-01 -7.8056e-02 -1.2930e-01 -4.4372e-01
-1.2794e-01 2.8188e+00 -3.4523e-01 1.4051e-01 -5.3408e-01 -2.7446e-01 8.0023e+00 -4.4438e-01 2.9900e-01 -1.2231e+00 -3.9062e-02 -2.2795e+00 -1.3562e-01 -3.1617e+00 2.3612e+00 -1.3570e+00 -8.0359e-01 -7.5890e-02 -9.9774e-01 2.9355e+01 -5.2181e+00 9.2899e+00 -3.4569e-01 1.4080e-02 -3.0286e-01 -2.3884e-01 2.5023e+00 -1.6113e+00 -6.6128e-01 9.9142e-01 -7.4401e-01 -1.3833e+00 -4.2107e-02 4.9419e-02 2.2603e+00 -4.1219e-01 -1.2180e-01 1.1301e+01 -6.9929e-01 -1.7485e+00 1.0019e+00 1.1375e+00 2.6852e-01 -4.9537e-01 -2.6312e-01 -3.7675e-01 -4.6710e-01 -6.1301e-02 -1.3464e-01 2.7726e-01 -1.4176e-02 -9.5804e-02
2.2589e-01 2.9219e+00 6.0105e-02 3.9332e-01 -3.4948e-01 6.7302e-01 1.0893e+01 5.6705e-01 3.2654e-01 -1.2364e-02 -3.6738e-01 -4.3900e+00 -2.1657e-01 2.3969e+01 -7.6704e-01 -1.1666e+00 -1.5094e+00 1.8884e-01 -1.2079e+00 -5.2181e+00 3.8622e+01 1.2824e+01 -6.3857e-01 -9.3309e-02 -3.8147e-01 3.5131e-01 -2.3901e+00 4.4120e+00 -9.3849e-01 -7.7627e-02 -8.2044e-01 -1.9570e+00 -6.8020e-02 -2.7046e+00 -1.7266e+00 -5.4200e-01 3.3694e-01 1.5066e+01 -4.9948e-01 -1.0883e+00 -1.2335e-01 -2.4581e-01 -1.0528e-01 -5.4982e-01 6.3596e-01 1.9779e+00 -9.6288e-01 2.1821e-01 2.6583e-01 -1.0863e-01 8.1392e-02 -6.3952e-02
-9.8518e-01 -7.9502e+00 2.2101e-01 -7.0474e-01 -1.1770e+00 5.9742e+00 1.6201e+01 1.3074e+00 3.1172e+00 -1.2759e-01 -1.2311e+00 -6.0100e+00 -8.7617e-01 1.5494e+01 -1.7984e+00 1.8493e+00 4.3689e+00 -6.0467e-01 -3.8890e+00 9.2899e+00 1.2824e+01 1.0901e+02 1.8224e+00 -3.9591e-01 -2.5437e-01 -9.1481e-01 -5.2312e+00 2.2996e+00 -5.5632e+00 1.4706e+00 1.8517e+00 4.1589e+00 -8.6896e-01 3.0027e+00 -1.9349e+00 1.8063e+00 -5.7321e-01 3.1954e+01 -1.1934e+01 -5.0683e+00 -8.7375e-01 4.6026e-01 -1.1965e+00 -9.5870e-01 -6.2435e-01 3.2913e+00 -2.0244e-01 -5.1722e-01 -1.3205e-01 4.8416e-01 -7.7944e-01 1.1990e+00
-1.7678e+00 -8.1787e-01 -1.8828e+00 -1.5120e+00 8.5918e-02 -3.8849e-01 -2.1889e-01 -7.8856e-01 1.6319e+00 -4.4864e-01 -6.7888e-02 -4.0480e-01 -3.6649e-02 2.8459e-02 -2.7092e-01 -3.7025e-01 4.0649e-01 -1.0425e-01 -2.4351e-01 -3.4569e-01 -6.3857e-01 1.8224e+00 1.3398e+01 5.9440e-02 -2.2953e-01 1.3904e-01 -3.9262e-01 -2.0553e-01 -2.3572e-01 -7.7389e-02 3.1054e-01 -6.1682e-01 -8.9647e-02 2.4209e+00 -1.8019e-01 -1.7267e-01 -1.3819e-01 1.4880e+00 -6.8036e-01 -9.5325e-02 1.9822e+00 -9.6656e-02 -9.3844e-02 2.9716e-02 -4.9096e-01 -1.5744e-01 1.0014e+00 -7.1137e-01 -4.1239e-02 -9.0442e-02 -2.5366e-01 -5.8666e-01
-1.8510e-01 -4.8374e-01 -6.3861e-02 6.1032e-02 -2.4201e-02 -4.8039e-01 8.2540e-01 -6.5580e-01 -1.0805e+00 -4.6329e-01 6.6848e-01 -8.1665e-02 6.2035e-01 -1.1637e-01 -2.1391e-02 -1.2032e-01 6.1708e-02 -6.0004e-02 -3.6218e-02 1.4080e-02 -9.3309e-02 -3.9591e-01 5.9440e-02 6.7328e+00 4.2250e-01 -8.1172e-02 -3.3023e-01 4.8734e-02 -7.7693e-02 -5.5141e-02 -1.0156e-01 -3.5906e-01 1.2334e-01 -1.6977e-01 -4.3672e-02 -9.3086e-02 -7.6823e-03 -1.8423e-01 -1.3879e-01 -4.1808e-01 5.5143e-01 -1.9843e-02 8.7806e-02 5.9693e-02 -2.4309e-02 -6.4951e-02 -2.3962e-01 -8.3001e-02 -3.2447e-02 2.4008e-02 -2.2832e-01 -1.3805e-01
3.6154e-01 -1.3407e+00 -4.7855e-01 -7.8313e-01 3.6690e-01 -1.1966e-01 6.6896e-01 -9.3877e-01 2.8791e-01 -5.2888e-01 -1.1486e-01 -1.6040e-01 3.5224e-02 -1.0147e+00 8.4660e-01 -3.2938e-01 1.3251e+00 -8.3770e-02 -1.1803e-01 -3.0286e-01 -3.8147e-01 -2.5437e-01 -2.2953e-01 4.2250e-01 1.3688e+01 4.4082e-02 -7.3867e-01 -2.9408e-01 -2.6935e-01 6.7722e-02 -1.2570e-01 2.9700e+00 -8.9471e-02 -2.3448e+00 2.2677e-01 -1.5006e-01 -1.0361e-01 -1.8811e+00 -8.2737e-01 2.7435e-01 4.8926e-01 -8.7469e-02 -9.9840e-02 4.9115e-01 -4.1298e-01 -1.6742e-01 -2.5448e-02 -8.0004e-01 -5.0491e-02 -5.3648e-02 -1.5936e-01 -1.1670e+00
-3.4357e-01 -4.4724e-01 8.1121e-02 7.5769e-02 -3.8633e-02 -2.9450e-01 2.7096e-01 -2.9922e-01 -4.6985e-01 2.1223e-01 -2.1615e-01 -1.6308e-01 -3.9691e-02 3.9982e-01 -1.9777e-01 -4.2660e-02 7.7216e-01 2.3029e-02 -8.8273e-02 -2.3884e-01 3.5131e-01 -9.1481e-01 1.3904e-01 -8.1172e-02 4.4082e-02 1.3492e+01 4.5717e+00 1.8799e-01 -2.4686e-01 -6.7070e-03 5.3197e-01 -4.7629e+00 -1.1858e-01 8.1726e-01 -1.5969e-01 -1.1316e-01 -6.9128e-02 -1.2303e-01 -7.4006e-01 1.3316e+00 -3.3614e-01 -3.0338e-02 -2.0588e-01 -2.1296e-02 6.3448e-01 -1.2616e-01 4.4305e-01 -1.8109e-01 -5.8852e-02 -1.1853e-01 -4.3306e-01 4.1714e-01
-3.9586e+00 -6.8962e+00 -1.8612e+00 -2.2113e+00 4.3349e-02 -2.7662e+00 2.3394e-01 -6.9757e+00 7.2415e+00 -1.0066e+01 -1.3969e+00 7.6039e-01 7.3892e-01 -7.6562e-01 1.1408e-01 -5.1896e-01 4.2734e-02 5.5233e-02 5.4638e-01 2.5023e+00 -2.3901e+00 -5.2312e+00 -3.9262e-01 -3.3023e-01 -7.3867e-01 4.5717e+00 6.1173e+01 -1.9711e+00 -1.4462e+00 -1.7838e-01 5.4483e-01 -5.6303e+00 -1.1221e+00 6.6764e+00 6.1464e+00 3.2518e-01 -1.6600e-01 -1.2238e+00 -2.6330e+00 -1.7130e+00 4.3185e+00 -2.4173e-01 1.4229e+00 -9.0927e-01 -8.0151e-01 -9.4029e-01 -5.0373e+00 -1.3121e+00 2.5035e-02 4.6542e-01 1.0023e+00 -9.3062e-02
-1.7266e-01 1.2513e+00 -1.3759e-01 -1.1620e-01 -1.0022e-02 1.4686e+00 4.1249e+00 1.3894e-01 -2.6231e+00 -1.5608e+00 -2.2684e-01 -9.1838e-01 -8.4282e-02 4.8433e+00 -3.9623e-01 -5.8879e-01 -4.7858e-01 -7.8914e-02 -4.8085e-02 -1.6113e+00 4.4120e+00 2.2996e+00 -2.0553e-01 4.8734e-02 -2.9408e-01 1.8799e-01 -1.9711e+00 2.4189e+01 -6.4902e-01 7.6630e-02 -4.9403e-01 6.4530e-01 -1.3926e-01 4.1284e+00 -8.2109e-01 1.6137e-01 -1.7645e-01 1.7907e+00 -7.3079e-01 -1.2493e+00 -4.8310e-01 7.6672e-02 2.9301e-01 -1.5978e-01 -2.9332e-01 -4.0562e-01 -1.6434e+00 3.7767e+00 3.0878e-03 -1.2091e-01 -3.9486e-02 4.9308e-03
-7.7777e-02 6.2707e-01 1.3278e-01 1.2600e-01 -2.6937e-01 2.2411e+00 6.9090e-03 8.6091e-01 -1.3751e+00 -1.1299e-01 -2.2391e-01 -1.0725e+00 -2.0646e-01 -8.1804e-02 1.5851e-02 -8.1176e-01 -7.4980e-01 -1.0630e-01 7.2815e+00 -6.6128e-01 -9.3849e-01 -5.5632e+00 -2.3572e-01 -7.7693e-02 -2.6935e-01 -2.4686e-01 -1.4462e+00 -6.4902e-01 2.7261e+01 -1.4284e-01 -5.5195e-01 1.5791e+00 -4.0567e-02 1.6345e-01 5.5573e+00 -3.9407e-01 1.6339e-01 -3.3896e+00 -1.7579e+00 6.1891e+00 -3.4848e-01 -1.9149e-01 3.4210e-01 4.0593e-01 -6.9508e-01 -4.5197e-01 -6.9363e-01 2.1946e+00 -1.8776e-01 3.4806e-01 -9.4846e-02 1.2349e-01
-5.3918e-02 5.9871e-01 -1.4235e-01 3.7127e-02 -5.2851e-02 1.6836e-01 1.2345e+00 -7.1862e-02 -3.2773e-01 -1.5812e-01 -1.0600e-01 -1.1608e-01 -3.4810e-02 -8.9372e-02 -7.8514e-02 -1.8613e-01 -1.1409e-01 -4.6335e-02 -1.0068e-01 9.9142e-01 -7.7627e-02 1.4706e+00 -7.7389e-02 -5.5141e-02 6.7722e-02 -6.7070e-03 -1.7838e-01 7.6630e-02 -1.4284e-01 6.5457e+00 -1.8711e-01 2.7238e-01 -7.5298e-02 -1.6004e-01 -1.3268e-02 -1.1198e-01 -4.1380e-02 1.8712e+00 -3.0866e-01 3.1372e-02 -9.0618e-02 -3.5483e-02 7.8138e-02 9.2576e-02 8.0018e-01 1.1667e-01 -7.9523e-02 3.8186e-01 -3.7546e-02 -4.4714e-02 -6.9157e-02 -1.7102e-01
-1.3554e+00 -2.2241e+00 -5.6831e-01 -9.9795e-01 5.7949e-02 1.9020e-01 -1.5967e-01 -4.3962e-01 1.4857e+00 -1.1996e+00 -1.5625e-01 -3.9664e-01 6.1292e-01 -4.7847e-01 -4.9438e-03 6.1583e+00 2.1153e+00 -1.0531e-01 -5.1525e-01 -7.4401e-01 -8.2044e-01 1.8517e+00 3.1054e-01 -1.0156e-01 -1.2570e-01 5.3197e-01 5.4483e-01 -4.9403e-01 -5.5195e-01 -1.8711e-01 1.8874e+01 3.3237e-02 -2.0172e-01 -5.6509e-01 -3.0866e-01 -2.9943e-01 9.5859e-02 6.7617e-01 1.1186e-01 6.5084e+00 -2.2426e-02 -7.1946e-02 -1.3425e-01 -2.9803e-01 -3.0592e-01 -2.9910e-01 -2.5863e-01 -2.8998e-01 -1.3205e-01 1.8233e-01 -1.0376e+00 6.3909e-01
3.2166e+00 9.4123e+00 6.0027e+00 4.8514e+00 -1.0976e-01 1.3589e+01 -3.9135e-01 4.1267e+00 -3.6436e+00 9.5546e+00 -2.2573e+00 -3.8420e-01 -1.5209e-01 -2.4378e+00 -2.8463e+00 -3.4668e+00 -9.5509e-01 -1.4281e+00 2.3115e-02 -1.3833e+00 -1.9570e+00 4.1589e+00 -6.1682e-01 -3.5906e-01 2.9700e+00 -4.7629e+00 -5.6303e+00 6.4530e-01 1.5791e+00 2.7238e-01 3.3237e-02 9.0044e+01 8.9341e-01 1.7699e+00 9.0589e-01 -1.4267e+00 -6.1526e-01 1.6660e+00 -1.0017e+01 -1.0988e+01 -1.8229e+00 -5.5782e-01 1.3839e+00 -2.9663e-01 1.2988e+01 4.7626e-01 -1.2433e+01 1.2499e+01 -2.1051e-02 -1.0839e-01 7.1703e-01 1.7198e+00
1.0925e-01 -2.3799e+00 -4.0829e-02 6.9449e-02 2.6691e-02 -4.4058e-01 1.6119e-01 -7.0038e-02 2.4371e-01 -2.0377e-01 -1.7842e-01 -5.0857e-02 1.0598e-01 5.9361e-02 -8.8450e-02 -1.6909e-01 -2.6176e-01 -6.4419e-02 9.2327e-02 -4.2107e-02 -6.8020e-02 -8.6896e-01 -8.9647e-02 1.2334e-01 -8.9471e-02 -1.1858e-01 -1.1221e+00 -1.3926e-01 -4.0567e-02 -7.5298e-02 -2.0172e-01 8.9341e-01 1.2006e+01 -3.3737e-01 -3.2825e-02 1.0088e-01 -6.3936e-02 -7.9605e-01 -9.7807e-01 -1.7882e-01 2.7739e-02 -4.2945e-02 -1.5416e-01 -2.1375e-01 -4.9455e-01 1.4125e-01 -3.1431e-01 -3.3668e-02 -4.3081e-02 -6.4402e-02 -2.2956e-02 -1.9318e-02
-1.2930e+01 -2.2065e+00 -9.6251e+00 -1.2281e+01 4.9925e-02 1.3513e+01 -1.7250e+00 1.2181e+01 3.0213e+01 7.2379e+00 -3.2443e+00 -9.7542e-01 3.5223e-01 -5.4840e-01 -2.7102e+00 -2.9032e+00 -1.1065e+00 -8.1858e-02 4.8973e-01 4.9419e-02 -2.7046e+00 3.0027e+00 2.4209e+00 -1.6977e-01 -2.3448e+00 8.1726e-01 6.6764e+00 4.1284e+00 1.6345e-01 -1.6004e-01 -5.6509e-01 1.7699e+00 -3.3737e-01 1.0464e+02 3.5037e-01 1.2139e+00 -2.4458e-01 7.1936e-01 -1.7253e+01 1.5855e+00 2.0001e+00 -6.4127e-01 3.0736e-01 8.2876e-01 -2.9161e+00 -5.1541e+00 1.9765e+01 2.2991e+00 -3.3581e-01 1.4036e+00 9.8508e-01 3.2578e+00
1.8011e-01 -3.8440e-01 2.1118e-01 2.8426e-01 2.6097e-01 4.7829e-01 2.2337e+00 6.2282e-02 -1.9053e-01 -3.8500e-03 -1.6460e-01 -9.4623e-01 -1.0109e-01 -1.4240e+00 3.3067e-01 -3.3210e-01 -5.1637e-01 -5.7832e-02 4.9477e+00 2.2603e+00 -1.7266e+00 -1.9349e+00 -1.8019e-01 -4.3672e-02 2.2677e-01 -1.5969e-01 6.1464e+00 -8.2109e-01 5.5573e+00 -1.3268e-02 -3.0866e-01 9.0589e-01 -3.2825e-02 3.5037e-01 1.7601e+01 -1.5782e-01 -3.5993e-02 -2.1793e+00 -1.2238e+00 6.5848e+00 1.0374e-01 -1.3529e-01 -1.7118e-01 -2.7396e-01 -1.4149e-01 1.4306e-01 -2.4178e-01 1.2448e-01 -3.4659e-02 -9.0402e-02 3.8253e-02 1.2053e-02
2.2778e-01 -1.1395e+00 6.5815e-02 8.4681e-02 -1.1402e-01 1.7226e+00 -2.5662e-01 5.6319e-01 1.0690e+00 1.0333e+00 -3.1046e-01 -2.1018e-02 -5.1679e-02 -5.5084e-01 -3.5060e-01 -5.6892e-01 -7.9398e-02 -8.4407e-02 5.3904e-01 -4.1219e-01 -5.4200e-01 1.8063e+00 -1.7267e-01 -9.3086e-02 -1.5006e-01 -1.1316e-01 3.2518e-01 1.6137e-01 -3.9407e-01 -1.1198e-01 -2.9943e-01 -1.4267e+00 1.0088e-01 1.2139e+00 -1.5782e-01 1.6442e+01 -7.8931e-02 -1.3754e+00 -1.0427e+00 1.1857e-01 1.1103e+00 -1.1166e-01 -1.8800e-01 -1.9759e-01 6.5544e-01 -1.3265e-01 1.3370e+00 4.2919e-01 1.2827e-01 -1.7675e-01 1.7146e-02 -3.3005e-03
2.0321e-01 -9.9591e-02 8.7648e-02 -8.4171e-02 -7.6040e-02 -1.0648e-01 9.0395e-02 -2.5770e-01 3.2990e-02 -1.8983e-01 -5.6374e-02 5.2012e-02 -6.8399e-02 8.3325e-02 -1.7571e-01 -1.8039e-01 -8.5868e-02 -4.7195e-02 -1.5981e-01 -1.2180e-01 3.3694e-01 -5.7321e-01 -1.3819e-01 -7.6823e-03 -1.0361e-01 -6.9128e-02 -1.6600e-01 -1.7645e-01 1.6339e-01 -4.1380e-02 9.5859e-02 -6.1526e-01 -6.3936e-02 -2.4458e-01 -3.5993e-02 -7.8931e-02 9.4021e+00 -4.1044e-01 5.4575e-01 -4.7560e-01 -1.2501e-01 -3.6116e-02 -8.8184e-02 -8.7919e-02 -2.1910e-01 9.6780e-02 -3.9532e-01 -3.6835e-01 4.6385e-01 -6.9516e-02 2.4756e-02 -1.8898e-01
-1.0175e+00 1.0815e+01 -3.0067e-01 -5.3055e-01 -1.5068e+00 2.7466e+00 1.1054e+01 9.7609e-01 6.9276e-01 -7.3899e-01 -2.4216e-01 -7.2975e+00 2.4758e-01 1.5022e+01 9.1945e-01 -1.1870e+00 -2.7305e+00 -1.6814e-01 -3.0442e+00 1.1301e+01 1.5066e+01 3.1954e+01 1.4880e+00 -1.8423e-01 -1.8811e+00 -1.2303e-01 -1.2238e+00 1.7907e+00 -3.3896e+00 1.8712e+00 6.7617e-01 1.6660e+00 -7.9605e-01 7.1936e-01 -2.1793e+00 -1.3754e+00 -4.1044e-01 6.9887e+01 -6.3150e+00 -7.0336e+00 9.8129e-02 -8.2567e-01 -2.2112e-01 -3.2914e-01 5.5548e+00 -1.5697e+00 2.0636e+00 -6.3521e-02 -5.6815e-01 -4.8684e-02 -6.5957e-01 -3.5185e-01
-2.3698e+00 2.6898e+00 1.2390e-02 -6.7704e-01 -4.6222e-01 -3.5862e+00 -3.9132e+00 5.7600e-01 1.0548e+00 -6.8586e-01 -2.7686e-01 6.4362e+00 -1.2178e-01 -1.6626e+00 2.1706e+00 -1.1322e+00 2.0559e+00 9.8020e-01 -1.0676e+00 -6.9929e-01 -4.9948e-01 -1.1934e+01 -6.8036e-01 -1.3879e-01 -8.2737e-01 -7.4006e-01 -2.6330e+00 -7.3079e-01 -1.7579e+00 -3.0866e-01 1.1186e-01 -1.0017e+01 -9.7807e-01 -1.7253e+01 -1.2238e+00 -1.0427e+00 5.4575e-01 -6.3150e+00 6.3179e+01 -3.2606e+00 -4.6894e-01 1.3966e+00 -7.9721e-01 -8.7812e-01 3.6828e+00 1.9073e+00 -2.7240e+00 3.4532e+00 8.5445e-01 -2.0167e-01 -2.1234e+00 3.1308e+00
2.5786e+00 -6.6841e-01 -3.5022e+00 4.1300e+00 2.3695e-01 -6.0924e+00 -4.4188e-01 6.8288e-01 -2.6045e+00 -4.8781e-01 9.9839e-02 -5.2131e-01 -2.2116e-01 6.0020e-01 -4.8129e-01 5.6758e+00 -9.8481e-01 -1.2959e-01 5.9764e+00 -1.7485e+00 -1.0883e+00 -5.0683e+00 -9.5325e-02 -4.1808e-01 2.7435e-01 1.3316e+00 -1.7130e+00 -1.2493e+00 6.1891e+00 3.1372e-02 6.5084e+00 -1.0988e+01 -1.7882e-01 1.5855e+00 6.5848e+00 1.1857e-01 -4.7560e-01 -7.0336e+00 -3.2606e+00 5.7670e+01 -1.3588e+00 -1.4872e-01 -5.1278e-01 -6.9278e-01 -1.7573e+00 -4.9117e-01 5.3915e+00 -2.2540e+00 -2.5151e-01 -2.3841e-01 6.0484e-02 2.1815e+00
-9.6083e-02 -8.0397e-01 -1.1941e-01 1.9157e-03 -4.1052e-02 -2.5146e+00 1.0764e+00 -2.5714e+00 1.0129e+00 -4.1371e+00 3.1533e-01 -2.7140e-01 2.6386e-01 -3.7451e-01 1.9133e+00 -2.0139e-01 -1.5064e-01 -3.3566e-02 -1.1714e-01 1.0019e+00 -1.2335e-01 -8.7375e-01 1.9822e+00 5.5143e-01 4.8926e-01 -3.3614e-01 4.3185e+00 -4.8310e-01 -3.4848e-01 -9.0618e-02 -2.2426e-02 -1.8229e+00 2.7739e-02 2.0001e+00 1.0374e-01 1.1103e+00 -1.2501e-01 9.8129e-02 -4.6894e-01 -1.3588e+00 1.8090e+01 -2.0559e-01 -1.7065e-01 -3.2773e-02 -9.8180e-02 -2.7195e-01 4.9042e+00 -5.0187e-01 -1.9066e-01 -3.1267e-01 -9.2526e-02 -1.1393e-01
6.4835e-02 2.6650e-02 -4.3759e-02 -4.4132e-02 1.1481e-01 -1.1293e-02 -1.8335e-01 4.1190e-02 -3.2738e-01 8.1568e-02 -1.3435e-01 2.4980e-01 -3.9141e-02 -2.3380e-01 1.3136e-01 -4.7467e-04 -9.5508e-02 -3.7548e-02 -1.3044e-01 1.1375e+00 -2.4581e-01 4.6026e-01 -9.6656e-02 -1.9843e-02 -8.7469e-02 -3.0338e-02 -2.4173e-01 7.6672e-02 -1.9149e-01 -3.5483e-02 -7.1946e-02 -5.5782e-01 -4.2945e-02 -6.4127e-01 -1.3529e-01 -1.1166e-01 -3.6116e-02 -8.2567e-01 1.3966e+00 -1.4872e-01 -2.0559e-01 6.7757e+00 -4.6298e-02 -8.0430e-02 -8.0704e-02 -9.2715e-02 -6.0032e-01 1.6437e-01 1.3565e+00 -7.0744e-02 1.4889e-02 -6.8096e-02
-4.9091e-01 1.4400e+00 -3.1594e-02 1.0422e-02 -4.0673e-02 9.3607e-01 1.6710e-01 2.5656e-01 -4.2687e-01 1.3678e-01 -3.0010e-02 -9.1570e-02 -7.1460e-02 -7.9517e-02 -1.1997e-01 -1.5274e-01 -1.0693e-01 -6.9707e-02 -1.3627e-01 2.6852e-01 -1.0528e-01 -1.1965e+00 -9.3844e-02 8.7806e-02 -9.9840e-02 -2.0588e-01 1.4229e+00 2.9301e-01 3.4210e-01 7.8138e-02 -1.3425e-01 1.3839e+00 -1.5416e-01 3.0736e-01 -1.7118e-01 -1.8800e-01 -8.8184e-02 -2.2112e-01 -7.9721e-01 -5.1278e-01 -1.7065e-01 -4.6298e-02 1.2812e+01 -1.1283e-01 -2.4754e-01 -1.4904e-01 -2.1808e-01 3.2921e-01 -4.8957e-02 -8.3037e-02 5.2851e-01 -1.8026e-01
5.0369e-01 -1.4458e-01 -8.8607e-02 -2.8481e-01 -7.9902e-02 -1.7912e+00 -2.9779e-01 5.3496e-01 -2.6297e-01 8.6918e-01 -2.6733e-01 5.9631e-01 -5.8101e-02 -5.5423e-01 1.4008e-01 -5.5100e-01 -2.6797e-01 -1.3241e-01 -1.9572e-01 -4.9537e-01 -5.4982e-01 -9.5870e-01 2.9716e-02 5.9693e-02 4.9115e-01 -2.1296e-02 -9.0927e-01 -1.5978e-01 4.0593e-01 9.2576e-02 -2.9803e-01 -2.9663e-01 -2.1375e-01 8.2876e-01 -2.7396e-01 -1.9759e-01 -8.7919e-02 -3.2914e-01 -8.7812e-01 -6.9278e-01 -3.2773e-02 -8.0430e-02 -1.1283e-01 1.4067e+01 -2.9939e-01 -2.3403e-01 1.8510e+00 -1.7576e-01 4.9485e-02 1.4188e+00 3.6078e-01 -3.8607e-01
2.3500e+00 3.4695e+00 5.0912e+00 4.1764e+00 -7.7600e-02 1.8060e+00 -5.0149e-01 -3.2866e-01 -3.9149e+00 5.5022e-02 -3.4378e-02 -2.8052e-01 -1.5931e-01 -1.0707e-01 -6.6891e-01 2.4396e-01 -1.1097e-01 -2.9153e-01 -2.5525e-01 -2.6312e-01 6.3596e-01 -6.2435e-01 -4.9096e-01 -2.4309e-02 -4.1298e-01 6.3448e-01 -8.0151e-01 -2.9332e-01 -6.9508e-01 8.0018e-01 -3.0592e-01 1.2988e+01 -4.9455e-01 -2.9161e+00 -1.4149e-01 6.5544e-01 -2.1910e-01 5.5548e+00 3.6828e+00 -1.7573e+00 -9.8180e-02 -8.0704e-02 -2.4754e-01 -2.9939e-01 2.7400e+01 -1.9094e-01 1.0368e-01 1.4471e+01 -7.4267e-02 4.7203e-01 3.0949e-01 1.5546e+00
-1.1840e-01 -8.4951e-01 -2.4713e-01 -3.7589e-01 2.9448e-01 -1.3076e+00 1.0972e-01 5.7490e-01 8.4021e-01 1.7474e+00 -2.5451e-01 1.6489e+00 3.1496e-02 -3.3520e-01 -1.3431e-01 -1.2723e-01 -3.4059e-01 2.3892e-01 -3.3344e-01 -3.7675e-01 1.9779e+00 3.2913e+00 -1.5744e-01 -6.4951e-02 -1.6742e-01 -1.2616e-01 -9.4029e-01 -4.0562e-01 -4.5197e-01 1.1667e-01 -2.9910e-01 4.7626e-01 1.4125e-01 -5.1541e+00 1.4306e-01 -1.3265e-01 9.6780e-02 -1.5697e+00 1.9073e+00 -4.9117e-01 -2.7195e-01 -9.2715e-02 -1.4904e-01 -2.3403e-01 -1.9094e-01 1.5959e+01 -1.2906e+00 -1.9794e-01 -1.1710e-01 -1.5155e-01 1.3055e-01 -1.3243e-01
-3.7553e-01 -8.4373e-01 1.5903e-02 1.5402e-01 -3.5581e-01 -7.0373e+00 -1.6579e-01 8.6497e+00 9.2591e+00 1.0429e+01 -1.1595e+00 -6.1887e-01 1.7867e-04 -1.4329e+00 8.5847e-01 -1.7157e+00 -6.3265e-01 -2.9366e-01 -2.8146e-02 -4.6710e-01 -9.6288e-01 -2.0244e-01 1.0014e+00 -2.3962e-01 -2.5448e-02 4.4305e-01 -5.0373e+00 -1.6434e+00 -6.9363e-01 -7.9523e-02 -2.5863e-01 -1.2433e+01 -3.1431e-01 1.9765e+01 -2.4178e-01 1.3370e+00 -3.9532e-01 2.0636e+00 -2.7240e+00 5.3915e+00 4.9042e+00 -6.0032e-01 -2.1808e-01 1.8510e+00 1.0368e-01 -1.2906e+00 5.5038e+01 -2.1438e+00 -4.4802e-01 1.9956e+00 5.2116e-02 1.7144e-01
3.1002e+00 2.8676e-01 5.2449e+00 4.8932e+00 -1.1459e-01 1.1275e+01 -4.9254e-01 -8.0254e-01 -8.7245e+00 -1.3889e+00 -1.6958e-01 -2.2416e-01 -3.2832e-01 -1.0724e+00 -1.1135e+00 3.0875e-01 -1.6057e-02 -2.9728e-01 5.7986e-02 -6.1301e-02 2.1821e-01 -5.1722e-01 -7.1137e-01 -8.3001e-02 -8.0004e-01 -1.8109e-01 -1.3121e+00 3.7767e+00 2.1946e+00 3.8186e-01 -2.8998e-01 1.2499e+01 -3.3668e-02 2.2991e+00 1.2448e-01 4.2919e-01 -3.6835e-01 -6.3521e-02 3.4532e+00 -2.2540e+00 -5.0187e-01 1.6437e-01 3.2921e-01 -1.7576e-01 1.4471e+01 -1.9794e-01 -2.1438e+00 3.2856e+01 -1.0792e-01 3.9152e-01 5.7511e-01 1.0703e+00
2.8302e-02 -2.5923e-01 -9.8950e-04 -1.3710e-02 -3.4656e-02 1.6203e-01 -2.4284e-02 2.0950e-01 -2.9884e-02 3.3806e-01 -1.6061e-01 6.5495e-02 -1.3499e-02 1.5137e-01 -1.0763e-01 -2.4483e-01 -1.4079e-01 -3.5688e-02 -1.1709e-01 -1.3464e-01 2.6583e-01 -1.3205e-01 -4.1239e-02 -3.2447e-02 -5.0491e-02 -5.8852e-02 2.5035e-02 3.0878e-03 -1.8776e-01 -3.7546e-02 -1.3205e-01 -2.1051e-02 -4.3081e-02 -3.3581e-01 -3.4659e-02 1.2827e-01 4.6385e-01 -5.6815e-01 8.5445e-01 -2.5151e-01 -1.9066e-01 1.3565e+00 -4.8957e-02 4.9485e-02 -7.4267e-02 -1.1710e-01 -4.4802e-01 -1.0792e-01 8.0178e+00 -7.7745e-02 2.8942e-03 -5.1890e-03
8.3438e-02 -4.6199e-01 1.2560e-01 1.4210e-01 4.7407e-02 -4.8048e-01 -2.2629e-01 -1.9156e-01 -1.2674e+00 9.9195e-02 -2.1577e-01 -1.1844e-01 6.3587e-02 1.9891e-01 5.2993e-01 1.0317e-01 -1.0762e-01 -5.3510e-02 -7.8056e-02 2.7726e-01 -1.0863e-01 4.8416e-01 -9.0442e-02 2.4008e-02 -5.3648e-02 -1.1853e-01 4.6542e-01 -1.2091e-01 3.4806e-01 -4.4714e-02 1.8233e-01 -1.0839e-01 -6.4402e-02 1.4036e+00 -9.0402e-02 -1.7675e-01 -6.9516e-02 -4.8684e-02 -2.0167e-01 -2.3841e-01 -3.1267e-01 -7.0744e-02 -8.3037e-02 1.4188e+00 4.7203e-01 -1.5155e-01 1.9956e+00 3.9152e-01 -7.7745e-02 9.8876e+00 -2.7352e-02 -2.0800e-02
1.7115e+01 -5.6036e-02 -9.5427e-01 8.7895e-01 -5.4615e-03 -4.2576e-01 -8.5107e-02 -3.5159e-01 -3.5314e+00 1.5123e-02 -8.4660e-02 9.1625e-02 -2.8792e-01 -8.0720e-02 -1.3480e-01 -4.4883e-01 -8.7471e-02 -3.5120e-01 -1.2930e-01 -1.4176e-02 8.1392e-02 -7.7944e-01 -2.5366e-01 -2.2832e-01 -1.5936e-01 -4.3306e-01 1.0023e+00 -3.9486e-02 -9.4846e-02 -6.9157e-02 -1.0376e+00 7.1703e-01 -2.2956e-02 9.8508e-01 3.8253e-02 1.7146e-02 2.4756e-02 -6.5957e-01 -2.1234e+00 6.0484e-02 -9.2526e-02 1.4889e-02 5.2851e-01 3.6078e-01 3.0949e-01 1.3055e-01 5.2116e-02 5.7511e-01 2.8942e-03 -2.7352e-02 1.8830e+01 -4.4302e+00
-7.6885e+00 1.8406e-01 8.2494e+00 3.7752e+00 -1.8727e-01 -1.9247e-02 -1.7094e-01 -5.2451e-01 1.1095e+01 -9.8894e-02 -3.2532e-02 -2.0526e-01 -1.9935e-01 -7.3821e-01 1.9863e-03 -1.7724e-01 6.5233e-02 -5.3920e-03 -4.4372e-01 -9.5804e-02 -6.3952e-02 1.1990e+00 -5.8666e-01 -1.3805e-01 -1.1670e+00 4.1714e-01 -9.3062e-02 4.9308e-03 1.2349e-01 -1.7102e-01 6.3909e-01 1.7198e+00 -1.9318e-02 3.2578e+00 1.2053e-02 -3.3005e-03 -1.8898e-01 -3.5185e-01 3.1308e+00 2.1815e+00 -1.1393e-01 -6.8096e-02 -1.8026e-01 -3.8607e-01 1.5546e+00 -1.3243e-01 1.7144e-01 1.0703e+00 -5.1890e-03 -2.0800e-02 -4.4302e+00 2.1015e+01
