4.3309e+01 -1.5472e+00 4.5520e+00 1.2114e-01 1.0006e+00 -4.8505e+00 -3.7419e-01 -6.3140e+00 9.8026e-01 3.0948e-01 3.4422e-01 -6.7476e-02 1.1229e-01 2.2064e+00 3.0169e+00 -3.5105e-01 -3.6584e-01 1.3008e-01 -3.3459e-01 -1.1647e-01 -2.5123e+00 -2.7790e+00 -1.0482e-01 3.0781e+00 1.3647e-01 -4.4846e-01 2.6915e+00 5.6816e-01 -1.4200e+00 -2.6658e-01 4.8212e+00 -7.9535e-01 -2.5117e+00 2.2909e-01 3.4616e+00 -6.2820e-01 -1.2113e+00 5.2778e+00 4.7480e-01 -1.2004e+00 -1.3565e-03 -1.0754e+00 -2.1011e-01 -5.9037e-01 3.2929e-01 -6.3404e-02 -7.0090e-01 -2.3553e-01 1.0138e+00 3.6522e-01 -4.3255e-02 1.4900e+00
-1.5472e+00 2.1233e+01 -4.5456e-01 -9.7788e-01 6.8789e-01 -8.4325e+00 -6.5554e+00 2.5495e+00 1.3939e+00 -2.6964e+00 2.1020e+00 6.2895e+00 -5.0690e-02 -3.1860e-01 -2.5423e-01 4.0437e+00 -1.7776e+00 -6.2616e-01 -1.6307e-01 4.4026e+00 -7.6299e-02 -5.9154e+00 -2.6782e-01 -3.4987e+00 -6.4490e-02 -1.8115e+00 -3.7521e+00 1.6708e+00 -4.7376e-01 -1.9527e-02 1.1410e+00 -2.8760e-01 -1.3159e-01 7.7359e-02 -2.1607e+00 -1.0639e+00 6.6454e-02 -1.4633e+00 1.4096e+00 -1.7559e-01 -1.2245e-02 -5.3265e-02 -2.4323e-01 -1.7713e-01 -2.5323e-01 -1.2036e-01 7.8797e-01 -6.0690e-02 -1.4836e-01 1.1613e+00 -4.8932e-02 -8.0659e-02
4.5520e+00 -4.5456e-01 8.6599e+01 2.4989e+00 3.1483e+01 -1.4321e+00 3.9618e+00 -3.8834e+01 -3.0200e+01 1.8535e+00 -1.7869e-01 2.6046e+00 -2.3324e-01 -4.0659e+00 -4.1412e+00 -2.5570e+01 -5.6065e-01 2.0480e-01 1.5075e+00 -7.0549e-01 -1.7168e+00 -4.6394e+00 -6.3073e+00 -5.8462e+00 -6.7803e-01 -1.7533e+00 6.9730e+00 7.2195e+00 -1.2896e+00 2.5137e-01 -3.7844e-01 -1.2226e+00 -3.7477e+00 2.4214e+00 4.5048e+00 -2.4879e+00 -1.3867e+00 1.3380e+01 -1.3180e+00 5.2295e-01 -1.0768e-01 -2.0671e-01 -3.0713e+00 -4.4046e-01 3.6827e+00 -2.2649e-01 -2.0157e-01 2.3783e+00 2.5679e+00 -1.1895e+00 2.9986e-01 -3.9515e+00
1.2114e-01 -9.7788e-01 2.4989e+00 8.5868e+01 -2.0133e+01 -7.6076e+00 1.5987e+01 -1.8161e+01 -2.1078e+01 -1.5811e+00 9.8801e+00 -2.3119e-01 -4.8821e-01 3.0906e-01 -7.7608e-01 -5.2699e+00 -2.4048e+00 -1.6871e+00 -2.9142e-01 -7.3303e+00 -3.1673e-01 9.9431e-01 -1.4760e+00 -9.3483e+00 -2.3612e-01 1.9231e+00 1.5404e+00 -3.3647e+00 -1.2641e+00 5.2004e-01 -2.6728e+00 -6.7464e-01 -1.1440e+00 1.4287e+00 -4.6441e+00 1.3567e+01 1.3180e+00 2.2284e+01 -6.6890e-02 2.2559e+00 -5.4634e-02 6.1952e-02 -1.6185e+00 3.2984e-01 4.0664e-01 -1.9674e-01 -3.0338e-01 -1.5100e+00 -1.1077e+00 8.1468e-01 1.6993e-01 1.6516e-01
1.0006e+00 6.8789e-01 3.1483e+01 -2.0133e+01 7.2190e+01 -4.7850e-01 -1.2722e+01 -1.4091e+01 1.1684e+00 2.3490e+00 -7.1676e-02 5.7587e+00 -1.0528e-02 1.1296e-01 -1.4043e+00 -8.5553e+00 1.5114e+00 1.1162e+00 1.0083e+00 7.3824e+00 -5.0786e-01 -2.6938e+00 -4.8789e+00 7.3507e+00 -2.6321e-01 -1.4515e+00 1.4670e+01 1.4688e+01 -1.2647e+00 -3.3683e-01 8.2021e+00 6.6347e-01 -3.1087e+00 1.5760e+00 1.9636e+01 -2.6566e+00 -1.3455e+00 5.7858e+00 6.5733e-01 -1.4426e+00 -2.6111e-02 -8.5725e-02 -1.4457e+00 3.5645e-02 3.2371e+00 -4.1960e-01 -8.0635e-01 4.1431e+00 6.6376e-01 -2.9924e-01 -3.7331e-01 1.3235e-01
-4.8505e+00 -8.4325e+00 -1.4321e+00 -7.6076e+00 -4.7850e-01 6.5418e+01 6.8587e+00 7.1971e+00 5.5105e+00 3.4122e+00 -2.3750e-03 -3.1236e+00 -4.7801e-02 3.7671e-01 4.4469e+00 -5.6765e+00 5.1600e+00 -2.1309e+00 5.7717e-02 -1.7525e-01 -4.2516e-01 1.8432e+01 -1.0866e+00 5.1671e+00 1.6564e-01 1.0063e+00 4.4032e+00 -1.9089e+00 -4.3907e-01 -2.0910e-01 1.3741e+00 4.0773e-01 -1.3149e+00 3.2653e-01 -4.5876e-01 2.0742e+00 -9.3561e-01 3.2290e+00 -4.7590e-01 4.3070e-01 -5.9367e-04 -2.4675e-01 -4.7039e-02 -2.0649e-01 -1.1460e+00 -9.5384e-02 -3.7904e-01 -4.0737e-01 -8.6087e-01 1.8879e+00 -3.3007e-01 1.8750e-01
-3.7419e-01 -6.5554e+00 3.9618e+00 1.5987e+01 -1.2722e+01 6.8587e+00 5.0909e+01 -9.3406e+00 -1.1853e+01 6.2321e+00 -1.5744e+00 -1.9399e+01 2.6815e-02 -1.7917e+00 4.8495e-02 8.5452e-01 -6.5198e+00 -7.0155e-01 7.2575e-03 -2.0082e+01 -1.1299e-01 1.7140e+01 -2.1344e+00 -1.5616e+01 1.7865e-01 1.6757e+00 1.4810e+01 -3.1454e+00 -1.9279e-01 -3.4383e-01 -6.8287e-01 5.3833e-01 -5.3504e-01 -8.2137e-01 -6.2460e+00 1.0270e+01 1.8777e-01 -1.1623e+00 -1.0189e-01 2.1887e-01 6.4292e-01 -8.1271e-02 -5.5236e-02 2.7767e-01 4.1634e-01 2.3344e-01 -7.1211e-01 -3.2289e-01 -2.7661e-01 -1.0680e+00 -1.7213e+00 -1.8710e+00
-6.3140e+00 2.5495e+00 -3.8834e+01 -1.8161e+01 -1.4091e+01 7.1971e+00 -9.3406e+00 1.0735e+02 5.1529e+01 -3.7538e+00 4.8622e-01 8.8108e+00 8.9491e-02 -1.1148e+01 -2.3102e-01 3.8296e+01 2.8189e+00 6.1806e+00 6.6250e-01 1.8147e+01 -4.2041e-01 3.6983e+00 4.9195e+00 9.3163e+00 2.4324e-01 7.3631e-01 -8.9184e+00 -6.5777e+00 1.0055e-01 -9.6629e-01 -3.1043e+00 1.8792e+00 4.7380e+00 -2.6853e+00 -1.4879e+00 2.1547e+00 -1.3396e-01 -1.6900e+01 -1.6489e+00 -1.2723e+00 4.7523e-03 -1.8242e-01 1.2364e+00 -5.3111e-01 -4.9110e+00 7.2955e-02 3.2232e+00 -1.4379e+00 -1.1239e+00 -2.6130e-01 -1.4100e+00 -7.9456e+00
9.8026e-01 1.3939e+00 -3.0200e+01 -2.1078e+01 1.1684e+00 5.5105e+00 -1.1853e+01 5.1529e+01 7.7802e+01 -4.9032e+00 5.3365e-01 7.3438e+00 1.5914e-01 1.6080e-01 -1.0059e+00 3.0795e+01 2.5608e+00 2.6514e+00 3.2849e-02 1.4409e+01 3.2754e-01 2.6674e+00 3.6891e+00 5.5737e+00 2.3413e-01 1.0938e+00 -4.0614e+00 -5.6885e+00 2.2308e-01 -3.1469e-01 8.1904e-01 -4.3422e-01 2.9239e+00 -2.2343e+00 -1.3924e+00 2.5189e+00 -1.5803e-01 -9.4009e+00 2.0187e-01 -1.7515e+00 8.8654e-02 -1.4066e-01 2.1930e+00 -1.2289e-01 1.9452e+00 2.1640e-01 9.9197e-02 1.6641e+00 -2.6190e-01 -9.7245e-01 7.3513e-02 1.5743e-01
3.0948e-01 -2.6964e+00 1.8535e+00 -1.5811e+00 2.3490e+00 3.4122e+00 6.2321e+00 -3.7538e+00 -4.9032e+00 5.8501e+01 -4.0390e+00 -6.3867e+00 -3.0735e-02 -1.2919e-01 -4.7409e-01 -3.7572e+00 -3.1886e+00 -1.1865e+00 -1.8808e-01 -1.2141e+01 -7.5147e-02 5.9944e+00 -1.0508e+00 -1.1558e+01 1.1583e+00 7.5065e+00 1.3539e+01 6.1590e+00 -1.4137e+00 -6.8825e-02 8.9427e-01 -6.8594e-01 -7.7842e-01 1.4348e+00 -3.1685e+00 -7.7481e+00 1.0774e+00 -1.9619e+01 -1.7416e-01 -1.3384e+00 -7.9020e-02 1.9612e-02 -5.8287e-01 -1.8438e-01 -8.6162e-01 -2.1666e+00 -3.1749e-01 -1.9681e-01 1.9409e+00 -8.2012e-01 -6.1575e-01 -1.8809e-01
3.4422e-01 2.1020e+00 -1.7869e-01 9.8801e+00 -7.1676e-02 -2.3750e-03 -1.5744e+00 4.8622e-01 5.3365e-01 -4.0390e+00 3.1332e+01 -9.0066e+00 -2.1453e-01 3.1743e-02 -1.7798e-01 1.1685e+00 -3.9159e-01 -8.4846e-01 -6.1127e-01 -8.2264e-01 -5.4988e-02 -2.4884e-01 -2.0173e-01 1.0372e+00 -1.0033e-01 -7.7856e+00 -3.8628e+00 -3.7023e-01 -2.4848e+00 -2.6932e-02 -7.2814e-01 8.2243e-03 2.3084e-02 5.6172e-01 -6.8528e-01 1.0296e+01 2.6259e+00 1.1088e+01 3.0545e-01 -3.2951e-01 -1.9615e-02 2.2915e-01 -2.4645e-01 4.0961e-02 -5.4921e-01 -1.0226e-01 -4.5438e-03 -4.9949e-01 -9.0277e-02 -6.4366e-01 4.8103e-02 3.0838e-02
-6.7476e-02 6.2895e+00 2.6046e+00 -2.3119e-01 5.7587e+00 -3.1236e+00 -1.9399e+01 8.8108e+00 7.3438e+00 -6.3867e+00 -9.0066e+00 7.6911e+01 6.8672e-02 -3.5929e-01 -2.0682e-01 5.5922e+00 8.9864e+00 -1.3850e+00 1.0745e+00 2.1189e+01 -1.3396e-01 -1.6828e+01 -7.2654e-01 1.4854e+01 3.8206e-01 1.4297e+01 -1.2879e+01 3.2147e-01 3.3866e+00 -8.2644e-02 2.6349e-02 -7.7881e-01 -2.2674e-01 2.4153e-01 2.4535e+00 -2.0344e+01 -2.6511e+00 -3.0080e+00 -6.3933e-01 -6.6180e-01 -2.7926e-02 -2.7053e-01 6.2056e-02 -5.1130e-01 -5.7965e-02 -1.7366e-01 4.7808e-01 -1.4460e-01 -2.6471e-02 1.5003e+00 6.2230e-02 -2.5661e-01
1.1229e-01 -5.0690e-02 -2.3324e-01 -4.8821e-01 -1.0528e-02 -4.7801e-02 2.6815e-02 8.9491e-02 1.5914e-01 -3.0735e-02 -2.1453e-01 6.8672e-02 5.1101e+00 4.1550e-02 -1.6998e-02 -8.3710e-01 3.5688e-02 -1.4450e-01 -2.8513e-02 3.1099e-02 -1.4698e-03 9.5414e-02 5.0439e-02 1.2222e-01 -1.5861e-02 -8.5219e-02 -4.9961e-02 -1.6455e-01 -1.8668e-01 -1.2102e-02 -1.2212e-01 -4.2369e-02 -4.3954e-02 2.1535e-02 7.7161e-02 8.8142e-02 -7.4877e-02 3.3421e-01 -5.2423e-02 -5.3170e-02 -9.0618e-03 -1.3556e-02 1.5598e-01 1.0033e-02 1.2138e-02 -3.3289e-02 -7.5730e-03 -4.1996e-02 -6.2200e-02 -4.3163e-02 -4.6053e-02 4.3114e-02
2.2064e+00 -3.1860e-01 -4.0659e+00 3.0906e-01 1.1296e-01 3.7671e-01 -1.7917e+00 -1.1148e+01 1.6080e-01 -1.2919e-01 3.1743e-02 -3.5929e-01 4.1550e-02 2.4462e+01 -7.3205e-02 -1.0261e+00 -1.0740e-01 -5.5539e-01 -1.1971e+00 1.4895e-01 1.5072e-01 4.5897e-01 -7.2640e-02 -6.8534e-01 -2.0199e-01 -8.4733e-03 1.4592e-01 -1.8871e-01 4.2738e-01 -1.2403e+00 4.8833e-01 3.7898e-01 -4.2062e-01 4.0007e+00 4.8036e-02 -8.2328e-02 -1.7607e-01 -3.6125e+00 1.4602e-01 1.2390e-01 1.2355e-03 -8.6801e-02 -9.7338e-01 6.5082e-01 -3.6853e-01 -1.0369e-01 -3.7406e+00 1.2420e-02 9.9054e-02 1.0139e-01 1.9060e+00 1.9208e+01
3.0169e+00 -2.5423e-01 -4.1412e+00 -7.7608e-01 -1.4043e+00 4.4469e+00 4.8495e-02 -2.3102e-01 -1.0059e+00 -4.7409e-01 -1.7798e-01 -2.0682e-01 -1.6998e-02 -7.3205e-02 2.1971e+01 -1.2363e+00 -1.1824e+00 -2.3104e-01 -5.5605e-02 -3.9162e-01 -9.6859e-02 2.4354e+00 1.0235e-01 -1.6811e+00 2.2433e+00 -5.9414e-01 -6.9545e-01 2.2846e-01 5.2700e-01 1.0150e-01 8.8355e+00 -3.2135e-01 -1.8984e-01 -2.3158e-01 2.3873e+00 -4.6977e-01 -1.0743e-01 3.7583e-01 -3.2426e-01 7.2084e-01 -4.8165e-02 -2.6464e-01 2.7127e-01 -3.3522e-01 -7.6457e-02 -7.3952e-02 -1.2481e-01 -1.4283e-01 -1.1189e+00 2.9887e+00 -3.3248e-01 -1.1935e-01
-3.5105e-01 4.0437e+00 -2.5570e+01 -5.2699e+00 -8.5553e+00 -5.6765e+00 8.5452e-01 3.8296e+01 3.0795e+01 -3.7572e+00 1.1685e+00 5.5922e+00 -8.3710e-01 -1.0261e+00 -1.2363e+00 1.0714e+02 2.2278e+00 5.8296e+00 -3.8971e-01 6.5013e+00 -2.8261e-01 9.5970e+00 5.9434e+00 -1.3154e+00 1.0451e+00 5.9673e+00 -3.9554e+00 -6.7590e+00 -6.4711e+00 -3.9022e-01 -4.8062e+00 1.6460e-01 3.9533e+00 -6.3162e+00 -2.1787e+00 6.2748e+00 -4.9272e-01 -1.8855e+01 -1.2308e+00 -7.4615e-01 7.1084e-02 -8.8839e-02 2.0776e+00 1.1709e-01 -2.1712e+00 4.1017e-01 3.6388e-02 -3.4744e-01 1.7518e+00 -6.5321e-01 3.4923e+00 -1.1173e+00
-3.6584e-01 -1.7776e+00 -5.6065e-01 -2.4048e+00 1.5114e+00 5.1600e+00 -6.5198e+00 2.8189e+00 2.5608e+00 -3.1886e+00 -3.9159e-01 8.9864e+00 3.5688e-02 -1.0740e-01 -1.1824e+00 2.2278e+00 3.4298e+01 3.4702e+00 5.4166e-02 1.2187e+01 -4.4652e-01 -5.6744e+00 -4.5401e-01 7.5405e+00 7.6966e-01 -7.2442e-02 -1.0140e+01 -9.2759e-01 4.1261e-01 -1.5530e-01 -9.1688e-01 -4.5700e-01 -1.4740e-01 -1.5568e+00 -4.1450e+00 -3.0796e+00 -3.1644e-01 4.4649e+00 -1.0477e+00 -2.6413e-01 -1.4466e-02 -1.9323e-01 -2.7996e-01 -3.7158e-01 -4.3255e-01 6.4667e-04 -1.8777e-01 7.8543e-02 6.7894e-01 -5.9463e-01 -1.1213e+00 -1.8571e-01
1.3008e-01 -6.2616e-01 2.0480e-01 -1.6871e+00 1.1162e+00 -2.1309e+00 -7.0155e-01 6.1806e+00 2.6514e+00 -1.1865e+00 -8.4846e-01 -1.3850e+00 -1.4450e-01 -5.5539e-01 -2.3104e-01 5.8296e+00 3.4702e+00 2.8232e+01 -2.1063e-01 3.8189e+00 6.3842e-02 1.6708e-02 -8.8056e-01 -4.7360e+00 1.8737e-01 -8.6862e-01 -4.0134e+00 -1.1919e+00 -6.8890e-01 -5.2282e-02 -4.4432e-01 5.1292e-02 -4.0157e-01 4.9308e-01 -2.1833e+00 -3.6123e+00 -3.1951e-02 -1.4221e+00 1.4474e-01 1.7156e-01 3.3824e-02 -8.4357e-02 -7.7983e-02 -1.2441e-01 -7.0872e-01 -1.7026e-01 2.7644e-01 5.6863e-01 3.1757e-01 -2.5208e-01 -7.7704e-02 -5.8466e-01
-3.3459e-01 -1.6307e-01 1.5075e+00 -2.9142e-01 1.0083e+00 5.7717e-02 7.2575e-03 6.6250e-01 3.2849e-02 -1.8808e-01 -6.1127e-01 1.0745e+00 -2.8513e-02 -1.1971e+00 -5.5605e-02 -3.8971e-01 5.4166e-02 -2.1063e-01 1.0175e+01 -5.7909e-01 -4.5106e-02 5.8424e-02 -2.0149e-01 -1.5156e-01 -4.9884e-02 1.3163e+00 -9.1205e-03 -2.6441e-01 -4.3527e-01 -8.3021e-02 -2.3704e-01 4.2481e-01 4.3288e-01 -2.5950e-01 -5.1041e-01 -8.7227e-01 -2.8109e-01 -7.1431e-01 7.7298e-01 5.0683e-01 2.7050e-02 -6.6755e-02 -8.2559e-02 -1.1830e-01 2.2575e-01 1.1477e-01 -1.1703e-01 1.7608e-01 -7.6461e-02 -6.5621e-02 5.8703e-02 -1.2796e+00
-1.1647e-01 4.4026e+00 -7.0549e-01 -7.3303e+00 7.3824e+00 -1.7525e-01 -2.0082e+01 1.8147e+01 1.4409e+01 -1.2141e+01 -8.2264e-01 2.1189e+01 3.1099e-02 1.4895e-01 -3.9162e-01 6.5013e+00 1.2187e+01 3.8189e+00 -5.7909e-01 6.8301e+01 1.5380e-01 -2.5651e+01 -2.7713e+00 3.0998e+01 -2.6975e-01 2.2946e+00 -2.5321e+01 -2.9471e+00 -3.9713e-01 -9.4673e-02 1.0515e+00 -3.8499e-01 -1.4621e+00 7.3685e-01 1.1617e+01 -1.1729e+01 -8.2039e-01 1.8915e+01 3.6438e-02 -5.5721e-01 1.1092e-02 1.4969e-02 -2.0573e+00 -5.9008e-01 -1.6099e+00 -6.5307e-01 6.8525e-01 1.1140e+00 -2.2945e-01 1.1136e+00 -5.6393e-02 1.2713e-01
-2.5123e+00 -7.6299e-02 -1.7168e+00 -3.1673e-01 -5.0786e-01 -4.2516e-01 -1.1299e-01 -4.2041e-01 3.2754e-01 -7.5147e-02 -5.4988e-02 -1.3396e-01 -1.4698e-03 1.5072e-01 -9.6859e-02 -2.8261e-01 -4.4652e-01 6.3842e-02 -4.5106e-02 1.5380e-01 1.2815e+01 -6.4238e-01 4.1833e-03 -4.4471e-01 -1.4027e-02 -2.1970e-01 -7.8963e-01 -3.6772e-01 -1.6016e-01 3.2046e-01 -1.1459e+00 -2.3922e-01 -3.7722e-01 -3.0315e-01 -6.6276e-01 7.5734e-02 5.7121e-02 -1.7276e+00 -3.0236e-01 2.9298e+00 -1.8225e-02 8.3750e-01 -9.6172e-02 -2.4013e-01 -1.3890e-01 -6.9850e-02 -2.9384e-01 -1.3703e-01 -2.4405e-01 -5.7005e-02 -5.8384e-02 3.3489e-02
-2.7790e+00 -5.9154e+00 -4.6394e+00 9.9431e-01 -2.6938e+00 1.8432e+01 1.7140e+01 3.6983e+00 2.6674e+00 5.9944e+00 -2.4884e-01 -1.6828e+01 9.5414e-02 4.5897e-01 2.4354e+00 9.5970e+00 -5.6744e+00 1.6708e-02 5.8424e-02 -2.5651e+01 -6.4238e-01 7.8887e+01 4.3574e+00 -1.6583e+01 6.1852e-02 3.1867e+00 3.1152e+01 -4.2669e+00 -3.3014e+00 -1.4643e-01 -2.8302e+00 1.5308e+00 -1.5429e+00 6.0875e-01 -8.5030e+00 2.6733e+01 -1.0145e+00 -1.7073e+01 -4.0188e-01 -3.7680e-01 -1.3511e-02 -3.0884e-01 -4.5012e-01 1.9281e-01 -8.6670e-01 1.3321e-02 2.4654e-02 -7.8141e-01 -9.1168e-01 2.5144e+00 3.2097e-01 3.1749e-01
-1.0482e-01 -2.6782e-01 -6.3073e+00 -1.4760e+00 -4.8789e+00 -1.0866e+00 -2.1344e+00 4.9195e+00 3.6891e+00 -1.0508e+00 -2.0173e-01 -7.2654e-01 5.0439e-02 -7.2640e-02 1.0235e-01 5.9434e+00 -4.5401e-01 -8.8056e-01 -2.0149e-01 -2.7713e+00 4.1833e-03 4.3574e+00 1.6598e+01 8.2910e+00 -1.5555e-02 2.1926e-01 -2.8100e+00 -9.9004e-01 -1.2741e-01 -1.3323e-01 -8.5444e-02 1.1382e-01 -1.1295e-01 5.5078e-01 -2.1233e+00 -2.0474e+00 -3.2396e-01 -3.6264e+00 -1.6928e-01 -1.9395e-01 -1.2856e-02 -4.7329e-02 -5.5596e-01 -1.3126e-01 -5.9337e-01 4.2613e-01 -9.2315e-02 -8.0988e-02 -2.1079e-01 -2.7676e-02 3.4207e-01 -9.4042e-02
3.0781e+00 -3.4987e+00 -5.8462e+00 -9.3483e+00 7.3507e+00 5.1671e+00 -1.5616e+01 9.3163e+00 5.5737e+00 -1.1558e+01 1.0372e+00 1.4854e+01 1.2222e-01 -6.8534e-01 -1.6811e+00 -1.3154e+00 7.5405e+00 -4.7360e+00 -1.5156e-01 3.0998e+01 -4.4471e-01 -1.6583e+01 8.2910e+00 8.5139e+01 -3.1035e-02 2.1721e+00 -2.8119e+01 -6.8541e+00 -1.0908e+00 -1.3597e-01 -3.0892e+00 -7.2782e-01 -2.1196e+00 6.8114e-01 3.2115e+01 -8.7335e+00 -2.7638e-03 3.3889e+01 -8.0470e-01 -2.8381e-01 1.2589e-01 -1.2752e-01 -2.3592e+00 -6.7304e-01 -1.3604e+00 -2.5890e-02 -5.4556e-01 -5.1976e-01 7.3604e-02 -5.0596e-01 1.6809e-01 -5.9671e-01
1.3647e-01 -6.4490e-02 -6.7803e-01 -2.3612e-01 -2.6321e-01 1.6564e-01 1.7865e-01 2.4324e-01 2.3413e-01 1.1583e+00 -1.0033e-01 3.8206e-01 -1.5861e-02 -2.0199e-01 2.2433e+00 1.0451e+00 7.6966e-01 1.8737e-01 -4.9884e-02 -2.6975e-01 -1.4027e-02 6.1852e-02 -1.5555e-02 -3.1035e-02 9.7588e+00 -2.4386e-01 -1.5296e+00 -1.9292e-01 -1.3967e-02 -7.8631e-02 2.2748e+00 -8.1633e-02 9.4677e-03 -1.2939e+00 2.4554e+00 -5.5667e-01 -7.7179e-02 -9.4748e-01 -3.4854e-01 -7.7374e-02 -3.4199e-02 -1.7516e-02 8.9808e-02 2.9891e-01 -1.0362e-01 -2.5818e-02 -9.4488e-02 -6.2914e-02 -1.8350e-01 -1.0581e-01 -6.6458e-01 -2.1642e-01
-4.4846e-01 -1.8115e+00 -1.7533e+00 1.9231e+00 -1.4515e+00 1.0063e+00 1.6757e+00 7.3631e-01 1.0938e+00 7.5065e+00 -7.7856e+00 1.4297e+01 -8.5219e-02 -8.4733e-03 -5.9414e-01 5.9673e+00 -7.2442e-02 -8.6862e-01 1.3163e+00 2.2946e+00 -2.1970e-01 3.1867e+00 2.1926e-01 2.1721e+00 -2.4386e-01 5.1603e+01 6.1218e+00 -1.0739e-02 -1.6931e+00 5.2608e-02 -7.7455e-01 -3.7220e-01 1.9456e+00 9.5574e-02 1.0986e-02 -5.5588e+00 -1.9371e+00 -1.2057e+01 3.0512e-01 -5.4368e-01 1.3576e-02 -2.1010e-01 1.5764e+00 -1.3553e-01 4.7346e-01 -3.6576e-01 -4.0989e-01 -5.1089e-01 1.9312e-01 -8.0451e-01 -9.2296e-02 -1.1567e-01
2.6915e+00 -3.7521e+00 6.9730e+00 1.5404e+00 1.4670e+01 4.4032e+00 1.4810e+01 -8.9184e+00 -4.0614e+00 1.3539e+01 -3.8628e+00 -1.2879e+01 -4.9961e-02 1.4592e-01 -6.9545e-01 -3.9554e+00 -1.0140e+01 -4.0134e+00 -9.1205e-03 -2.5321e+01 -7.8963e-01 3.1152e+01 -2.8100e+00 -2.8119e+01 -1.5296e+00 6.1218e+00 1.0112e+02 2.6387e+01 2.9701e+00 -1.5391e-01 2.1017e+01 2.1630e-01 -1.9696e+00 2.0140e+00 3.3670e+00 1.7988e+01 5.9939e-01 -3.0321e+01 7.5014e+00 -1.9829e-01 -1.3368e-01 -7.2273e-02 -1.8561e+00 7.8764e-01 -1.5496e+00 -1.4354e-02 -8.1684e-01 1.9149e+00 7.6618e-01 -1.0383e+00 -8.2050e-02 9.4006e-02
5.6816e-01 1.6708e+00 7.2195e+00 -3.3647e+00 1.4688e+01 -1.9089e+00 -3.1454e+00 -6.5777e+00 -5.6885e+00 6.1590e+00 -3.7023e-01 3.2147e-01 -1.6455e-01 -1.8871e-01 2.2846e-01 -6.7590e+00 -9.2759e-01 -1.1919e+00 -2.6441e-01 -2.9471e+00 -3.6772e-01 -4.2669e+00 -9.9004e-01 -6.8541e+00 -1.9292e-01 -1.0739e-02 2.6387e+01 3.9838e+01 -5.0373e-01 -2.6725e-01 1.4368e+01 -4.6123e-01 4.0924e-01 -2.6781e-01 1.0018e+01 -4.1189e+00 3.3003e-01 -1.2135e+01 1.8357e-01 -7.5246e-01 -6.2517e-02 -6.6336e-02 -6.8840e-01 -1.3504e-01 -1.4205e+00 3.4022e-01 -1.3305e-01 3.0083e+00 -9.5886e-01 4.3131e-01 -1.1296e+00 -2.4813e-01
-1.4200e+00 -4.7376e-01 -1.2896e+00 -1.2641e+00 -1.2647e+00 -4.3907e-01 -1.9279e-01 1.0055e-01 2.2308e-01 -1.4137e+00 -2.4848e+00 3.3866e+00 -1.8668e-01 4.2738e-01 5.2700e-01 -6.4711e+00 4.1261e-01 -6.8890e-01 -4.3527e-01 -3.9713e-01 -1.6016e-01 -3.3014e+00 -1.2741e-01 -1.0908e+00 -1.3967e-02 -1.6931e+00 2.9701e+00 -5.0373e-01 3.8932e+01 -9.1475e-02 -9.7141e-01 -2.3913e-01 7.4571e-01 7.3587e-01 -1.1835e+00 -1.3548e+01 -1.7150e+00 -1.0172e+01 -7.4451e-01 -1.2416e-01 -2.8767e-04 1.5388e-01 4.0799e-01 -3.4495e-02 -2.6697e-01 3.7938e-01 -2.1216e-01 8.2243e-02 -1.0879e-01 7.1908e-01 3.0419e-02 2.3346e-01
-2.6658e-01 -1.9527e-02 2.5137e-01 5.2004e-01 -3.3683e-01 -2.0910e-01 -3.4383e-01 -9.6629e-01 -3.1469e-01 -6.8825e-02 -2.6932e-02 -8.2644e-02 -1.2102e-02 -1.2403e+00 1.0150e-01 -3.9022e-01 -1.5530e-01 -5.2282e-02 -8.3021e-02 -9.4673e-02 3.2046e-01 -1.4643e-01 -1.3323e-01 -1.3597e-01 -7.8631e-02 5.2608e-02 -1.5391e-01 -2.6725e-01 -9.1475e-02 8.2989e+00 -1.4159e-01 2.0076e-01 -2.5829e-01 -3.2020e+00 -2.4955e-01 -6.2577e-02 3.0841e-01 -3.6252e-01 -6.8916e-02 6.2096e-01 -2.1346e-02 -2.2992e-02 -8.5393e-02 -1.5656e-01 -1.5321e-01 -1.6692e-02 1.5706e-01 -2.1885e-02 -2.1113e-02 -2.1792e-02 1.4181e+00 -1.3631e+00
4.8212e+00 1.1410e+00 -3.7844e-01 -2.6728e+00 8.2021e+00 1.3741e+00 -6.8287e-01 -3.1043e+00 8.1904e-01 8.9427e-01 -7.2814e-01 2.6349e-02 -1.2212e-01 4.8833e-01 8.8355e+00 -4.8062e+00 -9.1688e-01 -4.4432e-01 -2.3704e-01 1.0515e+00 -1.1459e+00 -2.8302e+00 -8.5444e-02 -3.0892e+00 2.2748e+00 -7.7455e-01 2.1017e+01 1.4368e+01 -9.7141e-01 -1.4159e-01 4.4118e+01 -6.6678e-01 -1.0833e+00 -1.6683e-01 1.0513e+01 -3.0559e-01 -8.6488e-01 -7.7117e+00 1.0280e+01 5.0479e-01 -9.9219e-02 -4.9683e-01 9.6717e-03 5.5583e-01 -5.3277e-01 -1.2325e-01 -6.3602e-01 2.9514e+00 7.9263e-01 -2.4229e-01 1.3140e-02 3.1900e-01
-7.9535e-01 -2.8760e-01 -1.2226e+00 -6.7464e-01 6.6347e-01 4.0773e-01 5.3833e-01 1.8792e+00 -4.3422e-01 -6.8594e-01 8.2243e-03 -7.7881e-01 -4.2369e-02 3.7898e-01 -3.2135e-01 1.6460e-01 -4.5700e-01 5.1292e-02 4.2481e-01 -3.8499e-01 -2.3922e-01 1.5308e+00 1.1382e-01 -7.2782e-01 -8.1633e-02 -3.7220e-01 2.1630e-01 -4.6123e-01 -2.3913e-01 2.0076e-01 -6.6678e-01 1.1820e+01 -1.1679e-01 -2.5422e-02 -5.3767e-01 1.4299e+00 -9.4272e-02 -1.6911e+00 -1.7106e-01 -4.8214e-02 -1.1136e-02 -5.0516e-02 -1.6948e-01 1.0511e+00 -1.2082e-01 -6.9307e-02 -8.6331e-02 -5.2034e-02 -2.5206e-01 -1.8451e-01 -1.0107e-01 1.9380e-01
-2.5117e+00 -1.3159e-01 -3.7477e+00 -1.1440e+00 -3.1087e+00 -1.3149e+00 -5.3504e-01 4.7380e+00 2.9239e+00 -7.7842e-01 2.3084e-02 -2.2674e-01 -4.3954e-02 -4.2062e-01 -1.8984e-01 3.9533e+00 -1.4740e-01 -4.0157e-01 4.3288e-01 -1.4621e+00 -3.7722e-01 -1.5429e+00 -1.1295e-01 -2.1196e+00 9.4677e-03 1.9456e+00 -1.9696e+00 4.0924e-01 7.4571e-01 -2.5829e-01 -1.0833e+00 -1.1679e-01 1.8262e+01 -3.9072e+00 2.2862e+00 -6.3201e-01 -2.6972e-01 -3.8494e+00 -5.1392e-01 -4.0682e-01 1.0292e-02 -1.4029e-01 3.4914e+00 -3.3133e-01 -6.2019e-02 -1.0065e-01 -3.1276e-01 -6.2910e-02 8.7353e-01 -4.0990e-02 -1.6670e+00 -5.3296e-01
2.2909e-01 7.7359e-02 2.4214e+00 1.4287e+00 1.5760e+00 3.2653e-01 -8.2137e-01 -2.6853e+00 -2.2343e+00 1.4348e+00 5.6172e-01 2.4153e-01 2.1535e-02 4.0007e+00 -2.3158e-01 -6.3162e+00 -1.5568e+00 4.9308e-01 -2.5950e-01 7.3685e-01 -3.0315e-01 6.0875e-01 5.5078e-01 6.8114e-01 -1.2939e+00 9.5574e-02 2.0140e+00 -2.6781e-01 7.3587e-01 -3.2020e+00 -1.6683e-01 -2.5422e-02 -3.9072e+00 3.0404e+01 4.6218e-01 -1.9227e+00 2.5947e-01 5.3049e+00 5.1471e-01 2.4663e-01 -9.0511e-02 1.9729e-02 2.3330e-01 -8.8287e-02 -6.4828e-01 3.2501e-02 2.3808e-01 -4.8976e-01 -9.3261e-01 7.5053e-02 1.3442e+01 4.1828e+00
3.4616e+00 -2.1607e+00 4.5048e+00 -4.6441e+00 1.9636e+01 -4.5876e-01 -6.2460e+00 -1.4879e+00 -1.3924e+00 -3.1685e+00 -6.8528e-01 2.4535e+00 7.7161e-02 4.8036e-02 2.3873e+00 -2.1787e+00 -4.1450e+00 -2.1833e+00 -5.1041e-01 1.1617e+01 -6.6276e-01 -8.5030e+00 -2.1233e+00 3.2115e+01 2.4554e+00 1.0986e-02 3.3670e+00 1.0018e+01 -1.1835e+00 -2.4955e-01 1.0513e+01 -5.3767e-01 2.2862e+00 4.6218e-01 7.6393e+01 -9.3437e+00 -1.3628e+00 2.5827e+01 -1.5948e+00 -1.1298e+00 1.5408e-01 -2.5876e-01 2.1965e+00 -4.5265e-01 -1.5223e+00 -2.6197e-01 -4.1501e-01 2.5842e+00 -2.4139e+00 1.6742e+00 -3.3392e-02 4.3999e-01
-6.2820e-01 -1.0639e+00 -2.4879e+00 1.3567e+01 -2.6566e+00 2.0742e+00 1.0270e+01 2.1547e+00 2.5189e+00 -7.7481e+00 1.0296e+01 -2.0344e+01 8.8142e-02 -8.2328e-02 -4.6977e-01 6.2748e+00 -3.0796e+00 -3.6123e+00 -8.7227e-01 -1.1729e+01 7.5734e-02 2.6733e+01 -2.0474e+00 -8.7335e+00 -5.5667e-01 -5.5588e+00 1.7988e+01 -4.1189e+00 -1.3548e+01 -6.2577e-02 -3.0559e-01 1.4299e+00 -6.3201e-01 -1.9227e+00 -9.3437e+00 1.1368e+02 4.7533e+00 5.8818e+00 -6.2871e-01 3.9708e-01 2.4007e-02 -3.3757e-01 -7.2315e-01 5.4458e-01 -7.4917e-01 -1.6031e+00 -5.0839e-01 -3.6649e-02 -2.7732e-01 -1.0510e+00 -1.3219e-01 -8.9974e-02
-1.2113e+00 6.6454e-02 -1.3867e+00 1.3180e+00 -1.3455e+00 -9.3561e-01 1.8777e-01 -1.3396e-01 -1.5803e-01 1.0774e+00 2.6259e+00 -2.6511e+00 -7.4877e-02 -1.7607e-01 -1.0743e-01 -4.9272e-01 -3.1644e-01 -3.1951e-02 -2.8109e-01 -8.2039e-01 5.7121e-02 -1.0145e+00 -3.2396e-01 -2.7638e-03 -7.7179e-02 -1.9371e+00 5.9939e-01 3.3003e-01 -1.7150e+00 3.0841e-01 -8.6488e-01 -9.4272e-02 -2.6972e-01 2.5947e-01 -1.3628e+00 4.7533e+00 2.2258e+01 2.0236e+00 -2.8775e-02 7.4740e-01 -4.4233e-03 -9.1420e-02 8.2621e-02 -1.2275e-01 -4.5398e-01 -6.1916e-02 -1.7139e-01 -2.7083e-01 -1.3752e-01 -3.8842e-02 4.9535e-02 -4.6721e-01
5.2778e+00 -1.4633e+00 1.3380e+01 2.2284e+01 5.7858e+00 3.2290e+00 -1.1623e+00 -1.6900e+01 -9.4009e+00 -1.9619e+01 1.1088e+01 -3.0080e+00 3.3421e-01 -3.6125e+00 3.7583e-01 -1.8855e+01 4.4649e+00 -1.4221e+00 -7.1431e-01 1.8915e+01 -1.7276e+00 -1.7073e+01 -3.6264e+00 3.3889e+01 -9.4748e-01 -1.2057e+01 -3.0321e+01 -1.2135e+01 -1.0172e+01 -3.6252e-01 -7.7117e+00 -1.6911e+00 -3.8494e+00 5.3049e+00 2.5827e+01 5.8818e+00 2.0236e+00 1.7974e+02 -2.1814e+00 1.0006e+00 5.0994e-02 -5.1443e-01 -4.4367e-01 -7.0103e-01 -1.9795e+00 1.9912e+00 2.5078e+00 -1.9078e+00 -3.3564e+00 5.6578e+00 3.4117e+00 -5.5379e-01
4.7480e-01 1.4096e+00 -1.3180e+00 -6.6890e-02 6.5733e-01 -4.7590e-01 -1.0189e-01 -1.6489e+00 2.0187e-01 -1.7416e-01 3.0545e-01 -6.3933e-01 -5.2423e-02 1.4602e-01 -3.2426e-01 -1.2308e+00 -1.0477e+00 1.4474e-01 7.7298e-01 3.6438e-02 -3.0236e-01 -4.0188e-01 -1.6928e-01 -8.0470e-01 -3.4854e-01 3.0512e-01 7.5014e+00 1.8357e-01 -7.4451e-01 -6.8916e-02 1.0280e+01 -1.7106e-01 -5.1392e-01 5.1471e-01 -1.5948e+00 -6.2871e-01 -2.8775e-02 -2.1814e+00 2.0301e+01 -2.5344e-01 -5.6082e-02 -2.5146e-01 -1.5441e-01 9.3875e-01 -1.4806e-01 -8.4333e-02 -3.0425e-01 2.1155e-01 2.5171e+00 -2.1755e-01 2.0229e-01 6.5495e-02
-1.2004e+00 -1.7559e-01 5.2295e-01 2.2559e+00 -1.4426e+00 4.3070e-01 2.1887e-01 -1.2723e+00 -1.7515e+00 -1.3384e+00 -3.2951e-01 -6.6180e-01 -5.3170e-02 1.2390e-01 7.2084e-01 -7.4615e-01 -2.6413e-01 1.7156e-01 5.0683e-01 -5.5721e-01 2.9298e+00 -3.7680e-01 -1.9395e-01 -2.8381e-01 -7.7374e-02 -5.4368e-01 -1.9829e-01 -7.5246e-01 -1.2416e-01 6.2096e-01 5.0479e-01 -4.8214e-02 -4.0682e-01 2.4663e-01 -1.1298e+00 3.9708e-01 7.4740e-01 1.0006e+00 -2.5344e-01 1.5283e+01 -1.6158e-02 6.8567e-01 5.0365e-02 -5.8992e-02 -2.8760e-01 -4.8854e-02 -3.1444e-01 -1.9848e-01 -1.6225e-01 -5.1278e-02 3.8750e-02 1.6647e-03
-1.3565e-03 -1.2245e-02 -1.0768e-01 -5.4634e-02 -2.6111e-02 -5.9367e-04 6.4292e-01 4.7523e-03 8.8654e-02 -7.9020e-02 -1.9615e-02 -2.7926e-02 -9.0618e-03 1.2355e-03 -4.8165e-02 7.1084e-02 -1.4466e-02 3.3824e-02 2.7050e-02 1.1092e-02 -1.8225e-02 -1.3511e-02 -1.2856e-02 1.2589e-01 -3.4199e-02 1.3576e-02 -1.3368e-01 -6.2517e-02 -2.8767e-04 -2.1346e-02 -9.9219e-02 -1.1136e-02 1.0292e-02 -9.0511e-02 1.5408e-01 2.4007e-02 -4.4233e-03 5.0994e-02 -5.6082e-02 -1.6158e-02 3.1485e+00 -9.4395e-03 -2.1116e-02 -1.4524e-02 -1.3411e-02 1.4861e-01 -2.1879e-02 -1.1774e-02 8.2943e-03 -1.0204e-02 -1.4773e-01 -9.5385e-03
-1.0754e+00 -5.3265e-02 -2.0671e-01 6.1952e-02 -8.5725e-02 -2.4675e-01 -8.1271e-02 -1.8242e-01 -1.4066e-01 1.9612e-02 2.2915e-01 -2.7053e-01 -1.3556e-02 -8.6801e-02 -2.6464e-01 -8.8839e-02 -1.9323e-01 -8.4357e-02 -6.6755e-02 1.4969e-02 8.3750e-01 -3.0884e-01 -4.7329e-02 -1.2752e-01 -1.7516e-02 -2.1010e-01 -7.2273e-02 -6.6336e-02 1.5388e-01 -2.2992e-02 -4.9683e-01 -5.0516e-02 -1.4029e-01 1.9729e-02 -2.5876e-01 -3.3757e-01 -9.1420e-02 -5.1443e-01 -2.5146e-01 6.8567e-01 -9.4395e-03 6.7920e+00 -2.3586e-02 -1.1531e-01 -5.3230e-02 -3.1076e-02 -5.5413e-02 -4.3382e-02 -1.3367e-01 -7.2220e-02 -4.4708e-02 -5.8199e-02
-2.1011e-01 -2.4323e-01 -3.0713e+00 -1.6185e+00 -1.4457e+00 -4.7039e-02 -5.5236e-02 1.2364e+00 2.1930e+00 -5.8287e-01 -2.4645e-01 6.2056e-02 1.5598e-01 -9.7338e-01 2.7127e-01 2.0776e+00 -2.7996e-01 -7.7983e-02 -8.2559e-02 -2.0573e+00 -9.6172e-02 -4.5012e-01 -5.5596e-01 -2.3592e+00 8.9808e-02 1.5764e+00 -1.8561e+00 -6.8840e-01 4.0799e-01 -8.5393e-02 9.6717e-03 -1.6948e-01 3.4914e+00 2.3330e-01 2.1965e+00 -7.2315e-01 8.2621e-02 -4.4367e-01 -1.5441e-01 5.0365e-02 -2.1116e-02 -2.3586e-02 1.5277e+01 -1.4707e-01 -4.2337e-01 2.2503e-01 3.9282e-01 -1.6849e-01 7.0103e-02 -4.4038e-02 8.8424e-02 -5.1060e-01
-5.9037e-01 -1.7713e-01 -4.4046e-01 3.2984e-01 3.5645e-02 -2.0649e-01 2.7767e-01 -5.3111e-01 -1.2289e-01 -1.8438e-01 4.0961e-02 -5.1130e-01 1.0033e-02 6.5082e-01 -3.3522e-01 1.1709e-01 -3.7158e-01 -1.2441e-01 -1.1830e-01 -5.9008e-01 -2.4013e-01 1.9281e-01 -1.3126e-01 -6.7304e-01 2.9891e-01 -1.3553e-01 7.8764e-01 -1.3504e-01 -3.4495e-02 -1.5656e-01 5.5583e-01 1.0511e+00 -3.3133e-01 -8.8287e-02 -4.5265e-01 5.4458e-01 -1.2275e-01 -7.0103e-01 9.3875e-01 -5.8992e-02 -1.4524e-02 -1.1531e-01 -1.4707e-01 1.3005e+01 -9.8044e-02 1.3402e-01 -2.6918e-01 -5.5461e-02 3.5239e-01 -7.3871e-02 -3.9132e-01 5.0226e-01
3.2929e-01 -2.5323e-01 3.6827e+00 4.0664e-01 3.2371e+00 -1.1460e+00 4.1634e-01 -4.9110e+00 1.9452e+00 -8.6162e-01 -5.4921e-01 -5.7965e-02 1.2138e-02 -3.6853e-01 -7.6457e-02 -2.1712e+00 -4.3255e-01 -7.0872e-01 2.2575e-01 -1.6099e+00 -1.3890e-01 -8.6670e-01 -5.9337e-01 -1.3604e+00 -1.0362e-01 4.7346e-01 -1.5496e+00 -1.4205e+00 -2.6697e-01 -1.5321e-01 -5.3277e-01 -1.2082e-01 -6.2019e-02 -6.4828e-01 -1.5223e+00 -7.4917e-01 -4.5398e-01 -1.9795e+00 -1.4806e-01 -2.8760e-01 -1.3411e-02 -5.3230e-02 -4.2337e-01 -9.8044e-02 1.8165e+01 6.4929e-01 -1.2150e-01 -2.2810e-01 -3.2294e-01 -1.8404e-01 1.9040e-01 -3.6825e-01
-6.3404e-02 -1.2036e-01 -2.2649e-01 -1.9674e-01 -4.1960e-01 -9.5384e-02 2.3344e-01 7.2955e-02 2.1640e-01 -2.1666e+00 -1.0226e-01 -1.7366e-01 -3.3289e-02 -1.0369e-01 -7.3952e-02 4.1017e-01 6.4667e-04 -1.7026e-01 1.1477e-01 -6.5307e-01 -6.9850e-02 1.3321e-02 4.2613e-01 -2.5890e-02 -2.5818e-02 -3.6576e-01 -1.4354e-02 3.4022e-01 3.7938e-01 -1.6692e-02 -1.2325e-01 -6.9307e-02 -1.0065e-01 3.2501e-02 -2.6197e-01 -1.6031e+00 -6.1916e-02 1.9912e+00 -8.4333e-02 -4.8854e-02 1.4861e-01 -3.1076e-02 2.2503e-01 1.3402e-01 6.4929e-01 7.8159e+00 -1.0864e-01 -2.8226e-02 -4.5323e-02 -3.4769e-02 -5.0819e-02 -1.3628e-01
-7.0090e-01 7.8797e-01 -2.0157e-01 -3.0338e-01 -8.0635e-01 -3.7904e-01 -7.1211e-01 3.2232e+00 9.9197e-02 -3.1749e-01 -4.5438e-03 4.7808e-01 -7.5730e-03 -3.7406e+00 -1.2481e-01 3.6388e-02 -1.8777e-01 2.7644e-01 -1.1703e-01 6.8525e-01 -2.9384e-01 2.4654e-02 -9.2315e-02 -5.4556e-01 -9.4488e-02 -4.0989e-01 -8.1684e-01 -1.3305e-01 -2.1216e-01 1.5706e-01 -6.3602e-01 -8.6331e-02 -3.1276e-01 2.3808e-01 -4.1501e-01 -5.0839e-01 -1.7139e-01 2.5078e+00 -3.0425e-01 -3.1444e-01 -2.1879e-02 -5.5413e-02 3.9282e-01 -2.6918e-01 -1.2150e-01 -1.0864e-01 1.2969e+01 -2.4618e-02 -9.0457e-02 8.3960e-02 2.1334e-02 1.2375e+00
-2.3553e-01 -6.0690e-02 2.3783e+00 -1.5100e+00 4.1431e+00 -4.0737e-01 -3.2289e-01 -1.4379e+00 1.6641e+00 -1.9681e-01 -4.9949e-01 -1.4460e-01 -4.1996e-02 1.2420e-02 -1.4283e-01 -3.4744e-01 7.8543e-02 5.6863e-01 1.7608e-01 1.1140e+00 -1.3703e-01 -7.8141e-01 -8.0988e-02 -5.1976e-01 -6.2914e-02 -5.1089e-01 1.9149e+00 3.0083e+00 8.2243e-02 -2.1885e-02 2.9514e+00 -5.2034e-02 -6.2910e-02 -4.8976e-01 2.5842e+00 -3.6649e-02 -2.7083e-01 -1.9078e+00 2.1155e-01 -1.9848e-01 -1.1774e-02 -4.3382e-02 -1.6849e-01 -5.5461e-02 -2.2810e-01 -2.8226e-02 -2.4618e-02 1.2759e+01 -2.9421e-01 -1.7112e-01 1.8383e-01 2.4749e-02
1.0138e+00 -1.4836e-01 2.5679e+00 -1.1077e+00 6.6376e-01 -8.6087e-01 -2.7661e-01 -1.1239e+00 -2.6190e-01 1.9409e+00 -9.0277e-02 -2.6471e-02 -6.2200e-02 9.9054e-02 -1.1189e+00 1.7518e+00 6.7894e-01 3.1757e-01 -7.6461e-02 -2.2945e-01 -2.4405e-01 -9.1168e-01 -2.1079e-01 7.3604e-02 -1.8350e-01 1.9312e-01 7.6618e-01 -9.5886e-01 -1.0879e-01 -2.1113e-02 7.9263e-01 -2.5206e-01 8.7353e-01 -9.3261e-01 -2.4139e+00 -2.7732e-01 -1.3752e-01 -3.3564e+00 2.5171e+00 -1.6225e-01 8.2943e-03 -1.3367e-01 7.0103e-02 3.5239e-01 -3.2294e-01 -4.5323e-02 -9.0457e-02 -2.9421e-01 1.7038e+01 -3.2751e-01 2.6817e-03 6.8724e-02
3.6522e-01 1.1613e+00 -1.1895e+00 8.1468e-01 -2.9924e-01 1.8879e+00 -1.0680e+00 -2.6130e-01 -9.7245e-01 -8.2012e-01 -6.4366e-01 1.5003e+00 -4.3163e-02 1.0139e-01 2.9887e+00 -6.5321e-01 -5.9463e-01 -2.5208e-01 -6.5621e-02 1.1136e+00 -5.7005e-02 2.5144e+00 -2.7676e-02 -5.0596e-01 -1.0581e-01 -8.0451e-01 -1.0383e+00 4.3131e-01 7.1908e-01 -2.1792e-02 -2.4229e-01 -1.8451e-01 -4.0990e-02 7.5053e-02 1.6742e+00 -1.0510e+00 -3.8842e-02 5.6578e+00 -2.1755e-01 -5.1278e-02 -1.0204e-02 -7.2220e-02 -4.4038e-02 -7.3871e-02 -1.8404e-01 -3.4769e-02 8.3960e-02 -1.7112e-01 -3.2751e-01 1.3532e+01 -2.8408e-02 9.9527e-02
-4.3255e-02 -4.8932e-02 2.9986e-01 1.6993e-01 -3.7331e-01 -3.3007e-01 -1.7213e+00 -1.4100e+00 7.3513e-02 -6.1575e-01 4.8103e-02 6.2230e-02 -4.6053e-02 1.9060e+00 -3.3248e-01 3.4923e+00 -1.1213e+00 -7.7704e-02 5.8703e-02 -5.6393e-02 -5.8384e-02 3.2097e-01 3.4207e-01 1.6809e-01 -6.6458e-01 -9.2296e-02 -8.2050e-02 -1.1296e+00 3.0419e-02 1.4181e+00 1.3140e-02 -1.0107e-01 -1.6670e+00 1.3442e+01 -3.3392e-02 -1.3219e-01 4.9535e-02 3.4117e+00 2.0229e-01 3.8750e-02 -1.4773e-01 -4.4708e-02 8.8424e-02 -3.9132e-01 1.9040e-01 -5.0819e-02 2.1334e-02 1.8383e-01 2.6817e-03 -2.8408e-02 1.7814e+01 1.9241e+00
1.4900e+00 -8.0659e-02 -3.9515e+00 1.6516e-01 1.3235e-01 1.8750e-01 -1.8710e+00 -7.9456e+00 1.5743e-01 -1.8809e-01 3.0838e-02 -2.5661e-01 4.3114e-02 1.9208e+01 -1.1935e-01 -1.1173e+00 -1.8571e-01 -5.8466e-01 -1.2796e+00 1.2713e-01 3.3489e-02 3.1749e-01 -9.4042e-02 -5.9671e-01 -2.1642e-01 -1.1567e-01 9.4006e-02 -2.4813e-01 2.3346e-01 -1.3631e+00 3.1900e-01 1.9380e-01 -5.3296e-01 4.1828e+00 4.3999e-01 -8.9974e-02 -4.6721e-01 -5.5379e-01 6.5495e-02 1.6647e-03 -9.5385e-03 -5.8199e-02 -5.1060e-01 5.0226e-01 -3.6825e-01 -1.3628e-01 1.2375e+00 2.4749e-02 6.8724e-02 9.9527e-02 1.9241e+00 2.0584e+01
