6.4215e+01 2.5673e+01 -2.6919e-01 -1.1043e+00 2.9646e-01 -2.6911e+01 -1.9159e+00 1.2399e+01 -1.3281e+01 -7.7144e-01 -1.8000e-02 -2.5705e+00 -1.3954e-01 1.0915e+00 7.8576e-01 4.8702e-01 -1.3492e+00 1.1226e+00 -1.2567e+01 7.7720e-01 -1.7962e+00 7.7142e-01 9.1362e-01 1.7570e+00 9.2478e-01 -6.8395e+00 2.0687e-01 -1.2962e+00 1.3383e-02 -1.7250e-01 -1.9615e-01 -3.2764e+00 7.3073e-02 1.0054e+01 3.1795e-01 -1.5958e-01 -6.9464e+00 -1.0104e+00 -1.8770e-01 1.5579e+00 1.1572e+01 -7.9213e-01 -3.8916e-01 6.6012e-01 2.7412e+00 9.7570e-01 9.7799e-02 -3.7133e-01 -9.9025e-01 -1.1922e+01 4.0795e-02 -1.0367e-01
2.5673e+01 9.7915e+01 -3.8634e-01 -2.0576e+00 1.6330e-01 -3.5080e+01 -4.3573e+00 -4.7326e-01 -2.4178e+01 -2.1977e-02 -3.5932e-01 1.3067e+00 2.1836e-01 3.4046e+00 6.1070e-01 -2.3024e-01 7.3456e-01 2.9678e+00 1.4810e+01 1.7814e+00 1.1028e+00 -5.9687e+00 1.4405e+00 4.3158e+00 1.6529e+00 -2.0892e+00 -4.3742e-01 -1.0763e+00 -1.2395e-01 -4.5276e+00 -6.2587e-01 -2.7434e+00 4.7207e-01 1.3043e+00 8.5141e-01 -2.6020e+00 -1.1061e+01 3.4282e-01 3.5777e+00 -1.1773e+01 -8.3045e+00 5.9507e-01 2.3545e+00 4.8769e-01 4.9517e+00 2.7444e-01 9.0887e-02 8.0382e-01 -1.5026e+00 5.6757e+00 -7.1013e-02 1.7466e+00
-2.6919e-01 -3.8634e-01 2.0036e+01 -2.8644e-01 1.4435e+01 -4.4944e-01 4.1035e-01 -5.3268e-01 -5.4887e-01 -1.1334e-01 -6.5000e-05 -1.3506e+00 -9.2755e-02 -7.8149e-01 1.3273e-02 -5.1020e-02 -2.4461e-02 4.2737e-02 -6.2898e-01 -3.5474e-02 3.1551e-01 -5.2443e-01 -8.6403e-01 -8.8333e-02 5.3490e-02 2.4750e-01 9.0680e+00 1.7124e-02 4.6375e-02 1.5752e-01 -1.1069e-01 7.4932e-02 -2.4939e-02 1.3903e-01 -3.0780e-01 5.2412e-02 -5.3705e-01 -2.6026e-01 -3.7458e-01 1.0157e+00 1.1348e+00 4.1419e-02 -1.4706e-01 -6.3961e-01 -1.2402e-01 1.1967e+00 2.3925e-02 -8.8610e-02 -2.0471e-01 3.2480e-02 8.9266e+00 -6.8203e-02
-1.1043e+00 -2.0576e+00 -2.8644e-01 9.1872e+01 -4.8697e-01 9.9175e+00 -3.8643e+01 -2.7568e+01 3.9657e+00 -1.4281e+01 -2.3807e-01 2.0961e-01 -1.6706e+00 3.6215e+00 -1.1006e+00 1.5144e+00 -1.0471e+00 2.3966e+01 -1.6467e+01 4.6594e+00 -3.4907e+00 1.4864e-01 1.1459e+01 -2.5850e+00 -4.1193e-01 2.3298e+00 -5.3176e+00 1.4299e-01 -3.1845e+00 2.6054e+00 8.0981e-01 -6.2594e-01 -1.8447e+00 -9.4405e-01 -1.4270e+00 -8.8817e-02 -1.6245e+01 -5.8255e+00 -2.5758e+00 1.0788e+01 8.1906e+00 -5.1616e-01 -5.3614e+00 -1.5378e-01 -1.7098e+00 -4.5673e-01 -4.7591e-02 1.4988e+00 5.5374e-02 -1.4363e+00 -3.1135e-01 -9.4347e-01
2.9646e-01 1.6330e-01 1.4435e+01 -4.8697e-01 1.9668e+01 -4.5186e-01 2.9138e-01 -6.7653e-01 -1.2438e+00 2.8990e-02 -1.3580e-03 -1.2896e+00 -6.4044e-02 -8.0128e-01 1.2885e-01 9.1177e-03 -2.4985e-02 -4.2418e-03 1.2831e-01 -5.7643e-02 2.4114e-01 -8.6169e-01 -8.5820e-01 7.3896e-02 4.6009e-02 2.3911e-01 9.2329e+00 1.5317e-02 2.3702e-02 -6.3341e-01 1.1215e-01 -1.3022e-01 -2.7785e-01 6.6470e-02 -3.2005e-01 3.2274e-02 -4.4153e-01 -2.0906e-01 7.3909e-02 9.2479e-02 2.2478e-01 -1.5057e-02 -1.3473e-01 -6.1108e-01 6.2393e-03 1.2255e+00 2.1640e-02 1.3601e-02 -2.0124e-01 1.6164e-01 9.1288e+00 1.1901e-01
-2.6911e+01 -3.5080e+01 -4.4944e-01 9.9175e+00 -4.5186e-01 9.7865e+01 -9.7982e+00 -1.9436e+01 1.9862e+01 -5.8402e+00 -2.3801e-01 1.6071e+00 -9.6402e-01 -5.2563e+00 -8.9693e-01 6.4291e-01 -1.9099e+00 1.2454e+01 -3.6225e+00 -9.5007e+00 -1.1995e+01 6.5131e+00 1.9735e+00 -5.5910e+00 -1.1874e+00 1.9351e+00 -1.1217e-01 6.2515e-01 -3.3931e-01 -9.2270e-01 7.4168e-01 2.9726e+00 -6.2903e-02 -2.3185e+01 -9.5683e-01 -3.9115e-02 1.0765e+01 -1.5893e+00 -9.9688e+00 1.3905e+01 -1.1847e+00 6.0079e-02 1.0413e+01 -7.7186e-01 -3.2942e+00 -1.3496e+00 -1.8461e-01 -6.6555e-01 1.5734e+00 -5.1770e+00 -3.2809e-02 2.2834e-02
-1.9159e+00 -4.3573e+00 4.1035e-01 -3.8643e+01 2.9138e-01 -9.7982e+00 1.0021e+02 -2.3918e+00 2.6465e+00 1.4270e+01 -1.9802e-01 -1.3839e+00 5.6929e-01 1.2743e+01 3.6363e-01 -3.5265e-01 -7.9923e-01 -1.7541e+01 1.8508e+01 -1.5493e+01 -1.8346e+01 7.5453e-01 -1.2161e+01 -3.8249e+00 -6.6169e-01 6.3582e-01 5.3513e+00 2.5097e-02 1.2727e+00 -3.2000e+00 -1.8262e+00 -1.8151e+00 2.1736e-01 7.2750e+00 -8.8973e-01 4.0783e-01 2.2668e+01 1.9739e+01 6.9646e+00 1.4978e+00 1.8386e+00 8.1970e-02 -1.0678e+00 1.1451e-01 2.0050e+00 8.0498e-01 -1.5211e-01 -1.8906e+00 -3.3503e-03 -1.2388e+00 8.5878e-02 2.1019e+00
1.2399e+01 -4.7326e-01 -5.3268e-01 -2.7568e+01 -6.7653e-01 -1.9436e+01 -2.3918e+00 1.1071e+02 -5.9518e+00 -7.7264e+00 2.5057e-01 -2.2967e+00 9.5850e-02 -2.0847e+01 -3.3800e-01 -1.6341e+00 2.3214e-01 -2.6979e+01 1.3552e+01 4.1025e+00 1.9311e+01 -1.5082e+00 -1.3779e+01 1.0121e+01 -8.8320e-01 -1.0257e+00 4.9433e+00 -8.3862e-01 3.9731e-01 3.2930e-01 -3.2037e-02 -1.1370e+00 1.8918e+00 2.4900e+00 4.9263e-01 -9.8681e-01 2.0454e+01 3.4343e+00 -5.3221e+00 9.6061e-01 -3.2174e+00 -5.4497e-01 1.0475e+01 -3.5445e-01 -1.4362e+00 -1.2853e+00 -3.7732e-02 5.1130e-01 -7.3193e-02 -1.8537e+00 -3.5826e-01 4.6021e+00
-1.3281e+01 -2.4178e+01 -5.4887e-01 3.9657e+00 -1.2438e+00 1.9862e+01 2.6465e+00 -5.9518e+00 7.4812e+01 -1.1076e+00 1.2657e+00 1.7056e+00 -1.0570e-01 1.0170e-01 3.5998e-01 -1.1859e+00 -7.1539e-01 6.4253e-01 -3.4622e+01 2.1998e-01 6.9837e+00 8.4021e-02 6.7428e-01 5.8412e-01 -1.6330e+00 2.0387e-01 -9.7936e-01 -1.3117e+00 -2.4683e-01 -9.1279e-01 3.3286e-01 5.8964e-01 -7.1048e-01 -7.3750e+00 1.0086e+00 3.1248e+00 1.1171e-01 -2.3427e+00 -3.5440e+00 2.5500e+01 1.6969e+01 -3.3857e-02 -4.0354e-01 -9.3362e-01 -3.2949e+00 -5.6769e-01 -1.9599e-01 -2.5388e-01 8.8112e-01 -4.2380e+00 -9.5431e-01 -8.1705e-01
-7.7144e-01 -2.1977e-02 -1.1334e-01 -1.4281e+01 2.8990e-02 -5.8402e+00 1.4270e+01 -7.7264e+00 -1.1076e+00 4.2640e+01 -1.2265e-01 -4.4710e-02 2.7276e+00 -7.1505e-02 -2.0191e-01 -1.5589e-01 1.0725e+00 -2.7813e+00 -2.0786e+00 5.1992e+00 4.3340e+00 -1.1120e+00 -3.0501e+00 -1.2753e+00 1.4601e-02 1.3622e-01 1.0471e+00 1.5297e+00 6.0633e+00 -7.4178e-01 3.0578e+00 1.7792e-01 -1.3180e+00 2.0082e-02 6.2337e-01 -2.7086e-02 -3.0722e+00 1.9286e+00 3.3522e-01 1.0370e+00 8.9653e-01 2.7080e-02 -8.3663e-01 -6.1593e-02 -3.1661e-01 6.5546e-01 -9.8863e-02 1.3702e+00 -7.3386e-02 -1.5671e+00 -1.4602e-01 8.7776e-01
-1.8000e-02 -3.5932e-01 -6.5000e-05 -2.3807e-01 -1.3580e-03 -2.3801e-01 -1.9802e-01 2.5057e-01 1.2657e+00 -1.2265e-01 4.9751e+00 2.0432e-01 -3.1431e-02 -7.0984e-02 -2.3377e-02 -5.5022e-02 8.9752e-02 7.4793e-02 -7.8413e-01 1.2079e-01 5.6328e-01 -8.1850e-02 1.1408e-02 1.8096e-01 3.8451e-02 -4.8191e-02 1.3910e-02 -1.1779e-02 -4.5866e-02 -6.5383e-03 -5.3553e-02 5.0189e-02 -5.3115e-02 4.3066e-02 2.7948e-01 -1.0881e-01 -4.6928e-01 1.0390e-01 3.1524e-01 3.7132e-01 8.7941e-01 4.6446e-02 -2.6957e-01 -1.0725e-02 -8.0611e-02 -7.2596e-02 -7.3947e-03 -2.5049e-02 3.0071e-02 -3.1370e-01 -3.9162e-03 1.1996e-01
-2.5705e+00 1.3067e+00 -1.3506e+00 2.0961e-01 -1.2896e+00 1.6071e+00 -1.3839e+00 -2.2967e+00 1.7056e+00 -4.4710e-02 2.0432e-01 1.7527e+01 -1.1231e-01 -5.0014e-01 -1.5931e-01 -1.7098e-01 -2.1701e-01 8.5278e-02 1.1834e+00 1.1694e-01 -1.1009e+00 -4.0558e-01 -3.4701e-01 -7.0853e-01 -7.6122e-02 5.7420e-01 -8.9845e-01 -7.3789e-02 -8.9471e-02 -4.7558e-01 5.5859e-02 1.4019e-01 -1.3335e-01 -5.7998e-01 -1.8157e-01 -1.5323e-01 1.0081e+00 -1.2433e-01 3.7639e-01 -2.1603e+00 1.3294e+00 6.5170e-02 -6.0939e-01 2.9055e-01 -6.0077e-01 8.6346e-01 -2.7527e-02 2.1858e-01 -1.3407e-01 2.1181e+00 -9.4956e-01 8.3216e-02
-1.3954e-01 2.1836e-01 -9.2755e-02 -1.6706e+00 -6.4044e-02 -9.6402e-01 5.6929e-01 9.5850e-02 -1.0570e-01 2.7276e+00 -3.1431e-02 -1.1231e-01 1.0398e+01 -1.1915e-01 -6.9396e-02 -5.9738e-02 4.0539e-01 -1.4951e-01 -1.5108e-01 2.6824e-01 3.7043e-01 5.8788e-02 2.2455e-01 -3.4574e-02 -1.5252e-02 -3.4701e-01 2.8023e-02 -5.0583e-02 3.3330e+00 -1.7162e-01 -5.6104e-01 -4.4730e-01 -1.8735e-01 -2.8786e-01 5.6991e-01 -5.7027e-03 -9.7649e-01 8.2870e-01 -1.6427e-01 1.0487e+00 1.5135e+00 1.5962e-02 -9.3051e-01 -1.6630e-02 4.0085e-02 -9.5775e-02 -2.4802e-03 1.3206e+00 -2.8768e-02 -5.5391e-01 -8.9238e-02 9.9578e-02
1.0915e+00 3.4046e+00 -7.8149e-01 3.6215e+00 -8.0128e-01 -5.2563e+00 1.2743e+01 -2.0847e+01 1.0170e-01 -7.1505e-02 -7.0984e-02 -5.0014e-01 -1.1915e-01 4.0764e+01 -2.3948e-01 -3.7202e-01 3.1133e-01 -3.5765e+00 -7.1363e+00 -5.5197e+00 -8.5126e+00 8.2541e-01 -7.4469e-01 -3.0076e+00 -1.6536e-01 -1.8166e-01 -8.2636e+00 -2.4371e-01 -3.1191e-01 -1.4661e+00 1.2732e+00 -4.0447e-01 -7.0176e-01 1.7944e+01 -3.7893e-01 -6.0854e-02 -5.1215e+00 -4.0378e+00 9.1097e+00 -7.8377e+00 1.0462e+00 -2.5856e-01 -1.6657e+00 1.9848e-01 -5.8737e-02 -3.5814e-01 -9.4996e-02 -4.7230e-03 4.2970e-02 -3.1252e+00 -8.5996e-01 -1.7868e+00
7.8576e-01 6.1070e-01 1.3273e-02 -1.1006e+00 1.2885e-01 -8.9693e-01 3.6363e-01 -3.3800e-01 3.5998e-01 -2.0191e-01 -2.3377e-02 -1.5931e-01 -6.9396e-02 -2.3948e-01 1.0316e+01 -8.0339e-02 6.6973e-03 -2.9529e-01 9.8996e-01 -7.1671e-02 -7.8750e-01 -1.7038e-01 -2.5659e-01 -1.8872e-01 -1.6957e-01 -1.3863e-01 2.5091e-01 1.5815e-02 -9.8440e-02 -1.9546e-01 -1.2364e-01 -1.4766e-01 -5.5456e-02 -6.9709e-01 -1.1312e-01 -6.0734e-02 -6.7373e-02 -9.5271e-01 -2.3671e-01 -1.3468e+00 -7.4708e-01 1.7364e-02 1.2020e+00 -8.9877e-02 8.6943e-01 -8.2188e-02 1.5788e-01 -8.4040e-02 -7.7643e-02 -4.1944e-01 1.5799e-01 -2.4552e-02
4.8702e-01 -2.3024e-01 -5.1020e-02 1.5144e+00 9.1177e-03 6.4291e-01 -3.5265e-01 -1.6341e+00 -1.1859e+00 -1.5589e-01 -5.5022e-02 -1.7098e-01 -5.9738e-02 -3.7202e-01 -8.0339e-02 1.0530e+01 -1.7082e-01 1.1239e+00 6.2141e-01 7.4483e-01 -3.8485e-01 -2.1223e-01 1.1438e-01 -2.1923e-01 -1.4531e-01 -1.9638e-01 9.4902e-02 -4.3516e-02 2.3680e-01 -7.1311e-02 -1.2459e-02 4.4196e-01 -8.6329e-02 -4.6201e-01 -1.8327e-01 3.8306e-01 -5.7136e-01 -2.2208e-01 -3.6441e-01 -7.9717e-01 -1.1445e+00 -3.3437e-02 -4.8951e-01 1.4667e-01 1.0321e-02 -1.6094e-01 -1.4595e-02 -6.1133e-02 -7.0644e-02 1.5590e+00 1.2476e-02 1.2408e-01
-1.3492e+00 7.3456e-01 -2.4461e-02 -1.0471e+00 -2.4985e-02 -1.9099e+00 -7.9923e-01 2.3214e-01 -7.1539e-01 1.0725e+00 8.9752e-02 -2.1701e-01 4.0539e-01 3.1133e-01 6.6973e-03 -1.7082e-01 1.4358e+01 -6.0330e-01 -1.0133e+00 -1.3713e+00 -2.9669e+00 -3.8325e-01 -6.1936e-01 -8.1024e-01 -1.0545e-01 -1.3083e-01 1.2846e-01 1.4823e-01 1.6904e-01 -2.7901e-01 -1.9899e-01 -1.5519e-01 -2.1903e-01 -2.4874e+00 3.7110e+00 -6.4141e-02 -1.5252e+00 1.5540e-01 2.2677e-01 1.5008e+00 8.7994e-01 1.2646e+00 -5.7960e-01 9.0014e-02 9.8248e-02 1.4864e-02 8.7296e-02 -4.4446e-02 -5.2956e-02 -8.3497e-01 -4.3051e-02 2.5919e-01
1.1226e+00 2.9678e+00 4.2737e-02 2.3966e+01 -4.2418e-03 1.2454e+01 -1.7541e+01 -2.6979e+01 6.4253e-01 -2.7813e+00 7.4793e-02 8.5278e-02 -1.4951e-01 -3.5765e+00 -2.9529e-01 1.1239e+00 -6.0330e-01 4.5844e+01 -2.3767e+01 -5.2232e+00 -5.4355e+00 -2.1784e+00 1.6835e+01 -8.3233e-01 -2.9570e-01 -3.5274e-01 1.2844e+00 -3.0857e-01 -5.0329e-01 1.3566e+00 -1.1818e+00 -6.3461e-01 -1.1718e-01 -1.1225e+01 -1.4140e+00 5.4066e-01 -1.8874e+01 -8.1443e+00 -3.6079e+00 1.4057e+01 1.0728e+01 -2.1496e-01 -3.3734e+00 7.7335e-01 3.1433e-01 -3.5165e-01 1.2971e-01 -3.8781e-01 -1.3626e-01 -4.1969e+00 -1.6997e-01 -3.8482e+00
-1.2567e+01 1.4810e+01 -6.2898e-01 -1.6467e+01 1.2831e-01 -3.6225e+00 1.8508e+01 1.3552e+01 -3.4622e+01 -2.0786e+00 -7.8413e-01 1.1834e+00 -1.5108e-01 -7.1363e+00 9.8996e-01 6.2141e-01 -1.0133e+00 -2.3767e+01 1.6489e+02 -2.6608e+01 -4.6469e+01 4.1848e-01 -1.6849e+01 -7.5524e+00 2.3341e+00 6.0274e+00 -3.4650e+00 2.2232e+00 -7.4933e-02 2.8097e-01 2.1621e+00 3.4095e+00 8.8858e-01 3.9103e+00 -3.3054e+00 -1.4245e+00 7.0211e+01 3.1368e+00 -8.0313e+00 -6.8464e+01 -9.9988e+01 2.4204e+00 1.4876e+01 -1.0606e+00 6.3269e+00 -8.5529e-01 -1.7605e-01 6.8903e-01 -1.3380e+00 5.4439e+01 2.5492e-01 1.3490e+01
7.7720e-01 1.7814e+00 -3.5474e-02 4.6594e+00 -5.7643e-02 -9.5007e+00 -1.5493e+01 4.1025e+00 2.1998e-01 5.1992e+00 1.2079e-01 1.1694e-01 2.6824e-01 -5.5197e+00 -7.1671e-02 7.4483e-01 -1.3713e+00 -5.2232e+00 -2.6608e+01 5.7515e+01 4.0494e+01 -3.5447e-01 -4.2513e+00 -1.5358e+00 -1.4056e-01 -2.9564e-01 1.6069e+00 -3.6621e-01 -9.6218e-01 8.3137e-01 3.2235e+00 -5.2501e-01 -5.8431e-01 -9.3572e+00 -2.3281e+00 1.7196e-01 -2.2725e+01 4.7762e+00 2.5407e-01 7.2645e+00 1.4673e+01 -1.6116e-01 -5.6218e-01 -2.9863e-03 -6.0290e-01 3.2981e-01 -3.7868e-02 2.3548e+00 -9.0991e-02 -3.8080e+00 -1.3677e-01 1.1412e-01
-1.7962e+00 1.1028e+00 3.1551e-01 -3.4907e+00 2.4114e-01 -1.1995e+01 -1.8346e+01 1.9311e+01 6.9837e+00 4.3340e+00 5.6328e-01 -1.1009e+00 3.7043e-01 -8.5126e+00 -7.8750e-01 -3.8485e-01 -2.9669e+00 -5.4355e+00 -4.6469e+01 4.0494e+01 9.1851e+01 -2.4995e+00 -3.2657e-01 1.7413e+01 -1.7218e+00 -1.5077e+00 1.9466e+00 -1.1378e+00 -6.7122e-01 -1.9174e+00 -1.7280e+00 -1.9859e+00 8.2593e-01 -1.9653e+01 -2.7843e+00 -4.8752e-01 -3.4108e+01 8.4802e+00 -4.8715e+00 2.8474e+01 3.1114e+01 -8.1976e-01 -6.2226e+00 1.4501e+00 -2.6453e+00 -4.1672e-01 1.6960e-01 -4.5262e-01 2.0028e+00 -1.3995e+01 9.8083e-02 -1.6110e+00
7.7142e-01 -5.9687e+00 -5.2443e-01 1.4864e-01 -8.6169e-01 6.5131e+00 7.5453e-01 -1.5082e+00 8.4021e-02 -1.1120e+00 -8.1850e-02 -4.0558e-01 5.8788e-02 8.2541e-01 -1.7038e-01 -2.1223e-01 -3.8325e-01 -2.1784e+00 4.1848e-01 -3.5447e-01 -2.4995e+00 2.9530e+01 -1.5463e+00 -1.0135e+00 -1.9957e-01 -3.7044e-01 -1.5882e+00 4.7093e-01 -5.1739e-01 -4.2705e-01 -8.2024e-01 -7.5990e-01 -4.5351e-01 1.9877e+00 -3.2018e-01 6.7115e-02 5.1047e-01 -4.5719e+00 -1.2371e+00 -3.7207e+00 -3.0115e+00 -2.9828e-01 4.6283e+00 -2.0542e-01 -1.2386e-01 -1.2112e-01 -2.9564e-02 -3.6153e-01 -1.2509e-01 -2.5635e+00 -6.5037e-01 5.4360e-01
9.1362e-01 1.4405e+00 -8.6403e-01 1.1459e+01 -8.5820e-01 1.9735e+00 -1.2161e+01 -1.3779e+01 6.7428e-01 -3.0501e+00 1.1408e-02 -3.4701e-01 2.2455e-01 -7.4469e-01 -2.5659e-01 1.1438e-01 -6.1936e-01 1.6835e+01 -1.6849e+01 -4.2513e+00 -3.2657e-01 -1.5463e+00 3.5799e+01 3.8235e+00 -5.4979e-02 -2.9738e-01 4.3792e-01 -1.0926e-01 -6.1354e-01 -1.1079e+00 -3.6383e-01 -9.3547e-01 -7.2627e-01 -5.2944e+00 -9.3351e-01 -1.4662e-01 -1.5028e+01 -5.8752e+00 -1.7335e+00 8.3176e+00 7.9589e+00 -1.6705e-01 -5.3933e+00 -1.2555e-01 -4.1909e-01 -3.0520e-01 3.4996e-01 5.6881e-01 6.7070e-02 -4.2779e-01 -8.1182e-01 -3.9855e+00
1.7570e+00 4.3158e+00 -8.8333e-02 -2.5850e+00 7.3896e-02 -5.5910e+00 -3.8249e+00 1.0121e+01 5.8412e-01 -1.2753e+00 1.8096e-01 -7.0853e-01 -3.4574e-02 -3.0076e+00 -1.8872e-01 -2.1923e-01 -8.1024e-01 -8.3233e-01 -7.5524e+00 -1.5358e+00 1.7413e+01 -1.0135e+00 3.8235e+00 3.0718e+01 -2.6563e-01 -4.0357e-01 2.6300e-01 -3.4704e-01 6.3071e-02 -1.5181e+00 -3.9447e-01 -5.8214e-01 1.5117e+00 -8.1872e+00 -8.5697e-01 -8.9591e-02 -6.4631e+00 8.7801e-01 -3.5577e+00 1.0956e+01 6.3136e+00 -1.7810e-01 -2.9023e+00 -4.3217e-02 4.0537e-01 -1.3260e-01 1.8336e-01 3.0496e-01 -5.0878e-02 -3.4309e+00 4.5865e-02 1.9621e-02
9.2478e-01 1.6529e+00 5.3490e-02 -4.1193e-01 4.6009e-02 -1.1874e+00 -6.6169e-01 -8.8320e-01 -1.6330e+00 1.4601e-02 3.8451e-02 -7.6122e-02 -1.5252e-02 -1.6536e-01 -1.6957e-01 -1.4531e-01 -1.0545e-01 -2.9570e-01 2.3341e+00 -1.4056e-01 -1.7218e+00 -1.9957e-01 -5.4979e-02 -2.6563e-01 1.1050e+01 -4.5247e-01 1.1477e-01 -9.0529e-02 -1.4682e-02 -5.2464e-02 -3.1902e-02 -6.6342e-02 4.1948e-01 -3.1915e-01 1.4726e+00 -1.2981e-01 -1.9884e-01 7.7367e-02 2.6347e+00 -7.6054e-01 1.1806e+00 2.8512e-01 -1.5204e-01 -9.0334e-02 -4.7991e-01 -2.0069e-01 6.8034e-02 -1.4270e-02 -7.0363e-02 -6.8109e-01 8.6195e-02 1.2562e-01
-6.8395e+00 -2.0892e+00 2.4750e-01 2.3298e+00 2.3911e-01 1.9351e+00 6.3582e-01 -1.0257e+00 2.0387e-01 1.3622e-01 -4.8191e-02 5.7420e-01 -3.4701e-01 -1.8166e-01 -1.3863e-01 -1.9638e-01 -1.3083e-01 -3.5274e-01 6.0274e+00 -2.9564e-01 -1.5077e+00 -3.7044e-01 -2.9738e-01 -4.0357e-01 -4.5247e-01 2.3188e+01 -1.0723e-01 1.0116e+00 -2.6178e-01 6.2759e-01 -1.8574e-01 4.9569e+00 -2.1274e-01 -1.1512e+00 -8.7473e-02 1.2074e+00 -6.8135e-01 8.7396e-01 -5.5295e-01 -3.4846e+00 -4.6367e+00 -2.0193e-01 -5.1387e-01 -1.3350e-01 -8.8504e-01 1.1028e+00 -4.5236e-02 2.8323e-01 -2.2047e-01 4.1906e+00 -1.3369e-01 9.8485e-02
2.0687e-01 -4.3742e-01 9.0680e+00 -5.3176e+00 9.2329e+00 -1.1217e-01 5.3513e+00 4.9433e+00 -9.7936e-01 1.0471e+00 1.3910e-02 -8.9845e-01 2.8023e-02 -8.2636e+00 2.5091e-01 9.4902e-02 1.2846e-01 1.2844e+00 -3.4650e+00 1.6069e+00 1.9466e+00 -1.5882e+00 4.3792e-01 2.6300e-01 1.1477e-01 -1.0723e-01 2.8994e+01 7.7303e-03 3.3611e-01 -6.0324e-01 -1.3913e+00 4.5903e-01 2.5045e-01 -8.6506e+00 -2.0097e-01 -1.2492e-02 -3.0943e+00 2.9982e+00 5.0845e-01 5.5511e+00 6.6046e+00 1.2909e-01 3.6852e+00 -5.0158e-01 5.9222e-02 1.4973e+00 5.7182e-02 3.0563e-01 8.0338e-01 -2.0471e+00 1.6142e+01 -1.4182e-01
-1.2962e+00 -1.0763e+00 1.7124e-02 1.4299e-01 1.5317e-02 6.2515e-01 2.5097e-02 -8.3862e-01 -1.3117e+00 1.5297e+00 -1.1779e-02 -7.3789e-02 -5.0583e-02 -2.4371e-01 1.5815e-02 -4.3516e-02 1.4823e-01 -3.0857e-01 2.2232e+00 -3.6621e-01 -1.1378e+00 4.7093e-01 -1.0926e-01 -3.4704e-01 -9.0529e-02 1.0116e+00 7.7303e-03 7.7224e+00 5.0152e-01 1.8821e-01 -4.9475e-02 1.0037e+00 -9.4683e-02 -2.8865e-01 -6.2203e-02 1.1666e+00 -6.9197e-01 -7.4271e-02 -2.7918e-01 9.5189e-01 1.4656e+00 1.1702e-02 5.2501e-01 -1.8159e-02 -8.1897e-02 -1.4094e-02 -1.1668e-02 4.2755e-01 -3.2896e-02 -6.5910e-01 -6.4696e-02 1.7278e-01
1.3383e-02 -1.2395e-01 4.6375e-02 -3.1845e+00 2.3702e-02 -3.3931e-01 1.2727e+00 3.9731e-01 -2.4683e-01 6.0633e+00 -4.5866e-02 -8.9471e-02 3.3330e+00 -3.1191e-01 -9.8440e-02 2.3680e-01 1.6904e-01 -5.0329e-01 -7.4933e-02 -9.6218e-01 -6.7122e-01 -5.1739e-01 -6.1354e-01 6.3071e-02 -1.4682e-02 -2.6178e-01 3.3611e-01 5.0152e-01 1.3907e+01 2.6648e-01 -9.3102e-01 -7.0718e-01 -2.5511e-01 -3.0796e-01 1.7960e-01 -9.7338e-02 6.2556e-01 7.0217e-01 8.4730e-01 7.5946e-02 9.6804e-01 -5.7230e-02 -8.5583e-01 -3.4558e-02 -3.1983e-02 -2.2300e-01 7.5980e-02 2.2620e+00 -1.8329e-02 -1.5116e-01 2.9582e-01 -3.3143e-01
-1.7250e-01 -4.5276e+00 1.5752e-01 2.6054e+00 -6.3341e-01 -9.2270e-01 -3.2000e+00 3.2930e-01 -9.1279e-01 -7.4178e-01 -6.5383e-03 -4.7558e-01 -1.7162e-01 -1.4661e+00 -1.9546e-01 -7.1311e-02 -2.7901e-01 1.3566e+00 2.8097e-01 8.3137e-01 -1.9174e+00 -4.2705e-01 -1.1079e+00 -1.5181e+00 -5.2464e-02 6.2759e-01 -6.0324e-01 1.8821e-01 2.6648e-01 2.7460e+01 1.1233e-01 -3.0476e-01 -2.9877e-01 1.5394e+00 -2.7420e-01 6.7920e-01 1.9291e+00 -4.2876e-02 2.0251e+00 -2.9099e+00 9.3333e-01 -1.8481e-01 4.9184e-01 -9.7178e-02 -1.7702e-01 -4.8677e-01 -5.7742e-02 -1.0188e-01 2.8937e-01 1.1036e+00 -9.9480e-01 1.7169e+00
-1.9615e-01 -6.2587e-01 -1.1069e-01 8.0981e-01 1.1215e-01 7.4168e-01 -1.8262e+00 -3.2037e-02 3.3286e-01 3.0578e+00 -5.3553e-02 5.5859e-02 -5.6104e-01 1.2732e+00 -1.2364e-01 -1.2459e-02 -1.9899e-01 -1.1818e+00 2.1621e+00 3.2235e+00 -1.7280e+00 -8.2024e-01 -3.6383e-01 -3.9447e-01 -3.1902e-02 -1.8574e-01 -1.3913e+00 -4.9475e-02 -9.3102e-01 1.1233e-01 2.1790e+01 -1.6178e+00 -4.7218e-01 6.0485e+00 -7.3749e-02 4.5862e-01 3.0291e+00 -4.5905e+00 4.9742e-01 -6.9140e+00 -7.2225e+00 1.4067e-01 2.3257e-01 -4.9668e-02 1.0736e-01 2.2440e-01 -6.3758e-02 2.4002e+00 3.3609e-02 4.3200e-01 4.2889e-02 2.2033e-01
-3.2764e+00 -2.7434e+00 7.4932e-02 -6.2594e-01 -1.3022e-01 2.9726e+00 -1.8151e+00 -1.1370e+00 5.8964e-01 1.7792e-01 5.0189e-02 1.4019e-01 -4.4730e-01 -4.0447e-01 -1.4766e-01 4.4196e-01 -1.5519e-01 -6.3461e-01 3.4095e+00 -5.2501e-01 -1.9859e+00 -7.5990e-01 -9.3547e-01 -5.8214e-01 -6.6342e-02 4.9569e+00 4.5903e-01 1.0037e+00 -7.0718e-01 -3.0476e-01 -1.6178e+00 2.7556e+01 5.4732e-01 -2.9117e+00 5.9268e-01 -2.9170e-01 1.2843e+00 -2.9450e+00 -3.1969e-01 1.1279e+00 2.7027e+00 -6.4138e-02 -2.1404e+00 -8.7214e-02 -6.2132e-01 2.1390e-01 1.9653e-01 -3.6735e-01 -1.6260e-01 2.1246e+00 3.0927e-02 4.9138e-01
7.3073e-02 4.7207e-01 -2.4939e-02 -1.8447e+00 -2.7785e-01 -6.2903e-02 2.1736e-01 1.8918e+00 -7.1048e-01 -1.3180e+00 -5.3115e-02 -1.3335e-01 -1.8735e-01 -7.0176e-01 -5.5456e-02 -8.6329e-02 -2.1903e-01 -1.1718e-01 8.8858e-01 -5.8431e-01 8.2593e-01 -4.5351e-01 -7.2627e-01 1.5117e+00 4.1948e-01 -2.1274e-01 2.5045e-01 -9.4683e-02 -2.5511e-01 -2.9877e-01 -4.7218e-01 5.4732e-01 1.4516e+01 -1.3429e+00 -3.0021e-01 -1.1243e-01 1.1165e+00 -4.0811e-01 -9.8598e-01 -1.7462e-01 -1.6254e+00 -5.1653e-02 1.5539e+00 -2.0114e-02 6.9210e-01 2.0976e-01 -4.1163e-02 -7.1357e-02 1.2443e-01 -6.4099e-02 -5.4938e-02 -4.0258e-02
1.0054e+01 1.3043e+00 1.3903e-01 -9.4405e-01 6.6470e-02 -2.3185e+01 7.2750e+00 2.4900e+00 -7.3750e+00 2.0082e-02 4.3066e-02 -5.7998e-01 -2.8786e-01 1.7944e+01 -6.9709e-01 -4.6201e-01 -2.4874e+00 -1.1225e+01 3.9103e+00 -9.3572e+00 -1.9653e+01 1.9877e+00 -5.2944e+00 -8.1872e+00 -3.1915e-01 -1.1512e+00 -8.6506e+00 -2.8865e-01 -3.0796e-01 1.5394e+00 6.0485e+00 -2.9117e+00 -1.3429e+00 1.0755e+02 -4.5090e+00 -1.9546e-01 9.5235e+00 -1.7444e+01 1.8752e+01 -4.8724e+01 -2.1667e+01 1.3493e-01 -6.3602e+00 8.8673e-03 -1.0802e+00 1.0701e+00 -2.7733e-01 -1.0920e+00 -1.5660e-01 8.9826e+00 1.7825e-01 -1.2170e+00
3.1795e-01 8.5141e-01 -3.0780e-01 -1.4270e+00 -3.2005e-01 -9.5683e-01 -8.8973e-01 4.9263e-01 1.0086e+00 6.2337e-01 2.7948e-01 -1.8157e-01 5.6991e-01 -3.7893e-01 -1.1312e-01 -1.8327e-01 3.7110e+00 -1.4140e+00 -3.3054e+00 -2.3281e+00 -2.7843e+00 -3.2018e-01 -9.3351e-01 -8.5697e-01 1.4726e+00 -8.7473e-02 -2.0097e-01 -6.2203e-02 1.7960e-01 -2.7420e-01 -7.3749e-02 5.9268e-01 -3.0021e-01 -4.5090e+00 1.8015e+01 -1.5355e-01 -2.7969e+00 -1.8449e-02 -2.8380e-01 3.4672e+00 3.2766e+00 -1.0664e-01 -6.8650e-01 -1.1472e-01 -2.8155e-01 -1.3306e-01 5.8176e-02 -1.1782e-01 1.6356e-01 -2.0275e+00 -4.1264e-01 4.1766e-01
-1.5958e-01 -2.6020e+00 5.2412e-02 -8.8817e-02 3.2274e-02 -3.9115e-02 4.0783e-01 -9.8681e-01 3.1248e+00 -2.7086e-02 -1.0881e-01 -1.5323e-01 -5.7027e-03 -6.0854e-02 -6.0734e-02 3.8306e-01 -6.4141e-02 5.4066e-01 -1.4245e+00 1.7196e-01 -4.8752e-01 6.7115e-02 -1.4662e-01 -8.9591e-02 -1.2981e-01 1.2074e+00 -1.2492e-02 1.1666e+00 -9.7338e-02 6.7920e-01 4.5862e-01 -2.9170e-01 -1.1243e-01 -1.9546e-01 -1.5355e-01 1.2570e+01 -9.3489e-02 -8.8584e-01 4.4217e-01 -1.0963e+00 3.2867e+00 -7.8079e-02 1.1631e+00 -6.1875e-03 -1.7723e-01 2.5419e+00 -2.7630e-02 -6.7339e-02 -7.0517e-02 -2.4425e+00 -6.4601e-02 2.5840e-01
-6.9464e+00 -1.1061e+01 -5.3705e-01 -1.6245e+01 -4.4153e-01 1.0765e+01 2.2668e+01 2.0454e+01 1.1171e-01 -3.0722e+00 -4.6928e-01 1.0081e+00 -9.7649e-01 -5.1215e+00 -6.7373e-02 -5.7136e-01 -1.5252e+00 -1.8874e+01 7.0211e+01 -2.2725e+01 -3.4108e+01 5.1047e-01 -1.5028e+01 -6.4631e+00 -1.9884e-01 -6.8135e-01 -3.0943e+00 -6.9197e-01 6.2556e-01 1.9291e+00 3.0291e+00 1.2843e+00 1.1165e+00 9.5235e+00 -2.7969e+00 -9.3489e-02 9.7270e+01 2.4926e+00 -1.1432e+01 -3.9030e+01 -6.1001e+01 3.9420e-01 1.3414e+01 -3.9479e-01 6.5436e-01 -2.7719e-01 -1.4475e-01 6.8727e-01 -4.5003e-01 2.8983e+01 2.5718e+00 8.3419e-01
-1.0104e+00 3.4282e-01 -2.6026e-01 -5.8255e+00 -2.0906e-01 -1.5893e+00 1.9739e+01 3.4343e+00 -2.3427e+00 1.9286e+00 1.0390e-01 -1.2433e-01 8.2870e-01 -4.0378e+00 -9.5271e-01 -2.2208e-01 1.5540e-01 -8.1443e+00 3.1368e+00 4.7762e+00 8.4802e+00 -4.5719e+00 -5.8752e+00 8.7801e-01 7.7367e-02 8.7396e-01 2.9982e+00 -7.4271e-02 7.0217e-01 -4.2876e-02 -4.5905e+00 -2.9450e+00 -4.0811e-01 -1.7444e+01 -1.8449e-02 -8.8584e-01 2.4926e+00 7.2751e+01 3.3347e-01 4.1010e+01 4.2306e+01 -3.2031e-01 -3.0513e+01 1.9654e-01 4.8038e-01 -1.9864e-01 3.3495e-02 -1.2267e+00 1.3666e-01 -2.4999e+00 -2.2780e-01 3.2659e+00
-1.8770e-01 3.5777e+00 -3.7458e-01 -2.5758e+00 7.3909e-02 -9.9688e+00 6.9646e+00 -5.3221e+00 -3.5440e+00 3.3522e-01 3.1524e-01 3.7639e-01 -1.6427e-01 9.1097e+00 -2.3671e-01 -3.6441e-01 2.2677e-01 -3.6079e+00 -8.0313e+00 2.5407e-01 -4.8715e+00 -1.2371e+00 -1.7335e+00 -3.5577e+00 2.6347e+00 -5.5295e-01 5.0845e-01 -2.7918e-01 8.4730e-01 2.0251e+00 4.9742e-01 -3.1969e-01 -9.8598e-01 1.8752e+01 -2.8380e-01 4.4217e-01 -1.1432e+01 3.3347e-01 4.2770e+01 -1.9921e+01 9.7681e+00 1.5650e-01 -1.5063e+00 3.1666e-01 -4.9448e-01 -5.6228e-01 1.0852e-01 -2.9363e-01 3.6598e-01 -3.7232e+00 -6.9430e-02 1.0256e+00
1.5579e+00 -1.1773e+01 1.0157e+00 1.0788e+01 9.2479e-02 1.3905e+01 1.4978e+00 9.6061e-01 2.5500e+01 1.0370e+00 3.7132e-01 -2.1603e+00 1.0487e+00 -7.8377e+00 -1.3468e+00 -7.9717e-01 1.5008e+00 1.4057e+01 -6.8464e+01 7.2645e+00 2.8474e+01 -3.7207e+00 8.3176e+00 1.0956e+01 -7.6054e-01 -3.4846e+00 5.5511e+00 9.5189e-01 7.5946e-02 -2.9099e+00 -6.9140e+00 1.1279e+00 -1.7462e-01 -4.8724e+01 3.4672e+00 -1.0963e+00 -3.9030e+01 4.1010e+01 -1.9921e+01 1.6974e+02 1.0982e+02 -1.1457e+00 -4.8513e+01 7.4890e-01 -4.3189e+00 -1.7966e+00 -1.4400e-01 3.6781e-02 1.0292e+00 -4.3553e+01 7.0190e-02 6.5708e+00
1.1572e+01 -8.3045e+00 1.1348e+00 8.1906e+00 2.2478e-01 -1.1847e+00 1.8386e+00 -3.2174e+00 1.6969e+01 8.9653e-01 8.7941e-01 1.3294e+00 1.5135e+00 1.0462e+00 -7.4708e-01 -1.1445e+00 8.7994e-01 1.0728e+01 -9.9988e+01 1.4673e+01 3.1114e+01 -3.0115e+00 7.9589e+00 6.3136e+00 1.1806e+00 -4.6367e+00 6.6046e+00 1.4656e+00 9.6804e-01 9.3333e-01 -7.2225e+00 2.7027e+00 -1.6254e+00 -2.1667e+01 3.2766e+00 3.2867e+00 -6.1001e+01 4.2306e+01 9.7681e+00 1.0982e+02 1.8057e+02 -2.5802e+00 -4.4778e+01 6.5055e-01 -9.3892e+00 5.5712e-01 -1.7913e-01 -6.2022e-01 1.0564e+00 -7.0385e+01 2.6251e-01 2.1922e+01
-7.9213e-01 5.9507e-01 4.1419e-02 -5.1616e-01 -1.5057e-02 6.0079e-02 8.1970e-02 -5.4497e-01 -3.3857e-02 2.7080e-02 4.6446e-02 6.5170e-02 1.5962e-02 -2.5856e-01 1.7364e-02 -3.3437e-02 1.2646e+00 -2.1496e-01 2.4204e+00 -1.6116e-01 -8.1976e-01 -2.9828e-01 -1.6705e-01 -1.7810e-01 2.8512e-01 -2.0193e-01 1.2909e-01 1.1702e-02 -5.7230e-02 -1.8481e-01 1.4067e-01 -6.4138e-02 -5.1653e-02 1.3493e-01 -1.0664e-01 -7.8079e-02 3.9420e-01 -3.2031e-01 1.5650e-01 -1.1457e+00 -2.5802e+00 1.0099e+01 -2.2827e-01 -3.1433e-02 -3.0028e-01 -1.9402e-01 -5.0310e-03 1.3174e-01 -4.8135e-03 7.3835e-01 5.4852e-02 6.8717e-04
-3.8916e-01 2.3545e+00 -1.4706e-01 -5.3614e+00 -1.3473e-01 1.0413e+01 -1.0678e+00 1.0475e+01 -4.0354e-01 -8.3663e-01 -2.6957e-01 -6.0939e-01 -9.3051e-01 -1.6657e+00 1.2020e+00 -4.8951e-01 -5.7960e-01 -3.3734e+00 1.4876e+01 -5.6218e-01 -6.2226e+00 4.6283e+00 -5.3933e+00 -2.9023e+00 -1.5204e-01 -5.1387e-01 3.6852e+00 5.2501e-01 -8.5583e-01 4.9184e-01 2.3257e-01 -2.1404e+00 1.5539e+00 -6.3602e+00 -6.8650e-01 1.1631e+00 1.3414e+01 -3.0513e+01 -1.5063e+00 -4.8513e+01 -4.4778e+01 -2.2827e-01 7.5250e+01 -1.9271e-01 -1.3351e-02 -5.1438e-01 -5.7632e-02 1.5428e+00 -1.4447e-01 -4.6930e+00 -2.3399e-02 -2.4813e+00
6.6012e-01 4.8769e-01 -6.3961e-01 -1.5378e-01 -6.1108e-01 -7.7186e-01 1.1451e-01 -3.5445e-01 -9.3362e-01 -6.1593e-02 -1.0725e-02 2.9055e-01 -1.6630e-02 1.9848e-01 -8.9877e-02 1.4667e-01 9.0014e-02 7.7335e-01 -1.0606e+00 -2.9863e-03 1.4501e+00 -2.0542e-01 -1.2555e-01 -4.3217e-02 -9.0334e-02 -1.3350e-01 -5.0158e-01 -1.8159e-02 -3.4558e-02 -9.7178e-02 -4.9668e-02 -8.7214e-02 -2.0114e-02 8.8673e-03 -1.1472e-01 -6.1875e-03 -3.9479e-01 1.9654e-01 3.1666e-01 7.4890e-01 6.5055e-01 -3.1433e-02 -1.9271e-01 6.9317e+00 -1.6441e-01 -1.5227e-01 -1.5333e-04 -3.1601e-02 -1.5125e-01 -2.6497e-01 -5.1031e-01 1.9163e-01
2.7412e+00 4.9517e+00 -1.2402e-01 -1.7098e+00 6.2393e-03 -3.2942e+00 2.0050e+00 -1.4362e+00 -3.2949e+00 -3.1661e-01 -8.0611e-02 -6.0077e-01 4.0085e-02 -5.8737e-02 8.6943e-01 1.0321e-02 9.8248e-02 3.1433e-01 6.3269e+00 -6.0290e-01 -2.6453e+00 -1.2386e-01 -4.1909e-01 4.0537e-01 -4.7991e-01 -8.8504e-01 5.9222e-02 -8.1897e-02 -3.1983e-02 -1.7702e-01 1.0736e-01 -6.2132e-01 6.9210e-01 -1.0802e+00 -2.8155e-01 -1.7723e-01 6.5436e-01 4.8038e-01 -4.9448e-01 -4.3189e+00 -9.3892e+00 -3.0028e-01 -1.3351e-02 -1.6441e-01 2.4651e+01 1.1479e+00 -2.1418e-02 -7.4206e-02 -3.0576e-01 -4.5444e+00 -2.9960e-03 -2.4031e-01
9.7570e-01 2.7444e-01 1.1967e+00 -4.5673e-01 1.2255e+00 -1.3496e+00 8.0498e-01 -1.2853e+00 -5.6769e-01 6.5546e-01 -7.2596e-02 8.6346e-01 -9.5775e-02 -3.5814e-01 -8.2188e-02 -1.6094e-01 1.4864e-02 -3.5165e-01 -8.5529e-01 3.2981e-01 -4.1672e-01 -1.2112e-01 -3.0520e-01 -1.3260e-01 -2.0069e-01 1.1028e+00 1.4973e+00 -1.4094e-02 -2.2300e-01 -4.8677e-01 2.2440e-01 2.1390e-01 2.0976e-01 1.0701e+00 -1.3306e-01 2.5419e+00 -2.7719e-01 -1.9864e-01 -5.6228e-01 -1.7966e+00 5.5712e-01 -1.9402e-01 -5.1438e-01 -1.5227e-01 1.1479e+00 2.2594e+01 -6.9902e-02 -1.7015e-01 -1.9948e-01 -2.3621e+00 1.4472e+00 -1.4313e+00
9.7799e-02 9.0887e-02 2.3925e-02 -4.7591e-02 2.1640e-02 -1.8461e-01 -1.5211e-01 -3.7732e-02 -1.9599e-01 -9.8863e-02 -7.3947e-03 -2.7527e-02 -2.4802e-03 -9.4996e-02 1.5788e-01 -1.4595e-02 8.7296e-02 1.2971e-01 -1.7605e-01 -3.7868e-02 1.6960e-01 -2.9564e-02 3.4996e-01 1.8336e-01 6.8034e-02 -4.5236e-02 5.7182e-02 -1.1668e-02 7.5980e-02 -5.7742e-02 -6.3758e-02 1.9653e-01 -4.1163e-02 -2.7733e-01 5.8176e-02 -2.7630e-02 -1.4475e-01 3.3495e-02 1.0852e-01 -1.4400e-01 -1.7913e-01 -5.0310e-03 -5.7632e-02 -1.5333e-04 -2.1418e-02 -6.9902e-02 3.5813e+00 1.3524e-01 -1.6916e-02 1.0960e-01 2.2603e-02 -2.2059e-01
-3.7133e-01 8.0382e-01 -8.8610e-02 1.4988e+00 1.3601e-02 -6.6555e-01 -1.8906e+00 5.1130e-01 -2.5388e-01 1.3702e+00 -2.5049e-02 2.1858e-01 1.3206e+00 -4.7230e-03 -8.4040e-02 -6.1133e-02 -4.4446e-02 -3.8781e-01 6.8903e-01 2.3548e+00 -4.5262e-01 -3.6153e-01 5.6881e-01 3.0496e-01 -1.4270e-02 2.8323e-01 3.0563e-01 4.2755e-01 2.2620e+00 -1.0188e-01 2.4002e+00 -3.6735e-01 -7.1357e-02 -1.0920e+00 -1.1782e-01 -6.7339e-02 6.8727e-01 -1.2267e+00 -2.9363e-01 3.6781e-02 -6.2022e-01 1.3174e-01 1.5428e+00 -3.1601e-02 -7.4206e-02 -1.7015e-01 1.3524e-01 1.5062e+01 -4.7757e-02 -5.0947e-01 3.8748e-02 2.0951e-02
-9.9025e-01 -1.5026e+00 -2.0471e-01 5.5374e-02 -2.0124e-01 1.5734e+00 -3.3503e-03 -7.3193e-02 8.8112e-01 -7.3386e-02 3.0071e-02 -1.3407e-01 -2.8768e-02 4.2970e-02 -7.7643e-02 -7.0644e-02 -5.2956e-02 -1.3626e-01 -1.3380e+00 -9.0991e-02 2.0028e+00 -1.2509e-01 6.7070e-02 -5.0878e-02 -7.0363e-02 -2.2047e-01 8.0338e-01 -3.2896e-02 -1.8329e-02 2.8937e-01 3.3609e-02 -1.6260e-01 1.2443e-01 -1.5660e-01 1.6356e-01 -7.0517e-02 -4.5003e-01 1.3666e-01 3.6598e-01 1.0292e+00 1.0564e+00 -4.8135e-03 -1.4447e-01 -1.5125e-01 -3.0576e-01 -1.9948e-01 -1.6916e-02 -4.7757e-02 8.8226e+00 -8.2908e-01 7.3712e-01 -6.8863e-03
-1.1922e+01 5.6757e+00 3.2480e-02 -1.4363e+00 1.6164e-01 -5.1770e+00 -1.2388e+00 -1.8537e+00 -4.2380e+00 -1.5671e+00 -3.1370e-01 2.1181e+00 -5.5391e-01 -3.1252e+00 -4.1944e-01 1.5590e+00 -8.3497e-01 -4.1969e+00 5.4439e+01 -3.8080e+00 -1.3995e+01 -2.5635e+00 -4.2779e-01 -3.4309e+00 -6.8109e-01 4.1906e+00 -2.0471e+00 -6.5910e-01 -1.5116e-01 1.1036e+00 4.3200e-01 2.1246e+00 -6.4099e-02 8.9826e+00 -2.0275e+00 -2.4425e+00 2.8983e+01 -2.4999e+00 -3.7232e+00 -4.3553e+01 -7.0385e+01 7.3835e-01 -4.6930e+00 -2.6497e-01 -4.5444e+00 -2.3621e+00 1.0960e-01 -5.0947e-01 -8.2908e-01 9.7457e+01 2.6297e-02 -2.8609e+00
4.0795e-02 -7.1013e-02 8.9266e+00 -3.1135e-01 9.1288e+00 -3.2809e-02 8.5878e-02 -3.5826e-01 -9.5431e-01 -1.4602e-01 -3.9162e-03 -9.4956e-01 -8.9238e-02 -8.5996e-01 1.5799e-01 1.2476e-02 -4.3051e-02 -1.6997e-01 2.5492e-01 -1.3677e-01 9.8083e-02 -6.5037e-01 -8.1182e-01 4.5865e-02 8.6195e-02 -1.3369e-01 1.6142e+01 -6.4696e-02 2.9582e-01 -9.9480e-01 4.2889e-02 3.0927e-02 -5.4938e-02 1.7825e-01 -4.1264e-01 -6.4601e-02 2.5718e+00 -2.2780e-01 -6.9430e-02 7.0190e-02 2.6251e-01 5.4852e-02 -2.3399e-02 -5.1031e-01 -2.9960e-03 1.4472e+00 2.2603e-02 3.8748e-02 7.3712e-01 2.6297e-02 1.7648e+01 1.7553e-01
-1.0367e-01 1.7466e+00 -6.8203e-02 -9.4347e-01 1.1901e-01 2.2834e-02 2.1019e+00 4.6021e+00 -8.1705e-01 8.7776e-01 1.1996e-01 8.3216e-02 9.9578e-02 -1.7868e+00 -2.4552e-02 1.2408e-01 2.5919e-01 -3.8482e+00 1.3490e+01 1.1412e-01 -1.6110e+00 5.4360e-01 -3.9855e+00 1.9621e-02 1.2562e-01 9.8485e-02 -1.4182e-01 1.7278e-01 -3.3143e-01 1.7169e+00 2.2033e-01 4.9138e-01 -4.0258e-02 -1.2170e+00 4.1766e-01 2.5840e-01 8.3419e-01 3.2659e+00 1.0256e+00 6.5708e+00 2.1922e+01 6.8717e-04 -2.4813e+00 1.9163e-01 -2.4031e-01 -1.4313e+00 -2.2059e-01 2.0951e-02 -6.8863e-03 -2.8609e+00 1.7553e-01 3.2404e+01
