6.4801e+01 -7.5976e-01 -2.5402e+01 -2.7323e-01 3.7308e+00 -1.0872e+01 -1.4043e+01 -3.7891e-01 6.1914e-01 2.6628e+01 2.1108e+00 1.5909e-01 -6.9921e+00 -7.4619e+00 -6.5632e-01 3.6885e+00 -3.4135e-01 -1.6276e-01 -3.5491e+00 -2.4406e-01 -2.7860e+00 9.6625e-01 1.5802e+00 -1.7367e+00 -1.0565e+00 1.5802e-02 2.2200e+00 -4.4487e-01 -3.7828e+00 -4.9648e+00 1.1609e+01 -8.1231e-01 1.1647e+00 5.1341e-02 -1.1220e+00 -4.9111e-01 1.7801e+01 1.2327e+00 1.0663e+01 -1.7765e+01 3.1787e-01 1.5304e-01 -1.8979e+00 -5.0583e-01 -1.8623e-01 1.7648e-01 -8.5674e-02 -1.3216e-01 1.3373e-01 1.0357e-01 -3.5167e-01 -6.8702e-01
-7.5976e-01 2.5070e+01 -6.8117e-01 -7.9741e+00 -6.1406e-02 3.2988e-02 8.2145e-01 1.5093e+01 -2.7174e-01 2.6211e+00 3.6607e-02 -1.4863e-02 1.0024e-01 -9.8062e-01 -3.9554e-01 -3.9561e-01 6.3129e-01 6.0755e-02 -1.9194e-01 -3.6495e-01 1.1151e-01 -1.0770e-03 1.7862e-02 -1.3517e+00 -3.8970e-01 -6.1073e-01 -7.3603e-01 -2.6847e+00 1.4815e-01 1.8923e-01 -4.6340e+00 -6.1390e-02 -1.6414e-01 2.0549e-01 -7.8595e-02 5.9577e-01 -5.8686e-01 8.2925e+00 -2.1501e+00 1.3534e+01 3.4254e-01 2.3313e-01 -2.6126e-02 6.7600e-04 1.6229e-01 -2.9482e-01 -9.9088e-01 -8.2329e-02 -1.2783e-01 9.3178e-02 -7.8616e+00 2.3191e+01
-2.5402e+01 -6.8117e-01 1.2382e+02 -1.4125e+00 -2.1809e+00 -1.4714e+01 -3.2961e+00 -6.1617e-01 2.7956e+00 -1.7275e+01 -4.3469e+00 -1.6090e+00 -2.9962e+00 -7.2071e+00 -8.4924e-01 1.0352e+01 -4.4513e+00 4.5126e-01 6.8308e+00 1.0170e+00 -6.1287e+00 -2.0575e+01 2.6840e-01 -1.1293e+01 -3.6425e-01 -1.3683e-01 3.2740e+00 -4.8648e+00 3.1156e+00 5.2280e+00 -2.4212e+01 -2.8539e-01 1.7983e+00 2.1561e+00 -3.2578e-01 1.9328e+01 -2.9138e+00 -4.8809e+00 -8.4427e+00 2.1453e+01 3.3954e+00 7.8927e-02 1.0689e+00 1.3185e+00 1.6329e-01 2.2814e+00 1.1434e+00 -7.5489e-01 2.0793e-01 -3.6101e-01 -4.1642e-01 -6.9581e-01
-2.7323e-01 -7.9741e+00 -1.4125e+00 3.3178e+01 -1.1877e-01 1.8875e-01 1.0454e+00 -6.8193e+00 -1.9545e-01 -3.8112e+00 6.5724e-02 3.2844e-01 2.8792e-01 1.6311e+00 -3.6224e-01 -3.3741e-01 9.2524e-01 -2.9542e-02 -2.8754e-01 -2.9822e-01 1.1796e-01 1.7594e-01 2.4691e-01 5.6690e-01 -4.6482e-01 -3.0048e-01 1.1255e-01 5.2948e-01 -3.3264e-01 -1.3275e-01 1.3777e+01 -1.4116e-01 4.7760e-03 -1.4890e-01 -2.8902e-01 -5.9446e-01 -4.0417e-01 -7.2445e+00 5.7617e+00 -3.4411e+00 -4.3687e-01 -4.2255e-01 -9.9568e-03 3.8073e-02 -3.9320e-02 -1.2302e-01 -8.3004e+00 1.5288e-02 -9.9245e-02 -4.7428e-02 2.1832e+01 -8.0370e+00
3.7308e+00 -6.1406e-02 -2.1809e+00 -1.1877e-01 4.6611e+01 -2.7899e+00 2.6774e+00 2.8671e-01 -2.4866e-02 7.6375e+00 -5.9980e-01 4.1941e-01 -6.9263e-01 -5.4165e-01 1.3130e+00 1.4129e+01 -3.2695e-01 1.8105e-01 -1.0496e+00 -1.7657e+00 -3.2079e+00 2.4033e+00 1.3000e-01 1.3795e+00 -3.6659e-02 -5.6302e-03 -9.4542e-01 -9.3025e+00 -2.2163e+00 -3.1720e+00 -4.3736e+00 -6.5493e-01 -2.6430e-01 -6.9286e-01 -1.1704e-01 1.8725e+00 -8.5476e-01 -9.3462e-03 -7.6932e+00 -7.2365e+00 -1.7124e-02 1.5375e-01 -4.4105e-01 -4.1646e-01 -1.5766e-02 3.3664e-01 -1.5449e-01 8.1304e-01 -7.6608e-02 3.2182e-01 -2.2015e-01 -7.0340e-02
-1.0872e+01 3.2988e-02 -1.4714e+01 1.8875e-01 -2.7899e+00 5.0259e+01 -6.2535e+00 -8.1124e-01 -5.3727e-01 -6.8962e+00 2.1320e+00 1.0727e+00 -1.4393e+00 -6.0055e-01 -1.4186e-01 -6.6119e+00 3.1318e+00 -4.1542e-01 -9.5128e-01 -3.6066e-01 9.8704e+00 2.9935e+00 -1.1174e+00 -3.8383e+00 -2.1364e-01 -1.1762e-01 -1.1088e+00 -6.7199e-01 4.9415e-01 -1.7674e+00 -5.3248e+00 3.3374e-01 -9.2386e-01 -6.6348e-01 -3.6560e-01 -6.8760e+00 3.3733e+00 -1.7059e+00 -9.0313e+00 -5.9509e+00 -9.6752e-01 -2.7289e-01 -4.5894e-01 3.9859e-01 -1.4865e-01 -7.6382e-01 2.5558e+00 -4.0700e-01 4.3031e-01 1.4078e-01 8.9304e-02 1.2120e-02
-1.4043e+01 8.2145e-01 -3.2961e+00 1.0454e+00 2.6774e+00 -6.2535e+00 1.1152e+02 -2.1552e-01 -6.2828e-01 -9.7418e+00 -1.3951e-01 -4.8059e-01 9.6198e+00 9.6046e+00 1.1005e+00 1.5656e+01 1.9904e+01 4.3151e+00 -2.9069e-01 -7.1982e-01 -1.0753e+00 -4.4420e+00 -7.9927e+00 1.3646e+00 2.4059e-02 7.2608e-01 -2.6337e-02 -2.7065e+00 -1.0684e+00 -9.3083e-01 -8.8488e+00 -7.8655e-01 -1.1343e+00 -4.9510e+00 4.9506e-02 -6.8785e+00 1.7323e+01 -2.7450e+00 -1.4112e+01 1.0578e+01 5.8765e-01 8.7731e-02 -1.3362e+00 4.2398e-01 3.3734e-02 -1.9806e+00 -2.2186e+00 -2.8313e-01 3.6513e+00 8.1522e-01 1.0782e+00 8.0282e-01
-3.7891e-01 1.5093e+01 -6.1617e-01 -6.8193e+00 2.8671e-01 -8.1124e-01 -2.1552e-01 2.7370e+01 -2.8868e-01 2.8493e+00 -5.1238e-02 -4.2709e-01 1.3289e-01 1.6782e+00 -1.9074e-01 2.7249e-01 5.6059e-02 7.5250e-04 -1.9761e-01 2.9648e-01 -3.1399e-01 -1.3275e-01 -3.5456e-01 -2.9178e-01 -3.7336e-01 -5.2510e-01 -7.9329e-01 -1.1392e+00 1.2712e-01 -3.0918e-02 -2.9233e+00 -2.8475e-02 1.4045e-03 8.0314e-02 -5.7903e-02 2.3474e-01 1.5882e-01 6.8472e+00 1.0604e+00 1.1761e+01 2.4131e-01 2.6546e-01 -2.9040e-02 2.3262e-03 1.0905e-01 -2.2915e-01 1.3910e+00 -1.7486e-01 -1.1238e-01 8.9395e-02 -4.2545e+00 1.4252e+01
6.1914e-01 -2.7174e-01 2.7956e+00 -1.9545e-01 -2.4866e-02 -5.3727e-01 -6.2828e-01 -2.8868e-01 1.2482e+01 -1.8600e+00 -3.5837e-01 6.0453e-02 -2.1496e-01 -2.8665e-01 -2.0699e-01 7.1498e-01 3.5635e-01 -9.7499e-02 1.4992e-01 -6.3664e-02 -3.1411e-01 -9.1879e-02 -3.7574e-02 -4.8559e-01 -4.6485e-02 -1.9136e-01 6.7142e-01 -2.4696e-01 -1.5119e-01 -1.9188e-01 -1.3056e+00 -1.9588e-01 2.4652e-02 -1.6011e-01 -5.1704e-02 2.4878e-02 -5.5865e-02 -3.1871e-01 -7.6126e-01 1.9300e+00 1.0523e+00 -2.8982e-02 -1.5596e-01 1.3290e+00 -4.0620e-02 5.5908e-03 -1.9161e-01 -1.2163e-01 -1.8312e-01 -3.7112e-02 -2.7833e-01 -2.9599e-01
2.6628e+01 2.6211e+00 -1.7275e+01 -3.8112e+00 7.6375e+00 -6.8962e+00 -9.7418e+00 2.8493e+00 -1.8600e+00 6.4900e+01 -2.8508e+00 4.7439e-02 -2.1326e+00 -3.4582e+00 -7.8881e-01 5.1875e+00 -4.1506e-01 -6.9812e-02 -1.8690e+00 -1.3011e-02 2.1286e+00 9.0236e-01 5.3875e+00 -7.8690e-03 3.8294e-02 -1.4788e-02 2.3272e+00 1.2018e+00 -1.6826e+00 -4.5700e+00 -9.8219e+00 1.1662e+00 2.2066e-01 1.8510e-01 -4.4910e-01 -8.6439e-01 -3.2882e+00 1.1705e+01 -6.8048e+00 -6.0125e+00 -4.5178e-01 5.1795e-02 -7.3928e-01 -1.3502e+00 -1.6925e-01 1.4779e-01 -1.1816e+00 -7.7457e-01 -7.0548e-01 3.2308e-01 -4.6453e+00 2.4385e+00
2.1108e+00 3.6607e-02 -4.3469e+00 6.5724e-02 -5.9980e-01 2.1320e+00 -1.3951e-01 -5.1238e-02 -3.5837e-01 -2.8508e+00 2.5449e+01 3.0251e-01 -1.0883e+00 -2.3936e+00 2.0841e-01 -4.1558e-01 9.3394e-01 -2.4119e-01 -5.6461e-01 -1.2253e-01 -4.5782e-01 1.0476e+00 -7.1648e-01 -9.1160e-01 -1.1831e-01 -6.7933e-01 -7.9395e-01 -5.0627e-01 -5.4492e-01 -7.3757e-01 -5.9048e+00 6.5289e-01 4.5340e-01 -1.3036e-01 -2.1894e-01 6.5361e-01 -8.8905e-01 -5.0410e-01 -6.2420e+00 5.3845e+00 -1.2323e-01 -1.2211e-01 -7.4420e-02 2.0997e-01 -1.3358e-01 -6.7454e-02 -4.7490e-01 5.8271e-01 8.7015e-01 -3.9259e-02 -2.9575e-01 2.7686e-02
1.5909e-01 -1.4863e-02 -1.6090e+00 3.2844e-01 4.1941e-01 1.0727e+00 -4.8059e-01 -4.2709e-01 6.0453e-02 4.7439e-02 3.0251e-01 1.1106e+01 2.0038e-02 9.9102e-02 -9.6995e-02 -2.1856e-01 1.0486e+00 -1.1978e-01 -9.6440e-02 -5.5852e-02 -1.3494e-01 8.7884e-01 -3.0549e-01 -5.1766e-02 5.8383e-02 -3.4427e-01 -2.1802e-01 -1.0764e-01 -1.3578e-01 -1.7875e-01 6.4672e-01 -3.6098e-02 -8.3067e-02 -2.3966e-01 -3.9239e-02 -1.0416e+00 4.9136e-01 9.1450e-02 -8.0404e-01 2.7433e+00 -2.3028e-01 3.2685e-02 3.1764e-01 -7.6381e-02 1.8193e-01 -3.9527e-02 -5.3821e-01 -1.1299e-01 -1.2192e-01 -4.2441e-02 -1.1866e-01 6.6554e-01
-6.9921e+00 1.0024e-01 -2.9962e+00 2.8792e-01 -6.9263e-01 -1.4393e+00 9.6198e+00 1.3289e-01 -2.1496e-01 -2.1326e+00 -1.0883e+00 2.0038e-02 2.4639e+01 1.3444e+01 -1.4384e-01 -2.5677e-01 -7.4930e-01 7.6774e-01 -7.7242e-01 -1.9717e-01 -6.8539e-01 -8.2079e-01 9.2544e-01 3.1661e-01 -1.9524e-01 5.2903e-02 -5.6235e-01 -6.1720e-01 -5.2950e-01 -6.2885e-01 7.5451e+00 -1.6958e-01 1.5717e+00 -3.9102e-02 -3.8253e-01 -9.7488e-01 -5.4095e-01 1.5379e-01 1.0106e+01 8.5329e+00 -3.2877e-01 -1.4459e-01 -7.2525e-01 6.4507e-01 -4.1634e-02 1.7917e+00 -2.9233e-01 1.0278e+00 1.8898e-02 -2.6566e-02 7.6487e-02 9.5953e-02
-7.4619e+00 -9.8062e-01 -7.2071e+00 1.6311e+00 -5.4165e-01 -6.0055e-01 9.6046e+00 1.6782e+00 -2.8665e-01 -3.4582e+00 -2.3936e+00 9.9102e-02 1.3444e+01 4.4805e+01 6.7706e-01 -3.0981e-01 2.0417e-01 8.4330e-01 -1.3805e+00 2.9796e-01 5.9364e+00 -6.3623e-01 -9.4530e-01 -6.5022e-01 -2.5516e-01 1.8805e-01 -9.3204e-01 7.2749e+00 -4.1033e-01 -5.4828e-01 2.3694e+01 2.8292e-03 4.2362e-02 -2.8948e-01 2.3064e+00 -1.2215e+00 -3.0841e+00 -1.7629e+00 2.1489e+01 4.0770e+00 1.9707e-02 -2.2409e-01 -1.0309e+00 3.4977e-01 1.7613e-01 -3.6621e-02 3.8330e-01 1.0450e+00 -4.5646e-01 -4.0803e-03 2.2728e+00 -9.7908e-01
-6.5632e-01 -3.9554e-01 -8.4924e-01 -3.6224e-01 1.3130e+00 -1.4186e-01 1.1005e+00 -1.9074e-01 -2.0699e-01 -7.8881e-01 2.0841e-01 -9.6995e-02 -1.4384e-01 6.7706e-01 1.4912e+01 -8.7756e-01 1.2573e-01 -8.4187e-02 -1.1487e-01 1.9706e-01 1.2777e+00 2.6844e-01 -3.6567e-01 -7.1023e-01 3.2498e-02 2.9167e-01 -1.4635e-01 -2.4312e-01 -1.4280e-01 -2.2463e-01 -3.0188e-01 -1.6128e-01 -5.1400e-02 -2.4531e-01 2.2736e-01 -1.2127e-01 -1.0742e+00 -4.3092e-01 -1.8590e+00 -7.1664e-01 1.2501e-01 -5.5306e-02 -8.4767e-02 -7.5011e-02 7.8932e-02 -7.0439e-02 4.8836e-02 2.1459e+00 3.1220e-01 -3.6517e-02 -2.1094e-01 -4.2617e-01
3.6885e+00 -3.9561e-01 1.0352e+01 -3.3741e-01 1.4129e+01 -6.6119e+00 1.5656e+01 2.7249e-01 7.1498e-01 5.1875e+00 -4.1558e-01 -2.1856e-01 -2.5677e-01 -3.0981e-01 -8.7756e-01 9.2640e+01 -5.1073e+00 -1.1662e+00 1.2397e+00 -8.2657e-01 -2.9086e+00 -2.9046e+01 9.9315e-01 6.5729e+00 2.4081e-01 -1.9895e-01 3.3632e-01 -2.3134e+00 -1.5262e+00 -1.6983e+00 -1.1284e+01 -5.5837e-01 -3.4463e-01 4.8609e+00 -3.8799e-01 4.8533e+00 9.8339e+00 -2.7776e+00 -3.3666e+00 -1.4820e+00 7.6074e-01 8.4884e-01 -2.5350e+00 -3.6075e-01 2.2320e-01 1.2745e+00 2.4869e-01 2.6664e+00 -2.1488e-01 1.5026e+00 -1.7622e-01 -3.9588e-01
-3.4135e-01 6.3129e-01 -4.4513e+00 9.2524e-01 -3.2695e-01 3.1318e+00 1.9904e+01 5.6059e-02 3.5635e-01 -4.1506e-01 9.3394e-01 1.0486e+00 -7.4930e-01 2.0417e-01 1.2573e-01 -5.1073e+00 5.9423e+01 -2.8185e+00 -6.6598e-01 -1.3899e-01 1.2534e+00 1.8294e+01 -3.7912e+00 -6.6118e+00 1.7466e-01 2.4525e+00 -7.7110e-02 4.0872e-01 4.7416e-01 7.1511e-01 -2.1251e+00 -2.8399e-01 7.3620e-01 -1.6217e+00 6.0156e-01 -8.5985e+00 2.9842e+01 -1.0771e+00 -5.2485e+00 4.7758e+00 -6.4529e-01 -2.8797e-02 -1.6070e+00 -2.4321e-01 -2.0533e-01 -3.0854e-01 -3.7398e-01 -3.2652e-01 -1.7854e+00 4.9244e-01 5.6338e-01 6.7468e-01
-1.6276e-01 6.0755e-02 4.5126e-01 -2.9542e-02 1.8105e-01 -4.1542e-01 4.3151e+00 7.5250e-04 -9.7499e-02 -6.9812e-02 -2.4119e-01 -1.1978e-01 7.6774e-01 8.4330e-01 -8.4187e-02 -1.1662e+00 -2.8185e+00 1.2709e+01 -1.0181e-01 2.2822e-02 -1.0784e-01 -5.4331e+00 -5.9431e-01 -9.7152e-01 -1.4995e-02 -2.6486e-02 -3.6420e-02 -7.4873e-02 -2.9745e-02 1.4435e-03 -3.6662e-01 3.5268e-02 -6.6154e-02 -5.1457e-01 4.1705e-02 5.1035e+00 -2.3380e+00 -2.4531e-01 -7.5458e-01 6.2868e-01 -1.3199e-01 -5.4061e-02 -2.3407e-02 5.5288e-01 -6.3525e-02 -6.2287e-02 -2.9994e-01 -9.2280e-02 -4.4543e-01 -7.4001e-02 -6.4586e-02 5.5977e-02
-3.5491e+00 -1.9194e-01 6.8308e+00 -2.8754e-01 -1.0496e+00 -9.5128e-01 -2.9069e-01 -1.9761e-01 1.4992e-01 -1.8690e+00 -5.6461e-01 -9.6440e-02 -7.7242e-01 -1.3805e+00 -1.1487e-01 1.2397e+00 -6.6598e-01 -1.0181e-01 1.7175e+01 8.7706e-01 -6.3576e-01 -7.6057e-01 -4.9586e-01 -6.7443e-01 -4.2711e-02 -8.5248e-02 2.0131e-01 -4.7645e-01 -2.6962e-01 -2.8708e-01 -1.3407e+00 -1.8549e-01 -1.5954e-01 4.7344e-01 7.4122e-02 1.5631e-01 -1.4446e+00 -4.8115e-01 3.1526e+00 4.3738e+00 -2.0090e-01 -3.6498e-02 6.2301e+00 6.8803e-01 -1.2570e-01 -1.3797e-01 -1.9243e-01 -1.8868e-01 -6.3395e-03 -7.0052e-02 -3.8405e-01 -2.0392e-01
-2.4406e-01 -3.6495e-01 1.0170e+00 -2.9822e-01 -1.7657e+00 -3.6066e-01 -7.1982e-01 2.9648e-01 -6.3664e-02 -1.3011e-02 -1.2253e-01 -5.5852e-02 -1.9717e-01 2.9796e-01 1.9706e-01 -8.2657e-01 -1.3899e-01 2.2822e-02 8.7706e-01 1.0764e+01 -1.1773e-01 2.9469e-01 4.9406e-02 -2.0475e-01 -1.0819e-01 1.4332e-01 4.6351e-02 2.0615e+00 1.6452e-02 -4.0261e-02 -4.1867e-01 1.9569e-01 -6.5245e-02 -6.4799e-02 1.7094e-01 7.5430e-02 -6.9784e-01 -8.6012e-02 1.1483e+00 1.2453e+00 2.8841e-02 -3.3549e-02 -1.5270e-01 6.1168e-03 -7.7720e-02 4.2204e-02 1.5204e-01 -3.6731e-02 -9.0594e-02 -3.6894e-02 -8.5139e-02 -4.1828e-01
-2.7860e+00 1.1151e-01 -6.1287e+00 1.1796e-01 -3.2079e+00 9.8704e+00 -1.0753e+00 -3.1399e-01 -3.1411e-01 2.1286e+00 -4.5782e-01 -1.3494e-01 -6.8539e-01 5.9364e+00 1.2777e+00 -2.9086e+00 1.2534e+00 -1.0784e-01 -6.3576e-01 -1.1773e-01 3.7137e+01 -2.5840e+00 -2.8516e-01 -1.9950e+00 -1.7744e-02 -1.4638e-01 -6.9305e-01 5.5397e+00 -4.0481e-01 -7.2796e-01 1.8161e+00 4.9971e+00 1.8698e-01 -5.5408e-01 2.8535e+00 -4.6941e+00 5.4211e+00 -1.2748e+00 -2.2106e-01 2.6352e+00 1.7965e-01 -2.0699e-02 1.0367e-01 -2.6719e-01 -1.9729e-02 -7.6664e-01 -2.8435e-01 -5.4577e-01 -3.8193e-01 5.6418e-01 1.0565e-01 1.0826e-01
9.6625e-01 -1.0770e-03 -2.0575e+01 1.7594e-01 2.4033e+00 2.9935e+00 -4.4420e+00 -1.3275e-01 -9.1879e-02 9.0236e-01 1.0476e+00 8.7884e-01 -8.2079e-01 -6.3623e-01 2.6844e-01 -2.9046e+01 1.8294e+01 -5.4331e+00 -7.6057e-01 2.9469e-01 -2.5840e+00 7.9082e+01 2.5786e+00 6.3073e+00 -7.3511e-02 1.0082e+00 3.8672e-01 -2.1844e+00 9.1067e-01 5.6891e-01 1.7736e+01 7.1024e-01 -9.6450e-01 -4.7191e+00 -1.3214e-01 -2.2235e+01 2.9441e+00 5.8447e+00 1.3559e+01 2.8030e+00 -3.0509e+00 -3.9717e-01 7.3464e-01 3.7463e-01 -3.1484e-01 -4.8707e-01 6.6480e-01 -1.1263e+00 -5.1261e+00 -2.1134e-01 1.8445e-01 -2.1898e-03
1.5802e+00 1.7862e-02 2.6840e-01 2.4691e-01 1.3000e-01 -1.1174e+00 -7.9927e+00 -3.5456e-01 -3.7574e-02 5.3875e+00 -7.1648e-01 -3.0549e-01 9.2544e-01 -9.4530e-01 -3.6567e-01 9.9315e-01 -3.7912e+00 -5.9431e-01 -4.9586e-01 4.9406e-02 -2.8516e-01 2.5786e+00 2.8393e+01 9.5095e+00 -1.1199e-01 -4.9959e-01 -4.1989e-01 -6.7108e-01 -1.3961e-01 -6.4161e-01 8.5410e+00 1.6835e-01 1.2767e+00 5.3242e-01 -1.7679e-01 -3.5745e+00 -6.5313e+00 5.7207e+00 1.0148e+01 3.2805e+00 1.5313e-02 -1.0981e-01 -5.4597e-01 -2.3030e-01 2.0187e-01 -1.2848e-01 1.1940e+00 -3.6207e-01 -9.2331e-01 -1.8521e-01 1.9870e-01 1.7932e-03
-1.7367e+00 -1.3517e+00 -1.1293e+01 5.6690e-01 1.3795e+00 -3.8383e+00 1.3646e+00 -2.9178e-01 -4.8559e-01 -7.8690e-03 -9.1160e-01 -5.1766e-02 3.1661e-01 -6.5022e-01 -7.1023e-01 6.5729e+00 -6.6118e+00 -9.7152e-01 -6.7443e-01 -2.0475e-01 -1.9950e+00 6.3073e+00 9.5095e+00 5.5468e+01 9.9099e-02 -5.6720e-01 1.0233e-02 -9.6633e-01 3.6981e-02 3.9302e-02 1.5987e+01 -3.6540e-01 -7.9660e-01 -7.9656e-01 -3.7228e-01 -1.3397e+01 -1.0501e+01 -1.6878e+00 1.7648e+01 -4.2445e+00 -1.0404e+00 -2.1849e-01 2.8894e+00 3.4217e-02 -1.5614e-01 -8.3602e-01 9.1290e-01 -4.0133e-03 -1.0854e+00 -3.7613e-01 3.2794e-01 -1.3601e+00
-1.0565e+00 -3.8970e-01 -3.6425e-01 -4.6482e-01 -3.6659e-02 -2.1364e-01 2.4059e-02 -3.7336e-01 -4.6485e-02 3.8294e-02 -1.1831e-01 5.8383e-02 -1.9524e-01 -2.5516e-01 3.2498e-02 2.4081e-01 1.7466e-01 -1.4995e-02 -4.2711e-02 -1.0819e-01 -1.7744e-02 -7.3511e-02 -1.1199e-01 9.9099e-02 6.8022e+00 -2.5120e-02 8.5591e-01 8.4252e-01 -8.9505e-02 -1.1469e-01 7.8514e-01 -2.2400e-02 -3.9554e-02 -3.6825e-02 -5.7236e-02 -7.2227e-02 1.1231e+00 -4.2229e-01 7.2026e-01 -1.4432e+00 -1.3210e-01 -5.4064e-02 -1.0360e-01 -3.2701e-02 -2.2558e-02 6.4141e-02 5.8483e-01 -4.9668e-02 -5.1987e-03 -2.2514e-02 -4.9201e-02 7.7134e-01
1.5802e-02 -6.1073e-01 -1.3683e-01 -3.0048e-01 -5.6302e-03 -1.1762e-01 7.2608e-01 -5.2510e-01 -1.9136e-01 -1.4788e-02 -6.7933e-01 -3.4427e-01 5.2903e-02 1.8805e-01 2.9167e-01 -1.9895e-01 2.4525e+00 -2.6486e-02 -8.5248e-02 1.4332e-01 -1.4638e-01 1.0082e+00 -4.9959e-01 -5.6720e-01 -2.5120e-02 1.1159e+01 -1.5363e-02 5.4206e-02 -1.1758e-01 -1.9381e-01 -6.3148e-01 -2.3670e-02 -1.6549e-01 -6.4548e-02 -9.6090e-03 -5.3524e-01 1.8317e+00 -2.7518e-01 -6.7877e-01 -2.0791e+00 -4.4873e-02 -3.2298e-02 -1.2467e-01 -6.0152e-03 -1.7363e-02 5.3052e-02 -1.2772e-01 4.4679e-02 -4.6535e-01 -4.1135e-03 -2.2071e-01 -6.1726e-01
2.2200e+00 -7.3603e-01 3.2740e+00 1.1255e-01 -9.4542e-01 -1.1088e+00 -2.6337e-02 -7.9329e-01 6.7142e-01 2.3272e+00 -7.9395e-01 -2.1802e-01 -5.6235e-01 -9.3204e-01 -1.4635e-01 3.3632e-01 -7.7110e-02 -3.6420e-02 2.0131e-01 4.6351e-02 -6.9305e-01 3.8672e-01 -4.1989e-01 1.0233e-02 8.5591e-01 -1.5363e-02 2.0748e+01 1.8186e+00 -8.8414e-01 -1.0362e+00 -4.4452e+00 -5.4814e-01 -3.3601e-01 -9.0032e-02 -8.8305e-02 -9.7325e-01 -1.5278e+00 9.9128e-01 -2.2872e+00 -1.9077e+00 -2.4022e-01 -1.1999e-01 3.7374e-01 -2.0564e-01 5.7312e-02 -6.5755e-02 1.5081e+00 -1.8312e-01 -2.2302e-01 4.0392e-02 4.5453e-01 -5.7751e-01
-4.4487e-01 -2.6847e+00 -4.8648e+00 5.2948e-01 -9.3025e+00 -6.7199e-01 -2.7065e+00 -1.1392e+00 -2.4696e-01 1.2018e+00 -5.0627e-01 -1.0764e-01 -6.1720e-01 7.2749e+00 -2.4312e-01 -2.3134e+00 4.0872e-01 -7.4873e-02 -4.7645e-01 2.0615e+00 5.5397e+00 -2.1844e+00 -6.7108e-01 -9.6633e-01 8.4252e-01 5.4206e-02 1.8186e+00 3.0392e+01 -3.9648e-01 -5.1366e-01 2.6632e+00 2.6082e-02 -1.8913e-02 -3.3847e-01 3.2245e+00 -3.2654e+00 -3.3808e+00 -2.2431e+00 9.0389e+00 4.2514e-01 5.0282e-02 -1.4294e-01 -4.7325e-01 -1.0089e-01 -1.0737e-01 -3.1138e-01 2.4267e+00 2.0811e-01 9.9250e-02 1.8136e-01 1.5981e+00 -2.4960e+00
-3.7828e+00 1.4815e-01 3.1156e+00 -3.3264e-01 -2.2163e+00 4.9415e-01 -1.0684e+00 1.2712e-01 -1.5119e-01 -1.6826e+00 -5.4492e-01 -1.3578e-01 -5.2950e-01 -4.1033e-01 -1.4280e-01 -1.5262e+00 4.7416e-01 -2.9745e-02 -2.6962e-01 1.6452e-02 -4.0481e-01 9.1067e-01 -1.3961e-01 3.6981e-02 -8.9505e-02 -1.1758e-01 -8.8414e-01 -3.9648e-01 1.8451e+01 9.9778e+00 -2.8966e+00 -5.6142e-01 -3.4924e-01 -1.9524e-01 2.1920e-01 4.6436e+00 -1.7871e+00 5.3095e-01 -2.0365e+00 3.2549e+00 -9.0373e-02 7.1224e-01 -7.5857e-02 -2.7524e-01 -2.2471e-02 -1.1179e-01 9.5360e-02 -2.6203e-01 -2.0964e-01 1.5805e-01 4.0731e-01 1.4060e-01
-4.9648e+00 1.8923e-01 5.2280e+00 -1.3275e-01 -3.1720e+00 -1.7674e+00 -9.3083e-01 -3.0918e-02 -1.9188e-01 -4.5700e+00 -7.3757e-01 -1.7875e-01 -6.2885e-01 -5.4828e-01 -2.2463e-01 -1.6983e+00 7.1511e-01 1.4435e-03 -2.8708e-01 -4.0261e-02 -7.2796e-01 5.6891e-01 -6.4161e-01 3.9302e-02 -1.1469e-01 -1.9381e-01 -1.0362e+00 -5.1366e-01 9.9778e+00 2.0861e+01 -4.3512e+00 -6.2456e-01 -4.1260e-01 -8.1528e-02 1.5525e-01 4.6420e+00 -1.4556e+00 -2.8609e-01 -3.2159e+00 1.8437e+00 2.8432e-01 3.7263e-01 -5.9582e-02 1.2346e-01 -1.1523e-02 -5.5732e-02 -1.2076e-01 -3.2769e-01 -2.5104e-01 1.3965e-01 -2.4335e-01 1.7621e-01
1.1609e+01 -4.6340e+00 -2.4212e+01 1.3777e+01 -4.3736e+00 -5.3248e+00 -8.8488e+00 -2.9233e+00 -1.3056e+00 -9.8219e+00 -5.9048e+00 6.4672e-01 7.5451e+00 2.3694e+01 -3.0188e-01 -1.1284e+01 -2.1251e+00 -3.6662e-01 -1.3407e+00 -4.1867e-01 1.8161e+00 1.7736e+01 8.5410e+00 1.5987e+01 7.8514e-01 -6.3148e-01 -4.4452e+00 2.6632e+00 -2.8966e+00 -4.3512e+00 1.2951e+02 -1.4275e+00 2.1683e+00 -1.0551e+00 1.8652e+00 -1.4444e+01 1.5645e+01 -6.5590e+00 8.0175e+01 -1.4677e+01 -1.6894e+00 -7.0171e-01 8.0728e-01 7.3587e-01 -6.7873e-01 -3.3913e-01 -3.2485e+00 3.5880e-01 -2.2379e+00 -3.2058e-01 9.1727e+00 -4.8123e+00
-8.1231e-01 -6.1390e-02 -2.8539e-01 -1.4116e-01 -6.5493e-01 3.3374e-01 -7.8655e-01 -2.8475e-02 -1.9588e-01 1.1662e+00 6.5289e-01 -3.6098e-02 -1.6958e-01 2.8292e-03 -1.6128e-01 -5.5837e-01 -2.8399e-01 3.5268e-02 -1.8549e-01 1.9569e-01 4.9971e+00 7.1024e-01 1.6835e-01 -3.6540e-01 -2.2400e-02 -2.3670e-02 -5.4814e-01 2.6082e-02 -5.6142e-01 -6.2456e-01 -1.4275e+00 1.1426e+01 -2.0608e-01 -3.8991e-02 -5.4322e-02 -7.0639e-01 1.3093e+00 -4.6544e-01 -1.6338e-01 -1.2968e+00 -1.6938e-02 -4.6285e-02 -5.9497e-02 -1.6548e-01 -4.3446e-02 1.0835e+00 6.4816e-02 -1.5759e-01 -2.4522e-02 -1.0217e-02 -1.7139e-01 -6.6304e-02
1.1647e+00 -1.6414e-01 1.7983e+00 4.7760e-03 -2.6430e-01 -9.2386e-01 -1.1343e+00 1.4045e-03 2.4652e-02 2.2066e-01 4.5340e-01 -8.3067e-02 1.5717e+00 4.2362e-02 -5.1400e-02 -3.4463e-01 7.3620e-01 -6.6154e-02 -1.5954e-01 -6.5245e-02 1.8698e-01 -9.6450e-01 1.2767e+00 -7.9660e-01 -3.9554e-02 -1.6549e-01 -3.3601e-01 -1.8913e-02 -3.4924e-01 -4.1260e-01 2.1683e+00 -2.0608e-01 1.2095e+01 -1.5961e-01 -5.5252e-02 -2.0444e+00 2.4109e+00 -3.8345e-01 2.4573e+00 3.6182e+00 -1.5666e-01 -6.2290e-02 -1.7349e-01 2.1690e-02 -4.1032e-02 1.7654e+00 -9.0394e-02 -4.3317e-02 -2.3086e-01 -4.2136e-02 -2.8798e-02 -1.7038e-01
5.1341e-02 2.0549e-01 2.1561e+00 -1.4890e-01 -6.9286e-01 -6.6348e-01 -4.9510e+00 8.0314e-02 -1.6011e-01 1.8510e-01 -1.3036e-01 -2.3966e-01 -3.9102e-02 -2.8948e-01 -2.4531e-01 4.8609e+00 -1.6217e+00 -5.1457e-01 4.7344e-01 -6.4799e-02 -5.5408e-01 -4.7191e+00 5.3242e-01 -7.9656e-01 -3.6825e-02 -6.4548e-02 -9.0032e-02 -3.3847e-01 -1.9524e-01 -8.1528e-02 -1.0551e+00 -3.8991e-02 -1.5961e-01 2.1640e+01 -4.3610e-02 7.2170e+00 -4.4007e+00 -9.1771e-02 -1.8134e+00 -4.7639e-01 -2.4908e-01 -4.5231e-02 -5.5945e-01 -1.4585e-01 7.0117e-04 -2.4033e-01 1.2300e+00 5.7768e-01 -6.1780e-01 -2.1383e-01 -1.0777e-01 1.9684e-01
-1.1220e+00 -7.8595e-02 -3.2578e-01 -2.8902e-01 -1.1704e-01 -3.6560e-01 4.9506e-02 -5.7903e-02 -5.1704e-02 -4.4910e-01 -2.1894e-01 -3.9239e-02 -3.8253e-01 2.3064e+00 2.2736e-01 -3.8799e-01 6.0156e-01 4.1705e-02 7.4122e-02 1.7094e-01 2.8535e+00 -1.3214e-01 -1.7679e-01 -3.7228e-01 -5.7236e-02 -9.6090e-03 -8.8305e-02 3.2245e+00 2.1920e-01 1.5525e-01 1.8652e+00 -5.4322e-02 -5.5252e-02 -4.3610e-02 7.4773e+00 -5.7927e-02 -7.2815e-01 -2.4888e-01 1.5280e+00 1.8037e+00 5.2587e-01 -3.6803e-02 -2.1921e-01 -3.0187e-02 -3.8338e-03 6.1418e-02 4.0515e-01 9.5896e-02 1.8759e-02 8.3698e-02 5.4874e-02 -8.1258e-02
-4.9111e-01 5.9577e-01 1.9328e+01 -5.9446e-01 1.8725e+00 -6.8760e+00 -6.8785e+00 2.3474e-01 2.4878e-02 -8.6439e-01 6.5361e-01 -1.0416e+00 -9.7488e-01 -1.2215e+00 -1.2127e-01 4.8533e+00 -8.5985e+00 5.1035e+00 1.5631e-01 7.5430e-02 -4.6941e+00 -2.2235e+01 -3.5745e+00 -1.3397e+01 -7.2227e-02 -5.3524e-01 -9.7325e-01 -3.2654e+00 4.6436e+00 4.6420e+00 -1.4444e+01 -7.0639e-01 -2.0444e+00 7.2170e+00 -5.7927e-02 9.0806e+01 -2.9774e+01 5.4676e+00 -1.2234e+01 1.3426e+00 4.1869e+00 2.0041e-01 -6.8398e-01 -5.6489e-01 -3.2523e-01 -2.4619e+00 -8.1893e-01 1.5844e+00 -2.8707e+00 -6.4530e-01 -5.6414e-01 5.9285e-01
1.7801e+01 -5.8686e-01 -2.9138e+00 -4.0417e-01 -8.5476e-01 3.3733e+00 1.7323e+01 1.5882e-01 -5.5865e-02 -3.2882e+00 -8.8905e-01 4.9136e-01 -5.4095e-01 -3.0841e+00 -1.0742e+00 9.8339e+00 2.9842e+01 -2.3380e+00 -1.4446e+00 -6.9784e-01 5.4211e+00 2.9441e+00 -6.5313e+00 -1.0501e+01 1.1231e+00 1.8317e+00 -1.5278e+00 -3.3808e+00 -1.7871e+00 -1.4556e+00 1.5645e+01 1.3093e+00 2.4109e+00 -4.4007e+00 -7.2815e-01 -2.9774e+01 1.2010e+02 -4.2467e+00 2.6953e+01 -7.6848e+00 -2.2524e+00 6.8078e-01 -2.4991e+00 -1.7258e-01 -1.6959e-01 4.4695e+00 5.7116e-01 -1.3489e+00 -1.2089e-01 7.6068e-01 -3.8627e-01 -5.8949e-01
1.2327e+00 8.2925e+00 -4.8809e+00 -7.2445e+00 -9.3462e-03 -1.7059e+00 -2.7450e+00 6.8472e+00 -3.1871e-01 1.1705e+01 -5.0410e-01 9.1450e-02 1.5379e-01 -1.7629e+00 -4.3092e-01 -2.7776e+00 -1.0771e+00 -2.4531e-01 -4.8115e-01 -8.6012e-02 -1.2748e+00 5.8447e+00 5.7207e+00 -1.6878e+00 -4.2229e-01 -2.7518e-01 9.9128e-01 -2.2431e+00 5.3095e-01 -2.8609e-01 -6.5590e+00 -4.6544e-01 -3.8345e-01 -9.1771e-02 -2.4888e-01 5.4676e+00 -4.2467e+00 4.7744e+01 3.5422e-01 2.1559e+01 -1.6728e-02 7.3017e-01 2.3984e-01 -1.9609e-01 8.7804e-01 -7.1992e-01 -3.0379e+00 -2.4113e-01 -2.9904e-01 1.0322e-01 -9.3510e+00 7.8775e+00
1.0663e+01 -2.1501e+00 -8.4427e+00 5.7617e+00 -7.6932e+00 -9.0313e+00 -1.4112e+01 1.0604e+00 -7.6126e-01 -6.8048e+00 -6.2420e+00 -8.0404e-01 1.0106e+01 2.1489e+01 -1.8590e+00 -3.3666e+00 -5.2485e+00 -7.5458e-01 3.1526e+00 1.1483e+00 -2.2106e-01 1.3559e+01 1.0148e+01 1.7648e+01 7.2026e-01 -6.7877e-01 -2.2872e+00 9.0389e+00 -2.0365e+00 -3.2159e+00 8.0175e+01 -1.6338e-01 2.4573e+00 -1.8134e+00 1.5280e+00 -1.2234e+01 2.6953e+01 3.5422e-01 1.4120e+02 -2.0177e+01 -1.7293e+00 2.8652e-01 8.1433e+00 4.4408e-02 -6.6906e-01 4.4076e+00 -2.2661e+00 -8.6183e-02 -2.5356e+00 -3.0058e-01 2.1905e+00 -2.1413e+00
-1.7765e+01 1.3534e+01 2.1453e+01 -3.4411e+00 -7.2365e+00 -5.9509e+00 1.0578e+01 1.1761e+01 1.9300e+00 -6.0125e+00 5.3845e+00 2.7433e+00 8.5329e+00 4.0770e+00 -7.1664e-01 -1.4820e+00 4.7758e+00 6.2868e-01 4.3738e+00 1.2453e+00 2.6352e+00 2.8030e+00 3.2805e+00 -4.2445e+00 -1.4432e+00 -2.0791e+00 -1.9077e+00 4.2514e-01 3.2549e+00 1.8437e+00 -1.4677e+01 -1.2968e+00 3.6182e+00 -4.7639e-01 1.8037e+00 1.3426e+00 -7.6848e+00 2.1559e+01 -2.0177e+01 1.2707e+02 3.6798e-01 1.3581e+00 3.0193e+00 1.7095e+00 8.2574e-01 -4.4229e-02 -1.0475e+01 -1.5680e-01 3.4202e-01 2.0524e-01 -1.1262e+01 1.2911e+01
3.1787e-01 3.4254e-01 3.3954e+00 -4.3687e-01 -1.7124e-02 -9.6752e-01 5.8765e-01 2.4131e-01 1.0523e+00 -4.5178e-01 -1.2323e-01 -2.3028e-01 -3.2877e-01 1.9707e-02 1.2501e-01 7.6074e-01 -6.4529e-01 -1.3199e-01 -2.0090e-01 2.8841e-02 1.7965e-01 -3.0509e+00 1.5313e-02 -1.0404e+00 -1.3210e-01 -4.4873e-02 -2.4022e-01 5.0282e-02 -9.0373e-02 2.8432e-01 -1.6894e+00 -1.6938e-02 -1.5666e-01 -2.4908e-01 5.2587e-01 4.1869e+00 -2.2524e+00 -1.6728e-02 -1.7293e+00 3.6798e-01 1.5980e+01 -1.2525e-01 7.8430e-01 -1.2372e-01 -8.5007e-02 -1.6483e-01 1.9379e+00 -6.1217e-02 -4.3001e-01 -9.4553e-02 1.2067e+00 3.0578e-01
1.5304e-01 2.3313e-01 7.8927e-02 -4.2255e-01 1.5375e-01 -2.7289e-01 8.7731e-02 2.6546e-01 -2.8982e-02 5.1795e-02 -1.2211e-01 3.2685e-02 -1.4459e-01 -2.2409e-01 -5.5306e-02 8.4884e-01 -2.8797e-02 -5.4061e-02 -3.6498e-02 -3.3549e-02 -2.0699e-02 -3.9717e-01 -1.0981e-01 -2.1849e-01 -5.4064e-02 -3.2298e-02 -1.1999e-01 -1.4294e-01 7.1224e-01 3.7263e-01 -7.0171e-01 -4.6285e-02 -6.2290e-02 -4.5231e-02 -3.6803e-02 2.0041e-01 6.8078e-01 7.3017e-01 2.8652e-01 1.3581e+00 -1.2525e-01 7.4513e+00 -9.2782e-02 1.7451e-02 -3.1225e-02 -3.0397e-02 -6.0022e-02 -6.2531e-02 -5.3599e-02 -4.2173e-02 -6.4228e-01 2.1728e-01
-1.8979e+00 -2.6126e-02 1.0689e+00 -9.9568e-03 -4.4105e-01 -4.5894e-01 -1.3362e+00 -2.9040e-02 -1.5596e-01 -7.3928e-01 -7.4420e-02 3.1764e-01 -7.2525e-01 -1.0309e+00 -8.4767e-02 -2.5350e+00 -1.6070e+00 -2.3407e-02 6.2301e+00 -1.5270e-01 1.0367e-01 7.3464e-01 -5.4597e-01 2.8894e+00 -1.0360e-01 -1.2467e-01 3.7374e-01 -4.7325e-01 -7.5857e-02 -5.9582e-02 8.0728e-01 -5.9497e-02 -1.7349e-01 -5.5945e-01 -2.1921e-01 -6.8398e-01 -2.4991e+00 2.3984e-01 8.1433e+00 3.0193e+00 7.8430e-01 -9.2782e-02 1.8648e+01 -2.0135e-01 -1.4141e-01 -1.5955e-01 -8.6214e-02 -1.5270e-01 -3.2407e-01 -1.8552e-03 -8.4243e-03 4.2438e-01
-5.0583e-01 6.7600e-04 1.3185e+00 3.8073e-02 -4.1646e-01 3.9859e-01 4.2398e-01 2.3262e-03 1.3290e+00 -1.3502e+00 2.0997e-01 -7.6381e-02 6.4507e-01 3.4977e-01 -7.5011e-02 -3.6075e-01 -2.4321e-01 5.5288e-01 6.8803e-01 6.1168e-03 -2.6719e-01 3.7463e-01 -2.3030e-01 3.4217e-02 -3.2701e-02 -6.0152e-03 -2.0564e-01 -1.0089e-01 -2.7524e-01 1.2346e-01 7.3587e-01 -1.6548e-01 2.1690e-02 -1.4585e-01 -3.0187e-02 -5.6489e-01 -1.7258e-01 -1.9609e-01 4.4408e-02 1.7095e+00 -1.2372e-01 1.7451e-02 -2.0135e-01 9.8235e+00 -3.1271e-02 1.1037e-01 -1.3483e-01 2.8772e-02 -7.0644e-02 5.7915e-02 -2.4946e-02 -2.4823e-03
-1.8623e-01 1.6229e-01 1.6329e-01 -3.9320e-02 -1.5766e-02 -1.4865e-01 3.3734e-02 1.0905e-01 -4.0620e-02 -1.6925e-01 -1.3358e-01 1.8193e-01 -4.1634e-02 1.7613e-01 7.8932e-02 2.2320e-01 -2.0533e-01 -6.3525e-02 -1.2570e-01 -7.7720e-02 -1.9729e-02 -3.1484e-01 2.0187e-01 -1.5614e-01 -2.2558e-02 -1.7363e-02 5.7312e-02 -1.0737e-01 -2.2471e-02 -1.1523e-02 -6.7873e-01 -4.3446e-02 -4.1032e-02 7.0117e-04 -3.8338e-03 -3.2523e-01 -1.6959e-01 8.7804e-01 -6.6906e-01 8.2574e-01 -8.5007e-02 -3.1225e-02 -1.4141e-01 -3.1271e-02 6.0698e+00 -2.4601e-02 -1.0196e-01 -2.9997e-02 4.5648e-03 -2.6956e-02 -1.1360e-01 1.5516e-01
1.7648e-01 -2.9482e-01 2.2814e+00 -1.2302e-01 3.3664e-01 -7.6382e-01 -1.9806e+00 -2.2915e-01 5.5908e-03 1.4779e-01 -6.7454e-02 -3.9527e-02 1.7917e+00 -3.6621e-02 -7.0439e-02 1.2745e+00 -3.0854e-01 -6.2287e-02 -1.3797e-01 4.2204e-02 -7.6664e-01 -4.8707e-01 -1.2848e-01 -8.3602e-01 6.4141e-02 5.3052e-02 -6.5755e-02 -3.1138e-01 -1.1179e-01 -5.5732e-02 -3.3913e-01 1.0835e+00 1.7654e+00 -2.4033e-01 6.1418e-02 -2.4619e+00 4.4695e+00 -7.1992e-01 4.4076e+00 -4.4229e-02 -1.6483e-01 -3.0397e-02 -1.5955e-01 1.1037e-01 -2.4601e-02 1.2171e+01 3.9394e-01 6.4607e-02 -8.4917e-02 1.2682e+00 5.8129e-02 -3.0080e-01
-8.5674e-02 -9.9088e-01 1.1434e+00 -8.3004e+00 -1.5449e-01 2.5558e+00 -2.2186e+00 1.3910e+00 -1.9161e-01 -1.1816e+00 -4.7490e-01 -5.3821e-01 -2.9233e-01 3.8330e-01 4.8836e-02 2.4869e-01 -3.7398e-01 -2.9994e-01 -1.9243e-01 1.5204e-01 -2.8435e-01 6.6480e-01 1.1940e+00 9.1290e-01 5.8483e-01 -1.2772e-01 1.5081e+00 2.4267e+00 9.5360e-02 -1.2076e-01 -3.2485e+00 6.4816e-02 -9.0394e-02 1.2300e+00 4.0515e-01 -8.1893e-01 5.7116e-01 -3.0379e+00 -2.2661e+00 -1.0475e+01 1.9379e+00 -6.0022e-02 -8.6214e-02 -1.3483e-01 -1.0196e-01 3.9394e-01 2.8573e+01 -9.9686e-02 -3.5382e-01 2.7255e-01 9.1101e+00 -3.1532e-01
-1.3216e-01 -8.2329e-02 -7.5489e-01 1.5288e-02 8.1304e-01 -4.0700e-01 -2.8313e-01 -1.7486e-01 -1.2163e-01 -7.7457e-01 5.8271e-01 -1.1299e-01 1.0278e+00 1.0450e+00 2.1459e+00 2.6664e+00 -3.2652e-01 -9.2280e-02 -1.8868e-01 -3.6731e-02 -5.4577e-01 -1.1263e+00 -3.6207e-01 -4.0133e-03 -4.9668e-02 4.4679e-02 -1.8312e-01 2.0811e-01 -2.6203e-01 -3.2769e-01 3.5880e-01 -1.5759e-01 -4.3317e-02 5.7768e-01 9.5896e-02 1.5844e+00 -1.3489e+00 -2.4113e-01 -8.6183e-02 -1.5680e-01 -6.1217e-02 -6.2531e-02 -1.5270e-01 2.8772e-02 -2.9997e-02 6.4607e-02 -9.9686e-02 1.2455e+01 -1.4654e-01 -7.6896e-02 -1.8563e-03 -8.9697e-02
1.3373e-01 -1.2783e-01 2.0793e-01 -9.9245e-02 -7.6608e-02 4.3031e-01 3.6513e+00 -1.1238e-01 -1.8312e-01 -7.0548e-01 8.7015e-01 -1.2192e-01 1.8898e-02 -4.5646e-01 3.1220e-01 -2.1488e-01 -1.7854e+00 -4.4543e-01 -6.3395e-03 -9.0594e-02 -3.8193e-01 -5.1261e+00 -9.2331e-01 -1.0854e+00 -5.1987e-03 -4.6535e-01 -2.2302e-01 9.9250e-02 -2.0964e-01 -2.5104e-01 -2.2379e+00 -2.4522e-02 -2.3086e-01 -6.1780e-01 1.8759e-02 -2.8707e+00 -1.2089e-01 -2.9904e-01 -2.5356e+00 3.4202e-01 -4.3001e-01 -5.3599e-02 -3.2407e-01 -7.0644e-02 4.5648e-03 -8.4917e-02 -3.5382e-01 -1.4654e-01 1.9575e+01 3.0442e-01 -1.5046e-01 -5.4088e-02
1.0357e-01 9.3178e-02 -3.6101e-01 -4.7428e-02 3.2182e-01 1.4078e-01 8.1522e-01 8.9395e-02 -3.7112e-02 3.2308e-01 -3.9259e-02 -4.2441e-02 -2.6566e-02 -4.0803e-03 -3.6517e-02 1.5026e+00 4.9244e-01 -7.4001e-02 -7.0052e-02 -3.6894e-02 5.6418e-01 -2.1134e-01 -1.8521e-01 -3.7613e-01 -2.2514e-02 -4.1135e-03 4.0392e-02 1.8136e-01 1.5805e-01 1.3965e-01 -3.2058e-01 -1.0217e-02 -4.2136e-02 -2.1383e-01 8.3698e-02 -6.4530e-01 7.6068e-01 1.0322e-01 -3.0058e-01 2.0524e-01 -9.4553e-02 -4.2173e-02 -1.8552e-03 5.7915e-02 -2.6956e-02 1.2682e+00 2.7255e-01 -7.6896e-02 3.0442e-01 6.3289e+00 -3.6790e-02 9.0096e-02
-3.5167e-01 -7.8616e+00 -4.1642e-01 2.1832e+01 -2.2015e-01 8.9304e-02 1.0782e+00 -4.2545e+00 -2.7833e-01 -4.6453e+00 -2.9575e-01 -1.1866e-01 7.6487e-02 2.2728e+00 -2.1094e-01 -1.7622e-01 5.6338e-01 -6.4586e-02 -3.8405e-01 -8.5139e-02 1.0565e-01 1.8445e-01 1.9870e-01 3.2794e-01 -4.9201e-02 -2.2071e-01 4.5453e-01 1.5981e+00 4.0731e-01 -2.4335e-01 9.1727e+00 -1.7139e-01 -2.8798e-02 -1.0777e-01 5.4874e-02 -5.6414e-01 -3.8627e-01 -9.3510e+00 2.1905e+00 -1.1262e+01 1.2067e+00 -6.4228e-01 -8.4243e-03 -2.4946e-02 -1.1360e-01 5.8129e-02 9.1101e+00 -1.8563e-03 -1.5046e-01 -3.6790e-02 3.0005e+01 -7.4825e+00
-6.8702e-01 2.3191e+01 -6.9581e-01 -8.0370e+00 -7.0340e-02 1.2120e-02 8.0282e-01 1.4252e+01 -2.9599e-01 2.4385e+00 2.7686e-02 6.6554e-01 9.5953e-02 -9.7908e-01 -4.2617e-01 -3.9588e-01 6.7468e-01 5.5977e-02 -2.0392e-01 -4.1828e-01 1.0826e-01 -2.1898e-03 1.7932e-03 -1.3601e+00 7.7134e-01 -6.1726e-01 -5.7751e-01 -2.4960e+00 1.4060e-01 1.7621e-01 -4.8123e+00 -6.6304e-02 -1.7038e-01 1.9684e-01 -8.1258e-02 5.9285e-01 -5.8949e-01 7.8775e+00 -2.1413e+00 1.2911e+01 3.0578e-01 2.1728e-01 4.2438e-01 -2.4823e-03 1.5516e-01 -3.0080e-01 -3.1532e-01 -8.9697e-02 -5.4088e-02 9.0096e-02 -7.4825e+00 2.4277e+01
