9.9883e+01 -4.6504e+00 4.7328e+01 1.1274e+00 -5.3052e+01 -2.3525e+01 -2.5151e+01 -3.8558e+00 1.9738e-01 -4.0537e+00 -4.7392e+00 -2.5849e+00 3.8107e-01 1.9057e+01 -1.0285e+00 -1.5727e+00 -8.6386e+00 -2.5634e-01 7.5902e+00 1.3396e-01 8.3199e+00 1.3863e+00 1.8169e+00 -8.6461e+00 1.6741e-01 -3.5656e+00 9.4629e-02 1.8093e+01 5.3575e+00 2.8205e+01 9.9374e+00 2.1706e+00 7.5538e-01 -1.1559e-01 -2.4581e+01 1.4776e+00 1.6322e+00 -3.2516e-01 2.6514e+01 -8.8713e+00 5.2532e-01 -2.3721e+00 -1.9695e+00 -5.7572e-01 -2.4757e-01 -6.9068e-01 2.4800e+00 1.3441e+00 6.6905e-01 -7.1830e-01 -5.2465e+00 3.9937e+00
-4.6504e+00 1.0095e+02 7.4320e+01 -7.8369e+01 -1.8670e+00 -1.6806e+01 -4.4470e+01 2.4819e-01 5.7326e+01 -3.2470e+01 -4.7757e+00 -3.2369e+01 -1.7568e+00 1.1035e+01 -5.0129e-01 -4.3692e+00 -1.1873e+01 3.4372e-02 9.2743e+00 -7.3836e-01 1.6055e+01 1.5208e+00 2.1059e-01 -3.4569e-01 -6.5253e-01 2.7613e+01 -3.9375e+00 -7.2890e-01 -3.9637e+00 9.2517e-01 3.7963e+00 -4.5183e-01 -3.7419e-01 -2.6981e-01 -2.0691e+00 6.0282e-02 4.0265e+00 -1.8416e-01 2.0038e+01 -1.6975e+00 -4.3031e-01 -6.0797e-01 -1.1580e-01 1.8703e-01 1.8101e-01 1.1148e+00 8.4438e-01 -4.4840e+00 -1.2134e+00 -5.5780e-01 -9.5801e-01 4.5047e-01
4.7328e+01 7.4320e+01 1.7694e+02 -7.4827e+01 -5.3208e+01 -5.0388e+01 -9.7630e+01 -1.3159e+00 6.4209e+01 -3.3707e+01 -8.0499e+00 -6.8139e+01 -1.4590e+00 4.8117e+01 7.1919e-01 -2.2984e+00 -1.5929e+01 -1.5760e+00 2.4568e+01 2.7792e-01 3.3888e+01 2.0360e+00 1.1127e+00 -1.7687e+01 -3.8467e-01 3.4266e+01 -2.5743e+00 1.7981e+01 2.6654e+00 3.2268e+01 1.9061e+01 5.4792e-01 5.5188e-01 -4.6668e-01 -3.1002e+01 1.3286e+00 2.8786e+00 -2.6905e+00 5.9570e+01 -8.9636e+00 1.5540e-01 -5.6947e+00 -1.9787e+00 3.4124e-01 1.0427e+00 4.1309e-01 3.0791e+00 -3.9707e+00 -4.2621e-01 -1.2078e+00 -3.3340e+00 3.3745e+00
1.1274e+00 -7.8369e+01 -7.4827e+01 1.2114e+02 -1.7994e+00 8.9729e+00 4.4651e+01 1.3563e+01 -5.9125e+01 2.5179e+01 1.8252e+00 2.2560e+01 1.1371e+00 -1.6428e+01 -2.6242e+00 5.0450e+00 1.8185e+01 5.5744e-01 -9.9981e+00 5.1365e-01 -1.6681e+01 -2.3465e+00 2.3606e-01 3.0466e+00 1.2210e+00 -2.8174e+01 4.0605e+00 3.4081e+00 3.2603e+00 9.1392e+00 -3.6503e+00 1.9325e-01 -1.0973e+00 8.7623e-01 3.1797e-01 -1.3304e+00 -1.7444e+00 2.7996e-01 -1.4066e+01 1.5439e-01 -2.2009e-01 1.0767e+00 -4.3531e-01 -2.5011e-01 -4.1602e-01 -1.3383e+00 -3.9305e-01 3.4110e+00 8.7488e-01 4.6434e+00 1.1994e+01 -4.6285e+00
-5.3052e+01 -1.8670e+00 -5.3208e+01 -1.7994e+00 1.2195e+02 -2.6073e+00 1.6409e+01 -5.8024e-01 2.5719e+00 3.2829e+00 4.1209e+00 4.2275e+00 -8.1107e-01 -3.8455e+01 -2.8162e+00 -2.3218e+00 1.2593e+01 1.0180e+00 -1.8229e+01 -9.6751e-01 -1.8537e+01 1.1936e+00 2.1022e+00 1.2112e+01 -2.2800e-01 6.6439e+00 -7.7808e-01 -1.9743e+01 -7.2755e+00 -3.3901e+01 -1.6103e+01 -6.0000e-01 2.0442e-01 -1.2295e+00 3.0418e+01 -8.7361e-01 -2.7148e+00 4.8221e+00 -2.5523e+01 1.2808e+01 -1.1784e+00 -7.1705e-01 1.2924e+00 -4.9922e-01 -5.1852e-01 1.2179e+00 -2.5990e+00 -1.6813e+00 -2.5574e-01 -3.5688e-01 9.1494e-01 -2.2672e+00
-2.3525e+01 -1.6806e+01 -5.0388e+01 8.9729e+00 -2.6073e+00 1.4574e+02 5.7199e+01 -1.4708e+00 -3.3117e+01 -1.0834e+01 -1.0565e+00 7.2700e+01 -8.9667e-01 7.4142e+00 1.8881e+00 -7.9977e-01 -4.0346e+00 -1.1170e+00 1.4525e+01 -7.8880e-01 1.6230e+01 -3.3942e+00 -2.7498e+00 1.4602e+01 -8.2162e-02 -2.1540e+01 -2.5156e+00 6.5881e+00 8.7926e+00 -1.6498e+01 7.8481e+00 2.2332e+00 -1.8879e+00 1.4761e-01 8.2279e+00 3.6517e-02 -3.9492e+00 -9.8172e-01 -3.9986e+01 1.5713e+00 -3.3078e+00 1.7132e+00 1.3526e+00 -5.7189e-01 -7.7569e-01 -1.7212e+00 3.8477e-01 -2.1220e+00 -1.8658e-01 -4.8275e-01 -1.7918e+00 4.3625e+00
-2.5151e+01 -4.4470e+01 -9.7630e+01 4.4651e+01 1.6409e+01 5.7199e+01 1.2867e+02 1.8752e-02 -4.9874e+01 2.7443e+01 3.3804e+00 8.3086e+01 1.2306e+00 -2.6503e+01 -2.2856e+00 1.4341e+00 1.2810e+00 -7.2987e-01 -2.5843e+01 -3.6269e-01 -3.0379e+01 -3.5279e+00 -1.8162e+00 2.5771e+01 -5.2243e-01 -1.2942e+01 1.9058e+00 -1.0001e+00 -2.4059e+00 -3.6975e+01 -2.1810e+01 -9.9336e-01 -1.2806e+00 4.2893e-01 1.9104e+01 -7.0712e-01 -3.2718e+00 1.7960e-01 -5.0928e+01 3.2287e+00 2.9649e-01 1.9415e+00 2.3830e-01 -9.5669e-01 -2.4631e+00 -1.4645e+00 -1.0813e+00 5.0182e+00 8.0914e-01 9.0635e-01 -1.2733e-01 1.3373e+00
-3.8558e+00 2.4819e-01 -1.3159e+00 1.3563e+01 -5.8024e-01 -1.4708e+00 1.8752e-02 2.1711e+01 1.4942e-01 -1.7254e+00 -3.9122e+00 -4.8495e+00 -3.3152e-01 -6.3253e-02 -2.1509e+00 -2.2182e-01 4.4618e+00 -2.5026e-01 -5.0849e-02 5.8162e-02 -3.5921e-01 -5.6208e-01 -2.5481e-01 -2.4904e-01 -1.6196e-01 -6.5787e-01 4.3567e-01 2.4840e-01 3.3392e-01 2.7750e+00 2.5074e-01 -2.1029e-01 4.9302e-02 5.1386e-02 1.4120e-01 3.9649e-02 -6.0524e-01 -8.0233e-02 2.2886e+00 -7.8900e-01 -2.1770e-01 -5.2929e-01 2.5471e-02 1.8465e-01 1.1948e-01 3.7277e-01 7.2508e-02 4.3351e-02 -1.6240e-01 3.1308e+00 1.5983e+01 -3.5158e+00
1.9738e-01 5.7326e+01 6.4209e+01 -5.9125e+01 2.5719e+00 -3.3117e+01 -4.9874e+01 1.4942e-01 1.0092e+02 -3.6463e+01 -4.0740e+00 -3.8869e+01 -1.5627e+00 2.1471e+01 -1.7966e-01 -6.0537e+00 -1.0111e+01 -5.4646e-01 1.0718e+01 -3.9785e-01 1.2051e+01 1.9878e+00 3.4691e-01 9.5119e-01 -5.7605e-01 2.0565e+01 -2.7132e+00 -5.3550e-01 -3.2689e+00 6.7963e+00 7.6679e+00 -1.3570e+00 -8.5903e-01 -3.7192e-01 -1.1138e+00 8.6288e-02 6.8405e-01 4.9521e-01 2.4891e+01 -1.2854e+00 -2.5606e-01 -4.3232e+00 9.7622e-01 8.0869e-01 -3.6615e-01 1.4874e+00 1.1498e+00 -3.4602e+00 -8.3120e-01 -1.4229e-01 -7.0820e-01 -1.0530e+00
-4.0537e+00 -3.2470e+01 -3.3707e+01 2.5179e+01 3.2829e+00 -1.0834e+01 2.7443e+01 -1.7254e+00 -3.6463e+01 1.1573e+02 2.2621e+00 9.9247e-01 8.0161e-01 -1.7989e+01 2.6497e+00 4.7845e+00 1.0598e+01 2.1441e+00 -1.3015e+01 4.7486e-01 -1.8424e+01 -6.7073e-02 -1.0104e+00 -3.5503e+00 -7.1772e-02 -8.0938e+00 -9.3100e-01 1.0259e+01 -2.8869e+00 1.8073e+01 -7.7785e+00 -3.3632e+00 1.3476e+00 5.4717e-01 -4.8314e+00 -6.4188e-02 -1.0570e+00 -3.7093e+00 5.9327e+00 -5.3102e+00 1.0942e+00 7.8387e+00 8.3222e-01 -9.4716e-01 7.9840e-01 -1.5508e+00 -8.2485e-02 5.3692e+00 -7.6034e-02 -5.4278e-01 -3.5490e-01 -2.2385e+00
-4.7392e+00 -4.7757e+00 -8.0499e+00 1.8252e+00 4.1209e+00 -1.0565e+00 3.3804e+00 -3.9122e+00 -4.0740e+00 2.2621e+00 3.2028e+01 -8.9298e+00 3.8798e+00 1.6117e+00 3.1984e+00 -6.2850e-01 -1.7491e+00 -2.9083e-01 -1.2229e+00 -4.5658e-02 -1.1234e+00 -5.7142e-01 8.6316e-02 -4.0577e+00 -1.6449e-01 -2.5984e+00 4.5369e+00 2.6957e+00 -1.5364e-01 -1.4686e+00 -1.3408e+00 3.3617e-01 7.3455e-02 -1.1805e-01 -1.3456e+00 8.6150e-02 1.0639e-01 5.5767e-01 -2.7649e+00 3.3880e-01 -2.5461e-01 -3.5368e-01 -3.9673e-01 9.3847e-02 -1.8191e-01 1.1209e+00 -3.4509e-01 -2.7479e-01 3.1198e-01 -5.6305e-01 1.1029e+01 -6.2605e+00
-2.5849e+00 -3.2369e+01 -6.8139e+01 2.2560e+01 4.2275e+00 7.2700e+01 8.3086e+01 -4.8495e+00 -3.8869e+01 9.9247e-01 -8.9298e+00 1.7454e+02 -4.2124e-01 -1.7622e+01 -1.6461e+00 -1.2624e+00 2.0025e+00 -1.8243e+00 -2.5962e+01 8.4270e-02 -2.8923e+01 -7.0815e-01 -1.4422e+00 5.9288e+01 6.7514e-01 -1.7402e+01 -2.3003e+00 1.5563e+01 -1.2419e+00 -5.1895e+01 -1.8506e+01 -2.2212e-01 1.5118e+00 1.6703e+00 2.9072e+01 5.4095e-01 -3.3631e+00 1.6198e+00 -7.4443e+01 5.4772e+00 -2.9220e+00 1.0417e-01 -3.3847e+00 -6.1564e-01 -2.0914e+00 -2.6430e+00 1.8918e+00 1.1535e+00 9.1063e-01 -1.4490e+00 -8.1811e+00 2.1200e+01
3.8107e-01 -1.7568e+00 -1.4590e+00 1.1371e+00 -8.1107e-01 -8.9667e-01 1.2306e+00 -3.3152e-01 -1.5627e+00 8.0161e-01 3.8798e+00 -4.2124e-01 1.0785e+01 6.3745e-01 -1.5314e-01 -2.2442e-01 -5.6194e-01 -1.8467e-01 -3.8734e-01 -2.7128e-02 -3.5158e-01 -1.1257e-01 -2.1191e-02 -2.1467e-01 2.2069e-01 -1.2485e-01 8.2428e-01 1.5775e-01 -2.9960e-02 5.3995e-01 -3.6611e-01 7.5570e-01 -6.1774e-02 -3.6810e-02 -4.6433e-01 -8.2160e-02 2.5270e-01 1.8109e-02 -2.1875e-01 -3.0386e-01 -9.4358e-03 -6.4913e-02 -7.1654e-02 -4.7710e-02 -4.3478e-02 7.5715e-03 2.6241e-02 -1.3532e-01 3.6977e-01 -1.4590e-01 2.0781e+00 -1.5585e+00
1.9057e+01 1.1035e+01 4.8117e+01 -1.6428e+01 -3.8455e+01 7.4142e+00 -2.6503e+01 -6.3253e-02 2.1471e+01 -1.7989e+01 1.6117e+00 -1.7622e+01 6.3745e-01 1.3565e+02 -1.3872e+00 -1.1499e+00 -6.5839e+00 -9.3389e-01 4.4881e+01 -5.0450e-01 5.3866e+01 -1.1171e+00 -1.8056e+00 5.4444e+00 1.1402e+00 -6.5360e+00 3.4697e+00 1.6334e+01 1.2990e+01 3.8474e+01 3.2931e+01 1.7879e+00 1.0010e+00 1.7388e+00 -2.1298e+01 -1.1403e+00 -7.6444e-01 -3.2098e+00 2.6079e+01 -7.9683e+00 -1.8996e+00 -2.3427e+00 -8.7373e-01 1.3051e+00 -2.1611e-01 8.4209e-01 -6.4870e-02 -8.9039e-01 2.4741e-01 -7.1308e-01 -5.5322e-02 1.0381e+00
-1.0285e+00 -5.0129e-01 7.1919e-01 -2.6242e+00 -2.8162e+00 1.8881e+00 -2.2856e+00 -2.1509e+00 -1.7966e-01 2.6497e+00 3.1984e+00 -1.6461e+00 -1.5314e-01 -1.3872e+00 1.6632e+01 -1.7331e-01 -3.2480e-01 -1.6538e-01 -6.2320e-01 8.1216e-01 -6.7185e-01 -2.2110e-01 -7.6236e-02 -1.8717e+00 -2.1863e-01 -1.1151e+00 -7.6879e-02 3.3582e-01 2.0266e-01 -1.5046e+00 -4.0680e-01 -2.4180e-01 -2.4636e-01 -1.5009e-01 1.1106e+00 -1.5073e-01 -2.4898e-01 -2.8341e-01 -3.0839e+00 -4.5071e-01 -8.2379e-02 -1.6615e-01 2.1027e-01 -1.0010e-01 -9.6395e-02 4.5780e-01 -2.7554e-01 6.1326e-02 -5.5812e-02 2.3144e-01 3.2976e-01 1.2491e+00
-1.5727e+00 -4.3692e+00 -2.2984e+00 5.0450e+00 -2.3218e+00 -7.9977e-01 1.4341e+00 -2.2182e-01 -6.0537e+00 4.7845e+00 -6.2850e-01 -1.2624e+00 -2.2442e-01 -1.1499e+00 -1.7331e-01 2.8226e+01 2.6024e+00 -2.7577e-01 -1.7112e+00 -9.2561e-02 -2.1226e+00 7.5837e-01 -1.6879e-02 1.0453e+00 4.8392e-03 2.6180e+00 2.1872e+00 1.3341e+00 2.3529e+00 -2.5236e+00 9.6220e-01 2.6688e-02 2.4390e-01 6.0040e-03 -4.5912e-01 3.2491e-02 -4.2510e-01 -2.0809e-01 -1.1751e+00 1.5710e-01 5.0785e-02 -4.0483e-01 -6.1550e-02 -3.6845e-01 -1.4505e-01 -1.1258e-01 1.0513e+00 1.4271e-02 2.9142e-01 -1.8844e-01 -6.2885e-01 -2.9958e-01
-8.6386e+00 -1.1873e+01 -1.5929e+01 1.8185e+01 1.2593e+01 -4.0346e+00 1.2810e+00 4.4618e+00 -1.0111e+01 1.0598e+01 -1.7491e+00 2.0025e+00 -5.6194e-01 -6.5839e+00 -3.2480e-01 2.6024e+00 6.2237e+01 1.0379e-01 -2.1640e+00 -2.6943e-01 -6.2128e+00 3.9207e-01 1.3289e+00 -3.6468e-01 -4.6365e-03 1.0575e+00 -7.4787e-01 -5.1309e+00 2.8778e+00 -5.7249e+00 -5.4153e+00 -9.5518e-01 -2.0355e-01 -5.2432e-01 6.1205e+00 3.0386e+00 -2.8559e-01 -9.0583e-04 -9.9935e+00 1.2949e-02 -3.5852e-01 -3.9188e-03 4.6053e+00 1.6063e+00 -7.7453e-01 -5.1213e-01 1.1706e+00 -9.2984e-01 -9.8352e-02 2.5480e+00 3.8480e+00 -2.6032e+00
-2.5634e-01 3.4372e-02 -1.5760e+00 5.5744e-01 1.0180e+00 -1.1170e+00 -7.2987e-01 -2.5026e-01 -5.4646e-01 2.1441e+00 -2.9083e-01 -1.8243e+00 -1.8467e-01 -9.3389e-01 -1.6538e-01 -2.7577e-01 1.0379e-01 1.2612e+01 -3.8945e-01 -3.5457e-02 -5.9174e-01 -1.6399e-01 -1.0152e-01 -1.2857e+00 -1.3133e-01 -8.8545e-01 -9.9691e-02 -9.4125e-01 -1.8601e-01 9.0613e-01 -3.6969e-01 -3.8420e-02 -2.4292e-01 -1.8737e-01 -5.5146e-01 -1.0081e-01 2.9287e-02 -1.2226e-01 2.5751e-01 -2.1888e-01 -1.0533e-01 -2.3800e-01 -1.7883e-01 -2.1903e-02 5.1874e-02 -1.8268e-01 -6.8516e-02 -1.5701e-01 -8.6984e-02 -3.0677e-01 -5.9651e-01 -5.9703e-01
7.5902e+00 9.2743e+00 2.4568e+01 -9.9981e+00 -1.8229e+01 1.4525e+01 -2.5843e+01 -5.0849e-02 1.0718e+01 -1.3015e+01 -1.2229e+00 -2.5962e+01 -3.8734e-01 4.4881e+01 -6.2320e-01 -1.7112e+00 -2.1640e+00 -3.8945e-01 7.0636e+01 -3.1776e-01 5.4730e+01 2.7670e-01 -9.5750e-01 -1.3931e+01 -5.3772e-01 -1.4481e+01 -1.0340e+00 -4.6187e+00 1.0851e+01 3.0944e+01 4.3372e+01 2.3240e+00 -4.2804e-01 -4.1022e-01 -9.0514e+00 -6.5619e-01 8.8137e-01 -1.9605e+00 1.6394e+01 -2.6393e+00 -1.9650e-01 -1.3829e+00 3.0565e+00 -1.3374e-01 -6.7431e-01 -4.6124e-01 3.6898e+00 -1.0695e+00 1.1214e-01 -4.6384e-01 -8.4192e-02 2.4750e-02
1.3396e-01 -7.3836e-01 2.7792e-01 5.1365e-01 -9.6751e-01 -7.8880e-01 -3.6269e-01 5.8162e-02 -3.9785e-01 4.7486e-01 -4.5658e-02 8.4270e-02 -2.7128e-02 -5.0450e-01 8.1216e-01 -9.2561e-02 -2.6943e-01 -3.5457e-02 -3.1776e-01 6.9599e+00 -6.2214e-01 2.0517e-01 -4.2901e-02 -6.4346e-01 -5.3602e-02 1.1583e+00 -2.9830e-02 -3.3881e-01 -2.6619e-01 -1.3565e+00 5.8124e-01 3.1832e-02 4.9626e-01 -8.5009e-02 6.4606e-01 3.1386e-01 -4.4859e-02 -1.3550e-01 -5.7574e-01 -6.5898e-02 3.5817e-03 -1.3455e-01 3.7104e-02 2.8143e-01 -4.8711e-02 -9.7217e-02 -8.3693e-02 -1.2783e-01 1.0322e+00 -1.4988e-02 5.7674e-02 -3.4570e-02
8.3199e+00 1.6055e+01 3.3888e+01 -1.6681e+01 -1.8537e+01 1.6230e+01 -3.0379e+01 -3.5921e-01 1.2051e+01 -1.8424e+01 -1.1234e+00 -2.8923e+01 -3.5158e-01 5.3866e+01 -6.7185e-01 -2.1226e+00 -6.2128e+00 -5.9174e-01 5.4730e+01 -6.2214e-01 8.4218e+01 -6.6801e-01 7.0665e-02 -1.4043e+01 3.0374e-01 -3.5231e+00 -1.2521e+00 -3.2808e+00 1.1165e+01 2.5595e+01 4.2499e+01 2.4335e+00 -3.8550e-01 -1.6993e-01 -1.0696e+01 7.7068e-01 8.8455e-01 -1.4150e+00 1.9005e+01 -1.9183e+00 6.4472e-02 -1.7279e+00 2.4125e-01 -1.6907e-01 -1.4013e+00 -9.2899e-01 -6.6277e-01 -1.8238e+00 5.7578e-01 -2.1196e-01 -3.8710e-01 -4.6996e-01
1.3863e+00 1.5208e+00 2.0360e+00 -2.3465e+00 1.1936e+00 -3.3942e+00 -3.5279e+00 -5.6208e-01 1.9878e+00 -6.7073e-02 -5.7142e-01 -7.0815e-01 -1.1257e-01 -1.1171e+00 -2.2110e-01 7.5837e-01 3.9207e-01 -1.6399e-01 2.7670e-01 2.0517e-01 -6.6801e-01 1.4887e+01 -6.7932e-02 1.4490e+00 5.4251e-02 1.0648e+00 -1.7479e-01 -1.1277e+00 -2.2441e-01 -8.3034e-01 1.2068e+00 -1.9393e-01 3.5744e+00 2.5852e-01 1.9712e+00 -6.7338e-02 1.6710e-01 -2.2538e-01 -4.0633e-01 2.4602e+00 3.4871e-02 -1.6860e-01 -2.0770e-01 6.9958e-02 -1.2806e-01 1.8363e-01 -2.3794e-01 -2.5750e-01 -1.1270e-01 -3.1211e-01 -9.1087e-01 3.6134e-01
1.8169e+00 2.1059e-01 1.1127e+00 2.3606e-01 2.1022e+00 -2.7498e+00 -1.8162e+00 -2.5481e-01 3.4691e-01 -1.0104e+00 8.6316e-02 -1.4422e+00 -2.1191e-02 -1.8056e+00 -7.6236e-02 -1.6879e-02 1.3289e+00 -1.0152e-01 -9.5750e-01 -4.2901e-02 7.0665e-02 -6.7932e-02 8.2681e+00 -6.8856e-01 -8.4950e-02 3.2416e+00 -2.4119e-02 -3.6597e-01 -7.7247e-01 -2.5301e+00 -9.1677e-01 -8.6820e-02 -1.7365e-01 -8.9930e-02 -9.1790e-01 1.2695e+00 -1.8037e-01 3.3159e+00 7.7765e-01 1.5528e-03 -3.5025e-02 -1.0561e-01 -6.3494e-02 -5.7529e-02 7.4950e-04 -4.0352e-02 -4.6767e-02 -1.0245e-01 -3.8534e-02 -9.1423e-02 -2.5508e-01 1.2043e-01
-8.6461e+00 -3.4569e-01 -1.7687e+01 3.0466e+00 1.2112e+01 1.4602e+01 2.5771e+01 -2.4904e-01 9.5119e-01 -3.5503e+00 -4.0577e+00 5.9288e+01 -2.1467e-01 5.4444e+00 -1.8717e+00 1.0453e+00 -3.6468e-01 -1.2857e+00 -1.3931e+01 -6.4346e-01 -1.4043e+01 1.4490e+00 -6.8856e-01 8.6558e+01 5.9875e-01 -6.6939e+00 -8.2178e-02 1.5559e+01 -3.1335e+00 -3.1606e+01 -1.0409e+01 -6.7957e-02 1.8593e+00 1.4578e+00 3.3362e+01 -2.7824e+00 -1.4000e+00 -2.8089e+00 -3.4990e+01 7.4497e+00 -3.3016e+00 -3.0277e+00 -4.2710e+00 1.4143e-01 2.3409e+00 -2.4988e+00 2.7325e+00 5.2553e-02 -6.8665e-01 -1.0845e+00 -3.0579e-01 4.6353e+00
1.6741e-01 -6.5253e-01 -3.8467e-01 1.2210e+00 -2.2800e-01 -8.2162e-02 -5.2243e-01 -1.6196e-01 -5.7605e-01 -7.1772e-02 -1.6449e-01 6.7514e-01 2.2069e-01 1.1402e+00 -2.1863e-01 4.8392e-03 -4.6365e-03 -1.3133e-01 -5.3772e-01 -5.3602e-02 3.0374e-01 5.4251e-02 -8.4950e-02 5.9875e-01 1.1981e+01 -5.6746e-01 2.1095e-02 7.8669e-01 -3.1429e-01 1.6056e-01 -7.3621e-02 -3.6168e-02 1.3088e+00 -2.9733e-01 6.0182e-01 -2.5958e-01 -2.3627e-01 -1.3158e-01 -3.9826e-01 4.6638e-01 4.5757e-02 -1.4123e-01 9.8454e-02 1.3920e-02 -3.1048e-02 -8.8054e-02 -2.9215e-01 9.3390e-01 -4.6296e-02 -1.7513e-01 -1.9997e-01 -2.7175e-01
-3.5656e+00 2.7613e+01 3.4266e+01 -2.8174e+01 6.6439e+00 -2.1540e+01 -1.2942e+01 -6.5787e-01 2.0565e+01 -8.0938e+00 -2.5984e+00 -1.7402e+01 -1.2485e-01 -6.5360e+00 -1.1151e+00 2.6180e+00 1.0575e+00 -8.8545e-01 -1.4481e+01 1.1583e+00 -3.5231e+00 1.0648e+00 3.2416e+00 -6.6939e+00 -5.6746e-01 1.2488e+02 -3.9022e+00 -2.7290e+00 8.8775e-01 -6.0513e+01 -1.9269e+01 -1.6680e+00 7.0333e-01 -2.0502e-01 -5.4248e+00 1.3009e+00 -2.3201e+00 1.1008e+01 2.9602e+01 -4.2459e-01 -5.0173e-01 -2.5034e+00 -3.0644e-01 1.5783e+00 -1.3582e+00 -2.1364e+00 5.1410e-01 2.5419e+00 6.8560e-01 -1.2108e+00 -2.1018e+00 2.9813e+00
9.4629e-02 -3.9375e+00 -2.5743e+00 4.0605e+00 -7.7808e-01 -2.5156e+00 1.9058e+00 4.3567e-01 -2.7132e+00 -9.3100e-01 4.5369e+00 -2.3003e+00 8.2428e-01 3.4697e+00 -7.6879e-02 2.1872e+00 -7.4787e-01 -9.9691e-02 -1.0340e+00 -2.9830e-02 -1.2521e+00 -1.7479e-01 -2.4119e-02 -8.2178e-02 2.1095e-02 -3.9022e+00 1.2734e+01 1.6993e+00 -1.6075e-01 -1.7593e+00 -1.0187e+00 6.1907e-01 -1.2251e-02 -7.5699e-02 -1.9735e-01 -5.8335e-02 -1.6181e-01 1.4770e-01 1.1201e+00 -2.5580e-01 2.4509e-01 -7.6410e-02 -5.5705e-02 -7.4793e-02 -1.8040e-01 -1.9950e-02 -1.7090e-01 -1.0462e-01 -6.7266e-02 -3.2166e-02 2.1708e-01 -5.3369e-02
1.8093e+01 -7.2890e-01 1.7981e+01 3.4081e+00 -1.9743e+01 6.5881e+00 -1.0001e+00 2.4840e-01 -5.3550e-01 1.0259e+01 2.6957e+00 1.5563e+01 1.5775e-01 1.6334e+01 3.3582e-01 1.3341e+00 -5.1309e+00 -9.4125e-01 -4.6187e+00 -3.3881e-01 -3.2808e+00 -1.1277e+00 -3.6597e-01 1.5559e+01 7.8669e-01 -2.7290e+00 1.6993e+00 5.7409e+01 -4.2093e+00 1.6808e+01 -3.8870e+00 -1.6384e+00 -2.8254e-01 1.4953e+00 -2.0607e+01 1.3149e+00 -3.3440e-01 -1.9599e+00 1.7251e+01 -1.2020e+01 -3.2050e+00 -1.3716e+00 -2.5868e+00 -3.6825e-01 1.5321e-01 8.5937e-01 2.9710e+00 2.0330e-01 3.7848e-01 5.3066e-01 2.9220e-01 2.7888e+00
5.3575e+00 -3.9637e+00 2.6654e+00 3.2603e+00 -7.2755e+00 8.7926e+00 -2.4059e+00 3.3392e-01 -3.2689e+00 -2.8869e+00 -1.5364e-01 -1.2419e+00 -2.9960e-02 1.2990e+01 2.0266e-01 2.3529e+00 2.8778e+00 -1.8601e-01 1.0851e+01 -2.6619e-01 1.1165e+01 -2.2441e-01 -7.7247e-01 -3.1335e+00 -3.1429e-01 8.8775e-01 -1.6075e-01 -4.2093e+00 3.2777e+01 2.6737e+00 1.4937e+01 3.1751e+00 -5.0464e-01 -1.3988e-01 -2.7051e+00 -3.3127e-01 -8.0856e-01 -1.6019e+00 -1.0279e+00 2.3406e+00 -1.2834e-01 -5.8610e-01 5.0272e-02 -1.4359e-01 -1.5683e-01 -3.1631e-01 1.5836e-02 -4.0795e-01 1.0683e-01 -9.3738e-02 2.6913e-01 1.2569e-01
2.8205e+01 9.2517e-01 3.2268e+01 9.1392e+00 -3.3901e+01 -1.6498e+01 -3.6975e+01 2.7750e+00 6.7963e+00 1.8073e+01 -1.4686e+00 -5.1895e+01 5.3995e-01 3.8474e+01 -1.5046e+00 -2.5236e+00 -5.7249e+00 9.0613e-01 3.0944e+01 -1.3565e+00 2.5595e+01 -8.3034e-01 -2.5301e+00 -3.1606e+01 1.6056e-01 -6.0513e+01 -1.7593e+00 1.6808e+01 2.6737e+00 1.5971e+02 2.9514e+01 3.0241e-01 -2.7050e-02 8.0353e-01 -4.4875e+01 -2.5415e+00 7.1914e+00 -8.0913e+00 6.3912e+01 -1.4922e+01 8.6124e-01 9.5935e-01 2.7036e-01 8.4134e-01 3.8663e+00 -2.7066e+00 1.6253e+00 -1.4075e+00 -3.8414e-01 1.6763e-01 2.0846e+00 -2.6323e-01
9.9374e+00 3.7963e+00 1.9061e+01 -3.6503e+00 -1.6103e+01 7.8481e+00 -2.1810e+01 2.5074e-01 7.6679e+00 -7.7785e+00 -1.3408e+00 -1.8506e+01 -3.6611e-01 3.2931e+01 -4.0680e-01 9.6220e-01 -5.4153e+00 -3.6969e-01 4.3372e+01 5.8124e-01 4.2499e+01 1.2068e+00 -9.1677e-01 -1.0409e+01 -7.3621e-02 -1.9269e+01 -1.0187e+00 -3.8870e+00 1.4937e+01 2.9514e+01 6.6081e+01 2.7954e+00 1.7687e+00 -3.5047e-01 -8.8314e+00 -3.7617e-01 9.1432e-01 -2.9649e+00 1.4360e+01 -3.8427e-01 8.2757e-02 -1.6141e+00 -2.3553e-02 -2.1179e-01 -9.0327e-01 6.6051e+00 -3.1656e-01 -4.4781e-01 2.1392e+00 -1.7544e-01 4.4731e-02 4.5855e-01
2.1706e+00 -4.5183e-01 5.4792e-01 1.9325e-01 -6.0000e-01 2.2332e+00 -9.9336e-01 -2.1029e-01 -1.3570e+00 -3.3632e+00 3.3617e-01 -2.2212e-01 7.5570e-01 1.7879e+00 -2.4180e-01 2.6688e-02 -9.5518e-01 -3.8420e-02 2.3240e+00 3.1832e-02 2.4335e+00 -1.9393e-01 -8.6820e-02 -6.7957e-02 -3.6168e-02 -1.6680e+00 6.1907e-01 -1.6384e+00 3.1751e+00 3.0241e-01 2.7954e+00 1.4030e+01 -1.2174e-01 -6.7937e-02 1.4509e+00 -1.0060e-01 -1.9171e-01 -3.8940e-01 -6.5911e-01 2.6524e+00 -1.3224e-01 -3.2003e-01 1.4562e-02 -1.2703e-01 1.7980e+00 -5.4223e-02 -2.6641e-01 -2.4096e-01 -3.7738e-02 7.2563e-01 -2.4958e-01 9.2146e-02
7.5538e-01 -3.7419e-01 5.5188e-01 -1.0973e+00 2.0442e-01 -1.8879e+00 -1.2806e+00 4.9302e-02 -8.5903e-01 1.3476e+00 7.3455e-02 1.5118e+00 -6.1774e-02 1.0010e+00 -2.4636e-01 2.4390e-01 -2.0355e-01 -2.4292e-01 -4.2804e-01 4.9626e-01 -3.8550e-01 3.5744e+00 -1.7365e-01 1.8593e+00 1.3088e+00 7.0333e-01 -1.2251e-02 -2.8254e-01 -5.0464e-01 -2.7050e-02 1.7687e+00 -1.2174e-01 1.7219e+01 -4.7897e-01 1.8638e+00 -3.9406e-01 4.5286e-01 -3.7376e-01 -1.8024e+00 2.8971e+00 -2.5568e-01 -1.2124e-01 -8.1413e-02 4.4366e-02 -1.0149e-01 -1.8223e-01 -6.0377e-01 1.9794e+00 5.4963e-01 -4.1311e-01 -1.8766e-01 -4.9790e-01
-1.1559e-01 -2.6981e-01 -4.6668e-01 8.7623e-01 -1.2295e+00 1.4761e-01 4.2893e-01 5.1386e-02 -3.7192e-01 5.4717e-01 -1.1805e-01 1.6703e+00 -3.6810e-02 1.7388e+00 -1.5009e-01 6.0040e-03 -5.2432e-01 -1.8737e-01 -4.1022e-01 -8.5009e-02 -1.6993e-01 2.5852e-01 -8.9930e-02 1.4578e+00 -2.9733e-01 -2.0502e-01 -7.5699e-02 1.4953e+00 -1.3988e-01 8.0353e-01 -3.5047e-01 -6.7937e-02 -4.7897e-01 1.2057e+01 -8.1207e-01 -3.1662e-01 -1.3507e-01 -1.7734e-01 1.0414e+00 -5.9085e-01 -2.0238e-01 1.8808e-01 -1.7163e-01 -3.7929e-02 -5.2934e-02 -7.8813e-02 -6.0309e-02 -1.2099e-01 -4.4311e-02 -4.1223e-01 6.9003e-02 2.7689e-01
-2.4581e+01 -2.0691e+00 -3.1002e+01 3.1797e-01 3.0418e+01 8.2279e+00 1.9104e+01 1.4120e-01 -1.1138e+00 -4.8314e+00 -1.3456e+00 2.9072e+01 -4.6433e-01 -2.1298e+01 1.1106e+00 -4.5912e-01 6.1205e+00 -5.5146e-01 -9.0514e+00 6.4606e-01 -1.0696e+01 1.9712e+00 -9.1790e-01 3.3362e+01 6.0182e-01 -5.4248e+00 -1.9735e-01 -2.0607e+01 -2.7051e+00 -4.4875e+01 -8.8314e+00 1.4509e+00 1.8638e+00 -8.1207e-01 7.6363e+01 -1.1231e+00 -1.7742e+00 -3.6032e+00 -5.6410e+01 2.2142e+01 4.6763e-01 -2.3534e+00 1.2752e+00 2.8037e-01 -1.8545e-01 -6.1959e-01 -1.5865e+00 1.0228e+00 -5.9013e-01 -3.2133e-01 -3.0756e-02 -5.4271e+00
1.4776e+00 6.0282e-02 1.3286e+00 -1.3304e+00 -8.7361e-01 3.6517e-02 -7.0712e-01 3.9649e-02 8.6288e-02 -6.4188e-02 8.6150e-02 5.4095e-01 -8.2160e-02 -1.1403e+00 -1.5073e-01 3.2491e-02 3.0386e+00 -1.0081e-01 -6.5619e-01 3.1386e-01 7.7068e-01 -6.7338e-02 1.2695e+00 -2.7824e+00 -2.5958e-01 1.3009e+00 -5.8335e-02 1.3149e+00 -3.3127e-01 -2.5415e+00 -3.7617e-01 -1.0060e-01 -3.9406e-01 -3.1662e-01 -1.1231e+00 1.1192e+01 -2.8976e-01 1.3248e+00 1.0720e+00 -7.7795e-01 -3.2666e-01 -5.8521e-02 -2.2007e-01 1.3903e-01 -6.1017e-02 -1.8864e-01 -8.1726e-01 -1.9053e-01 -3.3031e-02 -2.2698e-01 6.8865e-02 -2.6062e-02
1.6322e+00 4.0265e+00 2.8786e+00 -1.7444e+00 -2.7148e+00 -3.9492e+00 -3.2718e+00 -6.0524e-01 6.8405e-01 -1.0570e+00 1.0639e-01 -3.3631e+00 2.5270e-01 -7.6444e-01 -2.4898e-01 -4.2510e-01 -2.8559e-01 2.9287e-02 8.8137e-01 -4.4859e-02 8.8455e-01 1.6710e-01 -1.8037e-01 -1.4000e+00 -2.3627e-01 -2.3201e+00 -1.6181e-01 -3.3440e-01 -8.0856e-01 7.1914e+00 9.1432e-01 -1.9171e-01 4.5286e-01 -1.3507e-01 -1.7742e+00 -2.8976e-01 1.7436e+01 -3.3736e-01 2.4797e+00 -5.3611e-01 -1.0036e-01 -1.0675e-01 -9.9799e-02 -1.0027e-01 -1.4688e-02 -1.1407e-01 -2.0956e-01 -1.5568e-01 -1.2543e-01 -3.4339e-01 -1.0577e+00 -6.6074e-01
-3.2516e-01 -1.8416e-01 -2.6905e+00 2.7996e-01 4.8221e+00 -9.8172e-01 1.7960e-01 -8.0233e-02 4.9521e-01 -3.7093e+00 5.5767e-01 1.6198e+00 1.8109e-02 -3.2098e+00 -2.8341e-01 -2.0809e-01 -9.0583e-04 -1.2226e-01 -1.9605e+00 -1.3550e-01 -1.4150e+00 -2.2538e-01 3.3159e+00 -2.8089e+00 -1.3158e-01 1.1008e+01 1.4770e-01 -1.9599e+00 -1.6019e+00 -8.0913e+00 -2.9649e+00 -3.8940e-01 -3.7376e-01 -1.7734e-01 -3.6032e+00 1.3248e+00 -3.3736e-01 1.9494e+01 4.0711e+00 -4.5143e-01 -4.3128e-02 -4.5283e-01 3.0899e-01 -1.2207e-01 -9.1960e-02 -6.6749e-02 -1.0674e-01 -3.3237e-02 -9.9809e-02 -9.8899e-02 -1.0585e-01 4.8749e-01
2.6514e+01 2.0038e+01 5.9570e+01 -1.4066e+01 -2.5523e+01 -3.9986e+01 -5.0928e+01 2.2886e+00 2.4891e+01 5.9327e+00 -2.7649e+00 -7.4443e+01 -2.1875e-01 2.6079e+01 -3.0839e+00 -1.1751e+00 -9.9935e+00 2.5751e-01 1.6394e+01 -5.7574e-01 1.9005e+01 -4.0633e-01 7.7765e-01 -3.4990e+01 -3.9826e-01 2.9602e+01 1.1201e+00 1.7251e+01 -1.0279e+00 6.3912e+01 1.4360e+01 -6.5911e-01 -1.8024e+00 1.0414e+00 -5.6410e+01 1.0720e+00 2.4797e+00 4.0711e+00 1.3697e+02 -2.3717e+01 -1.6362e-01 -1.7256e+00 2.0645e+00 4.0622e-02 1.3605e+00 1.9227e+00 1.3985e+00 1.7771e+00 1.0910e-01 -2.2443e+00 -2.8893e+00 2.3766e+01
-8.8713e+00 -1.6975e+00 -8.9636e+00 1.5439e-01 1.2808e+01 1.5713e+00 3.2287e+00 -7.8900e-01 -1.2854e+00 -5.3102e+00 3.3880e-01 5.4772e+00 -3.0386e-01 -7.9683e+00 -4.5071e-01 1.5710e-01 1.2949e-02 -2.1888e-01 -2.6393e+00 -6.5898e-02 -1.9183e+00 2.4602e+00 1.5528e-03 7.4497e+00 4.6638e-01 -4.2459e-01 -2.5580e-01 -1.2020e+01 2.3406e+00 -1.4922e+01 -3.8427e-01 2.6524e+00 2.8971e+00 -5.9085e-01 2.2142e+01 -7.7795e-01 -5.3611e-01 -4.5143e-01 -2.3717e+01 3.5815e+01 -2.5493e-01 -4.4395e-01 -6.0050e-01 -1.4571e-01 4.9993e-01 -5.4059e-01 -1.5650e+00 1.5664e+00 -1.0995e-01 1.5226e-01 -3.7056e-01 -4.5272e+00
5.2532e-01 -4.3031e-01 1.5540e-01 -2.2009e-01 -1.1784e+00 -3.3078e+00 2.9649e-01 -2.1770e-01 -2.5606e-01 1.0942e+00 -2.5461e-01 -2.9220e+00 -9.4358e-03 -1.8996e+00 -8.2379e-02 5.0785e-02 -3.5852e-01 -1.0533e-01 -1.9650e-01 3.5817e-03 6.4472e-02 3.4871e-02 -3.5025e-02 -3.3016e+00 4.5757e-02 -5.0173e-01 2.4509e-01 -3.2050e+00 -1.2834e-01 8.6124e-01 8.2757e-02 -1.3224e-01 -2.5568e-01 -2.0238e-01 4.6763e-01 -3.2666e-01 -1.0036e-01 -4.3128e-02 -1.6362e-01 -2.5493e-01 9.3115e+00 1.8020e-01 -1.3278e-01 -3.5692e-02 -2.2073e-02 -2.1257e-01 -5.5714e-01 -1.6371e-01 -3.8248e-02 -1.4778e-01 1.3668e-02 -4.0615e-01
-2.3721e+00 -6.0797e-01 -5.6947e+00 1.0767e+00 -7.1705e-01 1.7132e+00 1.9415e+00 -5.2929e-01 -4.3232e+00 7.8387e+00 -3.5368e-01 1.0417e-01 -6.4913e-02 -2.3427e+00 -1.6615e-01 -4.0483e-01 -3.9188e-03 -2.3800e-01 -1.3829e+00 -1.3455e-01 -1.7279e+00 -1.6860e-01 -1.0561e-01 -3.0277e+00 -1.4123e-01 -2.5034e+00 -7.6410e-02 -1.3716e+00 -5.8610e-01 9.5935e-01 -1.6141e+00 -3.2003e-01 -1.2124e-01 1.8808e-01 -2.3534e+00 -5.8521e-02 -1.0675e-01 -4.5283e-01 -1.7256e+00 -4.4395e-01 1.8020e-01 1.8568e+01 -3.7104e-01 4.6879e-01 -2.7628e-01 -2.6280e-01 -2.3690e-01 -2.7809e-01 6.0880e-03 -5.9762e-02 2.4395e-01 1.4989e-01
-1.9695e+00 -1.1580e-01 -1.9787e+00 -4.3531e-01 1.2924e+00 1.3526e+00 2.3830e-01 2.5471e-02 9.7622e-01 8.3222e-01 -3.9673e-01 -3.3847e+00 -7.1654e-02 -8.7373e-01 2.1027e-01 -6.1550e-02 4.6053e+00 -1.7883e-01 3.0565e+00 3.7104e-02 2.4125e-01 -2.0770e-01 -6.3494e-02 -4.2710e+00 9.8454e-02 -3.0644e-01 -5.5705e-02 -2.5868e+00 5.0272e-02 2.7036e-01 -2.3553e-02 1.4562e-02 -8.1413e-02 -1.7163e-01 1.2752e+00 -2.2007e-01 -9.9799e-02 3.0899e-01 2.0645e+00 -6.0050e-01 -1.3278e-01 -3.7104e-01 1.4546e+01 -7.8866e-02 -1.0394e-01 4.8548e-02 -4.5738e-01 2.7123e-01 5.1549e-02 -1.3561e-01 -6.0324e-02 4.6310e-01
-5.7572e-01 1.8703e-01 3.4124e-01 -2.5011e-01 -4.9922e-01 -5.7189e-01 -9.5669e-01 1.8465e-01 8.0869e-01 -9.4716e-01 9.3847e-02 -6.1564e-01 -4.7710e-02 1.3051e+00 -1.0010e-01 -3.6845e-01 1.6063e+00 -2.1903e-02 -1.3374e-01 2.8143e-01 -1.6907e-01 6.9958e-02 -5.7529e-02 1.4143e-01 1.3920e-02 1.5783e+00 -7.4793e-02 -3.6825e-01 -1.4359e-01 8.4134e-01 -2.1179e-01 -1.2703e-01 4.4366e-02 -3.7929e-02 2.8037e-01 1.3903e-01 -1.0027e-01 -1.2207e-01 4.0622e-02 -1.4571e-01 -3.5692e-02 4.6879e-01 -7.8866e-02 8.7037e+00 3.1551e-01 -5.6354e-02 -5.3471e-02 -1.0257e-01 -7.8298e-02 -5.1942e-02 1.4428e-01 -6.0521e-02
-2.4757e-01 1.8101e-01 1.0427e+00 -4.1602e-01 -5.1852e-01 -7.7569e-01 -2.4631e+00 1.1948e-01 -3.6615e-01 7.9840e-01 -1.8191e-01 -2.0914e+00 -4.3478e-02 -2.1611e-01 -9.6395e-02 -1.4505e-01 -7.7453e-01 5.1874e-02 -6.7431e-01 -4.8711e-02 -1.4013e+00 -1.2806e-01 7.4950e-04 2.3409e+00 -3.1048e-02 -1.3582e+00 -1.8040e-01 1.5321e-01 -1.5683e-01 3.8663e+00 -9.0327e-01 1.7980e+00 -1.0149e-01 -5.2934e-02 -1.8545e-01 -6.1017e-02 -1.4688e-02 -9.1960e-02 1.3605e+00 4.9993e-01 -2.2073e-02 -2.7628e-01 -1.0394e-01 3.1551e-01 1.3781e+01 -2.9407e-01 -1.0504e-01 -2.3338e-01 5.3887e-02 2.1490e-01 1.2439e-01 3.5234e-02
-6.9068e-01 1.1148e+00 4.1309e-01 -1.3383e+00 1.2179e+00 -1.7212e+00 -1.4645e+00 3.7277e-01 1.4874e+00 -1.5508e+00 1.1209e+00 -2.6430e+00 7.5715e-03 8.4209e-01 4.5780e-01 -1.1258e-01 -5.1213e-01 -1.8268e-01 -4.6124e-01 -9.7217e-02 -9.2899e-01 1.8363e-01 -4.0352e-02 -2.4988e+00 -8.8054e-02 -2.1364e+00 -1.9950e-02 8.5937e-01 -3.1631e-01 -2.7066e+00 6.6051e+00 -5.4223e-02 -1.8223e-01 -7.8813e-02 -6.1959e-01 -1.8864e-01 -1.1407e-01 -6.6749e-02 1.9227e+00 -5.4059e-01 -2.1257e-01 -2.6280e-01 4.8548e-02 -5.6354e-02 -2.9407e-01 1.7993e+01 -1.3561e-01 -3.8265e-01 4.7258e-03 1.8272e+00 2.2409e-01 2.5066e-01
2.4800e+00 8.4438e-01 3.0791e+00 -3.9305e-01 -2.5990e+00 3.8477e-01 -1.0813e+00 7.2508e-02 1.1498e+00 -8.2485e-02 -3.4509e-01 1.8918e+00 2.6241e-02 -6.4870e-02 -2.7554e-01 1.0513e+00 1.1706e+00 -6.8516e-02 3.6898e+00 -8.3693e-02 -6.6277e-01 -2.3794e-01 -4.6767e-02 2.7325e+00 -2.9215e-01 5.1410e-01 -1.7090e-01 2.9710e+00 1.5836e-02 1.6253e+00 -3.1656e-01 -2.6641e-01 -6.0377e-01 -6.0309e-02 -1.5865e+00 -8.1726e-01 -2.0956e-01 -1.0674e-01 1.3985e+00 -1.5650e+00 -5.5714e-01 -2.3690e-01 -4.5738e-01 -5.3471e-02 -1.0504e-01 -1.3561e-01 1.9432e+01 -4.4109e-01 -6.8454e-02 -5.2321e-01 6.9444e-02 4.0362e-01
1.3441e+00 -4.4840e+00 -3.9707e+00 3.4110e+00 -1.6813e+00 -2.1220e+00 5.0182e+00 4.3351e-02 -3.4602e+00 5.3692e+00 -2.7479e-01 1.1535e+00 -1.3532e-01 -8.9039e-01 6.1326e-02 1.4271e-02 -9.2984e-01 -1.5701e-01 -1.0695e+00 -1.2783e-01 -1.8238e+00 -2.5750e-01 -1.0245e-01 5.2553e-02 9.3390e-01 2.5419e+00 -1.0462e-01 2.0330e-01 -4.0795e-01 -1.4075e+00 -4.4781e-01 -2.4096e-01 1.9794e+00 -1.2099e-01 1.0228e+00 -1.9053e-01 -1.5568e-01 -3.3237e-02 1.7771e+00 1.5664e+00 -1.6371e-01 -2.7809e-01 2.7123e-01 -1.0257e-01 -2.3338e-01 -3.8265e-01 -4.4109e-01 1.7519e+01 1.0916e-01 -2.6595e-01 3.0345e-02 2.2931e-01
6.6905e-01 -1.2134e+00 -4.2621e-01 8.7488e-01 -2.5574e-01 -1.8658e-01 8.0914e-01 -1.6240e-01 -8.3120e-01 -7.6034e-02 3.1198e-01 9.1063e-01 3.6977e-01 2.4741e-01 -5.5812e-02 2.9142e-01 -9.8352e-02 -8.6984e-02 1.1214e-01 1.0322e+00 5.7578e-01 -1.1270e-01 -3.8534e-02 -6.8665e-01 -4.6296e-02 6.8560e-01 -6.7266e-02 3.7848e-01 1.0683e-01 -3.8414e-01 2.1392e+00 -3.7738e-02 5.4963e-01 -4.4311e-02 -5.9013e-01 -3.3031e-02 -1.2543e-01 -9.9809e-02 1.0910e-01 -1.0995e-01 -3.8248e-02 6.0880e-03 5.1549e-02 -7.8298e-02 5.3887e-02 4.7258e-03 -6.8454e-02 1.0916e-01 9.6305e+00 3.6236e-01 1.0627e-01 -1.7081e-01
-7.1830e-01 -5.5780e-01 -1.2078e+00 4.6434e+00 -3.5688e-01 -4.8275e-01 9.0635e-01 3.1308e+00 -1.4229e-01 -5.4278e-01 -5.6305e-01 -1.4490e+00 -1.4590e-01 -7.1308e-01 2.3144e-01 -1.8844e-01 2.5480e+00 -3.0677e-01 -4.6384e-01 -1.4988e-02 -2.1196e-01 -3.1211e-01 -9.1423e-02 -1.0845e+00 -1.7513e-01 -1.2108e+00 -3.2166e-02 5.3066e-01 -9.3738e-02 1.6763e-01 -1.7544e-01 7.2563e-01 -4.1311e-01 -4.1223e-01 -3.2133e-01 -2.2698e-01 -3.4339e-01 -9.8899e-02 -2.2443e+00 1.5226e-01 -1.4778e-01 -5.9762e-02 -1.3561e-01 -5.1942e-02 2.1490e-01 1.8272e+00 -5.2321e-01 -2.6595e-01 3.6236e-01 1.4768e+01 2.6163e+00 -2.4942e+00
-5.2465e+00 -9.5801e-01 -3.3340e+00 1.1994e+01 9.1494e-01 -1.7918e+00 -1.2733e-01 1.5983e+01 -7.0820e-01 -3.5490e-01 1.1029e+01 -8.1811e+00 2.0781e+00 -5.5322e-02 3.2976e-01 -6.2885e-01 3.8480e+00 -5.9651e-01 -8.4192e-02 5.7674e-02 -3.8710e-01 -9.1087e-01 -2.5508e-01 -3.0579e-01 -1.9997e-01 -2.1018e+00 2.1708e-01 2.9220e-01 2.6913e-01 2.0846e+00 4.4731e-02 -2.4958e-01 -1.8766e-01 6.9003e-02 -3.0756e-02 6.8865e-02 -1.0577e+00 -1.0585e-01 -2.8893e+00 -3.7056e-01 1.3668e-02 2.4395e-01 -6.0324e-02 1.4428e-01 1.2439e-01 2.2409e-01 6.9444e-02 3.0345e-02 1.0627e-01 2.6163e+00 2.7172e+01 -9.4074e+00
3.9937e+00 4.5047e-01 3.3745e+00 -4.6285e+00 -2.2672e+00 4.3625e+00 1.3373e+00 -3.5158e+00 -1.0530e+00 -2.2385e+00 -6.2605e+00 2.1200e+01 -1.5585e+00 1.0381e+00 1.2491e+00 -2.9958e-01 -2.6032e+00 -5.9703e-01 2.4750e-02 -3.4570e-02 -4.6996e-01 3.6134e-01 1.2043e-01 4.6353e+00 -2.7175e-01 2.9813e+00 -5.3369e-02 2.7888e+00 1.2569e-01 -2.6323e-01 4.5855e-01 9.2146e-02 -4.9790e-01 2.7689e-01 -5.4271e+00 -2.6062e-02 -6.6074e-01 4.8749e-01 2.3766e+01 -4.5272e+00 -4.0615e-01 1.4989e-01 4.6310e-01 -6.0521e-02 3.5234e-02 2.5066e-01 4.0362e-01 2.2931e-01 -1.7081e-01 -2.4942e+00 -9.4074e+00 4.0774e+01
