4.3809e+01 1.3740e+00 1.0586e+00 -1.0537e+00 2.5934e-01 3.1501e+01 -1.0853e+01 6.0682e-01 -1.1272e+00 -9.8597e-01 1.1778e+00 -2.8553e-02 -3.0895e-01 9.2481e+00 -4.2437e-01 2.1844e-01 9.4012e-01 1.2585e+00 -5.0461e-01 2.8079e-01 2.1707e-01 -5.9060e+00 7.3509e-02 -8.3491e-01 -8.4960e+00 1.3973e-01 -9.8804e-01 -6.6472e+00 9.2475e-01 -1.5561e+00 -4.4583e-01 -9.7733e-01 6.0400e-01 3.3985e-01 -2.7466e-01 1.2209e+00 5.7718e-01 -4.2875e-01 -1.4499e+00 -2.7283e-01 -1.8811e-01 1.3029e-01 2.9944e+00 7.9433e-01 8.6818e-01 6.1140e-01 4.8324e-02 -3.3022e-01 2.0446e-01 1.6758e-01 3.8960e-01 -1.1689e+00
1.3740e+00 1.0858e+02 -1.1872e+01 -3.3640e+00 7.4763e+00 -8.1733e-02 -4.1746e+01 6.0555e+01 -2.2326e+01 -4.1355e+00 7.7662e+00 -1.6048e+00 -1.0576e+01 -2.6742e+01 2.6714e-01 -7.7139e+00 1.6115e-01 7.6653e-01 -3.4587e+00 -4.5309e+00 -1.2678e+00 -6.9671e+00 8.0955e-01 -1.3320e+01 4.8221e+00 4.2727e+00 3.6224e+00 -2.0487e+01 -1.1923e+00 2.1879e+01 9.9142e-01 -1.6638e+01 1.0814e+01 1.9430e+00 3.1251e-01 8.4522e+00 -1.1340e+01 5.6386e-01 1.2180e+01 9.9475e+00 7.7819e-01 2.2380e+00 -5.0834e-01 -4.1200e+00 3.3762e-01 -4.8276e-01 1.3925e-01 2.6793e+00 -4.1911e-01 -9.1949e-02 -6.8204e+00 -6.8387e+00
1.0586e+00 -1.1872e+01 7.2992e+01 -1.4621e+01 7.1854e+00 1.4163e+00 9.8628e+00 -1.5716e+01 -1.2557e+01 4.4886e-01 2.5793e+00 6.6487e-02 4.2203e+00 3.4728e+00 4.1607e-02 -3.1867e+00 1.5463e+00 1.6799e+00 -6.9372e+00 3.2231e+00 -1.5797e+00 -2.1590e+00 -1.2537e-02 -2.6729e-01 1.5175e+01 3.3619e-01 1.2887e+01 -1.7719e+00 -2.5222e+00 2.7140e+00 1.1665e+00 5.6133e-01 1.0721e+01 -2.5715e+00 9.0833e-01 -1.5961e+01 -6.3210e-01 2.2297e+00 -5.8771e+00 -5.8964e-01 -2.1818e+00 1.3079e-01 -9.0746e-01 2.1137e+00 2.4797e-02 1.2960e+00 -1.7893e-01 -1.0500e+00 2.8236e-01 -3.0981e-01 -1.7282e-01 -3.2192e-01
-1.0537e+00 -3.3640e+00 -1.4621e+01 8.6946e+01 -6.6900e-01 -3.7230e-01 4.8853e+00 1.9591e+00 -1.9217e+01 4.0572e-01 -3.7631e+00 -2.0746e+01 -3.5941e+01 -2.1616e+01 5.5235e+00 -7.2531e+00 -1.1853e+00 -2.6558e+00 3.7080e+01 -2.0093e+00 2.8458e+00 1.9779e+00 -7.3531e-01 1.4244e-01 -9.5341e+00 -8.4858e-02 4.9062e-01 -1.1268e+01 2.8188e+00 4.2199e-01 3.2767e-01 -1.9695e+00 -2.0980e+01 -4.3182e+00 3.4616e+00 2.1569e+01 -6.5898e-01 7.9932e+00 -2.7255e+00 -2.0230e-01 7.6212e+00 3.2495e-01 9.5147e-03 -3.6891e+00 -2.2393e-01 -4.8736e-01 1.1244e+00 7.6598e-02 -7.7727e-01 -2.8843e+00 -2.5005e-01 1.5713e-01
2.5934e-01 7.4763e+00 7.1854e+00 -6.6900e-01 5.8581e+01 -1.2866e+00 6.4637e+00 -1.7901e+00 -1.0011e+01 -4.1613e+00 -3.8374e+00 -3.6818e-01 -2.7530e+00 3.5445e+00 -7.7170e-01 -7.4258e-01 -2.0288e+00 4.4150e+00 -2.2962e+00 -3.8268e-01 -1.2382e+00 8.4051e+00 -7.8998e-01 -2.1438e+00 -3.5674e+00 3.3302e-02 6.5051e-01 9.8355e+00 -6.7233e+00 4.6243e+00 -3.8678e-01 -2.3577e-01 8.5115e-01 -7.0180e-02 -1.7074e-01 2.4325e+00 -1.2985e+00 9.3343e-01 1.5042e+00 -7.0547e-01 1.1982e-01 -2.3573e-01 -1.0244e+00 -2.3388e+00 -5.8104e-01 -5.1328e-01 -2.2724e-02 6.5101e-01 -1.4711e-01 1.9416e-02 1.5828e+00 -3.2449e+00
3.1501e+01 -8.1733e-02 1.4163e+00 -3.7230e-01 -1.2866e+00 3.9905e+01 -1.1109e+01 6.4550e-01 -1.7412e+00 7.4652e-01 2.7286e+00 3.3846e-01 -5.2964e-01 9.0471e+00 6.5439e-01 2.4705e-01 9.4576e-01 5.7012e-01 -3.2110e-01 2.4830e-01 3.3934e-01 -5.8639e+00 1.2293e-01 -8.4667e-05 -8.1942e+00 -4.9731e-02 -1.0713e+00 -6.2608e+00 1.3595e+00 -3.0854e+00 -4.4177e-01 -2.0002e-01 1.1653e+00 -3.7424e-01 -1.4607e-01 2.3068e-01 3.3030e-01 7.8073e-02 -5.6192e-01 -1.7740e-01 -2.9941e-01 7.5532e-02 2.8042e+00 9.2929e-01 8.5666e-01 5.6048e-01 3.5672e-02 2.8983e-01 -1.7526e-01 4.0491e-01 -3.0893e-01 2.0518e-01
-1.0853e+01 -4.1746e+01 9.8628e+00 4.8853e+00 6.4637e+00 -1.1109e+01 9.3885e+01 -3.8339e+01 2.2068e+00 -5.6283e-01 -2.3074e+00 8.6424e-01 1.3510e+00 8.2748e-01 -3.2483e-01 1.1515e+01 -1.9526e+00 2.8906e+00 3.2245e+00 4.9449e+00 1.1419e+00 3.5589e+01 -2.6636e-01 -2.4286e-01 -1.0563e+01 -7.7261e-01 -3.0770e+00 4.1912e+01 -2.4339e+00 -1.1126e+01 -4.7807e-02 1.4978e+01 -5.9653e+00 -2.9848e+00 -7.2392e-01 -6.3393e+00 -9.0836e-01 3.9143e+00 -1.0601e+01 -7.9573e-01 -1.1635e+00 -3.9937e-01 -1.4882e+00 2.9358e+00 -1.3583e-01 4.0663e-02 -1.2998e-01 -2.8309e+00 -5.2417e-01 -1.0341e-01 1.2947e-02 -2.6515e-01
6.0682e-01 6.0555e+01 -1.5716e+01 1.9591e+00 -1.7901e+00 6.4550e-01 -3.8339e+01 8.9938e+01 -2.8989e+01 -1.1191e+01 -7.3388e-01 -3.0233e-01 -4.5268e+00 -3.1924e+01 5.6453e-01 -8.4692e+00 -8.8404e-01 -4.9057e+00 3.5127e-01 -5.1824e+00 -1.0307e-01 -7.9711e+00 -4.3129e-02 -2.0592e-01 4.4792e+00 3.8913e+00 1.3678e+00 -2.5426e+01 -1.9889e+00 2.2304e+01 7.0356e-01 -2.2332e+01 1.1752e+01 4.2729e-01 -1.0648e-01 1.3279e+01 -1.3665e+00 6.0319e-01 1.1783e+01 7.4446e+00 5.0568e-01 -1.7194e-01 -8.5371e-01 -4.4481e+00 -1.1078e-01 -1.0222e-02 8.9257e-03 1.7472e+00 3.1045e-01 3.4302e-02 -4.1643e+00 -1.0516e+00
-1.1272e+00 -2.2326e+01 -1.2557e+01 -1.9217e+01 -1.0011e+01 -1.7412e+00 2.2068e+00 -2.8989e+01 1.1237e+02 -7.2105e-01 -2.5501e+00 1.0008e+01 -8.7023e+00 3.5473e+01 -5.4331e+00 -3.5222e+00 2.8514e-01 2.4162e+00 8.1600e+00 4.5509e+00 -6.4221e+00 -1.3447e+01 2.2801e-01 -1.5441e+00 -3.7121e+00 -4.6794e+00 -4.3115e+00 1.2156e+01 4.8969e+00 -1.2052e+01 3.1390e-01 1.8724e+01 3.4634e+00 -4.5903e-01 4.8226e-01 -5.6151e+00 -9.4403e-02 -2.6937e+00 2.2928e+00 8.8801e-01 2.2676e+00 -2.1377e+00 8.5798e-02 3.6227e+00 3.3274e-02 -8.9425e-01 -1.6378e+00 -6.6956e-01 -1.9130e-01 6.7540e-01 -5.4141e-01 -1.5782e+00
-9.8597e-01 -4.1355e+00 4.4886e-01 4.0572e-01 -4.1613e+00 7.4652e-01 -5.6283e-01 -1.1191e+01 -7.2105e-01 3.9585e+01 -1.9752e+00 -9.6443e-01 7.8817e+00 -1.9893e+00 -6.4212e-01 1.3197e-01 9.6920e-02 -4.0405e+00 2.8993e-01 -7.8911e-01 1.3074e-01 -1.7771e-01 4.1628e-01 9.1394e+00 1.8570e+00 -1.5550e-01 3.9236e-01 -6.9547e-01 6.1416e-01 -2.5939e+00 -1.3916e+00 1.5454e+00 -3.7205e-01 -4.3938e-01 -4.7464e-02 -1.9468e+00 8.8772e+00 -1.0149e+00 -2.8568e-01 -8.9383e+00 -1.7868e-01 1.8347e+00 1.0619e-01 -3.3090e-01 -7.2689e-01 3.6549e-01 1.5294e-02 -7.1160e-03 1.7431e-01 -9.3060e-02 4.6954e+00 8.2167e+00
1.1778e+00 7.7662e+00 2.5793e+00 -3.7631e+00 -3.8374e+00 2.7286e+00 -2.3074e+00 -7.3388e-01 -2.5501e+00 -1.9752e+00 3.2030e+01 1.3494e+00 -1.3893e+00 -4.4348e+00 -6.7245e-01 2.6189e+00 -2.5280e-01 -1.1450e+00 -2.3789e+00 -6.5199e-01 1.3223e+00 -1.0151e+00 1.4356e+00 -6.8568e+00 1.8205e+00 -4.4817e-01 4.1964e+00 -2.4042e+00 2.4353e+00 -8.4198e-01 -6.3058e-01 2.9073e+00 1.6314e+00 6.1441e-02 -5.7187e-01 -1.9719e+00 -6.7159e+00 -1.0827e+00 8.6502e-01 4.5109e+00 -5.9063e-01 1.2949e-02 -3.7374e-01 2.7442e+00 -1.9709e-01 1.1659e+00 -1.3203e-01 -3.3950e-01 -1.6450e-01 1.3541e-01 -4.7380e+00 3.9055e+00
-2.8553e-02 -1.6048e+00 6.6487e-02 -2.0746e+01 -3.6818e-01 3.3846e-01 8.6424e-01 -3.0233e-01 1.0008e+01 -9.6443e-01 1.3494e+00 4.9777e+01 1.6348e+01 -8.7290e-01 -2.8087e+00 1.2337e+01 -5.3374e-01 -2.0601e+00 -1.6946e+01 -6.0744e-01 -1.5226e+00 -2.5530e-01 -3.9941e-01 -6.3002e-01 -8.3220e+00 -4.8287e-01 -5.6614e+00 -4.7213e+00 5.5676e+00 -2.4074e-01 -8.1795e-02 4.3304e-01 -3.9082e+00 6.8049e-01 -2.8431e+00 1.6171e+00 -2.8123e-01 -2.6920e+00 4.2733e+00 -3.2301e-01 -1.5296e+00 6.8948e-01 -1.8158e-01 1.2315e+00 -3.2328e-01 -1.3456e-01 -6.5472e-01 7.2139e-01 -4.2427e-01 2.6774e+00 -1.0159e+00 -4.5209e-01
-3.0895e-01 -1.0576e+01 4.2203e+00 -3.5941e+01 -2.7530e+00 -5.2964e-01 1.3510e+00 -4.5268e+00 -8.7023e+00 7.8817e+00 -1.3893e+00 1.6348e+01 7.2461e+01 9.5945e+00 -3.2041e+00 7.1325e+00 4.0946e-01 1.5290e+00 -4.5996e+01 1.4503e-01 2.8399e+00 3.8475e-02 2.2081e-01 6.2257e+00 -2.0184e+00 1.7350e-01 -8.9967e+00 1.2478e+01 -3.5153e+00 -2.2092e+00 5.4516e-01 -2.1208e+00 1.3449e+00 3.1108e+00 -5.0619e+00 -3.8002e+00 7.5254e+00 -5.1848e+00 -7.8454e+00 -3.1114e+00 -9.5819e+00 7.3802e-01 -4.1604e-01 2.0360e+00 9.5949e-01 1.0338e+00 -3.6310e-01 -3.5123e-01 6.4428e-01 1.3676e+00 1.5217e+01 2.7793e+00
9.2481e+00 -2.6742e+01 3.4728e+00 -2.1616e+01 3.5445e+00 9.0471e+00 8.2748e-01 -3.1924e+01 3.5473e+01 -1.9893e+00 -4.4348e+00 -8.7290e-01 9.5945e+00 1.3704e+02 -4.5087e+00 1.0582e+01 -1.4993e+00 1.3609e+00 -1.1012e+01 3.4802e+00 -1.0527e+00 -7.2046e+00 -6.1032e-01 -1.3015e+00 1.2903e+01 9.9716e+00 -4.1167e+00 3.4782e+00 -6.2707e-01 -1.8027e+01 -1.0449e+00 1.8441e+01 1.7241e+01 -4.6037e+00 -2.1950e+00 -3.6678e+01 -4.9714e-01 -8.8786e+00 -1.8938e+01 8.3134e-01 -3.0700e+00 -8.7456e-01 -7.1097e-01 4.6621e-01 -5.5569e-01 -7.8302e-01 6.4527e-02 5.2816e+00 4.2190e-01 -1.3421e-01 -1.3265e+00 -1.6045e+00
-4.2437e-01 2.6714e-01 4.1607e-02 5.5235e+00 -7.7170e-01 6.5439e-01 -3.2483e-01 5.6453e-01 -5.4331e+00 -6.4212e-01 -6.7245e-01 -2.8087e+00 -3.2041e+00 -4.5087e+00 2.6268e+01 -2.2215e+00 -2.8247e-01 -7.6479e-01 3.8061e+00 -1.8450e-01 5.4065e+00 6.2219e-01 7.4566e-01 3.9210e-02 3.6988e+00 1.2056e+00 8.6998e-01 -2.2917e+00 3.7834e+00 -5.8644e-02 6.6481e-01 2.5192e+00 -3.4455e+00 8.4144e-01 -8.0160e-01 1.5041e+00 6.8258e-02 2.7922e+00 -3.0194e+00 -2.5082e-01 2.3211e-01 -1.0173e-01 1.5158e+00 -2.9251e-01 -1.0726e-01 4.1978e-02 5.5095e-01 -2.9954e-02 2.7071e-01 -3.0623e-01 -1.2029e-01 -2.0923e-02
2.1844e-01 -7.7139e+00 -3.1867e+00 -7.2531e+00 -7.4258e-01 2.4705e-01 1.1515e+01 -8.4692e+00 -3.5222e+00 1.3197e-01 2.6189e+00 1.2337e+01 7.1325e+00 1.0582e+01 -2.2215e+00 4.2565e+01 -5.6838e-01 -9.1140e-01 -7.7342e+00 1.0962e-01 -7.7940e-01 1.7170e+01 -3.2369e-01 2.1073e-02 -8.6566e+00 -3.1610e+00 -2.6761e+00 8.7522e+00 9.2831e+00 -7.7373e+00 -4.0676e-01 2.9941e+00 -7.5730e+00 -1.8767e+00 -6.0588e-01 5.3311e-01 4.1258e-01 2.8680e-01 -5.1321e+00 -1.3953e-01 -3.8408e-01 1.3259e-01 -2.2801e-02 2.0550e+00 -8.9219e-02 1.3396e-01 -4.0602e-01 -1.0894e+00 -2.0138e-01 -2.7989e-01 6.8571e-02 -1.8582e-02
9.4012e-01 1.6115e-01 1.5463e+00 -1.1853e+00 -2.0288e+00 9.4576e-01 -1.9526e+00 -8.8404e-01 2.8514e-01 9.6920e-02 -2.5280e-01 -5.3374e-01 4.0946e-01 -1.4993e+00 -2.8247e-01 -5.6838e-01 1.6029e+01 1.1254e-01 1.7308e-01 -2.0135e-01 -2.5458e-01 -9.0089e-01 4.9448e-01 -5.0451e-01 1.1464e+00 -7.0654e-01 -9.7985e-01 3.2777e-01 -5.0023e-01 -1.5666e-01 -1.7697e-01 9.2609e-01 2.4939e+00 -1.3151e+00 2.9073e-01 -2.3333e+00 -5.1116e-01 -4.9323e-01 -8.4108e-01 -3.4769e-01 -4.1649e-01 -9.8823e-02 3.0989e-01 -2.6779e-01 9.6728e-01 1.6520e-01 -6.4735e-02 -1.3783e-01 7.7543e-02 -9.8045e-02 2.3172e+00 -6.5088e-01
1.2585e+00 7.6653e-01 1.6799e+00 -2.6558e+00 4.4150e+00 5.7012e-01 2.8906e+00 -4.9057e+00 2.4162e+00 -4.0405e+00 -1.1450e+00 -2.0601e+00 1.5290e+00 1.3609e+00 -7.6479e-01 -9.1140e-01 1.1254e-01 2.3575e+01 -3.1139e+00 3.4874e+00 -4.4678e-01 -3.2900e-01 -1.9114e-01 -3.0734e+00 -3.0366e+00 1.2607e+00 -5.8709e-01 6.4946e+00 -1.4506e+00 4.1812e+00 -4.1279e-01 3.2330e+00 1.8357e+00 -5.0764e-01 -5.0354e-01 -1.2059e-01 -1.8238e+00 3.8036e+00 -1.4577e+00 -6.8138e-01 -6.8638e-01 -3.2419e-01 9.6508e-01 2.3161e+00 2.2333e-01 -2.3881e-01 -3.7780e-02 1.6405e-01 4.1803e-01 -2.9139e-01 2.8067e+00 -3.8443e+00
-5.0461e-01 -3.4587e+00 -6.9372e+00 3.7080e+01 -2.2962e+00 -3.2110e-01 3.2245e+00 3.5127e-01 8.1600e+00 2.8993e-01 -2.3789e+00 -1.6946e+01 -4.5996e+01 -1.1012e+01 3.8061e+00 -7.7342e+00 1.7308e-01 -3.1139e+00 6.8454e+01 -6.7784e-02 -5.4946e-02 6.1264e-01 -8.7191e-01 4.5799e-02 2.9260e+00 1.0479e+00 9.2012e+00 -1.3714e+01 6.6011e+00 -2.3349e-01 1.5088e-01 -7.8558e-02 -3.2320e+00 -3.5771e+00 3.5908e+00 5.5077e+00 -1.2184e+00 3.7542e+00 6.5481e+00 -1.8121e-01 9.5526e+00 -2.7394e-01 3.3293e-01 -2.2730e+00 -3.5228e-01 -2.6627e-01 2.5069e-01 -4.0976e-01 -5.0516e-01 -1.4628e+00 -2.2587e-01 1.3187e-01
2.8079e-01 -4.5309e+00 3.2231e+00 -2.0093e+00 -3.8268e-01 2.4830e-01 4.9449e+00 -5.1824e+00 4.5509e+00 -7.8911e-01 -6.5199e-01 -6.0744e-01 1.4503e-01 3.4802e+00 -1.8450e-01 1.0962e-01 -2.0135e-01 3.4874e+00 -6.7784e-02 1.4761e+01 -3.0289e-01 -4.0268e-01 -6.3976e-02 -5.5681e-01 -2.1598e+00 -2.7979e-01 -6.3141e-01 4.6750e+00 -2.7031e-01 -1.7958e-01 1.6285e+00 5.8339e+00 4.3703e+00 -2.3490e-01 -3.6256e-01 -4.1419e+00 -4.0827e-01 -5.5768e-01 -8.6607e-01 7.4766e-01 1.9909e-01 -1.8592e-01 1.3696e-01 4.5141e+00 -9.5383e-02 -1.9518e-01 7.0473e-03 -1.1856e-01 -5.6547e-02 -1.3049e-01 -2.5393e-01 -7.6065e-01
2.1707e-01 -1.2678e+00 -1.5797e+00 2.8458e+00 -1.2382e+00 3.3934e-01 1.1419e+00 -1.0307e-01 -6.4221e+00 1.3074e-01 1.3223e+00 -1.5226e+00 2.8399e+00 -1.0527e+00 5.4065e+00 -7.7940e-01 -2.5458e-01 -4.4678e-01 -5.4946e-02 -3.0289e-01 1.6502e+01 -1.2063e-01 1.4879e+00 -5.1160e-02 -1.1061e+00 -2.8841e-01 -1.5360e+00 -1.7252e+00 -1.3000e+00 8.5082e-03 -9.0902e-02 -5.4809e-02 -3.7552e+00 -7.8466e-01 -6.5043e-01 2.6448e+00 2.7680e-02 -1.0779e+00 -7.7907e-01 -7.0915e-02 -2.7870e-01 -1.2543e-01 -1.8705e-01 1.1283e+00 -1.5333e-02 -8.0814e-02 -1.7087e-01 -1.4461e-01 -7.0349e-02 -9.5928e-02 -4.6278e-02 2.3953e-02
-5.9060e+00 -6.9671e+00 -2.1590e+00 1.9779e+00 8.4051e+00 -5.8639e+00 3.5589e+01 -7.9711e+00 -1.3447e+01 -1.7771e-01 -1.0151e+00 -2.5530e-01 3.8475e-02 -7.2046e+00 6.2219e-01 1.7170e+01 -9.0089e-01 -3.2900e-01 6.1264e-01 -4.0268e-01 -1.2063e-01 5.9941e+01 1.4779e+00 1.1258e-01 -7.1708e+00 -3.5538e+00 -1.9310e-01 4.2822e+01 -2.3466e+00 -1.4473e+01 9.3023e-01 1.3853e+00 -1.2832e+01 8.8063e-02 -4.1873e-01 -4.5634e+00 -1.5562e-01 1.4565e+01 -5.5487e+00 -4.3539e-01 -5.3977e-01 -2.5825e-01 -7.8196e-01 -7.4194e-01 3.6020e-02 -3.1177e-01 -8.1703e-02 -1.6506e+00 -2.6349e-01 -1.0034e-01 -2.3254e-01 6.4216e-02
7.3509e-02 8.0955e-01 -1.2537e-02 -7.3531e-01 -7.8998e-01 1.2293e-01 -2.6636e-01 -4.3129e-02 2.2801e-01 4.1628e-01 1.4356e+00 -3.9941e-01 2.2081e-01 -6.1032e-01 7.4566e-01 -3.2369e-01 4.9448e-01 -1.9114e-01 -8.7191e-01 -6.3976e-02 1.4879e+00 1.4779e+00 1.0262e+01 -7.4726e-01 -3.0562e-02 -3.4980e-01 -3.8714e-01 1.4199e+00 -1.6250e-01 -1.3878e+00 1.5931e+00 1.4260e-01 -1.1024e+00 -3.8921e-01 -1.2845e-01 -7.7327e-01 -6.7699e-01 1.5288e+00 -8.6760e-01 -2.8246e-01 -6.3863e-02 -9.2141e-02 -1.0474e-01 1.3534e+00 5.4011e-02 -5.4940e-02 -4.3140e-02 -7.8111e-02 2.5271e-02 -6.1675e-02 1.7980e-03 -8.3243e-01
-8.3491e-01 -1.3320e+01 -2.6729e-01 1.4244e-01 -2.1438e+00 -8.4667e-05 -2.4286e-01 -2.0592e-01 -1.5441e+00 9.1394e+00 -6.8568e+00 -6.3002e-01 6.2257e+00 -1.3015e+00 3.9210e-02 2.1073e-02 -5.0451e-01 -3.0734e+00 4.5799e-02 -5.5681e-01 -5.1160e-02 1.1258e-01 -7.4726e-01 2.5735e+01 3.5322e-01 9.7553e-02 -7.1261e-01 -4.3368e-02 -1.3890e-01 -2.6735e+00 7.0223e-02 -2.9957e+00 -7.2035e-01 1.6801e-02 7.5444e-02 -1.4695e+00 1.7925e+01 -1.9455e-01 1.8108e-01 -5.1227e+00 9.0630e-02 -6.1766e-01 -5.8235e-02 3.3471e-01 -2.6682e-01 3.0101e-01 2.8946e-02 -4.5213e-01 -2.0586e-01 -3.7980e-01 2.6126e+00 1.7111e+01
-8.4960e+00 4.8221e+00 1.5175e+01 -9.5341e+00 -3.5674e+00 -8.1942e+00 -1.0563e+01 4.4792e+00 -3.7121e+00 1.8570e+00 1.8205e+00 -8.3220e+00 -2.0184e+00 1.2903e+01 3.6988e+00 -8.6566e+00 1.1464e+00 -3.0366e+00 2.9260e+00 -2.1598e+00 -1.1061e+00 -7.1708e+00 -3.0562e-02 3.5322e-01 1.1392e+02 -3.8739e+00 2.6275e+01 -1.7213e+01 -2.2845e+00 -1.2972e+00 1.0378e-01 -1.0579e+00 3.5297e+01 -2.7297e+00 -2.2671e+00 -4.0847e+01 2.1582e+00 -4.7340e+00 -2.3423e+00 -1.0804e+00 -3.4879e-01 5.9344e-01 -1.6591e+00 -2.9015e+00 2.6466e-01 9.0789e-01 1.1656e+00 -1.4195e+00 2.4107e+00 -1.5590e+00 7.3312e-01 -2.0017e-03
1.3973e-01 4.2727e+00 3.3619e-01 -8.4858e-02 3.3302e-02 -4.9731e-02 -7.7261e-01 3.8913e+00 -4.6794e+00 -1.5550e-01 -4.4817e-01 -4.8287e-01 1.7350e-01 9.9716e+00 1.2056e+00 -3.1610e+00 -7.0654e-01 1.2607e+00 1.0479e+00 -2.7979e-01 -2.8841e-01 -3.5538e+00 -3.4980e-01 9.7553e-02 -3.8739e+00 3.3290e+01 -3.5545e-01 -7.2466e+00 -5.8791e-01 7.2606e+00 -4.3564e-01 -4.4033e+00 7.1358e+00 -2.4064e+00 -3.3237e-02 -5.9256e+00 1.6283e-01 -1.4513e+00 -7.3775e+00 -4.2891e-01 -4.3784e-01 -2.1204e-01 8.1040e-01 1.5888e-01 -2.9799e-02 -1.7429e-01 2.6836e-01 6.0299e+00 -2.8622e-02 1.1344e-01 1.0404e-01 1.2085e-01
-9.8804e-01 3.6224e+00 1.2887e+01 4.9062e-01 6.5051e-01 -1.0713e+00 -3.0770e+00 1.3678e+00 -4.3115e+00 3.9236e-01 4.1964e+00 -5.6614e+00 -8.9967e+00 -4.1167e+00 8.6998e-01 -2.6761e+00 -9.7985e-01 -5.8709e-01 9.2012e+00 -6.3141e-01 -1.5360e+00 -1.9310e-01 -3.8714e-01 -7.1261e-01 2.6275e+01 -3.5545e-01 4.5772e+01 -6.1239e+00 -3.6797e+00 4.5293e+00 -3.9946e-01 -2.1207e+00 2.1255e+01 -3.1282e+00 -1.4612e+00 -2.2342e+01 2.0615e-01 -3.0985e+00 -5.1126e+00 3.4147e-01 -1.4569e+00 3.5633e-01 -6.0659e-01 -1.2632e+00 1.8830e-01 1.4371e+00 -5.8543e-01 -2.0204e-01 4.2533e-01 -6.6975e-01 -5.7530e-01 -4.8031e-01
-6.6472e+00 -2.0487e+01 -1.7719e+00 -1.1268e+01 9.8355e+00 -6.2608e+00 4.1912e+01 -2.5426e+01 1.2156e+01 -6.9547e-01 -2.4042e+00 -4.7213e+00 1.2478e+01 3.4782e+00 -2.2917e+00 8.7522e+00 3.2777e-01 6.4946e+00 -1.3714e+01 4.6750e+00 -1.7252e+00 4.2822e+01 1.4199e+00 -4.3368e-02 -1.7213e+01 -7.2466e+00 -6.1239e+00 1.1559e+02 -9.3935e+00 -3.7394e+01 5.0492e-01 2.6234e+01 -2.1743e+01 -8.4793e-01 -6.0575e-01 -2.2167e+00 -6.8189e-01 1.5046e+01 -1.9077e+01 -6.5681e-01 -4.6013e+00 1.8083e+00 -6.3940e-01 3.8894e+00 7.5676e-01 -8.6423e-01 -3.3852e-01 -2.9243e+00 -7.3130e-01 -8.7833e-04 3.1154e-01 -3.5979e-02
9.2475e-01 -1.1923e+00 -2.5222e+00 2.8188e+00 -6.7233e+00 1.3595e+00 -2.4339e+00 -1.9889e+00 4.8969e+00 6.1416e-01 2.4353e+00 5.5676e+00 -3.5153e+00 -6.2707e-01 3.7834e+00 9.2831e+00 -5.0023e-01 -1.4506e+00 6.6011e+00 -2.7031e-01 -1.3000e+00 -2.3466e+00 -1.6250e-01 -1.3890e-01 -2.2845e+00 -5.8791e-01 -3.6797e+00 -9.3935e+00 4.8283e+01 3.6913e-01 2.1562e-01 2.6286e+00 -1.3015e+01 6.3301e-01 -2.1337e+00 1.0646e+01 3.9569e-01 9.5407e+00 -6.2605e+00 -5.6140e-01 -7.1395e-01 -6.5784e-01 -1.8380e-01 1.6487e+00 -2.8453e-01 -1.1599e-01 1.8311e+00 -3.5070e-01 -3.0990e-01 -8.9772e-01 -4.0695e-01 -3.1308e-01
-1.5561e+00 2.1879e+01 2.7140e+00 4.2199e-01 4.6243e+00 -3.0854e+00 -1.1126e+01 2.2304e+01 -1.2052e+01 -2.5939e+00 -8.4198e-01 -2.4074e-01 -2.2092e+00 -1.8027e+01 -5.8644e-02 -7.7373e+00 -1.5666e-01 4.1812e+00 -2.3349e-01 -1.7958e-01 8.5082e-03 -1.4473e+01 -1.3878e+00 -2.6735e+00 -1.2972e+00 7.2606e+00 4.5293e+00 -3.7394e+01 3.6913e-01 7.4382e+01 -1.2628e+00 -1.6306e+01 1.5322e+01 8.7132e-02 2.5989e-01 1.0083e+01 -1.2795e+00 -6.0338e+00 1.3623e+01 -1.4993e+00 2.2968e+00 -2.7691e+00 -7.4710e-01 4.3114e-01 2.3394e-01 5.6147e-01 1.4111e-01 1.9145e+00 -3.7749e-02 2.4999e-01 5.7636e+00 -3.7212e+00
-4.4583e-01 9.9142e-01 1.1665e+00 3.2767e-01 -3.8678e-01 -4.4177e-01 -4.7807e-02 7.0356e-01 3.1390e-01 -1.3916e+00 -6.3058e-01 -8.1795e-02 5.4516e-01 -1.0449e+00 6.6481e-01 -4.0676e-01 -1.7697e-01 -4.1279e-01 1.5088e-01 1.6285e+00 -9.0902e-02 9.3023e-01 1.5931e+00 7.0223e-02 1.0378e-01 -4.3564e-01 -3.9946e-01 5.0492e-01 2.1562e-01 -1.2628e+00 1.6711e+01 1.0946e-01 -1.1253e+00 -2.6411e-01 -4.5792e-02 -5.3205e-01 -6.9068e-02 1.8424e+00 -7.6536e-01 1.2599e+00 -9.5528e-02 -2.2952e-01 -1.2973e-01 7.1476e-01 6.4219e-01 7.9311e-01 -5.7611e-02 -2.0467e-01 4.0775e-02 -1.1977e-01 6.2015e-01 -3.7663e-01
-9.7733e-01 -1.6638e+01 5.6133e-01 -1.9695e+00 -2.3577e-01 -2.0002e-01 1.4978e+01 -2.2332e+01 1.8724e+01 1.5454e+00 2.9073e+00 4.3304e-01 -2.1208e+00 1.8441e+01 2.5192e+00 2.9941e+00 9.2609e-01 3.2330e+00 -7.8558e-02 5.8339e+00 -5.4809e-02 1.3853e+00 1.4260e-01 -2.9957e+00 -1.0579e+00 -4.4033e+00 -2.1207e+00 2.6234e+01 2.6286e+00 -1.6306e+01 1.0946e-01 4.5745e+01 9.9860e+00 -3.3306e-01 -4.9399e-01 -8.6766e+00 -3.2387e+00 4.9527e+00 -7.7151e+00 -1.0358e+00 -1.2162e+00 -3.3202e-01 3.4055e-01 4.0802e+00 3.5965e-01 -2.6233e-01 -4.0557e-02 -1.3762e+00 -2.7033e-01 5.5394e-02 -1.4681e+00 4.3504e-01
6.0400e-01 1.0814e+01 1.0721e+01 -2.0980e+01 8.5115e-01 1.1653e+00 -5.9653e+00 1.1752e+01 3.4634e+00 -3.7205e-01 1.6314e+00 -3.9082e+00 1.3449e+00 1.7241e+01 -3.4455e+00 -7.5730e+00 2.4939e+00 1.8357e+00 -3.2320e+00 4.3703e+00 -3.7552e+00 -1.2832e+01 -1.1024e+00 -7.2035e-01 3.5297e+01 7.1358e+00 2.1255e+01 -2.1743e+01 -1.3015e+01 1.5322e+01 -1.1253e+00 9.9860e+00 1.3112e+02 6.4296e+00 -4.7732e+00 -5.9959e+01 3.4128e-01 -1.4002e+01 1.6869e+01 2.8440e-01 1.1814e+00 -3.2111e-01 -3.2888e-01 7.8390e-01 -6.6112e-01 1.1047e+00 -9.4498e-01 4.5824e+00 8.5010e-01 -1.2348e+00 7.0623e-01 -8.0519e-01
3.3985e-01 1.9430e+00 -2.5715e+00 -4.3182e+00 -7.0180e-02 -3.7424e-01 -2.9848e+00 4.2729e-01 -4.5903e-01 -4.3938e-01 6.1441e-02 6.8049e-01 3.1108e+00 -4.6037e+00 8.4144e-01 -1.8767e+00 -1.3151e+00 -5.0764e-01 -3.5771e+00 -2.3490e-01 -7.8466e-01 8.8063e-02 -3.8921e-01 1.6801e-02 -2.7297e+00 -2.4064e+00 -3.1282e+00 -8.4793e-01 6.3301e-01 8.7132e-02 -2.6411e-01 -3.3306e-01 6.4296e+00 4.6568e+01 -1.0706e+00 1.2921e+01 -1.6109e-01 -3.9866e+00 1.9739e+01 -4.6303e-01 4.6206e+00 -1.9050e-02 -2.6550e-01 -3.6829e-01 -2.6140e-01 -2.9965e-01 1.9908e+00 5.0238e-01 -2.6414e-01 8.1321e-02 5.5755e-02 -4.0257e-03
-2.7466e-01 3.1251e-01 9.0833e-01 3.4616e+00 -1.7074e-01 -1.4607e-01 -7.2392e-01 -1.0648e-01 4.8226e-01 -4.7464e-02 -5.7187e-01 -2.8431e+00 -5.0619e+00 -2.1950e+00 -8.0160e-01 -6.0588e-01 2.9073e-01 -5.0354e-01 3.5908e+00 -3.6256e-01 -6.5043e-01 -4.1873e-01 -1.2845e-01 7.5444e-02 -2.2671e+00 -3.3237e-02 -1.4612e+00 -6.0575e-01 -2.1337e+00 2.5989e-01 -4.5792e-02 -4.9399e-01 -4.7732e+00 -1.0706e+00 1.9108e+01 3.7677e+00 -1.8706e+00 -1.3057e+00 -2.4507e+00 2.8437e-02 -6.2477e-01 -6.0370e-02 2.0799e-01 -6.2544e-01 -6.5821e-02 -1.4985e-01 -2.0043e-01 -1.3166e-01 5.5840e-01 -2.3693e-01 -4.8552e-02 6.2172e-02
1.2209e+00 8.4522e+00 -1.5961e+01 2.1569e+01 2.4325e+00 2.3068e-01 -6.3393e+00 1.3279e+01 -5.6151e+00 -1.9468e+00 -1.9719e+00 1.6171e+00 -3.8002e+00 -3.6678e+01 1.5041e+00 5.3311e-01 -2.3333e+00 -1.2059e-01 5.5077e+00 -4.1419e+00 2.6448e+00 -4.5634e+00 -7.7327e-01 -1.4695e+00 -4.0847e+01 -5.9256e+00 -2.2342e+01 -2.2167e+00 1.0646e+01 1.0083e+01 -5.3205e-01 -8.6766e+00 -5.9959e+01 1.2921e+01 3.7677e+00 9.8385e+01 -2.5689e+00 6.8985e+00 1.1869e+01 -7.3087e-01 5.6419e+00 -5.9201e-02 1.3301e-01 -1.5625e+00 1.5178e+00 -1.6372e+00 6.8583e-01 -1.0241e+00 -3.1749e-01 1.5094e+00 1.5166e+00 -1.7095e+00
5.7718e-01 -1.1340e+01 -6.3210e-01 -6.5898e-01 -1.2985e+00 3.3030e-01 -9.0836e-01 -1.3665e+00 -9.4403e-02 8.8772e+00 -6.7159e+00 -2.8123e-01 7.5254e+00 -4.9714e-01 6.8258e-02 4.1258e-01 -5.1116e-01 -1.8238e+00 -1.2184e+00 -4.0827e-01 2.7680e-02 -1.5562e-01 -6.7699e-01 1.7925e+01 2.1582e+00 1.6283e-01 2.0615e-01 -6.8189e-01 3.9569e-01 -1.2795e+00 -6.9068e-02 -3.2387e+00 3.4128e-01 -1.6109e-01 -1.8706e+00 -2.5689e+00 3.2546e+01 1.9999e-01 2.9040e-01 -6.2016e+00 1.8201e-01 -8.8299e-01 -1.4577e-02 5.5666e-01 -2.6449e-01 3.5241e-01 1.2206e-01 -3.9162e-01 1.2791e-01 -3.6493e-01 4.2542e+00 1.1320e+01
-4.2875e-01 5.6386e-01 2.2297e+00 7.9932e+00 9.3343e-01 7.8073e-02 3.9143e+00 6.0319e-01 -2.6937e+00 -1.0149e+00 -1.0827e+00 -2.6920e+00 -5.1848e+00 -8.8786e+00 2.7922e+00 2.8680e-01 -4.9323e-01 3.8036e+00 3.7542e+00 -5.5768e-01 -1.0779e+00 1.4565e+01 1.5288e+00 -1.9455e-01 -4.7340e+00 -1.4513e+00 -3.0985e+00 1.5046e+01 9.5407e+00 -6.0338e+00 1.8424e+00 4.9527e+00 -1.4002e+01 -3.9866e+00 -1.3057e+00 6.8985e+00 1.9999e-01 4.9425e+01 -8.1133e+00 -4.3529e-01 -1.7399e+00 -6.0444e-01 5.1134e-01 -1.2309e-01 4.9473e-02 4.2997e-02 -2.3782e-01 -6.3753e-01 -2.7706e-01 -2.6803e-01 -1.3236e-01 -2.2554e-01
-1.4499e+00 1.2180e+01 -5.8771e+00 -2.7255e+00 1.5042e+00 -5.6192e-01 -1.0601e+01 1.1783e+01 2.2928e+00 -2.8568e-01 8.6502e-01 4.2733e+00 -7.8454e+00 -1.8938e+01 -3.0194e+00 -5.1321e+00 -8.4108e-01 -1.4577e+00 6.5481e+00 -8.6607e-01 -7.7907e-01 -5.5487e+00 -8.6760e-01 1.8108e-01 -2.3423e+00 -7.3775e+00 -5.1126e+00 -1.9077e+01 -6.2605e+00 1.3623e+01 -7.6536e-01 -7.7151e+00 1.6869e+01 1.9739e+01 -2.4507e+00 1.1869e+01 2.9040e-01 -8.1133e+00 8.3651e+01 3.5551e-01 1.5179e+01 -7.7459e-02 1.7685e+00 -2.0990e+00 4.1574e-01 2.1256e+00 -6.2718e-01 -1.8068e+00 -5.4428e-01 3.5631e+00 2.8155e-03 2.0793e-03
-2.7283e-01 9.9475e+00 -5.8964e-01 -2.0230e-01 -7.0547e-01 -1.7740e-01 -7.9573e-01 7.4446e+00 8.8801e-01 -8.9383e+00 4.5109e+00 -3.2301e-01 -3.1114e+00 8.3134e-01 -2.5082e-01 -1.3953e-01 -3.4769e-01 -6.8138e-01 -1.8121e-01 7.4766e-01 -7.0915e-02 -4.3539e-01 -2.8246e-01 -5.1227e+00 -1.0804e+00 -4.2891e-01 3.4147e-01 -6.5681e-01 -5.6140e-01 -1.4993e+00 1.2599e+00 -1.0358e+00 2.8440e-01 -4.6303e-01 2.8437e-02 -7.3087e-01 -6.2016e+00 -4.3529e-01 3.5551e-01 2.3022e+01 -5.9218e-02 -4.2387e-01 1.2447e-01 -2.4218e-01 -1.7430e-01 3.4009e-01 3.6099e-02 -2.6740e-01 -8.9313e-02 -8.1211e-02 -4.1570e+00 -1.4397e+00
-1.8811e-01 7.7819e-01 -2.1818e+00 7.6212e+00 1.1982e-01 -2.9941e-01 -1.1635e+00 5.0568e-01 2.2676e+00 -1.7868e-01 -5.9063e-01 -1.5296e+00 -9.5819e+00 -3.0700e+00 2.3211e-01 -3.8408e-01 -4.1649e-01 -6.8638e-01 9.5526e+00 1.9909e-01 -2.7870e-01 -5.3977e-01 -6.3863e-02 9.0630e-02 -3.4879e-01 -4.3784e-01 -1.4569e+00 -4.6013e+00 -7.1395e-01 2.2968e+00 -9.5528e-02 -1.2162e+00 1.1814e+00 4.6206e+00 -6.2477e-01 5.6419e+00 1.8201e-01 -1.7399e+00 1.5179e+01 -5.9218e-02 2.2699e+01 -2.5577e-01 5.7337e-01 -4.4520e-01 -9.5561e-02 -2.6257e-01 -1.7700e-01 -8.8297e-02 -8.6508e-02 -4.7340e-01 9.1797e-02 8.9990e-02
1.3029e-01 2.2380e+00 1.3079e-01 3.2495e-01 -2.3573e-01 7.5532e-02 -3.9937e-01 -1.7194e-01 -2.1377e+00 1.8347e+00 1.2949e-02 6.8948e-01 7.3802e-01 -8.7456e-01 -1.0173e-01 1.3259e-01 -9.8823e-02 -3.2419e-01 -2.7394e-01 -1.8592e-01 -1.2543e-01 -2.5825e-01 -9.2141e-02 -6.1766e-01 5.9344e-01 -2.1204e-01 3.5633e-01 1.8083e+00 -6.5784e-01 -2.7691e+00 -2.2952e-01 -3.3202e-01 -3.2111e-01 -1.9050e-02 -6.0370e-02 -5.9201e-02 -8.8299e-01 -6.0444e-01 -7.7459e-02 -4.2387e-01 -2.5577e-01 1.1762e+01 4.0764e-01 5.7738e-02 -1.2177e-01 -6.6821e-02 -3.2701e-02 8.1977e-01 -3.1314e-02 -6.8983e-02 -5.1149e-01 1.5628e-01
2.9944e+00 -5.0834e-01 -9.0746e-01 9.5147e-03 -1.0244e+00 2.8042e+00 -1.4882e+00 -8.5371e-01 8.5798e-02 1.0619e-01 -3.7374e-01 -1.8158e-01 -4.1604e-01 -7.1097e-01 1.5158e+00 -2.2801e-02 3.0989e-01 9.6508e-01 3.3293e-01 1.3696e-01 -1.8705e-01 -7.8196e-01 -1.0474e-01 -5.8235e-02 -1.6591e+00 8.1040e-01 -6.0659e-01 -6.3940e-01 -1.8380e-01 -7.4710e-01 -1.2973e-01 3.4055e-01 -3.2888e-01 -2.6550e-01 2.0799e-01 1.3301e-01 -1.4577e-02 5.1134e-01 1.7685e+00 1.2447e-01 5.7337e-01 4.0764e-01 1.2995e+01 -3.3082e-01 -9.9108e-02 -1.6979e-01 -6.3420e-03 -7.6849e-02 -9.9979e-02 -5.9740e-02 -3.0840e-02 -1.6864e-02
7.9433e-01 -4.1200e+00 2.1137e+00 -3.6891e+00 -2.3388e+00 9.2929e-01 2.9358e+00 -4.4481e+00 3.6227e+00 -3.3090e-01 2.7442e+00 1.2315e+00 2.0360e+00 4.6621e-01 -2.9251e-01 2.0550e+00 -2.6779e-01 2.3161e+00 -2.2730e+00 4.5141e+00 1.1283e+00 -7.4194e-01 1.3534e+00 3.3471e-01 -2.9015e+00 1.5888e-01 -1.2632e+00 3.8894e+00 1.6487e+00 4.3114e-01 7.1476e-01 4.0802e+00 7.8390e-01 -3.6829e-01 -6.2544e-01 -1.5625e+00 5.5666e-01 -1.2309e-01 -2.0990e+00 -2.4218e-01 -4.4520e-01 5.7738e-02 -3.3082e-01 1.9486e+01 -1.7124e-01 -2.3692e-01 -1.1288e-01 -1.9613e-01 -1.0696e-01 -2.0182e-01 -1.7733e-01 1.9463e-01
8.6818e-01 3.3762e-01 2.4797e-02 -2.2393e-01 -5.8104e-01 8.5666e-01 -1.3583e-01 -1.1078e-01 3.3274e-02 -7.2689e-01 -1.9709e-01 -3.2328e-01 9.5949e-01 -5.5569e-01 -1.0726e-01 -8.9219e-02 9.6728e-01 2.2333e-01 -3.5228e-01 -9.5383e-02 -1.5333e-02 3.6020e-02 5.4011e-02 -2.6682e-01 2.6466e-01 -2.9799e-02 1.8830e-01 7.5676e-01 -2.8453e-01 2.3394e-01 6.4219e-01 3.5965e-01 -6.6112e-01 -2.6140e-01 -6.5821e-02 1.5178e+00 -2.6449e-01 4.9473e-02 4.1574e-01 -1.7430e-01 -9.5561e-02 -1.2177e-01 -9.9108e-02 -1.7124e-01 1.0052e+01 8.6112e-01 -2.9000e-02 -3.6678e-02 7.3045e-03 -1.0690e-01 4.5997e-01 -3.5663e-01
6.1140e-01 -4.8276e-01 1.2960e+00 -4.8736e-01 -5.1328e-01 5.6048e-01 4.0663e-02 -1.0222e-02 -8.9425e-01 3.6549e-01 1.1659e+00 -1.3456e-01 1.0338e+00 -7.8302e-01 4.1978e-02 1.3396e-01 1.6520e-01 -2.3881e-01 -2.6627e-01 -1.9518e-01 -8.0814e-02 -3.1177e-01 -5.4940e-02 3.0101e-01 9.0789e-01 -1.7429e-01 1.4371e+00 -8.6423e-01 -1.1599e-01 5.6147e-01 7.9311e-01 -2.6233e-01 1.1047e+00 -2.9965e-01 -1.4985e-01 -1.6372e+00 3.5241e-01 4.2997e-02 2.1256e+00 3.4009e-01 -2.6257e-01 -6.6821e-02 -1.6979e-01 -2.3692e-01 8.6112e-01 1.0170e+01 -2.3101e-02 1.3847e-01 -4.6786e-02 -5.8885e-02 6.6539e-01 1.0810e-01
4.8324e-02 1.3925e-01 -1.7893e-01 1.1244e+00 -2.2724e-02 3.5672e-02 -1.2998e-01 8.9257e-03 -1.6378e+00 1.5294e-02 -1.3203e-01 -6.5472e-01 -3.6310e-01 6.4527e-02 5.5095e-01 -4.0602e-01 -6.4735e-02 -3.7780e-02 2.5069e-01 7.0473e-03 -1.7087e-01 -8.1703e-02 -4.3140e-02 2.8946e-02 1.1656e+00 2.6836e-01 -5.8543e-01 -3.3852e-01 1.8311e+00 1.4111e-01 -5.7611e-02 -4.0557e-02 -9.4498e-01 1.9908e+00 -2.0043e-01 6.8583e-01 1.2206e-01 -2.3782e-01 -6.2718e-01 3.6099e-02 -1.7700e-01 -3.2701e-02 -6.3420e-03 -1.1288e-01 -2.9000e-02 -2.3101e-02 5.8896e+00 1.0767e-02 -2.6460e-02 -1.1892e-01 -5.6758e-03 2.0617e-02
-3.3022e-01 2.6793e+00 -1.0500e+00 7.6598e-02 6.5101e-01 2.8983e-01 -2.8309e+00 1.7472e+00 -6.6956e-01 -7.1160e-03 -3.3950e-01 7.2139e-01 -3.5123e-01 5.2816e+00 -2.9954e-02 -1.0894e+00 -1.3783e-01 1.6405e-01 -4.0976e-01 -1.1856e-01 -1.4461e-01 -1.6506e+00 -7.8111e-02 -4.5213e-01 -1.4195e+00 6.0299e+00 -2.0204e-01 -2.9243e+00 -3.5070e-01 1.9145e+00 -2.0467e-01 -1.3762e+00 4.5824e+00 5.0238e-01 -1.3166e-01 -1.0241e+00 -3.9162e-01 -6.3753e-01 -1.8068e+00 -2.6740e-01 -8.8297e-02 8.1977e-01 -7.6849e-02 -1.9613e-01 -3.6678e-02 1.3847e-01 1.0767e-02 1.6644e+01 -7.1385e-02 -3.8753e-02 -2.7121e-01 5.0431e-01
2.0446e-01 -4.1911e-01 2.8236e-01 -7.7727e-01 -1.4711e-01 -1.7526e-01 -5.2417e-01 3.1045e-01 -1.9130e-01 1.7431e-01 -1.6450e-01 -4.2427e-01 6.4428e-01 4.2190e-01 2.7071e-01 -2.0138e-01 7.7543e-02 4.1803e-01 -5.0516e-01 -5.6547e-02 -7.0349e-02 -2.6349e-01 2.5271e-02 -2.0586e-01 2.4107e+00 -2.8622e-02 4.2533e-01 -7.3130e-01 -3.0990e-01 -3.7749e-02 4.0775e-02 -2.7033e-01 8.5010e-01 -2.6414e-01 5.5840e-01 -3.1749e-01 1.2791e-01 -2.7706e-01 -5.4428e-01 -8.9313e-02 -8.6508e-02 -3.1314e-02 -9.9979e-02 -1.0696e-01 7.3045e-03 -4.6786e-02 -2.6460e-02 -7.1385e-02 7.2852e+00 2.0439e-02 1.9319e-01 -2.4572e-01
1.6758e-01 -9.1949e-02 -3.0981e-01 -2.8843e+00 1.9416e-02 4.0491e-01 -1.0341e-01 3.4302e-02 6.7540e-01 -9.3060e-02 1.3541e-01 2.6774e+00 1.3676e+00 -1.3421e-01 -3.0623e-01 -2.7989e-01 -9.8045e-02 -2.9139e-01 -1.4628e+00 -1.3049e-01 -9.5928e-02 -1.0034e-01 -6.1675e-02 -3.7980e-01 -1.5590e+00 1.1344e-01 -6.6975e-01 -8.7833e-04 -8.9772e-01 2.4999e-01 -1.1977e-01 5.5394e-02 -1.2348e+00 8.1321e-02 -2.3693e-01 1.5094e+00 -3.6493e-01 -2.6803e-01 3.5631e+00 -8.1211e-02 -4.7340e-01 -6.8983e-02 -5.9740e-02 -2.0182e-01 -1.0690e-01 -5.8885e-02 -1.1892e-01 -3.8753e-02 2.0439e-02 1.0830e+01 -1.7564e-01 -5.3347e-02
3.8960e-01 -6.8204e+00 -1.7282e-01 -2.5005e-01 1.5828e+00 -3.0893e-01 1.2947e-02 -4.1643e+00 -5.4141e-01 4.6954e+00 -4.7380e+00 -1.0159e+00 1.5217e+01 -1.3265e+00 -1.2029e-01 6.8571e-02 2.3172e+00 2.8067e+00 -2.2587e-01 -2.5393e-01 -4.6278e-02 -2.3254e-01 1.7980e-03 2.6126e+00 7.3312e-01 1.0404e-01 -5.7530e-01 3.1154e-01 -4.0695e-01 5.7636e+00 6.2015e-01 -1.4681e+00 7.0623e-01 5.5755e-02 -4.8552e-02 1.5166e+00 4.2542e+00 -1.3236e-01 2.8155e-03 -4.1570e+00 9.1797e-02 -5.1149e-01 -3.0840e-02 -1.7733e-01 4.5997e-01 6.6539e-01 -5.6758e-03 -2.7121e-01 1.9319e-01 -1.7564e-01 2.1548e+01 -1.6879e+00
-1.1689e+00 -6.8387e+00 -3.2192e-01 1.5713e-01 -3.2449e+00 2.0518e-01 -2.6515e-01 -1.0516e+00 -1.5782e+00 8.2167e+00 3.9055e+00 -4.5209e-01 2.7793e+00 -1.6045e+00 -2.0923e-02 -1.8582e-02 -6.5088e-01 -3.8443e+00 1.3187e-01 -7.6065e-01 2.3953e-02 6.4216e-02 -8.3243e-01 1.7111e+01 -2.0017e-03 1.2085e-01 -4.8031e-01 -3.5979e-02 -3.1308e-01 -3.7212e+00 -3.7663e-01 4.3504e-01 -8.0519e-01 -4.0257e-03 6.2172e-02 -1.7095e+00 1.1320e+01 -2.2554e-01 2.0793e-03 -1.4397e+00 8.9990e-02 1.5628e-01 -1.6864e-02 1.9463e-01 -3.5663e-01 1.0810e-01 2.0617e-02 5.0431e-01 -2.4572e-01 -5.3347e-02 -1.6879e+00 2.1412e+01
