3.9795e+01 -1.0138e+00 1.3384e+00 2.1459e+01 -1.1231e+01 -1.4138e+00 -1.1458e+00 -6.7336e+00 -4.6666e-01 7.0236e-01 -3.6639e-01 -6.9710e-01 -7.5154e+00 7.4852e-01 2.4939e-01 -1.0840e+00 -7.3173e-01 1.1886e+00 2.2933e-01 -1.6791e-02 -4.1926e+00 5.4383e-01 2.4540e+00 -1.0045e+00 5.2884e-01 -1.0058e-01 -3.3693e-02 3.8237e-01 2.3826e-01 4.2296e-01 -3.7461e+00 6.8712e-01 -5.1155e-01 5.6616e-01 -6.0250e-01 8.4766e-01 -1.2735e+00 3.2296e-02 1.2515e-02 -1.8644e-01 -4.4234e-02 -1.8447e-03 -1.8092e-01 7.7419e-02 1.5001e-02 -9.8527e-01 9.7352e-02 4.6702e-01 -1.1490e-01 -4.1073e-01 4.1943e+00 -1.3864e+00
-1.0138e+00 9.4680e+01 -2.8568e+00 2.7712e-01 -1.1344e+00 -3.4060e+01 -3.2956e+01 -1.9448e+01 3.6693e-01 -3.5544e+00 -1.5311e+01 -1.5651e+01 -2.1687e+00 3.8129e+00 -5.4209e+00 3.9038e+00 -1.0164e+00 2.4161e+01 7.2828e-01 -9.1275e-01 -3.5296e-01 9.8943e-01 1.6148e+00 6.1232e-02 7.2931e+00 2.9412e+00 -1.7616e-01 1.0162e+01 -8.4358e+00 9.0031e+00 -3.8278e-01 1.0844e+00 5.8794e-01 1.9630e+01 -2.0008e-01 -2.5210e-01 3.6743e+00 -6.3193e-03 -8.2432e-02 -2.2621e+00 1.4548e+00 -1.1260e+00 -1.0939e-01 -1.3611e-01 2.8643e-01 -5.6996e-01 -3.2676e-01 1.7486e+00 1.8666e-01 -2.2138e-01 -9.7827e-02 -6.5899e-01
1.3384e+00 -2.8568e+00 8.0585e+01 5.1976e-01 1.0382e-02 -4.5942e+00 -7.0681e+00 -3.5639e+01 2.7738e+00 2.1328e+01 1.4297e+01 2.8347e+00 6.2899e-01 -1.4269e+01 5.9182e+00 1.8373e+00 -7.6327e-01 5.3602e+00 -9.5324e-01 -3.6520e-01 -7.7474e+00 4.5970e+00 -6.7995e+00 -8.3364e-01 -1.4628e+01 -1.4630e+00 -1.8034e+00 -1.1534e+01 1.1389e+00 -1.2084e+01 2.7613e+00 -3.0449e+00 -2.6068e-02 1.8314e+00 -3.7312e-01 -2.4943e+00 -1.6732e+00 -7.5808e-01 -4.7906e-01 8.7112e-01 7.0230e-01 -4.8706e-01 1.4657e-01 -2.9600e-01 -1.0032e-01 -7.8639e-01 5.3769e-01 4.0585e-01 -9.5804e-01 -1.5388e-01 -5.4721e-01 -6.9857e-02
2.1459e+01 2.7712e-01 5.1976e-01 4.1992e+01 -1.2012e+01 -1.6026e+00 -1.0165e+01 5.8499e+00 1.0042e+01 3.2649e-02 -1.1237e+00 -7.1180e-01 9.2839e-01 -2.2582e-01 -2.4084e-01 -1.2538e+00 -2.2022e-01 -8.8227e+00 1.1161e-01 4.4047e-01 -2.4283e+00 1.0680e+00 2.3276e+00 6.4828e-01 3.1264e+00 -1.9142e-01 -6.0315e-02 3.0752e+00 4.7957e-01 2.5934e+00 -2.6910e+00 -9.4968e+00 -2.4694e+00 -2.0136e-01 -1.2211e-01 1.4219e+00 -8.4818e-01 8.7413e-03 -6.9358e-02 -5.7941e-01 -4.0250e-02 1.1948e-01 -5.8611e-02 -4.6298e-02 2.6008e-02 -3.3348e-01 1.2858e-01 3.5517e-01 -7.1582e-01 -2.3230e-01 1.8127e+00 -8.6513e-01
-1.1231e+01 -1.1344e+00 1.0382e-02 -1.2012e+01 4.7696e+01 -2.0686e+00 -1.8432e+00 -4.7605e+00 -9.4595e+00 -1.4262e+00 6.1827e+00 2.6479e-01 -2.1946e+00 1.3447e+00 5.8139e-01 -7.6240e-01 3.1258e+00 -2.1098e+00 -4.3453e-01 -1.6268e-01 6.6030e+00 -7.6045e-01 -1.2403e+00 3.6362e+00 -1.0938e+00 -1.6843e-01 -1.0836e-01 -8.9954e-01 -5.8570e-01 3.9931e-02 -1.0030e+00 -5.9317e-01 -4.5258e-01 5.3148e-01 3.3469e+00 6.2441e-01 -8.8956e-01 -1.8226e-01 -3.3790e-01 -3.2517e-01 -3.0784e-01 6.4016e-01 -4.5189e-02 -1.6259e-01 -5.2568e-03 -1.8414e-01 8.2050e-04 -3.6073e-01 -2.5914e-01 3.1300e-01 3.2023e-01 1.1864e+00
-1.4138e+00 -3.4060e+01 -4.5942e+00 -1.6026e+00 -2.0686e+00 7.9074e+01 2.3074e+00 8.7708e+00 -2.5272e+00 -1.2043e-01 1.1494e+00 1.5906e+01 3.4856e+00 -1.4145e+00 5.9783e+00 -5.3890e-01 -9.6750e-01 -1.6078e+01 -8.0904e-01 -1.2603e+00 2.4063e+00 -3.8614e+00 5.3342e+00 1.2937e+00 -6.7765e+00 -8.1455e-02 2.8529e+00 -1.1163e+01 1.0413e+01 -5.1625e+00 -5.2667e+00 -1.2895e+00 -1.0729e+00 -1.4646e+01 -6.3631e-01 1.1863e-01 -5.7270e+00 -6.8400e-01 7.8925e-01 2.6108e+00 -1.7584e+00 1.1085e+00 7.6570e-03 -5.9723e-02 3.0559e-02 3.8645e-01 1.5503e-01 -1.1550e+00 1.9672e+00 7.3383e-01 5.3043e-01 4.4125e-01
-1.1458e+00 -3.2956e+01 -7.0681e+00 -1.0165e+01 -1.8432e+00 2.3074e+00 1.2938e+02 1.4449e+01 -1.5392e+01 -2.9490e+01 3.7605e+01 1.1092e+01 -6.7321e-01 -2.0873e+01 -7.4908e+00 -4.5226e+00 -2.2806e+00 -8.4540e+00 -4.1264e-01 -2.3625e+00 9.2834e+00 -4.2992e+00 -9.3301e+00 -2.2787e-01 5.2174e+00 -1.1660e+00 -7.1349e-01 6.2712e+00 6.2040e+00 2.0091e+00 9.2281e+00 6.3515e+00 1.0104e+00 -1.7130e+01 -9.6913e-01 -5.1761e-01 -2.7285e+00 1.2114e+00 8.8140e-02 -6.6440e+00 3.3789e+00 2.5313e-02 1.5746e-01 -2.5844e-01 1.2890e-02 5.6476e-01 -6.0467e-01 2.8429e-01 -1.8939e+00 2.6005e-01 -2.7533e-01 3.4832e-01
-6.7336e+00 -1.9448e+01 -3.5639e+01 5.8499e+00 -4.7605e+00 8.7708e+00 1.4449e+01 1.0267e+02 2.6673e+01 -4.6637e+01 1.4689e+01 3.7587e+00 7.5776e+00 9.7167e+00 -1.0974e+01 5.6285e-01 -5.3078e-01 -1.7751e+01 2.8520e-01 2.6475e+00 2.0300e+00 9.9048e+00 -6.1770e-01 1.2191e+00 2.4845e+01 1.0730e+00 1.4347e+00 2.0189e+01 8.1138e-01 2.7555e+01 6.8334e-01 -2.8281e-01 -5.6188e-01 -1.0200e+01 -9.9605e-01 2.5206e+00 -3.3117e-01 1.3318e-01 3.2017e-01 3.8669e-01 1.6625e+00 1.0263e+00 -2.9626e-02 2.5086e-01 -1.0962e-01 2.0485e+00 -1.6899e-01 -4.9617e-01 4.7149e-02 5.6178e-02 -6.1796e-01 6.7944e-02
-4.6666e-01 3.6693e-01 2.7738e+00 1.0042e+01 -9.4595e+00 -2.5272e+00 -1.5392e+01 2.6673e+01 6.1822e+01 4.3277e-01 6.2207e-01 -7.4002e-02 5.7709e+00 2.0341e+00 1.5637e-01 4.0434e-01 -2.1525e+00 -3.5858e+00 -4.0762e-01 6.0892e-01 -4.7684e+00 -4.6209e-01 -8.7844e+00 -1.4743e+00 1.6762e+01 -1.0026e-01 2.6367e-01 1.6259e+01 -2.2027e-01 1.6379e+01 -9.9758e-01 -5.5407e+00 -2.4817e+00 2.2011e-01 -3.1514e+00 3.2546e-01 5.4968e-01 -1.6962e-01 -6.1919e-02 2.9200e-01 1.1917e-01 7.5130e-03 -6.6329e-01 1.3162e-01 3.7694e-02 5.1683e-01 3.5406e-01 2.0232e-01 4.6161e-02 -2.3340e-01 3.9230e-03 2.8777e-01
7.0236e-01 -3.5544e+00 2.1328e+01 3.2649e-02 -1.4262e+00 -1.2043e-01 -2.9490e+01 -4.6637e+01 4.3277e-01 1.0775e+02 -4.2818e+01 -9.7462e+00 -3.7841e+00 1.4580e+01 1.1074e+01 -2.2683e+00 -2.0482e+00 2.1349e+00 -1.2066e+00 -4.4342e+00 -9.5126e+00 -9.5447e+00 -4.2757e+00 -4.0637e+00 1.3764e+00 -1.3927e+00 -1.2606e+00 1.3855e+01 1.4373e+01 -1.6215e+01 1.7046e-01 -5.0714e+00 -1.9142e+00 -3.0425e+00 -1.4910e+00 -2.3818e+00 -8.0620e+00 -2.0424e+00 1.2903e+00 3.3434e+00 -2.7586e+00 -1.4052e+00 -6.5860e-01 -4.7457e-02 -7.5651e-02 -7.3839e-01 2.2006e-01 -1.4070e+00 -9.0822e-01 -7.5021e-01 -2.1543e-01 1.6327e-01
-3.6639e-01 -1.5311e+01 1.4297e+01 -1.1237e+00 6.1827e+00 1.1494e+00 3.7605e+01 1.4689e+01 6.2207e-01 -4.2818e+01 9.0817e+01 1.5302e+01 4.5984e+00 -1.6192e+01 -3.2763e+00 -3.4298e+00 5.1825e+00 -4.1305e+00 -8.0976e-01 6.8976e+00 -8.0102e+00 7.1919e+00 -1.7360e+00 2.7668e+00 -1.8872e+00 -4.5082e-01 -1.7779e-01 -7.8749e+00 -1.0588e+01 1.5890e+01 2.2862e+00 -1.5685e+00 6.3643e-03 -3.9225e+00 2.4426e-01 -8.2442e-01 4.0075e+00 1.8307e+00 -1.5532e+00 -2.5348e+00 4.9561e+00 -2.9088e-01 7.4189e-01 -3.9781e-01 -2.3765e-01 -2.0634e-02 -4.2544e-01 1.9732e+00 -1.6627e+00 1.1492e+00 -1.1546e+00 2.4010e-01
-6.9710e-01 -1.5651e+01 2.8347e+00 -7.1180e-01 2.6479e-01 1.5906e+01 1.1092e+01 3.7587e+00 -7.4002e-02 -9.7462e+00 1.5302e+01 4.2231e+01 -7.0131e-01 -6.2018e+00 6.0339e-01 -7.2574e-01 1.7289e-01 -7.6375e+00 -2.6829e-01 -1.8653e+00 -7.4447e-01 -1.3669e+00 -6.1146e-01 1.2137e+00 1.5685e-01 -1.8301e-01 -7.2593e-02 -1.0065e+01 -4.7898e+00 1.5521e+00 -1.2333e+00 -5.6787e-01 -9.6496e-01 -6.1397e+00 -1.7839e-02 5.2346e-01 3.0938e+00 2.7180e-01 -7.8543e-01 -1.9566e+00 -7.4400e-01 8.9401e-01 -3.0787e-02 -2.2786e-01 -1.1691e-02 5.8545e-02 -3.0759e-02 -7.4240e-01 -1.1247e-01 8.2821e-01 -2.1515e-02 1.5600e-03
-7.5154e+00 -2.1687e+00 6.2899e-01 9.2839e-01 -2.1946e+00 3.4856e+00 -6.7321e-01 7.5776e+00 5.7709e+00 -3.7841e+00 4.5984e+00 -7.0131e-01 2.5185e+01 -1.2585e+00 -1.3610e-01 -3.0424e-01 -6.5586e-01 -1.0302e+00 -1.7852e-01 2.0551e+00 1.4499e+00 -1.1612e-01 -1.0259e+00 1.2411e+00 -6.7402e-01 -8.5418e-02 -2.7805e-02 -1.4173e-01 -1.7095e+00 -5.8529e-02 -1.6554e+00 -8.8976e-01 -4.1850e-01 -1.3322e+00 -5.1072e-01 -1.6970e+00 1.6511e+00 5.1835e-01 -3.3612e-01 -5.6325e-01 -4.7155e-02 -2.3625e-01 -1.9119e-01 8.5323e-03 -8.5155e-02 3.7692e-01 -4.5512e-02 3.6579e-01 9.4338e-03 -7.3787e-02 -8.6387e-01 4.3917e-01
7.4852e-01 3.8129e+00 -1.4269e+01 -2.2582e-01 1.3447e+00 -1.4145e+00 -2.0873e+01 9.7167e+00 2.0341e+00 1.4580e+01 -1.6192e+01 -6.2018e+00 -1.2585e+00 7.4388e+01 -4.2802e+00 -1.2786e+00 -4.2090e-01 -4.8717e+00 -5.9158e-02 -6.2726e-01 -1.7087e+00 -6.1644e+00 -1.3919e+00 3.7432e+00 1.3030e+01 3.3691e+00 -1.4421e-01 1.9753e+01 -4.9390e+00 2.5579e+01 -5.5762e+00 -2.3640e+00 1.2939e+00 -2.6468e+00 -9.0343e-01 3.0340e-01 2.6855e+00 1.4796e-01 2.1349e+00 6.8373e+00 -1.6383e+00 3.7607e-01 -1.1308e-01 2.6097e-01 -2.4463e-01 9.2773e-01 2.5901e-01 5.5304e-02 -8.4208e-01 -1.3975e-01 -2.3854e-02 9.8843e-03
2.4939e-01 -5.4209e+00 5.9182e+00 -2.4084e-01 5.8139e-01 5.9783e+00 -7.4908e+00 -1.0974e+01 1.5637e-01 1.1074e+01 -3.2763e+00 6.0339e-01 -1.3610e-01 -4.2802e+00 2.7828e+01 -3.0828e-01 -7.4261e-01 -1.1016e+00 -2.6709e-01 -6.1303e-01 -1.7371e+00 -2.7852e+00 -1.9280e+00 -6.8967e-01 -9.8336e+00 -5.5165e-01 -4.6390e-01 -8.9457e+00 -7.9245e-01 -7.5567e+00 1.4729e+00 -2.3064e+00 -9.2820e-02 4.8910e-01 -4.3361e-01 3.4993e-01 -1.5085e-01 4.3712e-01 -3.4780e-01 -2.8252e-01 -5.4959e-01 -1.7276e-01 -2.3444e-01 1.8092e-01 -6.7640e-02 -2.3761e-01 -6.5888e-02 -1.8732e-01 2.6602e+00 3.3240e-03 1.6972e-02 -3.7534e-01
-1.0840e+00 3.9038e+00 1.8373e+00 -1.2538e+00 -7.6240e-01 -5.3890e-01 -4.5226e+00 5.6285e-01 4.0434e-01 -2.2683e+00 -3.4298e+00 -7.2574e-01 -3.0424e-01 -1.2786e+00 -3.0828e-01 1.8754e+01 -5.7713e-01 -1.5099e+00 -3.7615e-02 2.8945e+00 1.9740e-01 -5.2038e-01 9.4740e-02 -4.1872e-01 1.0222e+00 -3.2072e-02 -4.8017e-02 7.1335e-03 -2.5526e-01 -1.0529e-01 7.4825e-01 7.3964e-01 -3.0993e-01 -1.0771e+00 6.8748e-01 -2.9665e-01 -3.1650e-01 -6.4927e-02 -2.7700e-01 -1.9552e-01 3.7288e-01 -1.2197e-01 -1.0026e-01 -7.3605e-02 -3.6308e-02 -1.6933e-01 -8.2853e-02 -3.6413e-02 1.4278e+00 5.1965e-02 -5.3029e-01 -4.6803e-01
-7.3173e-01 -1.0164e+00 -7.6327e-01 -2.2022e-01 3.1258e+00 -9.6750e-01 -2.2806e+00 -5.3078e-01 -2.1525e+00 -2.0482e+00 5.1825e+00 1.7289e-01 -6.5586e-01 -4.2090e-01 -7.4261e-01 -5.7713e-01 2.5836e+01 -1.5120e+00 -1.1819e-01 -5.1730e-01 -1.3363e+00 5.6511e+00 -2.0551e+00 -6.4728e-01 -2.2701e+00 -1.2388e-01 -2.0129e-01 -5.1216e-02 -2.6499e-01 -9.5642e-01 1.7228e+00 -1.1315e-01 -4.0978e-01 -3.8206e-01 7.2613e-01 -6.1218e-01 -1.0754e+00 -2.0715e-01 -2.0230e-01 -1.7786e-01 -1.8547e-01 -2.8272e-01 -1.7332e-01 -1.0512e-01 5.3514e-02 -5.1481e-01 5.6407e-02 -1.8508e-01 -1.7900e-01 4.7125e-01 -9.2582e-01 1.9934e+00
1.1886e+00 2.4161e+01 5.3602e+00 -8.8227e+00 -2.1098e+00 -1.6078e+01 -8.4540e+00 -1.7751e+01 -3.5858e+00 2.1349e+00 -4.1305e+00 -7.6375e+00 -1.0302e+00 -4.8717e+00 -1.1016e+00 -1.5099e+00 -1.5120e+00 6.2872e+01 7.4060e-01 -2.7238e+00 -3.9564e+00 -3.3926e+00 2.7938e+00 -2.5647e+00 4.2033e-01 -2.1624e-01 8.3272e-02 4.9311e-01 -4.6863e+00 5.6608e+00 1.7164e+00 1.5058e+01 4.0382e+00 2.6571e+01 -1.2051e+00 -2.8861e-01 2.4852e+00 -3.2853e-01 -5.4396e-01 -1.0331e+00 -1.2434e+00 2.7375e-01 -2.4317e-01 -2.0016e-01 -9.5797e-03 -6.0321e-01 3.8347e-01 1.9669e+00 -2.9230e-01 -5.0554e-01 -1.4061e-01 -2.6404e-01
2.2933e-01 7.2828e-01 -9.5324e-01 1.1161e-01 -4.3453e-01 -8.0904e-01 -4.1264e-01 2.8520e-01 -4.0762e-01 -1.2066e+00 -8.0976e-01 -2.6829e-01 -1.7852e-01 -5.9158e-02 -2.6709e-01 -3.7615e-02 -1.1819e-01 7.4060e-01 8.2608e+00 -1.4474e-01 3.4313e-01 2.1598e-01 -2.9373e-02 4.9316e-01 4.3444e-01 7.7815e-01 -2.3908e-02 -7.8854e-01 -2.6175e-01 -8.4018e-01 -2.3609e-01 8.9858e-01 -2.3262e-02 1.5319e+00 -7.4922e-02 -9.7851e-02 6.8447e-02 -1.1585e-01 6.8176e-01 -9.9898e-02 -1.2300e-01 -8.9316e-02 -1.9832e-02 -7.6578e-03 -3.9366e-02 -3.6249e-02 -2.2586e-02 5.2621e-01 -5.2813e-02 -4.7854e-02 -1.2260e-01 2.5870e-02
-1.6791e-02 -9.1275e-01 -3.6520e-01 4.4047e-01 -1.6268e-01 -1.2603e+00 -2.3625e+00 2.6475e+00 6.0892e-01 -4.4342e+00 6.8976e+00 -1.8653e+00 2.0551e+00 -6.2726e-01 -6.1303e-01 2.8945e+00 -5.1730e-01 -2.7238e+00 -1.4474e-01 2.7152e+01 -1.1722e+00 2.3537e+00 1.5454e-01 -7.4735e-01 -2.1864e+00 -9.8406e-02 -4.2213e-01 -5.1310e-01 -3.1897e+00 2.4766e+00 -6.5675e-01 2.7822e-01 1.2528e+00 -2.8630e+00 3.2519e+00 1.6533e-01 1.7613e+00 3.3092e+00 -3.2127e-01 9.3778e-01 1.1441e-01 -3.6847e-01 -1.0712e-01 -3.7413e-03 -3.1434e-02 3.9068e-01 -9.8039e-02 1.6943e-02 1.5496e+00 -1.7370e-01 1.2905e-03 8.8684e-02
-4.1926e+00 -3.5296e-01 -7.7474e+00 -2.4283e+00 6.6030e+00 2.4063e+00 9.2834e+00 2.0300e+00 -4.7684e+00 -9.5126e+00 -8.0102e+00 -7.4447e-01 1.4499e+00 -1.7087e+00 -1.7371e+00 1.9740e-01 -1.3363e+00 -3.9564e+00 3.4313e-01 -1.1722e+00 5.2297e+01 -1.4653e+00 -1.2325e+00 7.6897e-01 3.1576e-01 -1.9302e-01 -1.7878e-01 1.6254e-01 -9.3005e-01 4.6543e+00 9.9430e-01 -3.2036e+00 -5.2447e-01 3.1900e-02 2.5107e+00 -6.5975e-01 1.7763e-02 -5.5900e-01 -6.7150e-01 -2.3648e-01 -8.4238e-01 1.0243e+00 -8.0841e-02 -1.9846e-01 3.4866e-01 -3.2539e-01 1.5206e-01 -1.9364e-01 -6.9464e-01 -3.4592e-01 -1.6286e-01 -7.5570e-01
5.4383e-01 9.8943e-01 4.5970e+00 1.0680e+00 -7.6045e-01 -3.8614e+00 -4.2992e+00 9.9048e+00 -4.6209e-01 -9.5447e+00 7.1919e+00 -1.3669e+00 -1.1612e-01 -6.1644e+00 -2.7852e+00 -5.2038e-01 5.6511e+00 -3.3926e+00 2.1598e-01 2.3537e+00 -1.4653e+00 5.6813e+01 -5.1009e+00 -1.3022e+00 -2.7753e+01 -6.0179e-01 -2.4275e+00 -1.9970e+01 -4.4307e-01 -2.1438e+01 5.9089e+00 -6.4632e+00 -7.2950e-01 -1.9807e+00 -1.5248e+00 7.3588e-01 -3.5115e-01 8.1656e-02 -3.3210e-01 1.8171e+00 6.6692e+00 -1.1183e+00 8.5977e-01 1.1356e-01 -8.8653e-02 -8.0456e-01 4.6639e-01 -1.2230e-01 -5.2134e-01 2.5715e-01 5.9780e-03 -3.9283e-01
2.4540e+00 1.6148e+00 -6.7995e+00 2.3276e+00 -1.2403e+00 5.3342e+00 -9.3301e+00 -6.1770e-01 -8.7844e+00 -4.2757e+00 -1.7360e+00 -6.1146e-01 -1.0259e+00 -1.3919e+00 -1.9280e+00 9.4740e-02 -2.0551e+00 2.7938e+00 -2.9373e-02 1.5454e-01 -1.2325e+00 -5.1009e+00 6.1214e+01 -6.2797e-01 -2.6372e+00 -3.5946e-01 6.3623e+00 -1.0689e+01 2.6096e-01 -9.5107e+00 -1.5277e+01 6.3301e+00 1.0404e-01 5.1356e-01 1.2415e+00 -1.2991e-01 -1.8781e-01 -5.5837e-01 -1.0184e-01 -5.9842e-01 -1.8304e-01 2.7931e-01 1.1501e+00 3.3802e-01 -2.8613e-02 -9.5106e-01 -1.0573e-01 -4.1644e-01 3.9497e-01 -2.1253e-02 -4.2639e-02 -1.1390e-01
-1.0045e+00 6.1232e-02 -8.3364e-01 6.4828e-01 3.6362e+00 1.2937e+00 -2.2787e-01 1.2191e+00 -1.4743e+00 -4.0637e+00 2.7668e+00 1.2137e+00 1.2411e+00 3.7432e+00 -6.8967e-01 -4.1872e-01 -6.4728e-01 -2.5647e+00 4.9316e-01 -7.4735e-01 7.6897e-01 -1.3022e+00 -6.2797e-01 2.5657e+01 2.0321e-01 4.2209e+00 -3.2232e-02 -2.0706e+00 -6.5000e-01 2.3237e+00 -5.3152e+00 -2.0526e+00 6.6344e-01 -1.6364e+00 -1.9271e-01 2.4315e-02 3.7457e-01 1.1333e+00 2.1364e+00 1.2632e-01 -4.1256e-01 1.7126e+00 -1.6192e-01 -5.0286e-02 -9.3748e-02 -8.9836e-02 1.8290e-01 -1.7992e-01 -2.5369e-01 -2.0142e-01 -3.2525e-02 5.2612e-02
5.2884e-01 7.2931e+00 -1.4628e+01 3.1264e+00 -1.0938e+00 -6.7765e+00 5.2174e+00 2.4845e+01 1.6762e+01 1.3764e+00 -1.8872e+00 1.5685e-01 -6.7402e-01 1.3030e+01 -9.8336e+00 1.0222e+00 -2.2701e+00 4.2033e-01 4.3444e-01 -2.1864e+00 3.1576e-01 -2.7753e+01 -2.6372e+00 2.0321e-01 9.4771e+01 7.9881e-01 -2.1816e+00 6.9260e+01 -5.4005e-01 6.8900e+01 1.1499e+01 9.5390e+00 -9.3831e-01 1.0815e+00 -2.5809e+00 -1.3937e+00 9.0991e-01 5.0091e-02 5.3267e-01 -1.0017e+00 -5.8089e+00 1.5897e+00 1.1191e-01 1.4095e-01 -5.2526e-02 1.5315e+00 -1.1395e-02 -6.6734e-01 -3.2425e+00 2.4677e-01 -2.9058e-01 6.1954e-01
-1.0058e-01 2.9412e+00 -1.4630e+00 -1.9142e-01 -1.6843e-01 -8.1455e-02 -1.1660e+00 1.0730e+00 -1.0026e-01 -1.3927e+00 -4.5082e-01 -1.8301e-01 -8.5418e-02 3.3691e+00 -5.5165e-01 -3.2072e-02 -1.2388e-01 -2.1624e-01 7.7815e-01 -9.8406e-02 -1.9302e-01 -6.0179e-01 -3.5946e-01 4.2209e+00 7.9881e-01 9.1521e+00 1.1696e-01 5.2855e-01 -4.9351e-01 1.7348e+00 -1.0574e-02 -5.4195e-01 -2.7879e-02 6.5773e-01 -1.2863e-01 1.9659e-02 1.3105e-01 1.2873e+00 2.1944e+00 -9.7836e-02 -8.1001e-02 -5.5178e-02 -3.5532e-02 1.0381e-01 -3.1961e-02 5.9594e-01 -4.7998e-02 -7.2820e-03 -1.3714e-01 -3.7303e-02 -1.0218e-02 1.9171e-02
-3.3693e-02 -1.7616e-01 -1.8034e+00 -6.0315e-02 -1.0836e-01 2.8529e+00 -7.1349e-01 1.4347e+00 2.6367e-01 -1.2606e+00 -1.7779e-01 -7.2593e-02 -2.7805e-02 -1.4421e-01 -4.6390e-01 -4.8017e-02 -2.0129e-01 8.3272e-02 -2.3908e-02 -4.2213e-01 -1.7878e-01 -2.4275e+00 6.3623e+00 -3.2232e-02 -2.1816e+00 1.1696e-01 1.1066e+01 -2.0855e+00 -4.4978e-02 -1.9694e+00 -6.7356e+00 -5.8683e-01 -4.3251e-02 9.2820e-02 -1.2059e-01 4.3087e-02 2.3803e-02 -8.9182e-02 3.6004e-02 -1.5623e-01 -7.4198e-02 -1.6075e-01 2.3995e-01 3.5838e-02 7.1522e-02 -6.3526e-02 -3.0358e-02 -1.3782e-01 -8.0114e-02 -4.3830e-02 -1.0011e-02 -2.3661e-02
3.8237e-01 1.0162e+01 -1.1534e+01 3.0752e+00 -8.9954e-01 -1.1163e+01 6.2712e+00 2.0189e+01 1.6259e+01 1.3855e+01 -7.8749e+00 -1.0065e+01 -1.4173e-01 1.9753e+01 -8.9457e+00 7.1335e-03 -5.1216e-02 4.9311e-01 -7.8854e-01 -5.1310e-01 1.6254e-01 -1.9970e+01 -1.0689e+01 -2.0706e+00 6.9260e+01 5.2855e-01 -2.0855e+00 1.0595e+02 2.8530e+00 7.7869e+01 7.9433e+00 -1.5922e+01 -5.0500e-01 1.4469e+00 -2.4742e+00 -1.6892e+00 -1.1315e+00 2.1116e-02 2.3811e-01 -9.3774e-02 -5.2398e+00 1.6619e+00 -1.4098e-01 9.8951e-02 -4.6268e-02 2.0525e+00 1.0708e-01 1.1561e-01 -2.8117e+00 1.0993e-01 -9.5176e-02 7.0796e-01
2.3826e-01 -8.4358e+00 1.1389e+00 4.7957e-01 -5.8570e-01 1.0413e+01 6.2040e+00 8.1138e-01 -2.2027e-01 1.4373e+01 -1.0588e+01 -4.7898e+00 -1.7095e+00 -4.9390e+00 -7.9245e-01 -2.5526e-01 -2.6499e-01 -4.6863e+00 -2.6175e-01 -3.1897e+00 -9.3005e-01 -4.4307e-01 2.6096e-01 -6.5000e-01 -5.4005e-01 -4.9351e-01 -4.4978e-02 2.8530e+00 3.4277e+01 -1.8857e+01 2.3182e+00 -2.3757e+00 -1.9119e+00 -5.7138e+00 -1.5079e-01 -2.1986e-01 -1.3377e+01 -1.0157e+00 1.5070e+00 -1.9088e+00 -3.0575e-01 -3.3159e-01 -1.0803e-01 5.5195e-02 1.7994e-01 2.9361e-01 8.3643e-03 -1.3690e+00 -2.1261e-01 -1.6782e-01 -3.6234e-02 1.0064e+00
4.2296e-01 9.0031e+00 -1.2084e+01 2.5934e+00 3.9931e-02 -5.1625e+00 2.0091e+00 2.7555e+01 1.6379e+01 -1.6215e+01 1.5890e+01 1.5521e+00 -5.8529e-02 2.5579e+01 -7.5567e+00 -1.0529e-01 -9.5642e-01 5.6608e+00 -8.4018e-01 2.4766e+00 4.6543e+00 -2.1438e+01 -9.5107e+00 2.3237e+00 6.8900e+01 1.7348e+00 -1.9694e+00 7.7869e+01 -1.8857e+01 1.3606e+02 1.0707e+01 -1.4751e+01 2.5003e+00 1.0196e+01 -1.1143e+00 -2.5509e+00 1.1962e+01 2.0925e+00 5.0603e-01 3.2101e+00 -4.6175e+00 2.1822e+00 -2.1898e-01 9.7326e-02 -1.0897e-01 1.7006e+00 1.2400e-01 6.2285e-01 -2.7879e+00 4.9321e-01 -1.7563e+00 9.9838e-01
-3.7461e+00 -3.8278e-01 2.7613e+00 -2.6910e+00 -1.0030e+00 -5.2667e+00 9.2281e+00 6.8334e-01 -9.9758e-01 1.7046e-01 2.2862e+00 -1.2333e+00 -1.6554e+00 -5.5762e+00 1.4729e+00 7.4825e-01 1.7228e+00 1.7164e+00 -2.3609e-01 -6.5675e-01 9.9430e-01 5.9089e+00 -1.5277e+01 -5.3152e+00 1.1499e+01 -1.0574e-02 -6.7356e+00 7.9433e+00 2.3182e+00 1.0707e+01 8.1094e+01 6.7407e+00 5.3916e-01 9.7527e-01 -1.1255e+00 5.6557e+00 9.2604e+00 -6.1652e-02 -8.0191e-01 9.0201e-02 3.0168e-01 2.4223e-01 -7.6324e-01 -7.1377e-01 4.8607e-02 -4.5913e-01 2.1189e-01 -1.5640e+00 -6.5751e-01 -2.1182e-01 4.0307e+00 8.6965e+00
6.8712e-01 1.0844e+00 -3.0449e+00 -9.4968e+00 -5.9317e-01 -1.2895e+00 6.3515e+00 -2.8281e-01 -5.5407e+00 -5.0714e+00 -1.5685e+00 -5.6787e-01 -8.8976e-01 -2.3640e+00 -2.3064e+00 7.3964e-01 -1.1315e-01 1.5058e+01 8.9858e-01 2.7822e-01 -3.2036e+00 -6.4632e+00 6.3301e+00 -2.0526e+00 9.5390e+00 -5.4195e-01 -5.8683e-01 -1.5922e+01 -2.3757e+00 -1.4751e+01 6.7407e+00 6.1741e+01 3.8722e+00 -6.4711e-01 -1.6511e+00 -1.3173e-01 5.7285e-01 -7.2020e-01 -5.0145e-01 2.2195e+00 -5.8030e-01 3.9126e-01 -4.9813e-01 -1.0265e-01 2.3805e-01 -8.3737e-01 -1.9014e-01 -6.4742e-01 1.1498e-01 -1.1945e-01 -2.9792e-01 -7.1634e-01
-5.1155e-01 5.8794e-01 -2.6068e-02 -2.4694e+00 -4.5258e-01 -1.0729e+00 1.0104e+00 -5.6188e-01 -2.4817e+00 -1.9142e+00 6.3643e-03 -9.6496e-01 -4.1850e-01 1.2939e+00 -9.2820e-02 -3.0993e-01 -4.0978e-01 4.0382e+00 -2.3262e-02 1.2528e+00 -5.2447e-01 -7.2950e-01 1.0404e-01 6.6344e-01 -9.3831e-01 -2.7879e-02 -4.3251e-02 -5.0500e-01 -1.9119e+00 2.5003e+00 5.3916e-01 3.8722e+00 1.7808e+01 1.8365e+00 -2.8855e-01 9.9835e-02 1.0458e+00 -2.4353e-01 -1.2982e-01 2.0492e+00 -8.3508e-02 5.4624e-02 -5.7241e-02 -7.9956e-02 8.1040e-03 -1.8847e-01 -3.8020e-02 -2.2348e-01 -2.9459e-02 -1.3518e-01 -2.5072e-02 4.0210e-02
5.6616e-01 1.9630e+01 1.8314e+00 -2.0136e-01 5.3148e-01 -1.4646e+01 -1.7130e+01 -1.0200e+01 2.2011e-01 -3.0425e+00 -3.9225e+00 -6.1397e+00 -1.3322e+00 -2.6468e+00 4.8910e-01 -1.0771e+00 -3.8206e-01 2.6571e+01 1.5319e+00 -2.8630e+00 3.1900e-02 -1.9807e+00 5.1356e-01 -1.6364e+00 1.0815e+00 6.5773e-01 9.2820e-02 1.4469e+00 -5.7138e+00 1.0196e+01 9.7527e-01 -6.4711e-01 1.8365e+00 4.3864e+01 -6.2989e-01 -8.9178e-01 2.2014e+00 -4.2041e-01 -8.1410e-01 -6.2976e-01 -1.2626e+00 -6.7620e-01 1.4950e-02 6.4807e-03 6.0156e-02 8.0059e-01 -9.8096e-02 -3.4087e-01 -2.4282e-01 -5.1546e-01 1.6703e-02 -5.2787e-01
-6.0250e-01 -2.0008e-01 -3.7312e-01 -1.2211e-01 3.3469e+00 -6.3631e-01 -9.6913e-01 -9.9605e-01 -3.1514e+00 -1.4910e+00 2.4426e-01 -1.7839e-02 -5.1072e-01 -9.0343e-01 -4.3361e-01 6.8748e-01 7.2613e-01 -1.2051e+00 -7.4922e-02 3.2519e+00 2.5107e+00 -1.5248e+00 1.2415e+00 -1.9271e-01 -2.5809e+00 -1.2863e-01 -1.2059e-01 -2.4742e+00 -1.5079e-01 -1.1143e+00 -1.1255e+00 -1.6511e+00 -2.8855e-01 -6.2989e-01 1.9716e+01 1.9603e-01 1.2951e-01 -2.4351e-01 1.1376e-01 -1.6937e-01 -1.1754e-01 -2.3569e-01 2.8829e-01 -7.2227e-02 8.8045e-02 -1.2667e-01 -1.0201e-01 1.3964e-01 -8.4446e-02 -1.5369e-01 -9.0505e-03 3.3887e-02
8.4766e-01 -2.5210e-01 -2.4943e+00 1.4219e+00 6.2441e-01 1.1863e-01 -5.1761e-01 2.5206e+00 3.2546e-01 -2.3818e+00 -8.2442e-01 5.2346e-01 -1.6970e+00 3.0340e-01 3.4993e-01 -2.9665e-01 -6.1218e-01 -2.8861e-01 -9.7851e-02 1.6533e-01 -6.5975e-01 7.3588e-01 -1.2991e-01 2.4315e-02 -1.3937e+00 1.9659e-02 4.3087e-02 -1.6892e+00 -2.1986e-01 -2.5509e+00 5.6557e+00 -1.3173e-01 9.9835e-02 -8.9178e-01 1.9603e-01 2.2161e+01 1.1781e+00 8.3547e-02 -5.9657e-01 -7.4389e-01 1.2257e-01 -2.0390e-01 -1.3765e-01 -4.8607e-02 4.1242e-03 -1.5661e-02 -6.0967e-02 7.4437e-02 -1.6623e-01 -6.7118e-03 1.0491e+01 1.4500e+00
-1.2735e+00 3.6743e+00 -1.6732e+00 -8.4818e-01 -8.8956e-01 -5.7270e+00 -2.7285e+00 -3.3117e-01 5.4968e-01 -8.0620e+00 4.0075e+00 3.0938e+00 1.6511e+00 2.6855e+00 -1.5085e-01 -3.1650e-01 -1.0754e+00 2.4852e+00 6.8447e-02 1.7613e+00 1.7763e-02 -3.5115e-01 -1.8781e-01 3.7457e-01 9.0991e-01 1.3105e-01 2.3803e-02 -1.1315e+00 -1.3377e+01 1.1962e+01 9.2604e+00 5.7285e-01 1.0458e+00 2.2014e+00 1.2951e-01 1.1781e+00 4.3869e+01 2.3884e-01 -4.5046e-01 1.6103e+00 -3.9805e-01 2.8473e-01 1.8139e-01 -2.4917e-01 -1.0710e-01 3.2732e+00 -9.0330e-02 -6.1408e-03 -2.2971e-01 4.0883e-04 6.7945e-01 2.0865e+01
3.2296e-02 -6.3193e-03 -7.5808e-01 8.7413e-03 -1.8226e-01 -6.8400e-01 1.2114e+00 1.3318e-01 -1.6962e-01 -2.0424e+00 1.8307e+00 2.7180e-01 5.1835e-01 1.4796e-01 4.3712e-01 -6.4927e-02 -2.0715e-01 -3.2853e-01 -1.1585e-01 3.3092e+00 -5.5900e-01 8.1656e-02 -5.5837e-01 1.1333e+00 5.0091e-02 1.2873e+00 -8.9182e-02 2.1116e-02 -1.0157e+00 2.0925e+00 -6.1652e-02 -7.2020e-01 -2.4353e-01 -4.2041e-01 -2.4351e-01 8.3547e-02 2.3884e-01 1.3821e+01 1.2443e+00 -2.4083e-01 1.1878e+00 -6.2528e-02 -7.1754e-02 2.2900e-01 -3.9772e-02 -7.4948e-02 -6.3463e-02 2.7111e-01 -1.0819e-01 -1.1693e-01 -7.1675e-02 -2.7293e-01
1.2515e-02 -8.2432e-02 -4.7906e-01 -6.9358e-02 -3.3790e-01 7.8925e-01 8.8140e-02 3.2017e-01 -6.1919e-02 1.2903e+00 -1.5532e+00 -7.8543e-01 -3.3612e-01 2.1349e+00 -3.4780e-01 -2.7700e-01 -2.0230e-01 -5.4396e-01 6.8176e-01 -3.2127e-01 -6.7150e-01 -3.3210e-01 -1.0184e-01 2.1364e+00 5.3267e-01 2.1944e+00 3.6004e-02 2.3811e-01 1.5070e+00 5.0603e-01 -8.0191e-01 -5.0145e-01 -1.2982e-01 -8.1410e-01 1.1376e-01 -5.9657e-01 -4.5046e-01 1.2443e+00 1.3895e+01 6.0482e-01 -1.6723e-01 -8.0791e-02 -5.6810e-02 -2.2731e-02 -4.7558e-02 -1.5642e-01 -6.4403e-02 6.6010e-01 -2.1153e-01 -7.1091e-02 -6.3068e-01 -5.8413e-01
-1.8644e-01 -2.2621e+00 8.7112e-01 -5.7941e-01 -3.2517e-01 2.6108e+00 -6.6440e+00 3.8669e-01 2.9200e-01 3.3434e+00 -2.5348e+00 -1.9566e+00 -5.6325e-01 6.8373e+00 -2.8252e-01 -1.9552e-01 -1.7786e-01 -1.0331e+00 -9.9898e-02 9.3778e-01 -2.3648e-01 1.8171e+00 -5.9842e-01 1.2632e-01 -1.0017e+00 -9.7836e-02 -1.5623e-01 -9.3774e-02 -1.9088e+00 3.2101e+00 9.0201e-02 2.2195e+00 2.0492e+00 -6.2976e-01 -1.6937e-01 -7.4389e-01 1.6103e+00 -2.4083e-01 6.0482e-01 1.7052e+01 -1.7251e-01 1.9894e-01 -5.5233e-02 4.4604e-01 1.8378e-02 -2.1299e-01 -1.7154e-02 -7.4127e-02 -4.7048e-02 -7.8668e-02 1.2478e-02 -1.1970e-01
-4.4234e-02 1.4548e+00 7.0230e-01 -4.0250e-02 -3.0784e-01 -1.7584e+00 3.3789e+00 1.6625e+00 1.1917e-01 -2.7586e+00 4.9561e+00 -7.4400e-01 -4.7155e-02 -1.6383e+00 -5.4959e-01 3.7288e-01 -1.8547e-01 -1.2434e+00 -1.2300e-01 1.1441e-01 -8.4238e-01 6.6692e+00 -1.8304e-01 -4.1256e-01 -5.8089e+00 -8.1001e-02 -7.4198e-02 -5.2398e+00 -3.0575e-01 -4.6175e+00 3.0168e-01 -5.8030e-01 -8.3508e-02 -1.2626e+00 -1.1754e-01 1.2257e-01 -3.9805e-01 1.1878e+00 -1.6723e-01 -1.7251e-01 1.3474e+01 -1.4890e-01 4.3807e-02 -4.5657e-02 -3.8976e-02 -5.3845e-02 -5.3577e-02 -1.0952e-02 -1.9247e-01 -1.2407e-01 -1.5753e-02 -3.9817e-01
-1.8447e-03 -1.1260e+00 -4.8706e-01 1.1948e-01 6.4016e-01 1.1085e+00 2.5313e-02 1.0263e+00 7.5130e-03 -1.4052e+00 -2.9088e-01 8.9401e-01 -2.3625e-01 3.7607e-01 -1.7276e-01 -1.2197e-01 -2.8272e-01 2.7375e-01 -8.9316e-02 -3.6847e-01 1.0243e+00 -1.1183e+00 2.7931e-01 1.7126e+00 1.5897e+00 -5.5178e-02 -1.6075e-01 1.6619e+00 -3.3159e-01 2.1822e+00 2.4223e-01 3.9126e-01 5.4624e-02 -6.7620e-01 -2.3569e-01 -2.0390e-01 2.8473e-01 -6.2528e-02 -8.0791e-02 1.9894e-01 -1.4890e-01 1.1388e+01 -7.2887e-02 9.9828e-03 -3.4427e-02 -1.6962e-01 6.7623e-02 -1.2131e-01 -3.6720e-02 4.0570e-01 -2.2037e-01 9.1607e-02
-1.8092e-01 -1.0939e-01 1.4657e-01 -5.8611e-02 -4.5189e-02 7.6570e-03 1.5746e-01 -2.9626e-02 -6.6329e-01 -6.5860e-01 7.4189e-01 -3.0787e-02 -1.9119e-01 -1.1308e-01 -2.3444e-01 -1.0026e-01 -1.7332e-01 -2.4317e-01 -1.9832e-02 -1.0712e-01 -8.0841e-02 8.5977e-01 1.1501e+00 -1.6192e-01 1.1191e-01 -3.5532e-02 2.3995e-01 -1.4098e-01 -1.0803e-01 -2.1898e-01 -7.6324e-01 -4.9813e-01 -5.7241e-02 1.4950e-02 2.8829e-01 -1.3765e-01 1.8139e-01 -7.1754e-02 -5.6810e-02 -5.5233e-02 4.3807e-02 -7.2887e-02 7.9556e+00 6.3667e-02 1.4440e-02 2.6953e-01 -2.0820e-02 -5.8964e-02 -8.6203e-02 -5.0239e-02 -8.1460e-03 1.3463e-01
7.7419e-02 -1.3611e-01 -2.9600e-01 -4.6298e-02 -1.6259e-01 -5.9723e-02 -2.5844e-01 2.5086e-01 1.3162e-01 -4.7457e-02 -3.9781e-01 -2.2786e-01 8.5323e-03 2.6097e-01 1.8092e-01 -7.3605e-02 -1.0512e-01 -2.0016e-01 -7.6578e-03 -3.7413e-03 -1.9846e-01 1.1356e-01 3.3802e-01 -5.0286e-02 1.4095e-01 1.0381e-01 3.5838e-02 9.8951e-02 5.5195e-02 9.7326e-02 -7.1377e-01 -1.0265e-01 -7.9956e-02 6.4807e-03 -7.2227e-02 -4.8607e-02 -2.4917e-01 2.2900e-01 -2.2731e-02 4.4604e-01 -4.5657e-02 9.9828e-03 6.3667e-02 5.3564e+00 -6.7635e-03 -6.7827e-02 1.0908e-03 -1.5131e-02 -3.4875e-02 -2.6565e-02 -4.0943e-02 -1.5290e-01
1.5001e-02 2.8643e-01 -1.0032e-01 2.6008e-02 -5.2568e-03 3.0559e-02 1.2890e-02 -1.0962e-01 3.7694e-02 -7.5651e-02 -2.3765e-01 -1.1691e-02 -8.5155e-02 -2.4463e-01 -6.7640e-02 -3.6308e-02 5.3514e-02 -9.5797e-03 -3.9366e-02 -3.1434e-02 3.4866e-01 -8.8653e-02 -2.8613e-02 -9.3748e-02 -5.2526e-02 -3.1961e-02 7.1522e-02 -4.6268e-02 1.7994e-01 -1.0897e-01 4.8607e-02 2.3805e-01 8.1040e-03 6.0156e-02 8.8045e-02 4.1242e-03 -1.0710e-01 -3.9772e-02 -4.7558e-02 1.8378e-02 -3.8976e-02 -3.4427e-02 1.4440e-02 -6.7635e-03 4.0552e+00 1.6935e-02 2.5324e-02 -2.9631e-02 -4.1503e-02 -1.8522e-02 -2.7265e-02 4.1592e-02
-9.8527e-01 -5.6996e-01 -7.8639e-01 -3.3348e-01 -1.8414e-01 3.8645e-01 5.6476e-01 2.0485e+00 5.1683e-01 -7.3839e-01 -2.0634e-02 5.8545e-02 3.7692e-01 9.2773e-01 -2.3761e-01 -1.6933e-01 -5.1481e-01 -6.0321e-01 -3.6249e-02 3.9068e-01 -3.2539e-01 -8.0456e-01 -9.5106e-01 -8.9836e-02 1.5315e+00 5.9594e-01 -6.3526e-02 2.0525e+00 2.9361e-01 1.7006e+00 -4.5913e-01 -8.3737e-01 -1.8847e-01 8.0059e-01 -1.2667e-01 -1.5661e-02 3.2732e+00 -7.4948e-02 -1.5642e-01 -2.1299e-01 -5.3845e-02 -1.6962e-01 2.6953e-01 -6.7827e-02 1.6935e-02 1.6544e+01 -4.6298e-02 -1.9541e-01 -1.5665e-01 -6.9197e-02 -1.4385e-01 3.0784e+00
9.7352e-02 -3.2676e-01 5.3769e-01 1.2858e-01 8.2050e-04 1.5503e-01 -6.0467e-01 -1.6899e-01 3.5406e-01 2.2006e-01 -4.2544e-01 -3.0759e-02 -4.5512e-02 2.5901e-01 -6.5888e-02 -8.2853e-02 5.6407e-02 3.8347e-01 -2.2586e-02 -9.8039e-02 1.5206e-01 4.6639e-01 -1.0573e-01 1.8290e-01 -1.1395e-02 -4.7998e-02 -3.0358e-02 1.0708e-01 8.3643e-03 1.2400e-01 2.1189e-01 -1.9014e-01 -3.8020e-02 -9.8096e-02 -1.0201e-01 -6.0967e-02 -9.0330e-02 -6.3463e-02 -6.4403e-02 -1.7154e-02 -5.3577e-02 6.7623e-02 -2.0820e-02 1.0908e-03 2.5324e-02 -4.6298e-02 5.7761e+00 -4.2032e-02 -5.7862e-02 -2.9744e-02 -4.0662e-03 7.0313e-03
4.6702e-01 1.7486e+00 4.0585e-01 3.5517e-01 -3.6073e-01 -1.1550e+00 2.8429e-01 -4.9617e-01 2.0232e-01 -1.4070e+00 1.9732e+00 -7.4240e-01 3.6579e-01 5.5304e-02 -1.8732e-01 -3.6413e-02 -1.8508e-01 1.9669e+00 5.2621e-01 1.6943e-02 -1.9364e-01 -1.2230e-01 -4.1644e-01 -1.7992e-01 -6.6734e-01 -7.2820e-03 -1.3782e-01 1.1561e-01 -1.3690e+00 6.2285e-01 -1.5640e+00 -6.4742e-01 -2.2348e-01 -3.4087e-01 1.3964e-01 7.4437e-02 -6.1408e-03 2.7111e-01 6.6010e-01 -7.4127e-02 -1.0952e-02 -1.2131e-01 -5.8964e-02 -1.5131e-02 -2.9631e-02 -1.9541e-01 -4.2032e-02 1.2864e+01 -2.5657e-02 -5.1826e-02 -1.5112e-01 -6.4890e-01
-1.1490e-01 1.8666e-01 -9.5804e-01 -7.1582e-01 -2.5914e-01 1.9672e+00 -1.8939e+00 4.7149e-02 4.6161e-02 -9.0822e-01 -1.6627e+00 -1.1247e-01 9.4338e-03 -8.4208e-01 2.6602e+00 1.4278e+00 -1.7900e-01 -2.9230e-01 -5.2813e-02 1.5496e+00 -6.9464e-01 -5.2134e-01 3.9497e-01 -2.5369e-01 -3.2425e+00 -1.3714e-01 -8.0114e-02 -2.8117e+00 -2.1261e-01 -2.7879e+00 -6.5751e-01 1.1498e-01 -2.9459e-02 -2.4282e-01 -8.4446e-02 -1.6623e-01 -2.2971e-01 -1.0819e-01 -2.1153e-01 -4.7048e-02 -1.9247e-01 -3.6720e-02 -8.6203e-02 -3.4875e-02 -4.1503e-02 -1.5665e-01 -5.7862e-02 -2.5657e-02 1.1986e+01 -6.7755e-02 -2.5492e-01 -3.7773e-01
-4.1073e-01 -2.2138e-01 -1.5388e-01 -2.3230e-01 3.1300e-01 7.3383e-01 2.6005e-01 5.6178e-02 -2.3340e-01 -7.5021e-01 1.1492e+00 8.2821e-01 -7.3787e-02 -1.3975e-01 3.3240e-03 5.1965e-02 4.7125e-01 -5.0554e-01 -4.7854e-02 -1.7370e-01 -3.4592e-01 2.5715e-01 -2.1253e-02 -2.0142e-01 2.4677e-01 -3.7303e-02 -4.3830e-02 1.0993e-01 -1.6782e-01 4.9321e-01 -2.1182e-01 -1.1945e-01 -1.3518e-01 -5.1546e-01 -1.5369e-01 -6.7118e-03 4.0883e-04 -1.1693e-01 -7.1091e-02 -7.8668e-02 -1.2407e-01 4.0570e-01 -5.0239e-02 -2.6565e-02 -1.8522e-02 -6.9197e-02 -2.9744e-02 -5.1826e-02 -6.7755e-02 7.4516e+00 -5.2941e-02 1.4732e-02
4.1943e+00 -9.7827e-02 -5.4721e-01 1.8127e+00 3.2023e-01 5.3043e-01 -2.7533e-01 -6.1796e-01 3.9230e-03 -2.1543e-01 -1.1546e+00 -2.1515e-02 -8.6387e-01 -2.3854e-02 1.6972e-02 -5.3029e-01 -9.2582e-01 -1.4061e-01 -1.2260e-01 1.2905e-03 -1.6286e-01 5.9780e-03 -4.2639e-02 -3.2525e-02 -2.9058e-01 -1.0218e-02 -1.0011e-02 -9.5176e-02 -3.6234e-02 -1.7563e+00 4.0307e+00 -2.9792e-01 -2.5072e-02 1.6703e-02 -9.0505e-03 1.0491e+01 6.7945e-01 -7.1675e-02 -6.3068e-01 1.2478e-02 -1.5753e-02 -2.2037e-01 -8.1460e-03 -4.0943e-02 -2.7265e-02 -1.4385e-01 -4.0662e-03 -1.5112e-01 -2.5492e-01 -5.2941e-02 1.3848e+01 -3.8234e-02
-1.3864e+00 -6.5899e-01 -6.9857e-02 -8.6513e-01 1.1864e+00 4.4125e-01 3.4832e-01 6.7944e-02 2.8777e-01 1.6327e-01 2.4010e-01 1.5600e-03 4.3917e-01 9.8843e-03 -3.7534e-01 -4.6803e-01 1.9934e+00 -2.6404e-01 2.5870e-02 8.8684e-02 -7.5570e-01 -3.9283e-01 -1.1390e-01 5.2612e-02 6.1954e-01 1.9171e-02 -2.3661e-02 7.0796e-01 1.0064e+00 9.9838e-01 8.6965e+00 -7.1634e-01 4.0210e-02 -5.2787e-01 3.3887e-02 1.4500e+00 2.0865e+01 -2.7293e-01 -5.8413e-01 -1.1970e-01 -3.9817e-01 9.1607e-02 1.3463e-01 -1.5290e-01 4.1592e-02 3.0784e+00 7.0313e-03 -6.4890e-01 -3.7773e-01 1.4732e-02 -3.8234e-02 2.2875e+01
