2.6790e+01 -1.7922e+00 -7.6609e+00 7.4836e+00 7.1532e+00 4.4909e-01 -2.1100e-01 4.2135e-02 -2.7162e-01 -1.5372e-01 2.6969e-01 -1.4192e+01 -4.3100e-01 -9.2950e-01 -2.3118e-01 -2.5603e-01 -1.0147e+00 1.6695e-03 -3.6057e-01 -5.7200e+00 2.1197e-01 -2.4210e-01 1.0593e+00 -3.4112e-01 -1.6232e-01 1.7775e+00 -6.7182e-01 9.1283e-04 -2.5516e+00 -1.3445e+00 5.8510e-02 -8.7666e-01 -1.0290e-01 1.0506e+00 2.3098e-01 6.7460e-02 8.4452e-02 1.0610e+00 7.5371e-02 -9.9917e-01 1.7976e-01 1.8834e-01 9.1549e-02 -2.2317e-01 -3.1591e-02 -2.2145e+00 -3.7646e-01 3.1284e-02 -6.0637e-01 1.4664e-01 -5.6353e-02 8.7754e+00
-1.7922e+00 8.5391e+01 1.0447e+01 1.4454e+00 1.3508e-01 -2.4270e+01 5.7278e+00 -1.9802e+01 1.5564e+01 -3.8960e-01 -5.5754e-01 2.2331e+01 -1.1811e+00 4.9697e-01 2.4802e+00 3.0380e+00 -1.1127e+01 3.6353e-01 1.2634e+00 7.7779e-01 4.1863e+00 -5.0211e-01 -1.0269e+01 -2.2034e-01 -2.9307e+00 -9.4760e+00 1.8280e-01 2.6896e-01 -8.8869e-01 -2.3645e+00 1.3097e+01 1.2107e+01 3.2370e-02 -7.7075e-01 -1.6844e+00 7.7786e-02 -1.3943e+00 -2.1138e+00 4.2938e-02 1.1115e+00 -1.1227e+00 4.7901e-01 -1.3396e+00 -2.2628e-01 -1.3265e-02 4.8707e+00 -5.9433e-01 2.3932e-01 2.1145e+00 1.1687e-01 9.5628e-02 1.5914e+00
-7.6609e+00 1.0447e+01 8.6978e+01 -3.5774e+01 -3.6585e+01 -1.6252e+01 -4.5379e-01 6.5512e+00 1.9254e+00 -2.0542e+00 -6.2975e-02 9.1335e+00 -1.3838e+00 2.8149e-02 -1.4672e-01 4.3005e+00 5.0133e+00 -9.9427e-03 6.7733e-01 1.8042e+00 -6.4879e-01 -4.9189e-01 -2.8183e+00 -9.2101e-01 -3.9395e-01 -2.2954e+00 -2.1095e-02 -4.1340e-01 2.5895e+00 -2.3046e+00 2.2515e+00 -2.4528e+00 -3.2992e-01 3.1990e+00 -1.9819e+00 -2.9546e-01 -8.0003e-01 -3.8650e+00 2.0787e-02 1.3853e+00 -3.8413e-01 1.2209e-01 -9.1830e-01 4.1380e-01 -1.5821e-01 1.4881e+00 2.2922e-01 -1.2093e+00 -1.2451e+00 -2.1490e+00 1.1741e+01 4.0701e+00
7.4836e+00 1.4454e+00 -3.5774e+01 4.4817e+01 3.5732e+01 1.4382e+01 -4.3538e-01 -9.1799e-01 -2.2110e+00 -2.2444e-01 -3.5568e-01 -5.6861e+00 -3.5690e-01 -8.9187e-01 -5.3100e-01 2.5196e-01 -1.3534e-01 -2.4803e-02 8.2499e-02 -7.9769e-01 4.9504e-01 1.7533e-01 1.6040e+00 -6.9383e-01 -1.8730e-01 3.8951e+00 -2.4973e-01 -2.0611e-02 -2.4766e+00 -9.0546e-01 -8.9711e-02 3.9735e-01 1.5995e-01 -2.3657e+00 -1.1175e-01 1.7032e-01 9.1952e-02 3.0553e+00 -7.3207e-02 -1.0086e+00 4.1970e-01 4.9675e-02 -8.1952e-02 1.0104e-02 -9.6405e-02 -6.9051e-01 -4.3358e-01 2.6377e-01 9.2369e-02 1.2493e-01 3.7820e-01 -2.6082e+00
7.1532e+00 1.3508e-01 -3.6585e+01 3.5732e+01 4.4387e+01 1.4242e+01 -9.7499e-02 2.1418e-01 -2.2308e+00 -6.3221e-02 -4.8946e-01 -7.3296e+00 -5.4600e-01 6.3110e-02 -2.7298e-01 3.8327e-01 -1.1908e-01 -2.7420e-01 4.5248e-02 -1.1534e+00 2.6013e-01 1.2742e-01 2.3575e+00 1.1314e+00 -5.4508e-01 4.1526e+00 -5.3394e-01 -4.6677e-02 -2.5146e+00 -9.7927e-01 -6.8596e-02 5.2646e-01 3.9612e-01 -2.4429e+00 -1.4482e-01 2.1187e-01 -5.1245e-02 2.9896e+00 -1.6494e-01 -1.0938e+00 3.7620e-01 1.7851e-01 -7.2182e-02 -2.0428e-01 -1.5650e-01 -1.6294e+00 -4.8550e-01 8.9262e-02 -1.3774e-01 1.0026e-01 3.0341e+00 -4.3321e+00
4.4909e-01 -2.4270e+01 -1.6252e+01 1.4382e+01 1.4242e+01 7.1428e+01 -9.7093e-01 2.7936e+00 -1.0705e+00 -1.3139e-01 -8.3594e-01 -2.8645e+01 2.5416e-01 3.0994e+00 -2.6906e+00 -1.0015e+00 2.6033e+00 -4.1001e-01 2.8422e-01 1.0468e+00 -3.9827e+00 -1.1462e+00 1.8605e+01 -4.0000e-01 3.1474e+00 3.3038e+00 4.2356e-01 3.4707e-01 -1.2989e+00 1.3846e+00 2.5890e+00 -1.2990e+00 8.5276e-02 2.6478e+00 1.2734e+00 1.0569e-01 -9.0272e+00 -5.8909e+00 -4.8565e-01 -7.2172e-01 1.7764e+00 -5.7899e-01 -3.7942e-01 -2.4185e-01 9.9035e-02 -6.0808e-01 3.4526e-01 -7.1651e-01 -8.0927e-01 -1.7519e+00 3.1593e-01 -4.2600e+00
-2.1100e-01 5.7278e+00 -4.5379e-01 -4.3538e-01 -9.7499e-02 -9.7093e-01 8.8426e+01 -1.9061e+01 6.9517e+00 -2.8861e+01 7.5071e-01 -2.1086e+00 -1.6063e+00 5.4128e+00 7.8268e-01 1.3941e+01 -8.8002e-02 -2.4058e+00 -1.0372e+00 4.5701e-01 3.0433e+00 -2.7909e-01 9.8977e+00 -2.1553e+00 1.9917e-02 -2.6176e+00 1.1880e+00 -3.7784e-02 -3.7213e+00 -2.1367e+00 1.0993e+01 -5.1947e+00 4.2540e+00 -2.9245e+00 2.7542e+00 3.0844e+00 -1.4005e+01 6.7690e+00 2.1689e-01 -7.4014e-02 3.2049e-01 -1.1993e+00 -1.3528e+00 -6.3822e-02 1.7208e-01 -1.7605e+00 -3.5793e+00 1.8654e+00 1.9359e+00 -4.3392e-01 -1.0557e+00 -3.1575e-01
4.2135e-02 -1.9802e+01 6.5512e+00 -9.1799e-01 2.1418e-01 2.7936e+00 -1.9061e+01 1.0456e+02 -3.7722e+01 4.5693e-01 -2.2236e+00 4.3375e+00 -3.5910e+00 -1.8992e+00 -2.0668e+00 -1.7577e+01 4.9951e+00 -6.2345e-01 -5.2489e-01 2.7555e-01 -2.5334e+00 5.3831e-02 7.0864e+00 -5.3468e-02 -3.4083e+00 6.6379e+00 3.5779e+00 8.2287e-01 2.9344e+00 6.6150e+00 -2.4172e+01 -1.4028e+01 -1.4633e+00 1.3902e+00 -2.9939e+00 5.9755e-01 1.0471e+01 -4.6662e+00 -4.5581e-01 4.6670e-01 2.1436e+00 3.8024e+00 -3.5565e-01 -2.2039e-01 -1.1001e-01 -3.1564e-01 5.7429e+00 9.0090e-01 2.6761e+00 8.0501e-01 5.5623e-03 -2.3981e-01
-2.7162e-01 1.5564e+01 1.9254e+00 -2.2110e+00 -2.2308e+00 -1.0705e+00 6.9517e+00 -3.7722e+01 5.2601e+01 -1.0400e-01 5.6884e-01 -7.1241e+00 -5.5603e-01 2.6421e-01 -1.1526e-02 2.1554e+01 -1.2804e+01 3.3413e-02 -1.4103e-01 -8.7933e-01 5.8535e-01 -1.0164e-01 7.5967e-01 -6.1784e-01 -3.8694e-01 -6.1622e+00 3.3980e-01 -7.9732e-01 5.7506e-01 -4.0530e+00 2.0240e+01 4.0606e+00 2.8300e-02 -5.4153e-01 4.1112e-01 -1.2427e-01 -8.6318e+00 3.7891e-01 -2.3361e-01 -7.0044e-01 -2.1992e-01 -3.3757e-01 -1.0611e+00 -1.5632e-02 -1.9785e-02 -6.0476e-01 2.5957e-01 -3.3971e-01 -9.7931e-01 -1.2406e+00 7.9559e-02 1.8093e-01
-1.5372e-01 -3.8960e-01 -2.0542e+00 -2.2444e-01 -6.3221e-02 -1.3139e-01 -2.8861e+01 4.5693e-01 -1.0400e-01 6.7297e+01 7.1518e-01 -6.6055e-01 4.0332e+00 -1.3266e+00 -3.5243e-01 -2.3697e+01 -2.3829e+00 -2.0967e+00 1.0061e-01 -6.3750e-01 -1.9388e+00 2.3170e-01 -1.2502e+01 4.4106e-01 -2.2597e-01 -2.2110e+00 -8.6449e-01 5.0490e-02 4.9496e+00 1.3914e+00 -1.2872e+01 2.0053e+01 -7.1888e-01 3.0971e+00 1.3219e+00 -3.0137e+00 1.1840e+01 6.4978e+00 -4.8427e-01 -2.3542e-01 2.2395e+00 1.9774e+00 2.1768e-01 1.4386e-01 -6.2675e-01 1.0806e+00 -4.0500e+00 -6.8488e-01 -1.1413e+00 1.9878e+00 9.4148e-03 -2.3210e-01
2.6969e-01 -5.5754e-01 -6.2975e-02 -3.5568e-01 -4.8946e-01 -8.3594e-01 7.5071e-01 -2.2236e+00 5.6884e-01 7.1518e-01 2.1830e+01 -7.8545e-01 -7.8944e-01 -3.7664e-01 -8.2384e-01 4.4743e+00 1.6506e-01 -1.8509e-01 -6.6597e-02 -4.8864e-01 -4.9106e-01 -1.7703e-01 3.6866e-01 -3.3217e-01 3.4755e-01 3.4345e-02 -6.2697e-01 4.0724e-01 -5.3001e-01 -2.4762e-01 8.2848e+00 -7.2795e+00 -6.6288e-01 -4.8807e-01 -1.0009e+00 -6.2638e-01 -2.4666e+00 -9.2240e-01 8.8344e-02 -7.4803e-03 -2.9482e-02 -3.9247e-01 -1.0380e-01 -4.0120e-02 -3.6498e-01 2.2622e-02 -7.3522e-01 -2.4432e-01 1.6297e-01 -1.5451e-01 -1.3102e-01 6.7776e-02
-1.4192e+01 2.2331e+01 9.1335e+00 -5.6861e+00 -7.3296e+00 -2.8645e+01 -2.1086e+00 4.3375e+00 -7.1241e+00 -6.6055e-01 -7.8545e-01 7.7548e+01 1.0311e-01 -1.3634e+00 -2.7500e-01 7.9007e+00 8.6965e+00 3.8401e-01 -6.1685e-01 3.3181e+00 3.7149e+00 -3.8199e-01 -1.1482e+01 -3.2819e-01 -3.2673e+00 5.8119e+00 -1.2769e+00 -2.6787e-01 1.8502e+00 3.5112e+00 -4.8909e+00 -1.5513e+00 7.8133e-02 -6.3575e+00 -1.2422e+00 9.4316e-01 1.9113e+01 -3.7710e+00 6.9698e-02 1.9147e+00 -1.1408e+00 -3.7675e-01 -3.9284e-01 -6.3270e-01 -1.1513e-01 3.9573e+00 -1.5863e-01 1.0931e+00 9.3186e-01 -1.9376e-01 6.4603e-01 1.1045e+01
-4.3100e-01 -1.1811e+00 -1.3838e+00 -3.5690e-01 -5.4600e-01 2.5416e-01 -1.6063e+00 -3.5910e+00 -5.5603e-01 4.0332e+00 -7.8944e-01 1.0311e-01 2.5914e+01 -1.2176e+00 -9.4514e-02 -5.2422e+00 9.9483e-01 -4.6755e-01 -2.9205e-01 -3.1602e-01 -1.2857e+00 -1.5438e-01 -1.2724e+01 -7.9068e-01 1.5164e-01 -9.3285e-01 -1.0138e+00 -1.4418e-01 -6.5600e-01 -6.0364e-01 -1.0601e+00 5.0638e+00 -1.1129e+00 -8.9856e-02 1.2421e-01 -9.7779e-01 -2.4057e+00 -6.9753e-01 6.1042e-03 -5.2055e-02 4.0999e-01 -1.3135e-01 1.8840e+00 3.8773e-01 -2.1909e-01 -3.0901e-01 -6.2303e-01 -5.2951e-01 -1.5673e-01 -5.8836e-02 -1.4828e-01 6.8520e-02
-9.2950e-01 4.9697e-01 2.8149e-02 -8.9187e-01 6.3110e-02 3.0994e+00 5.4128e+00 -1.8992e+00 2.6421e-01 -1.3266e+00 -3.7664e-01 -1.3634e+00 -1.2176e+00 2.3203e+01 -4.9690e-01 -2.9238e+00 -6.7788e-01 -6.1056e-01 -3.5238e-01 -5.7689e-01 8.9079e+00 -8.7930e-02 2.3564e+00 1.1670e-01 2.2318e-01 1.2379e-01 7.3571e-01 -1.0965e-01 -4.1032e-01 -5.1120e-01 -1.7307e+00 1.4503e-01 9.2523e+00 -1.6884e-01 -1.4951e+00 -3.7587e-01 -2.2032e+00 7.7466e+00 -1.2143e-01 -1.7565e-01 -7.9934e-01 -3.4920e-01 1.5484e-01 -1.0347e-01 -1.7881e-01 -4.5820e-01 -8.0555e-01 -4.5169e-02 3.3255e-01 -3.8314e-01 1.1777e-01 -1.4546e+00
-2.3118e-01 2.4802e+00 -1.4672e-01 -5.3100e-01 -2.7298e-01 -2.6906e+00 7.8268e-01 -2.0668e+00 -1.1526e-02 -3.5243e-01 -8.2384e-01 -2.7500e-01 -9.4514e-02 -4.9690e-01 2.0817e+01 2.9477e+00 -8.6110e-01 -2.5202e-01 1.5524e-01 -1.5250e-01 -8.3126e-01 -1.5339e-01 -6.0394e+00 -3.4143e-01 -9.1249e-01 -5.3473e-01 -5.3732e-01 -9.1575e-02 -2.8758e-01 -2.4331e-01 -1.8854e+00 -3.1407e+00 -3.2032e-01 4.1101e+00 -8.0484e-01 -5.4777e-01 1.4702e+00 -9.7242e-01 -9.8096e-02 -9.3770e-02 -3.7761e-01 -2.0059e-01 -2.7246e-01 2.8106e-01 -1.5217e-01 -2.5698e-01 -2.1950e-01 -3.1795e-01 -2.2713e-01 -1.1924e-01 -2.4114e-01 3.2359e-02
-2.5603e-01 3.0380e+00 4.3005e+00 2.5196e-01 3.8327e-01 -1.0015e+00 1.3941e+01 -1.7577e+01 2.1554e+01 -2.3697e+01 4.4743e+00 7.9007e+00 -5.2422e+00 -2.9238e+00 2.9477e+00 1.1591e+02 1.5189e+01 3.0162e+00 -2.3188e+00 -3.3324e+00 2.0327e+00 -9.0136e-01 -7.5735e-01 -1.7257e+00 -1.6135e+00 6.0643e+00 -1.8505e+00 -1.3401e+00 -1.9613e+00 -1.2332e+00 4.8602e+01 -3.7627e+01 5.0317e-01 -2.0762e+00 1.3682e+00 -1.3663e+00 6.6324e+00 -3.6454e+00 -2.2621e-01 -2.5869e-01 -8.0160e-01 -2.0040e+00 6.3517e-01 -9.4605e-03 -7.2642e-02 -1.2963e+00 -1.8658e+00 -1.3997e+00 1.7009e+00 -8.9994e-01 -8.4446e-01 -1.6526e-01
-1.0147e+00 -1.1127e+01 5.0133e+00 -1.3534e-01 -1.1908e-01 2.6033e+00 -8.8002e-02 4.9951e+00 -1.2804e+01 -2.3829e+00 1.6506e-01 8.6965e+00 9.9483e-01 -6.7788e-01 -8.6110e-01 1.5189e+01 6.1926e+01 6.0463e-01 -2.4014e-01 -1.8775e+00 -6.3738e-01 7.9911e-01 -9.2392e+00 -3.1478e-01 -9.1285e-01 9.0360e+00 -5.7325e-01 -7.1468e-01 -2.2691e-01 -2.0240e+00 -1.3669e+01 -1.1923e+00 -2.5464e-01 -5.8073e-01 -3.1687e+00 -3.1753e-01 1.6383e+01 -8.6401e-01 -1.3327e-01 1.8647e-01 -4.4232e-02 -6.7788e-01 2.7673e+00 7.9876e-02 -1.3399e-01 -5.8074e-01 -7.5347e-02 -4.2290e-01 -4.2473e-01 -6.4976e-01 1.8445e-01 -6.9399e-01
1.6695e-03 3.6353e-01 -9.9427e-03 -2.4803e-02 -2.7420e-01 -4.1001e-01 -2.4058e+00 -6.2345e-01 3.3413e-02 -2.0967e+00 -1.8509e-01 3.8401e-01 -4.6755e-01 -6.1056e-01 -2.5202e-01 3.0162e+00 6.0463e-01 1.3796e+01 -2.4558e-01 -2.2854e-01 -5.1687e-01 -2.6701e-02 -6.9313e-02 -4.1033e-01 1.2092e+00 -1.6352e-01 -3.2166e-01 -6.9690e-02 6.9937e-01 7.9154e-02 6.0784e-01 -7.1906e-01 -5.0700e-01 -5.8017e-01 -4.4142e-01 -2.1992e-01 -2.7905e-02 2.1349e+00 -1.0010e-01 -5.3076e-02 -1.9573e-01 -2.0114e-01 -1.2027e-01 -4.8333e-02 -1.1432e-01 -2.5906e-02 1.0291e-01 -1.0570e-01 3.1668e-01 -7.9341e-02 8.0570e-02 3.0967e-04
-3.6057e-01 1.2634e+00 6.7733e-01 8.2499e-02 4.5248e-02 2.8422e-01 -1.0372e+00 -5.2489e-01 -1.4103e-01 1.0061e-01 -6.6597e-02 -6.1685e-01 -2.9205e-01 -3.5238e-01 1.5524e-01 -2.3188e+00 -2.4014e-01 -2.4558e-01 1.2103e+01 -2.8729e-01 -4.6604e-01 3.4660e-01 6.4533e-01 2.8105e+00 -1.4805e-01 -5.2192e-01 -7.8950e-02 -6.5865e-02 -1.9041e-01 -5.8764e-01 -6.0681e-01 2.9363e+00 -2.8145e-01 7.6072e-01 -6.8383e-01 5.6920e-02 1.7647e+00 -4.7848e-01 -1.0188e-01 3.5732e-01 1.0835e+00 5.3466e-01 -1.5464e-01 -1.8301e-02 1.4471e-01 6.4543e-03 -4.7875e-02 -3.7968e-02 -3.5641e-01 -2.5176e-01 -6.4165e-02 -4.0189e-01
-5.7200e+00 7.7779e-01 1.8042e+00 -7.9769e-01 -1.1534e+00 1.0468e+00 4.5701e-01 2.7555e-01 -8.7933e-01 -6.3750e-01 -4.8864e-01 3.3181e+00 -3.1602e-01 -5.7689e-01 -1.5250e-01 -3.3324e+00 -1.8775e+00 -2.2854e-01 -2.8729e-01 3.3053e+01 -5.4754e-01 -1.7920e-01 -4.6760e+00 -3.8086e-01 -7.7235e-01 -1.7471e+00 -2.5466e-01 2.9506e-01 -2.2006e-01 2.6680e+00 -1.9047e+00 1.5758e+00 -2.3360e-01 6.1711e+00 -1.5505e+00 -3.0074e-01 -1.3740e+00 -8.4117e-01 -6.6060e-02 6.4378e-02 -6.0445e-01 -2.2362e-01 4.5910e-01 -3.3181e-02 -2.1243e-02 3.0589e-01 1.9977e-01 1.2709e+00 8.3333e-01 -4.4466e-01 -8.1032e-02 -3.1313e-01
2.1197e-01 4.1863e+00 -6.4879e-01 4.9504e-01 2.6013e-01 -3.9827e+00 3.0433e+00 -2.5334e+00 5.8535e-01 -1.9388e+00 -4.9106e-01 3.7149e+00 -1.2857e+00 8.9079e+00 -8.3126e-01 2.0327e+00 -6.3738e-01 -5.1687e-01 -4.6604e-01 -5.4754e-01 2.6353e+01 -1.4743e-01 -6.2045e-01 -8.6530e-01 -6.3867e-01 -8.6131e-01 -1.2590e+00 2.1591e-01 -5.3957e-01 -3.5836e-01 -1.7199e-01 -7.1787e-01 9.3597e+00 -1.4849e+00 -2.3047e+00 -4.9601e-01 5.0861e-01 7.3881e+00 -1.1459e-01 -1.3593e-01 -1.0063e+00 -3.8671e-01 1.3948e+00 -4.5088e-02 -2.3094e-01 -2.0683e-01 -8.8808e-01 -2.7715e-01 -3.9594e-01 2.1767e-01 -1.9821e-01 1.0164e-01
-2.4210e-01 -5.0211e-01 -4.9189e-01 1.7533e-01 1.2742e-01 -1.1462e+00 -2.7909e-01 5.3831e-02 -1.0164e-01 2.3170e-01 -1.7703e-01 -3.8199e-01 -1.5438e-01 -8.7930e-02 -1.5339e-01 -9.0136e-01 7.9911e-01 -2.6701e-02 3.4660e-01 -1.7920e-01 -1.4743e-01 7.0056e+00 -8.8727e-02 -7.9682e-02 -1.7890e-01 -1.1961e-01 1.4487e+00 -3.1237e-02 4.8563e-01 -2.0996e-01 -6.4584e-01 7.6425e-01 -8.4323e-02 9.1383e-02 5.6685e-01 2.0857e-01 -3.8718e-01 6.5847e-01 -7.0072e-03 -2.9316e-02 -1.9892e-02 6.1919e-01 5.3015e-01 2.6170e-02 -3.4621e-02 -7.1521e-02 -1.1427e-01 -1.4169e-01 -6.3820e-02 1.0526e-01 -4.7523e-02 -3.9224e-01
1.0593e+00 -1.0269e+01 -2.8183e+00 1.6040e+00 2.3575e+00 1.8605e+01 9.8977e+00 7.0864e+00 7.5967e-01 -1.2502e+01 3.6866e-01 -1.1482e+01 -1.2724e+01 2.3564e+00 -6.0394e+00 -7.5735e-01 -9.2392e+00 -6.9313e-02 6.4533e-01 -4.6760e+00 -6.2045e-01 -8.8727e-02 9.2714e+01 1.4378e+00 3.9262e+00 -1.3223e-01 6.0960e-01 -1.7689e-01 5.5252e-03 1.1205e-01 1.2925e+01 -7.6991e+00 2.3186e+00 -1.3773e+01 4.4556e+00 1.9275e+00 -1.8044e+01 -1.9024e+00 -1.0201e-01 -1.0874e-01 3.7885e+00 -3.7965e-01 6.2422e-02 -2.9120e-01 2.5175e-01 -2.1045e+00 5.0049e-01 2.4190e-01 1.0453e+00 -4.4689e-01 9.8201e-02 1.8918e-01
-3.4112e-01 -2.2034e-01 -9.2101e-01 -6.9383e-01 1.1314e+00 -4.0000e-01 -2.1553e+00 -5.3468e-02 -6.1784e-01 4.4106e-01 -3.3217e-01 -3.2819e-01 -7.9068e-01 1.1670e-01 -3.4143e-01 -1.7257e+00 -3.1478e-01 -4.1033e-01 2.8105e+00 -3.8086e-01 -8.6530e-01 -7.9682e-02 1.4378e+00 1.9592e+01 8.6206e-01 1.6649e+00 -3.8035e-01 7.7540e-01 -4.1734e-01 1.7545e+00 -1.2963e+00 -1.0434e-01 -3.7502e-01 -4.5524e-01 7.1400e-01 -2.2836e-01 2.4915e+00 -1.0555e+00 -3.9767e-02 -4.8177e-02 -2.4783e-01 4.4279e-01 2.2666e-01 -1.1968e-01 6.9119e-01 -5.0698e-01 -2.8145e-01 -1.9948e-01 -1.1989e-01 -3.4052e-01 3.2036e-01 -1.2428e+00
-1.6232e-01 -2.9307e+00 -3.9395e-01 -1.8730e-01 -5.4508e-01 3.1474e+00 1.9917e-02 -3.4083e+00 -3.8694e-01 -2.2597e-01 3.4755e-01 -3.2673e+00 1.5164e-01 2.2318e-01 -9.1249e-01 -1.6135e+00 -9.1285e-01 1.2092e+00 -1.4805e-01 -7.7235e-01 -6.3867e-01 -1.7890e-01 3.9262e+00 8.6206e-01 2.7301e+01 -6.5412e-01 1.0301e-01 -1.6393e-01 -1.6430e-01 -5.0499e-01 -1.0061e+00 -7.2938e-01 -1.3378e-01 -3.1284e+00 -1.8906e+00 6.6551e-01 -1.8738e+00 -3.4882e-01 -5.1022e-03 -7.9555e-02 7.3727e-02 -4.5377e-03 1.7729e-01 -1.2959e-01 -1.6510e-02 -4.9744e-01 -3.4977e-01 -3.7638e-01 9.1603e-01 -1.7812e-01 -9.1981e-02 -6.3182e-01
1.7775e+00 -9.4760e+00 -2.2954e+00 3.8951e+00 4.1526e+00 3.3038e+00 -2.6176e+00 6.6379e+00 -6.1622e+00 -2.2110e+00 3.4345e-02 5.8119e+00 -9.3285e-01 1.2379e-01 -5.3473e-01 6.0643e+00 9.0360e+00 -1.6352e-01 -5.2192e-01 -1.7471e+00 -8.6131e-01 -1.1961e-01 -1.3223e-01 1.6649e+00 -6.5412e-01 4.5104e+01 7.9254e-01 -1.8326e-01 -8.7443e-01 4.8219e+00 -6.7646e+00 -4.5344e+00 -5.0905e-01 -3.7932e+00 -1.1610e+00 -2.4436e-01 1.0112e+01 -3.0428e+00 -7.9746e-02 -1.2048e-01 -5.4679e-01 -4.4868e-01 -5.4665e-01 -7.3873e-02 3.2740e-01 -6.1403e-01 -3.5222e-01 -1.8147e-01 -5.5732e-01 -7.1735e-01 -5.9596e-02 8.3971e-01
-6.7182e-01 1.8280e-01 -2.1095e-02 -2.4973e-01 -5.3394e-01 4.2356e-01 1.1880e+00 3.5779e+00 3.3980e-01 -8.6449e-01 -6.2697e-01 -1.2769e+00 -1.0138e+00 7.3571e-01 -5.3732e-01 -1.8505e+00 -5.7325e-01 -3.2166e-01 -7.8950e-02 -2.5466e-01 -1.2590e+00 1.4487e+00 6.0960e-01 -3.8035e-01 1.0301e-01 7.9254e-01 2.3095e+01 -1.5931e-01 4.0922e+00 -2.3729e-01 -1.4146e+00 2.4945e+00 -1.1812e+00 3.4476e+00 8.8964e+00 -2.4852e-01 -1.7508e+00 -1.6974e+00 -1.1171e-01 -1.3478e-01 -7.5083e-02 3.6867e+00 3.7653e-01 6.6405e-01 -7.7062e-02 -3.3005e-01 -6.9837e-01 7.2139e-02 1.1382e+00 -3.8395e-01 -4.8175e-01 -8.3266e-01
9.1283e-04 2.6896e-01 -4.1340e-01 -2.0611e-02 -4.6677e-02 3.4707e-01 -3.7784e-02 8.2287e-01 -7.9732e-01 5.0490e-02 4.0724e-01 -2.6787e-01 -1.4418e-01 -1.0965e-01 -9.1575e-02 -1.3401e+00 -7.1468e-01 -6.9690e-02 -6.5865e-02 2.9506e-01 2.1591e-01 -3.1237e-02 -1.7689e-01 7.7540e-01 -1.6393e-01 -1.8326e-01 -1.5931e-01 8.0725e+00 -1.0105e-01 9.8603e-01 1.8217e-01 -5.7818e-01 -8.8919e-02 7.5725e-02 -4.0269e-01 -5.9816e-02 -5.0908e-01 -2.7751e-01 -1.8582e-02 3.7617e-01 -8.8590e-02 -3.7213e-02 -1.2668e-01 -1.8377e-02 -2.3328e-02 6.7983e-02 -6.6409e-02 -3.3319e-02 -7.0658e-02 -7.8470e-02 -8.1519e-02 8.9586e-02
-2.5516e+00 -8.8869e-01 2.5895e+00 -2.4766e+00 -2.5146e+00 -1.2989e+00 -3.7213e+00 2.9344e+00 5.7506e-01 4.9496e+00 -5.3001e-01 1.8502e+00 -6.5600e-01 -4.1032e-01 -2.8758e-01 -1.9613e+00 -2.2691e-01 6.9937e-01 -1.9041e-01 -2.2006e-01 -5.3957e-01 4.8563e-01 5.5252e-03 -4.1734e-01 -1.6430e-01 -8.7443e-01 4.0922e+00 -1.0105e-01 1.8618e+01 -4.4551e-01 -2.2162e+00 3.5679e+00 -3.6871e-01 5.8343e+00 6.8165e+00 -3.8569e-01 -1.9183e+00 -1.2490e+00 -1.5951e-01 -8.5153e-02 -2.3870e-01 3.6901e+00 3.5449e-01 -2.3036e-02 3.4624e-02 -2.6078e-01 1.0649e-01 -1.5797e-01 -3.7275e-01 -3.1289e-01 2.5315e-02 -8.3421e-02
-1.3445e+00 -2.3645e+00 -2.3046e+00 -9.0546e-01 -9.7927e-01 1.3846e+00 -2.1367e+00 6.6150e+00 -4.0530e+00 1.3914e+00 -2.4762e-01 3.5112e+00 -6.0364e-01 -5.1120e-01 -2.4331e-01 -1.2332e+00 -2.0240e+00 7.9154e-02 -5.8764e-01 2.6680e+00 -3.5836e-01 -2.0996e-01 1.1205e-01 1.7545e+00 -5.0499e-01 4.8219e+00 -2.3729e-01 9.8603e-01 -4.4551e-01 3.0332e+01 -4.6632e+00 -5.4884e+00 -7.3664e-02 1.5120e+00 8.2464e-01 -1.8997e-01 1.3465e+00 4.8688e-03 -2.9861e-01 -2.5585e-01 2.0131e-02 -2.0953e-01 -6.3429e-01 -2.1508e-02 1.8135e-02 -3.2231e-01 -2.0327e-01 -3.1194e-01 -6.9958e-01 2.2116e+00 -9.0327e-02 4.3328e-01
5.8510e-02 1.3097e+01 2.2515e+00 -8.9711e-02 -6.8596e-02 2.5890e+00 1.0993e+01 -2.4172e+01 2.0240e+01 -1.2872e+01 8.2848e+00 -4.8909e+00 -1.0601e+00 -1.7307e+00 -1.8854e+00 4.8602e+01 -1.3669e+01 6.0784e-01 -6.0681e-01 -1.9047e+00 -1.7199e-01 -6.4584e-01 1.2925e+01 -1.2963e+00 -1.0061e+00 -6.7646e+00 -1.4146e+00 1.8217e-01 -2.2162e+00 -4.6632e+00 9.0951e+01 -4.2737e+01 4.3855e-01 -1.5763e+00 1.7412e+00 -1.8490e+00 -1.8810e+01 -2.9957e+00 1.5377e+00 4.9530e-02 2.4581e+00 -6.9231e-01 3.6826e-01 -7.4097e-02 -2.1521e-01 -4.2969e-01 -2.0694e+00 -1.5897e+00 2.5012e-01 -1.7841e+00 -6.1098e-02 3.2076e-02
-8.7666e-01 1.2107e+01 -2.4528e+00 3.9735e-01 5.2646e-01 -1.2990e+00 -5.1947e+00 -1.4028e+01 4.0606e+00 2.0053e+01 -7.2795e+00 -1.5513e+00 5.0638e+00 1.4503e-01 -3.1407e+00 -3.7627e+01 -1.1923e+00 -7.1906e-01 2.9363e+00 1.5758e+00 -7.1787e-01 7.6425e-01 -7.6991e+00 -1.0434e-01 -7.2938e-01 -4.5344e+00 2.4945e+00 -5.7818e-01 3.5679e+00 -5.4884e+00 -4.2737e+01 1.0275e+02 -1.8914e+00 5.1887e-01 -1.5999e-01 1.9259e+00 4.2852e+00 2.3962e+00 -9.9847e-01 -2.6250e-01 -1.0766e+00 9.0329e-01 -1.7641e+00 1.3074e-02 4.1419e-01 -4.8201e-01 -5.7442e+00 1.1430e+00 -1.7846e+00 2.4598e+00 -2.2626e-01 -1.3264e+00
-1.0290e-01 3.2370e-02 -3.2992e-01 1.5995e-01 3.9612e-01 8.5276e-02 4.2540e+00 -1.4633e+00 2.8300e-02 -7.1888e-01 -6.6288e-01 7.8133e-02 -1.1129e+00 9.2523e+00 -3.2032e-01 5.0317e-01 -2.5464e-01 -5.0700e-01 -2.8145e-01 -2.3360e-01 9.3597e+00 -8.4323e-02 2.3186e+00 -3.7502e-01 -1.3378e-01 -5.0905e-01 -1.1812e+00 -8.8919e-02 -3.6871e-01 -7.3664e-02 4.3855e-01 -1.8914e+00 1.7503e+01 -2.5283e-01 -1.0763e+00 -4.9065e-01 -2.4011e+00 8.1874e+00 -5.7382e-02 4.7763e-02 -7.6733e-01 -3.0403e-01 -7.2107e-02 -2.6771e-02 6.3437e-02 -6.1447e-02 -6.0054e-01 -1.7792e-01 -2.3751e-01 -2.5775e-01 -9.8476e-02 -4.0150e-03
1.0506e+00 -7.7075e-01 3.1990e+00 -2.3657e+00 -2.4429e+00 2.6478e+00 -2.9245e+00 1.3902e+00 -5.4153e-01 3.0971e+00 -4.8807e-01 -6.3575e+00 -8.9856e-02 -1.6884e-01 4.1101e+00 -2.0762e+00 -5.8073e-01 -5.8017e-01 7.6072e-01 6.1711e+00 -1.4849e+00 9.1383e-02 -1.3773e+01 -4.5524e-01 -3.1284e+00 -3.7932e+00 3.4476e+00 7.5725e-02 5.8343e+00 1.5120e+00 -1.5763e+00 5.1887e-01 -2.5283e-01 5.5516e+01 3.0871e+00 1.7829e+00 -6.5058e+00 -4.8756e+00 -5.4176e-01 -1.6103e-01 -8.3365e-01 3.9207e+00 3.2634e-01 2.1718e-01 1.5010e+00 1.4993e+00 1.1740e+00 -1.3914e-01 3.7146e-01 -7.7068e-01 -1.5181e-01 1.3639e-01
2.3098e-01 -1.6844e+00 -1.9819e+00 -1.1175e-01 -1.4482e-01 1.2734e+00 2.7542e+00 -2.9939e+00 4.1112e-01 1.3219e+00 -1.0009e+00 -1.2422e+00 1.2421e-01 -1.4951e+00 -8.0484e-01 1.3682e+00 -3.1687e+00 -4.4142e-01 -6.8383e-01 -1.5505e+00 -2.3047e+00 5.6685e-01 4.4556e+00 7.1400e-01 -1.8906e+00 -1.1610e+00 8.8964e+00 -4.0269e-01 6.8165e+00 8.2464e-01 1.7412e+00 -1.5999e-01 -1.0763e+00 3.0871e+00 4.9490e+01 -4.8408e-01 -2.1837e+00 -3.8618e+00 -2.2671e-01 -2.4631e-01 -1.2666e+00 3.3574e+00 2.8958e-02 1.1416e-01 -1.7171e-01 -8.7415e-01 -8.6574e-01 -4.7049e-01 -6.7943e-01 -5.3356e-02 -2.0458e-01 1.5189e-01
6.7460e-02 7.7786e-02 -2.9546e-01 1.7032e-01 2.1187e-01 1.0569e-01 3.0844e+00 5.9755e-01 -1.2427e-01 -3.0137e+00 -6.2638e-01 9.4316e-01 -9.7779e-01 -3.7587e-01 -5.4777e-01 -1.3663e+00 -3.1753e-01 -2.1992e-01 5.6920e-02 -3.0074e-01 -4.9601e-01 2.0857e-01 1.9275e+00 -2.2836e-01 6.6551e-01 -2.4436e-01 -2.4852e-01 -5.9816e-02 -3.8569e-01 -1.8997e-01 -1.8490e+00 1.9259e+00 -4.9065e-01 1.7829e+00 -4.8408e-01 1.6509e+01 -1.4751e+00 -1.2625e+00 -5.9109e-02 -2.7869e-02 3.3045e-01 -1.7885e-01 -2.4214e-01 -1.0273e-03 1.4139e+00 -1.9399e-01 -2.7421e-01 -4.1570e-01 6.4281e-01 -2.2381e-01 -3.8924e-02 3.0616e-02
8.4452e-02 -1.3943e+00 -8.0003e-01 9.1952e-02 -5.1245e-02 -9.0272e+00 -1.4005e+01 1.0471e+01 -8.6318e+00 1.1840e+01 -2.4666e+00 1.9113e+01 -2.4057e+00 -2.2032e+00 1.4702e+00 6.6324e+00 1.6383e+01 -2.7905e-02 1.7647e+00 -1.3740e+00 5.0861e-01 -3.8718e-01 -1.8044e+01 2.4915e+00 -1.8738e+00 1.0112e+01 -1.7508e+00 -5.0908e-01 -1.9183e+00 1.3465e+00 -1.8810e+01 4.2852e+00 -2.4011e+00 -6.5058e+00 -2.1837e+00 -1.4751e+00 8.1400e+01 -6.5916e+00 -5.3765e-01 2.3379e-01 -7.7115e-01 -7.5733e-01 -2.6158e-01 -2.6078e-02 -2.9346e-01 5.8171e-01 -1.4938e+00 -6.1064e-01 -1.7040e+00 6.0485e-01 -8.4861e-02 -1.8051e-01
1.0610e+00 -2.1138e+00 -3.8650e+00 3.0553e+00 2.9896e+00 -5.8909e+00 6.7690e+00 -4.6662e+00 3.7891e-01 6.4978e+00 -9.2240e-01 -3.7710e+00 -6.9753e-01 7.7466e+00 -9.7242e-01 -3.6454e+00 -8.6401e-01 2.1349e+00 -4.7848e-01 -8.4117e-01 7.3881e+00 6.5847e-01 -1.9024e+00 -1.0555e+00 -3.4882e-01 -3.0428e+00 -1.6974e+00 -2.7751e-01 -1.2490e+00 4.8688e-03 -2.9957e+00 2.3962e+00 8.1874e+00 -4.8756e+00 -3.8618e+00 -1.2625e+00 -6.5916e+00 4.9470e+01 9.5122e-01 -8.6509e-02 -3.4279e-01 -6.0443e-01 -4.2998e-01 1.4055e-02 -6.2329e-01 -3.9925e-01 -1.8633e+00 1.2223e-01 5.6006e-01 -6.1334e-01 7.9658e-03 3.2669e-02
7.5371e-02 4.2938e-02 2.0787e-02 -7.3207e-02 -1.6494e-01 -4.8565e-01 2.1689e-01 -4.5581e-01 -2.3361e-01 -4.8427e-01 8.8344e-02 6.9698e-02 6.1042e-03 -1.2143e-01 -9.8096e-02 -2.2621e-01 -1.3327e-01 -1.0010e-01 -1.0188e-01 -6.6060e-02 -1.1459e-01 -7.0072e-03 -1.0201e-01 -3.9767e-02 -5.1022e-03 -7.9746e-02 -1.1171e-01 -1.8582e-02 -1.5951e-01 -2.9861e-01 1.5377e+00 -9.9847e-01 -5.7382e-02 -5.4176e-01 -2.2671e-01 -5.9109e-02 -5.3765e-01 9.5122e-01 7.3577e+00 -9.3825e-03 1.5595e-03 8.9941e-01 -7.2466e-02 -9.1583e-03 -3.9916e-02 -1.1031e-01 -7.9426e-02 -9.0805e-02 -1.4970e-01 -8.4428e-02 -1.1632e-01 3.9682e-02
-9.9917e-01 1.1115e+00 1.3853e+00 -1.0086e+00 -1.0938e+00 -7.2172e-01 -7.4014e-02 4.6670e-01 -7.0044e-01 -2.3542e-01 -7.4803e-03 1.9147e+00 -5.2055e-02 -1.7565e-01 -9.3770e-02 -2.5869e-01 1.8647e-01 -5.3076e-02 3.5732e-01 6.4378e-02 -1.3593e-01 -2.9316e-02 -1.0874e-01 -4.8177e-02 -7.9555e-02 -1.2048e-01 -1.3478e-01 3.7617e-01 -8.5153e-02 -2.5585e-01 4.9530e-02 -2.6250e-01 4.7763e-02 -1.6103e-01 -2.4631e-01 -2.7869e-02 2.3379e-01 -8.6509e-02 -9.3825e-03 8.7609e+00 -6.8338e-02 3.2782e-01 -7.0207e-02 -5.8416e-02 -4.7338e-02 1.9560e+00 9.0517e-01 -6.8361e-02 4.0836e-01 -4.5775e-02 -1.0682e-01 1.2849e-01
1.7976e-01 -1.1227e+00 -3.8413e-01 4.1970e-01 3.7620e-01 1.7764e+00 3.2049e-01 2.1436e+00 -2.1992e-01 2.2395e+00 -2.9482e-02 -1.1408e+00 4.0999e-01 -7.9934e-01 -3.7761e-01 -8.0160e-01 -4.4232e-02 -1.9573e-01 1.0835e+00 -6.0445e-01 -1.0063e+00 -1.9892e-02 3.7885e+00 -2.4783e-01 7.3727e-02 -5.4679e-01 -7.5083e-02 -8.8590e-02 -2.3870e-01 2.0131e-02 2.4581e+00 -1.0766e+00 -7.6733e-01 -8.3365e-01 -1.2666e+00 3.3045e-01 -7.7115e-01 -3.4279e-01 1.5595e-03 -6.8338e-02 1.5785e+01 -1.3214e-01 -4.1631e-02 2.7755e-03 -1.1251e-01 -2.1445e-01 -2.8235e-01 -1.7443e-01 3.4741e-01 4.0667e-01 -6.8332e-02 1.1209e-01
1.8834e-01 4.7901e-01 1.2209e-01 4.9675e-02 1.7851e-01 -5.7899e-01 -1.1993e+00 3.8024e+00 -3.3757e-01 1.9774e+00 -3.9247e-01 -3.7675e-01 -1.3135e-01 -3.4920e-01 -2.0059e-01 -2.0040e+00 -6.7788e-01 -2.0114e-01 5.3466e-01 -2.2362e-01 -3.8671e-01 6.1919e-01 -3.7965e-01 4.4279e-01 -4.5377e-03 -4.4868e-01 3.6867e+00 -3.7213e-02 3.6901e+00 -2.0953e-01 -6.9231e-01 9.0329e-01 -3.0403e-01 3.9207e+00 3.3574e+00 -1.7885e-01 -7.5733e-01 -6.0443e-01 8.9941e-01 3.2782e-01 -1.3214e-01 1.2342e+01 4.6019e-01 -2.8566e-02 1.3979e-01 -1.6092e-01 -1.9847e-01 -1.4880e-01 -2.2158e-02 -1.5991e-01 -1.3884e-01 1.8168e-02
9.1549e-02 -1.3396e+00 -9.1830e-01 -8.1952e-02 -7.2182e-02 -3.7942e-01 -1.3528e+00 -3.5565e-01 -1.0611e+00 2.1768e-01 -1.0380e-01 -3.9284e-01 1.8840e+00 1.5484e-01 -2.7246e-01 6.3517e-01 2.7673e+00 -1.2027e-01 -1.5464e-01 4.5910e-01 1.3948e+00 5.3015e-01 6.2422e-02 2.2666e-01 1.7729e-01 -5.4665e-01 3.7653e-01 -1.2668e-01 3.5449e-01 -6.3429e-01 3.6826e-01 -1.7641e+00 -7.2107e-02 3.2634e-01 2.8958e-02 -2.4214e-01 -2.6158e-01 -4.2998e-01 -7.2466e-02 -7.0207e-02 -4.1631e-02 4.6019e-01 1.2651e+01 -1.5092e-02 3.3818e-02 -1.0652e-01 -1.6332e-01 3.9063e-01 -1.4011e-01 -1.9560e-01 -2.5468e-01 3.2430e-02
-2.2317e-01 -2.2628e-01 4.1380e-01 1.0104e-02 -2.0428e-01 -2.4185e-01 -6.3822e-02 -2.2039e-01 -1.5632e-02 1.4386e-01 -4.0120e-02 -6.3270e-01 3.8773e-01 -1.0347e-01 2.8106e-01 -9.4605e-03 7.9876e-02 -4.8333e-02 -1.8301e-02 -3.3181e-02 -4.5088e-02 2.6170e-02 -2.9120e-01 -1.1968e-01 -1.2959e-01 -7.3873e-02 6.6405e-01 -1.8377e-02 -2.3036e-02 -2.1508e-02 -7.4097e-02 1.3074e-02 -2.6771e-02 2.1718e-01 1.1416e-01 -1.0273e-03 -2.6078e-02 1.4055e-02 -9.1583e-03 -5.8416e-02 2.7755e-03 -2.8566e-02 -1.5092e-02 5.5376e+00 -4.5699e-02 -1.3763e-01 -7.4641e-02 -5.0858e-02 -4.5836e-02 -5.3734e-02 1.5294e-01 -8.0733e-01
-3.1591e-02 -1.3265e-02 -1.5821e-01 -9.6405e-02 -1.5650e-01 9.9035e-02 1.7208e-01 -1.1001e-01 -1.9785e-02 -6.2675e-01 -3.6498e-01 -1.1513e-01 -2.1909e-01 -1.7881e-01 -1.5217e-01 -7.2642e-02 -1.3399e-01 -1.1432e-01 1.4471e-01 -2.1243e-02 -2.3094e-01 -3.4621e-02 2.5175e-01 6.9119e-01 -1.6510e-02 3.2740e-01 -7.7062e-02 -2.3328e-02 3.4624e-02 1.8135e-02 -2.1521e-01 4.1419e-01 6.3437e-02 1.5010e+00 -1.7171e-01 1.4139e+00 -2.9346e-01 -6.2329e-01 -3.9916e-02 -4.7338e-02 -1.1251e-01 1.3979e-01 3.3818e-02 -4.5699e-02 7.4645e+00 -7.2332e-02 -1.6577e-01 -1.0126e-01 2.2705e-01 -8.5615e-02 -7.5645e-02 -7.2725e-02
-2.2145e+00 4.8707e+00 1.4881e+00 -6.9051e-01 -1.6294e+00 -6.0808e-01 -1.7605e+00 -3.1564e-01 -6.0476e-01 1.0806e+00 2.2622e-02 3.9573e+00 -3.0901e-01 -4.5820e-01 -2.5698e-01 -1.2963e+00 -5.8074e-01 -2.5906e-02 6.4543e-03 3.0589e-01 -2.0683e-01 -7.1521e-02 -2.1045e+00 -5.0698e-01 -4.9744e-01 -6.1403e-01 -3.3005e-01 6.7983e-02 -2.6078e-01 -3.2231e-01 -4.2969e-01 -4.8201e-01 -6.1447e-02 1.4993e+00 -8.7415e-01 -1.9399e-01 5.8171e-01 -3.9925e-01 -1.1031e-01 1.9560e+00 -2.1445e-01 -1.6092e-01 -1.0652e-01 -1.3763e-01 -7.2332e-02 1.6979e+01 -1.9160e-01 -1.4947e-01 1.0359e+00 -2.2054e-01 2.9196e-02 1.8870e+00
-3.7646e-01 -5.9433e-01 2.2922e-01 -4.3358e-01 -4.8550e-01 3.4526e-01 -3.5793e+00 5.7429e+00 2.5957e-01 -4.0500e+00 -7.3522e-01 -1.5863e-01 -6.2303e-01 -8.0555e-01 -2.1950e-01 -1.8658e+00 -7.5347e-02 1.0291e-01 -4.7875e-02 1.9977e-01 -8.8808e-01 -1.1427e-01 5.0049e-01 -2.8145e-01 -3.4977e-01 -3.5222e-01 -6.9837e-01 -6.6409e-02 1.0649e-01 -2.0327e-01 -2.0694e+00 -5.7442e+00 -6.0054e-01 1.1740e+00 -8.6574e-01 -2.7421e-01 -1.4938e+00 -1.8633e+00 -7.9426e-02 9.0517e-01 -2.8235e-01 -1.9847e-01 -1.6332e-01 -7.4641e-02 -1.6577e-01 -1.9160e-01 1.5291e+01 -2.7485e-01 5.1427e-01 -1.6079e-01 -4.3171e-02 -6.1029e-02
3.1284e-02 2.3932e-01 -1.2093e+00 2.6377e-01 8.9262e-02 -7.1651e-01 1.8654e+00 9.0090e-01 -3.3971e-01 -6.8488e-01 -2.4432e-01 1.0931e+00 -5.2951e-01 -4.5169e-02 -3.1795e-01 -1.3997e+00 -4.2290e-01 -1.0570e-01 -3.7968e-02 1.2709e+00 -2.7715e-01 -1.4169e-01 2.4190e-01 -1.9948e-01 -3.7638e-01 -1.8147e-01 7.2139e-02 -3.3319e-02 -1.5797e-01 -3.1194e-01 -1.5897e+00 1.1430e+00 -1.7792e-01 -1.3914e-01 -4.7049e-01 -4.1570e-01 -6.1064e-01 1.2223e-01 -9.0805e-02 -6.8361e-02 -1.7443e-01 -1.4880e-01 3.9063e-01 -5.0858e-02 -1.0126e-01 -1.4947e-01 -2.7485e-01 1.3817e+01 -1.6959e-01 -1.5570e-01 -5.4624e-01 -1.0523e-01
-6.0637e-01 2.1145e+00 -1.2451e+00 9.2369e-02 -1.3774e-01 -8.0927e-01 1.9359e+00 2.6761e+00 -9.7931e-01 -1.1413e+00 1.6297e-01 9.3186e-01 -1.5673e-01 3.3255e-01 -2.2713e-01 1.7009e+00 -4.2473e-01 3.1668e-01 -3.5641e-01 8.3333e-01 -3.9594e-01 -6.3820e-02 1.0453e+00 -1.1989e-01 9.1603e-01 -5.5732e-01 1.1382e+00 -7.0658e-02 -3.7275e-01 -6.9958e-01 2.5012e-01 -1.7846e+00 -2.3751e-01 3.7146e-01 -6.7943e-01 6.4281e-01 -1.7040e+00 5.6006e-01 -1.4970e-01 4.0836e-01 3.4741e-01 -2.2158e-02 -1.4011e-01 -4.5836e-02 2.2705e-01 1.0359e+00 5.1427e-01 -1.6959e-01 1.9761e+01 1.8141e-01 -9.8943e-02 1.3862e-01
1.4664e-01 1.1687e-01 -2.1490e+00 1.2493e-01 1.0026e-01 -1.7519e+00 -4.3392e-01 8.0501e-01 -1.2406e+00 1.9878e+00 -1.5451e-01 -1.9376e-01 -5.8836e-02 -3.8314e-01 -1.1924e-01 -8.9994e-01 -6.4976e-01 -7.9341e-02 -2.5176e-01 -4.4466e-01 2.1767e-01 1.0526e-01 -4.4689e-01 -3.4052e-01 -1.7812e-01 -7.1735e-01 -3.8395e-01 -7.8470e-02 -3.1289e-01 2.2116e+00 -1.7841e+00 2.4598e+00 -2.5775e-01 -7.7068e-01 -5.3356e-02 -2.2381e-01 6.0485e-01 -6.1334e-01 -8.4428e-02 -4.5775e-02 4.0667e-01 -1.5991e-01 -1.9560e-01 -5.3734e-02 -8.5615e-02 -2.2054e-01 -1.6079e-01 -1.5570e-01 1.8141e-01 1.7698e+01 -2.2345e-01 -3.3578e-01
-5.6353e-02 9.5628e-02 1.1741e+01 3.7820e-01 3.0341e+00 3.1593e-01 -1.0557e+00 5.5623e-03 7.9559e-02 9.4148e-03 -1.3102e-01 6.4603e-01 -1.4828e-01 1.1777e-01 -2.4114e-01 -8.4446e-01 1.8445e-01 8.0570e-02 -6.4165e-02 -8.1032e-02 -1.9821e-01 -4.7523e-02 9.8201e-02 3.2036e-01 -9.1981e-02 -5.9596e-02 -4.8175e-01 -8.1519e-02 2.5315e-02 -9.0327e-02 -6.1098e-02 -2.2626e-01 -9.8476e-02 -1.5181e-01 -2.0458e-01 -3.8924e-02 -8.4861e-02 7.9658e-03 -1.1632e-01 -1.0682e-01 -6.8332e-02 -1.3884e-01 -2.5468e-01 1.5294e-01 -7.5645e-02 2.9196e-02 -4.3171e-02 -5.4624e-01 -9.8943e-02 -2.2345e-01 1.4529e+01 5.3264e-01
8.7754e+00 1.5914e+00 4.0701e+00 -2.6082e+00 -4.3321e+00 -4.2600e+00 -3.1575e-01 -2.3981e-01 1.8093e-01 -2.3210e-01 6.7776e-02 1.1045e+01 6.8520e-02 -1.4546e+00 3.2359e-02 -1.6526e-01 -6.9399e-01 3.0967e-04 -4.0189e-01 -3.1313e-01 1.0164e-01 -3.9224e-01 1.8918e-01 -1.2428e+00 -6.3182e-01 8.3971e-01 -8.3266e-01 8.9586e-02 -8.3421e-02 4.3328e-01 3.2076e-02 -1.3264e+00 -4.0150e-03 1.3639e-01 1.5189e-01 3.0616e-02 -1.8051e-01 3.2669e-02 3.9682e-02 1.2849e-01 1.1209e-01 1.8168e-02 3.2430e-02 -8.0733e-01 -7.2725e-02 1.8870e+00 -6.1029e-02 -1.0523e-01 1.3862e-01 -3.3578e-01 5.3264e-01 2.0123e+01
