4.1849e+01 7.0308e-03 1.2485e+00 2.1544e-01 4.0691e+00 1.1981e+00 3.9555e-01 7.3968e+00 6.6503e-01 2.5936e+00 -4.6796e-01 -1.1368e+00 -5.5726e+00 3.0828e-01 -1.8264e-01 -1.1072e+00 2.4438e+01 -1.3429e+00 1.0033e+00 -5.7180e+00 4.7650e-01 -2.9073e+00 1.3983e-01 -1.0175e+00 1.8258e+00 -6.9928e-01 1.7905e+00 1.9949e-01 2.8010e-01 3.7927e-01 -1.3580e+00 1.3128e-01 6.2713e-01 -4.8156e-01 -6.6174e-01 -7.2725e-01 -1.2503e+00 1.0244e+00 -6.6338e-01 -5.8443e+00 3.2035e-01 -4.9761e-01 3.1154e-01 4.8400e-01 -4.7945e-01 -2.4520e-03 4.5174e-01 -1.0581e-01 -1.9392e-01 -3.0216e-02 1.8925e-01 -7.7720e-02
7.0308e-03 7.0595e+01 -1.2205e-01 -8.3872e-01 5.5009e-01 -1.5767e+00 -2.8970e+01 5.5743e-01 1.6611e+00 4.0268e-01 -5.5474e+00 7.3380e-02 2.1137e+00 2.1588e+00 2.8728e+00 4.9788e-01 -4.9209e+00 -1.3569e+00 1.0823e+01 3.4582e-02 -1.5817e-01 -6.4551e-01 -1.1763e+00 -2.0567e+00 7.8047e-01 -4.3156e+00 -5.9585e+00 2.6046e-01 -1.1161e+01 -9.4300e-01 -1.1646e+01 -3.1064e-02 -5.8580e+00 -1.5934e+00 1.0287e-01 -5.0220e-01 -8.3764e-01 -2.4938e+00 -7.4447e-01 2.2722e+00 -4.2471e-01 -2.2147e-01 7.7629e-01 -3.1006e-02 2.6588e-01 -6.2627e-02 2.9947e-01 5.9036e-01 -1.2874e+00 -1.5381e+00 -8.9926e-01 -5.2341e-01
1.2485e+00 -1.2205e-01 7.9223e+01 5.1467e-02 2.2627e+00 1.1405e+01 -2.4980e+01 9.6008e+00 3.4995e+00 -8.6792e+00 4.4801e+00 -6.6774e-01 -3.7687e+00 -2.3482e+00 -1.7337e+01 2.8373e+01 2.8666e+00 3.1067e-01 1.7112e+00 -2.1201e+00 1.0457e+01 3.1519e+00 3.4382e-01 2.0769e-01 9.7621e-02 -1.4576e+00 7.5693e-01 6.0460e-01 1.1241e+00 -5.9563e-01 2.2995e+00 5.3759e-01 -5.9177e-01 -7.6162e+00 -8.7438e-01 6.7776e-02 -7.8941e-01 1.7709e-01 -2.1851e+00 -1.5692e+00 6.0302e-02 1.5598e+00 1.7544e-01 4.3917e-01 4.2171e-01 1.3612e+00 -1.5712e+00 -3.0676e+00 -5.7355e-01 4.3401e-01 4.1995e-02 1.9897e+00
2.1544e-01 -8.3872e-01 5.1467e-02 1.6313e+01 1.8778e-01 -7.2591e-02 3.2598e-01 -2.5707e-01 -4.8340e-02 -1.1415e-01 1.0690e-01 -9.0277e-03 1.7362e-01 -3.0872e-01 -4.2254e-02 -5.4560e-01 -1.2754e-01 1.0548e-01 4.6839e-02 -2.6874e-01 -6.5699e-02 2.3621e-02 7.0878e-02 9.1443e-02 -1.1801e+00 -2.2599e-01 -6.2552e-03 -4.0270e-02 4.2303e-02 -6.7450e-03 -2.3198e-02 -4.7983e-02 -1.2390e-01 -5.8531e-01 -2.8684e-01 -7.3630e-02 -1.4970e+00 2.0079e-01 1.5076e-02 1.8724e-01 -2.1734e-01 -4.8334e-02 -7.9305e-03 1.5302e-02 -2.2884e-01 1.6274e-02 8.2075e-01 1.3421e-01 -5.3365e-03 5.4757e-01 1.3269e+01 2.6795e-01
4.0691e+00 5.5009e-01 2.2627e+00 1.8778e-01 5.3600e+01 1.2991e+01 -1.5000e+01 1.0586e+01 -5.4562e+00 2.0519e+00 -3.0758e+00 -7.2673e-01 4.6649e+00 1.6295e-03 -9.6686e+00 -1.3669e-01 4.9854e+00 3.1912e-01 -1.1016e+00 -1.4855e-01 -4.6727e+00 2.3149e+00 -2.3054e-01 -1.0039e+00 4.5646e-01 1.0206e-01 3.5888e-01 -1.6129e+00 1.4739e+00 1.2614e+00 -3.9385e+00 -9.4508e-02 -6.2133e-01 -4.0595e+00 -7.5542e-03 7.4058e-01 -1.2835e+00 4.3635e-01 1.4101e-01 -1.4745e+00 1.3945e-01 -2.1767e+00 -1.0733e-02 6.1648e-01 7.7864e-02 6.8828e-01 9.6532e+00 -6.1144e-01 -1.8365e-01 -5.9491e-02 1.3234e-01 -3.1127e-01
1.1981e+00 -1.5767e+00 1.1405e+01 -7.2591e-02 1.2991e+01 3.8952e+01 -1.5254e+01 4.2028e+00 -5.8270e+00 1.7730e+00 4.5376e+00 -1.1782e+00 -2.2658e+00 1.3971e-01 -1.6603e+01 7.4601e+00 1.8786e+00 -2.0041e+00 -2.0008e+00 8.7628e-01 -4.1073e+00 1.7514e+00 3.0944e-01 -1.0577e+00 1.6824e-01 2.5161e-02 8.6164e-01 -2.0883e-01 1.6546e-01 5.5991e-01 5.2752e-02 8.4095e-02 3.0465e-01 -3.1823e+00 2.2692e-01 5.6437e-01 -2.1370e+00 1.1927e-01 -1.9440e+00 1.3011e+00 1.6259e-01 -2.0694e+00 1.7332e-01 -1.3877e+00 -5.1300e-02 -7.3342e-01 2.8976e+00 1.9500e-01 -2.2283e-01 -1.3093e-01 -1.0272e-01 -8.7580e-01
3.9555e-01 -2.8970e+01 -2.4980e+01 3.2598e-01 -1.5000e+01 -1.5254e+01 1.1892e+02 -3.8812e+00 -1.3218e+00 -8.3718e+00 1.7344e+00 2.1619e-01 -9.0262e+00 -2.5847e+00 3.6966e+01 -2.5054e+01 2.4211e+00 2.1807e+00 -7.2450e+00 3.7224e-01 -3.6220e+00 -2.3602e+00 1.1077e+00 -5.9482e-01 -1.6032e-01 -9.1053e-01 -1.3880e+00 -1.3844e+00 1.2985e+01 5.7275e-01 1.5618e+01 -5.3752e-01 -6.0478e-02 8.3742e+00 -4.3624e-01 -2.6388e-03 3.0866e+00 -2.3199e+00 3.4244e+00 -6.9028e+00 8.1664e-02 7.2504e-01 -1.6670e+00 -4.7520e-01 -1.3341e+00 -1.2519e+00 -1.3193e+01 -1.9929e+00 6.2890e-01 4.6898e+00 2.3494e-01 4.0776e-01
7.3968e+00 5.5743e-01 9.6008e+00 -2.5707e-01 1.0586e+01 4.2028e+00 -3.8812e+00 3.1909e+01 -1.1139e+00 -6.1496e+00 -1.7877e+00 6.8575e-01 2.0172e+00 1.3089e-02 -3.5260e+00 6.5858e+00 8.7595e+00 1.0025e-01 -5.3720e-02 -2.3683e-01 -6.3786e-01 4.7733e+00 -1.5846e-01 -1.3088e+00 1.0431e+00 2.8266e-01 -3.4852e-01 2.9482e-01 -1.2070e-01 9.8074e-02 -2.9771e+00 8.2127e-02 -3.4084e-01 -4.3958e-01 -8.0880e-01 -8.7282e-01 -3.4275e-01 -5.1889e-02 -1.3966e+00 -6.3259e-02 8.4658e-03 -8.4858e-01 -2.4604e-01 -3.4693e-01 3.6529e-02 -1.1542e-01 -4.4907e+00 1.1226e-01 3.1134e-02 8.4515e-02 -1.1495e-01 2.5489e-01
6.6503e-01 1.6611e+00 3.4995e+00 -4.8340e-02 -5.4562e+00 -5.8270e+00 -1.3218e+00 -1.1139e+00 7.2744e+01 3.7908e+00 -1.2604e+00 -7.6426e-01 1.9294e+00 -8.6930e+00 -8.6348e-01 -4.1970e+00 2.5204e+00 -2.3791e+00 -2.2915e+00 -2.2609e+00 7.6274e+00 -2.2687e+00 -1.7102e-01 1.1907e+00 -4.2283e+00 -1.1356e+00 -1.4207e+01 7.8504e-01 -7.4689e-02 -3.0027e+00 9.0868e-01 -1.1666e+00 -1.3013e+01 5.0290e+00 8.4865e-01 6.5731e-01 -8.7524e-01 -2.4217e+00 3.6893e+00 9.0065e-01 -4.9702e-03 3.7727e+00 6.2825e-01 -3.0348e-01 3.1445e+00 -9.4114e-01 7.2298e+00 -2.4802e-02 -3.1529e-01 1.2297e+00 -7.0981e-02 -1.9477e-01
2.5936e+00 4.0268e-01 -8.6792e+00 -1.1415e-01 2.0519e+00 1.7730e+00 -8.3718e+00 -6.1496e+00 3.7908e+00 6.9328e+01 -1.1178e+00 -1.3628e+00 -2.0738e+00 1.3829e+00 -2.5550e+00 -2.6798e+00 4.1265e+00 -4.3838e+00 -1.7418e+00 -2.2562e+00 -1.0249e-01 -1.0324e+00 1.4160e-01 -1.6614e+00 3.1551e-01 -7.5626e+00 -6.2720e-01 -3.2819e-01 2.2228e-01 -9.3657e-01 3.4698e-01 -1.0049e+00 -2.2912e+00 -8.4015e+00 -1.1898e+00 9.6042e-01 -1.4257e+00 -4.8147e+00 1.6001e-01 -4.2635e+00 -6.6653e-02 -4.8845e-01 4.0200e-01 -2.5196e-01 -1.0265e+00 -1.7966e-01 3.7870e+00 9.5830e-02 4.4409e-02 5.0578e-02 -1.4565e-01 -2.2123e-01
-4.6796e-01 -5.5474e+00 4.4801e+00 1.0690e-01 -3.0758e+00 4.5376e+00 1.7344e+00 -1.7877e+00 -1.2604e+00 -1.1178e+00 2.1516e+01 1.7074e+00 9.3248e-01 -6.9211e-01 -3.7212e+00 3.8620e+00 -2.1583e+00 -1.6182e-01 -3.7652e+00 -2.3540e-01 -9.6338e-01 -8.7656e-01 -1.7209e-01 -6.1718e-01 -1.1672e-01 7.4435e-03 1.7282e-01 3.4335e-01 4.3606e+00 -5.0635e-02 4.0082e+00 8.4681e-01 -4.9129e-01 -7.8295e-01 -4.3399e-02 -1.1505e-01 -1.8049e+00 -8.0108e-02 -4.2059e-01 -1.7676e+00 -1.7805e-01 -2.3399e-01 -2.4299e-01 -3.9332e-02 4.5314e-01 -2.3281e-01 -1.2598e+00 -2.6548e-01 -3.0762e-01 -1.2161e-01 1.0905e-01 7.2743e-02
-1.1368e+00 7.3380e-02 -6.6774e-01 -9.0277e-03 -7.2673e-01 -1.1782e+00 2.1619e-01 6.8575e-01 -7.6426e-01 -1.3628e+00 1.7074e+00 1.5692e+01 3.5105e+00 -9.6500e-04 9.4025e-01 1.1694e-01 -2.1347e+00 -3.3830e-01 -4.3452e-01 -2.6466e-01 -1.7104e-01 2.6133e-01 -4.8902e-02 5.6821e-01 -4.2161e-01 -8.7367e-02 -3.6739e-01 1.3831e-01 -1.7739e-01 -4.8485e-02 -4.6029e-01 1.5164e-01 -2.8477e-01 -7.5516e-01 -1.0086e-01 -1.3249e-01 4.0242e-02 -1.7857e-01 -2.7828e-01 -1.1368e-01 -1.1685e-01 5.1157e-01 -1.6704e-01 -2.0627e-01 -2.2463e-01 -4.6369e-02 -7.4994e-01 8.1437e-01 -4.5779e-02 -6.4911e-02 1.4768e-01 2.8317e-02
-5.5726e+00 2.1137e+00 -3.7687e+00 1.7362e-01 4.6649e+00 -2.2658e+00 -9.0262e+00 2.0172e+00 1.9294e+00 -2.0738e+00 9.3248e-01 3.5105e+00 7.0016e+01 -2.0687e-01 -2.9992e+00 -4.7154e+00 -1.6288e+01 -1.5229e+00 -5.0294e+00 7.1173e+00 -1.6175e+00 -1.6309e+00 -5.2069e-01 5.0010e+00 -1.0252e-01 -2.4401e+00 -4.5855e+00 -9.7302e-01 -7.4702e-01 -4.9276e-01 -4.5654e-01 -6.5815e-01 -4.5159e+00 -4.5148e+00 -5.4561e-02 -8.2212e-01 -2.1910e+00 -2.2801e+00 -9.5870e-01 6.7742e+00 -2.1327e-02 -6.0899e-01 -7.3865e-01 1.7935e-01 -3.8567e-01 -3.5509e-01 4.9395e+00 1.1214e+00 -2.2913e-01 -1.0284e+00 1.0515e-01 -1.4008e+00
3.0828e-01 2.1588e+00 -2.3482e+00 -3.0872e-01 1.6295e-03 1.3971e-01 -2.5847e+00 1.3089e-02 -8.6930e+00 1.3829e+00 -6.9211e-01 -9.6500e-04 -2.0687e-01 2.6421e+01 -1.1305e+00 -8.0206e-01 -7.5470e-02 -3.6425e-01 -1.0512e+00 -2.6464e-01 -3.1289e-01 -3.2195e-01 -4.8181e-02 1.2754e+00 5.5482e+00 -1.0120e+00 7.2387e+00 -2.8420e-01 -9.5728e-01 -2.1572e-01 -2.2879e+00 1.0480e+00 6.9370e+00 -3.5521e-01 -9.2705e-02 -1.5332e-01 1.8216e+00 7.2916e+00 7.4873e-02 -3.7593e-01 -2.9495e-02 -2.0574e-01 -4.1943e-01 1.2082e-03 7.4126e-02 -1.0201e-01 9.0497e-01 -3.2979e-01 -9.2769e-02 -4.4850e-01 -3.5689e-01 2.7134e-01
-1.8264e-01 2.8728e+00 -1.7337e+01 -4.2254e-02 -9.6686e+00 -1.6603e+01 3.6966e+01 -3.5260e+00 -8.6348e-01 -2.5550e+00 -3.7212e+00 9.4025e-01 -2.9992e+00 -1.1305e+00 6.3176e+01 -2.3517e+01 -5.8637e-02 2.5720e-03 5.8151e+00 4.4589e-01 -3.7108e+00 1.8179e+00 -8.1678e-01 -8.9004e-01 -4.1360e-02 -1.3828e+00 -1.3546e-01 -6.6986e-01 -1.7865e+00 -5.7166e-01 -1.2713e+00 -4.9284e-01 2.1413e+00 -6.8786e+00 -8.1811e-02 -6.8472e-01 7.8487e+00 -4.9992e-01 3.4832e+00 -3.3299e+00 -2.5729e-01 -3.4741e+00 -4.0489e-01 1.0140e+00 6.6954e-01 -1.5418e+00 -1.5220e+01 -8.6321e-01 -6.6597e-01 -2.7450e-01 1.1138e-02 1.4990e+00
-1.1072e+00 4.9788e-01 2.8373e+01 -5.4560e-01 -1.3669e-01 7.4601e+00 -2.5054e+01 6.5858e+00 -4.1970e+00 -2.6798e+00 3.8620e+00 1.1694e-01 -4.7154e+00 -8.0206e-01 -2.3517e+01 7.0772e+01 9.7296e-01 -3.8304e-01 -3.2807e+00 -2.2497e+00 -1.0559e+01 1.9930e+00 1.1985e-01 -3.2908e-01 -3.1510e-01 -5.3683e-02 -5.0068e-02 5.1987e-02 -1.9909e-02 -1.0502e+00 5.8293e-01 1.8765e-01 -1.1408e+00 1.5315e+01 -1.1754e+00 -7.9303e-01 -1.6179e+00 -1.1033e-01 -3.4017e+00 -2.9650e+00 -4.5949e-01 6.2731e+00 9.2146e-02 3.2158e-01 4.5112e-01 -1.5388e+00 -3.1039e+01 1.7111e+00 9.1577e-01 2.2868e-01 -5.8860e-01 6.5291e+00
2.4438e+01 -4.9209e+00 2.8666e+00 -1.2754e-01 4.9854e+00 1.8786e+00 2.4211e+00 8.7595e+00 2.5204e+00 4.1265e+00 -2.1583e+00 -2.1347e+00 -1.6288e+01 -7.5470e-02 -5.8637e-02 9.7296e-01 5.0363e+01 -3.3567e-01 8.5351e-01 -6.7401e+00 -7.2593e-01 -2.9831e+00 1.4455e-01 -1.1186e+00 1.1408e+00 -7.9982e-01 2.4160e+00 -1.1888e+00 1.7883e+00 2.7026e-01 -1.8908e+00 4.6490e-02 3.7110e-01 2.2053e+00 -9.7785e-01 -7.2386e-01 -1.0827e+00 1.5231e+00 -5.4266e-02 -5.9093e+00 -1.0243e+00 2.1674e-01 2.8535e-01 6.2719e-01 -1.3581e-02 -1.8741e-01 -1.4013e-01 -7.0897e-02 -1.5537e-01 -3.0175e-02 -1.4388e-01 8.8341e-02
-1.3429e+00 -1.3569e+00 3.1067e-01 1.0548e-01 3.1912e-01 -2.0041e+00 2.1807e+00 1.0025e-01 -2.3791e+00 -4.3838e+00 -1.6182e-01 -3.3830e-01 -1.5229e+00 -3.6425e-01 2.5720e-03 -3.8304e-01 -3.3567e-01 1.7544e+01 1.0423e+00 -5.0399e-01 3.9540e-01 -3.6498e-01 -1.4860e-01 -6.6317e-01 9.9429e-01 -1.6329e-01 -1.3523e+00 -4.2901e-01 -2.5001e-01 1.3824e+00 -1.6502e-01 1.5845e-01 -1.4101e+00 -1.2480e-01 6.1880e-02 -2.8115e-01 1.1930e+00 -1.0355e+00 -8.7585e-02 -5.3637e-01 -6.3261e-02 -8.7943e-02 -2.0897e-01 -5.9021e-02 2.5528e-02 -3.3514e-02 5.9203e-01 -9.1276e-02 -7.9080e-03 -2.9992e-02 8.3093e-02 2.0239e-01
1.0033e+00 1.0823e+01 1.7112e+00 4.6839e-02 -1.1016e+00 -2.0008e+00 -7.2450e+00 -5.3720e-02 -2.2915e+00 -1.7418e+00 -3.7652e+00 -4.3452e-01 -5.0294e+00 -1.0512e+00 5.8151e+00 -3.2807e+00 8.5351e-01 1.0423e+00 4.9643e+01 -3.8014e-01 2.9963e+00 1.6751e+00 2.2430e-01 -2.9346e+00 -6.6969e-01 9.2641e-01 -3.6062e-01 -2.2253e-01 -6.5401e+00 1.0044e+00 -7.7034e+00 4.7594e-01 -4.6941e-01 7.0305e-01 -1.5496e-01 -1.7379e-01 3.1335e+00 -1.0880e+00 -9.3967e-01 1.1788e+01 -3.4674e-01 -3.9257e-01 -1.2444e+00 -2.8764e-01 -1.9599e-01 3.1123e+00 8.6873e-01 -5.8182e-01 -7.5904e-01 -5.5752e-01 4.2275e-02 3.1909e-01
-5.7180e+00 3.4582e-02 -2.1201e+00 -2.6874e-01 -1.4855e-01 8.7628e-01 3.7224e-01 -2.3683e-01 -2.2609e+00 -2.2562e+00 -2.3540e-01 -2.6466e-01 7.1173e+00 -2.6464e-01 4.4589e-01 -2.2497e+00 -6.7401e+00 -5.0399e-01 -3.8014e-01 2.2337e+01 -6.5025e-01 -5.4668e-01 -1.4285e-02 -3.1268e-01 -4.8253e-01 -5.3607e-01 -1.0265e+00 -3.5397e-01 -6.5390e-01 -1.8105e-01 -3.7115e-01 -1.8752e-01 -8.9726e-01 -1.0882e+00 5.7994e-01 4.6965e-02 -8.0308e-01 4.3056e-01 4.7183e-02 7.0902e+00 -2.1678e-01 -2.4447e-01 -2.2082e-02 -3.5105e-02 3.4745e-01 7.4947e-01 -1.5321e+00 1.1971e+00 -9.6626e-02 -9.5680e-02 1.6747e-01 -2.6639e+00
4.7650e-01 -1.5817e-01 1.0457e+01 -6.5699e-02 -4.6727e+00 -4.1073e+00 -3.6220e+00 -6.3786e-01 7.6274e+00 -1.0249e-01 -9.6338e-01 -1.7104e-01 -1.6175e+00 -3.1289e-01 -3.7108e+00 -1.0559e+01 -7.2593e-01 3.9540e-01 2.9963e+00 -6.5025e-01 3.4556e+01 -3.0035e-01 3.4888e-01 -1.9764e-01 -1.8445e-01 3.2153e-01 -3.7694e-01 2.7190e-01 -7.9122e-02 -3.9313e-01 9.2909e-02 -3.2105e-02 2.2599e+00 -2.0815e+00 5.5697e-02 8.3128e-02 -6.2677e-01 -1.1537e-01 -1.6330e+00 -1.9471e+00 9.1134e-02 -1.3893e+00 5.1190e-02 -3.0437e-01 1.0482e-01 2.4097e+00 1.0479e+01 -5.0995e-01 -3.9674e-01 -1.8553e-01 -8.0300e-02 -4.6445e-01
-2.9073e+00 -6.4551e-01 3.1519e+00 2.3621e-02 2.3149e+00 1.7514e+00 -2.3602e+00 4.7733e+00 -2.2687e+00 -1.0324e+00 -8.7656e-01 2.6133e-01 -1.6309e+00 -3.2195e-01 1.8179e+00 1.9930e+00 -2.9831e+00 -3.6498e-01 1.6751e+00 -5.4668e-01 -3.0035e-01 2.4579e+01 -1.2831e-01 -3.5955e-01 -6.9747e-01 1.6100e+00 -4.8760e-01 -6.2754e-02 -8.4481e-01 -8.8728e-02 -1.0775e+00 -2.3805e-01 1.8699e-01 -8.8752e-01 -2.2369e-01 -7.1039e-02 1.5077e+00 -3.3965e-01 -5.4832e-01 -9.6275e-01 -8.8731e-02 -1.9999e-02 -3.4298e-01 -4.2168e-01 9.7547e-01 -4.1350e-02 -5.9279e-01 3.4940e-02 -8.1133e-02 -2.4296e-02 1.3104e-02 1.7560e-01
1.3983e-01 -1.1763e+00 3.4382e-01 7.0878e-02 -2.3054e-01 3.0944e-01 1.1077e+00 -1.5846e-01 -1.7102e-01 1.4160e-01 -1.7209e-01 -4.8902e-02 -5.2069e-01 -4.8181e-02 -8.1678e-01 1.1985e-01 1.4455e-01 -1.4860e-01 2.2430e-01 -1.4285e-02 3.4888e-01 -1.2831e-01 8.7693e+00 -5.2629e-02 -1.2452e-01 -1.1692e-01 5.4304e-01 7.0471e-02 5.0504e-01 -8.1515e-02 1.1194e+00 -2.4158e-02 2.6683e-01 -3.0400e-01 -4.2698e-02 -8.4315e-02 -1.1250e-01 -2.7224e-01 3.4550e-01 -5.7897e-01 1.5033e-01 8.9795e-01 1.4372e-02 -2.7925e-02 -9.1731e-02 -9.3661e-02 1.0498e+00 7.7923e-02 8.0405e-03 -1.1387e-01 5.0400e-02 -1.5122e-01
-1.0175e+00 -2.0567e+00 2.0769e-01 9.1443e-02 -1.0039e+00 -1.0577e+00 -5.9482e-01 -1.3088e+00 1.1907e+00 -1.6614e+00 -6.1718e-01 5.6821e-01 5.0010e+00 1.2754e+00 -8.9004e-01 -3.2908e-01 -1.1186e+00 -6.6317e-01 -2.9346e+00 -3.1268e-01 -1.9764e-01 -3.5955e-01 -5.2629e-02 2.5835e+01 -6.9093e-01 1.6688e+00 8.8722e-01 -2.8411e-01 -1.7114e+00 -3.4179e-01 -2.1317e+00 9.4731e-01 4.4925e-01 -3.1797e-01 -2.5132e-02 -3.9612e-01 2.5819e+00 2.1126e+00 -2.7138e-01 -1.4346e+00 -1.6597e-01 -1.2557e-01 -5.0322e-01 2.3875e-01 -1.3832e-01 -8.4178e-02 3.0251e-01 -3.4254e-02 1.7488e+00 -6.8985e-01 9.0741e-02 2.0881e-01
1.8258e+00 7.8047e-01 9.7621e-02 -1.1801e+00 4.5646e-01 1.6824e-01 -1.6032e-01 1.0431e+00 -4.2283e+00 3.1551e-01 -1.1672e-01 -4.2161e-01 -1.0252e-01 5.5482e+00 -4.1360e-02 -3.1510e-01 1.1408e+00 9.9429e-01 -6.6969e-01 -4.8253e-01 -1.8445e-01 -6.9747e-01 -1.2452e-01 -6.9093e-01 2.3368e+01 -4.4796e-01 4.8424e+00 2.0825e+00 1.6975e+00 -2.6634e-01 6.2772e-01 -1.5779e-01 4.4078e+00 -1.9673e-02 -1.7039e-01 2.4578e-01 -5.3047e-01 4.5328e+00 -1.3531e-01 -8.1745e-01 1.6153e+00 -1.6548e-01 -1.0279e-01 -1.3590e-01 1.3261e-01 -1.5869e-02 1.5431e+00 -2.3303e-01 -3.2967e-02 -4.3701e-01 -1.2750e+00 -1.2468e-02
-6.9928e-01 -4.3156e+00 -1.4576e+00 -2.2599e-01 1.0206e-01 2.5161e-02 -9.1053e-01 2.8266e-01 -1.1356e+00 -7.5626e+00 7.4435e-03 -8.7367e-02 -2.4401e+00 -1.0120e+00 -1.3828e+00 -5.3683e-02 -7.9982e-01 -1.6329e-01 9.2641e-01 -5.3607e-01 3.2153e-01 1.6100e+00 -1.1692e-01 1.6688e+00 -4.4796e-01 2.6979e+01 8.7349e+00 -4.6134e-01 -1.5146e+00 -2.1287e-01 -1.4855e+00 3.0368e+00 8.3648e+00 -8.1968e-02 -9.8099e-02 -3.5107e-01 -1.2294e+00 8.3442e+00 6.5406e-02 2.0937e+00 1.3227e-02 -1.4093e-01 -6.2031e-01 -1.5011e-01 1.4356e+00 -8.2906e-02 5.6476e-01 -2.3067e-01 -1.9724e-01 2.0527e+00 -2.7249e-01 -4.4547e-01
1.7905e+00 -5.9585e+00 7.5693e-01 -6.2552e-03 3.5888e-01 8.6164e-01 -1.3880e+00 -3.4852e-01 -1.4207e+01 -6.2720e-01 1.7282e-01 -3.6739e-01 -4.5855e+00 7.2387e+00 -1.3546e-01 -5.0068e-02 2.4160e+00 -1.3523e+00 -3.6062e-01 -1.0265e+00 -3.7694e-01 -4.8760e-01 5.4304e-01 8.8722e-01 4.8424e+00 8.7349e+00 4.2835e+01 -6.0067e-01 7.8945e-01 -4.2337e-01 -5.0625e-01 -4.4291e-02 3.2108e+01 -2.3104e+00 -4.0611e-01 -5.1076e-01 -7.4680e-01 1.4433e+01 -3.6198e-01 -2.1929e+00 -3.0274e-02 -8.9342e-02 -4.0973e-01 8.6009e-02 7.7986e-02 4.7096e-02 1.0398e-01 2.3441e-01 -5.8157e-03 -3.7827e-01 -3.8658e-03 1.2789e-01
1.9949e-01 2.6046e-01 6.0460e-01 -4.0270e-02 -1.6129e+00 -2.0883e-01 -1.3844e+00 2.9482e-01 7.8504e-01 -3.2819e-01 3.4335e-01 1.3831e-01 -9.7302e-01 -2.8420e-01 -6.6986e-01 5.1987e-02 -1.1888e+00 -4.2901e-01 -2.2253e-01 -3.5397e-01 2.7190e-01 -6.2754e-02 7.0471e-02 -2.8411e-01 2.0825e+00 -4.6134e-01 -6.0067e-01 1.4104e+01 -1.1553e-01 -1.3867e-01 -2.9284e-01 -8.1077e-02 -6.2893e-01 -5.3666e-01 -5.9534e-02 2.4533e+00 -3.7211e-01 -4.9114e-01 -1.5629e-01 -4.5300e-02 1.6611e+00 -9.1923e-02 6.1977e-02 -4.4399e-02 -1.8240e-01 4.5725e-02 8.0026e-01 6.8301e-02 -6.1032e-02 6.9633e-01 -6.1969e-02 3.3987e-01
2.8010e-01 -1.1161e+01 1.1241e+00 4.2303e-02 1.4739e+00 1.6546e-01 1.2985e+01 -1.2070e-01 -7.4689e-02 2.2228e-01 4.3606e+00 -1.7739e-01 -7.4702e-01 -9.5728e-01 -1.7865e+00 -1.9909e-02 1.7883e+00 -2.5001e-01 -6.5401e+00 -6.5390e-01 -7.9122e-02 -8.4481e-01 5.0504e-01 -1.7114e+00 1.6975e+00 -1.5146e+00 7.8945e-01 -1.1553e-01 3.0181e+01 -9.1650e-02 1.6417e+01 -5.4653e-01 7.2754e-01 -4.2853e-01 -2.9951e-02 -5.8858e-02 -4.4802e+00 8.6920e-02 -2.9001e-01 -3.9609e+00 -2.8831e-01 1.4981e-02 -3.0809e-01 -5.0897e-02 -9.1306e-02 -1.5593e-01 1.4478e+00 -4.2492e-01 -5.0565e-01 -4.6220e-01 1.7589e-02 6.2657e-01
3.7927e-01 -9.4300e-01 -5.9563e-01 -6.7450e-03 1.2614e+00 5.5991e-01 5.7275e-01 9.8074e-02 -3.0027e+00 -9.3657e-01 -5.0635e-02 -4.8485e-02 -4.9276e-01 -2.1572e-01 -5.7166e-01 -1.0502e+00 2.7026e-01 1.3824e+00 1.0044e+00 -1.8105e-01 -3.9313e-01 -8.8728e-02 -8.1515e-02 -3.4179e-01 -2.6634e-01 -2.1287e-01 -4.2337e-01 -1.3867e-01 -9.1650e-02 1.0719e+01 -4.3254e-02 -4.6983e-02 -5.8654e-01 -5.2197e-01 -4.8560e-02 9.4613e-01 -7.3345e-02 -5.6271e-01 -2.2377e-01 5.1911e-01 7.2610e-01 -1.1375e-02 -8.5823e-02 -3.9509e-02 -5.5147e-02 -7.3474e-02 1.5206e+00 -1.5598e-01 -4.6175e-02 -2.0932e-01 1.6729e-02 4.5875e-02
-1.3580e+00 -1.1646e+01 2.2995e+00 -2.3198e-02 -3.9385e+00 5.2752e-02 1.5618e+01 -2.9771e+00 9.0868e-01 3.4698e-01 4.0082e+00 -4.6029e-01 -4.5654e-01 -2.2879e+00 -1.2713e+00 5.8293e-01 -1.8908e+00 -1.6502e-01 -7.7034e+00 -3.7115e-01 9.2909e-02 -1.0775e+00 1.1194e+00 -2.1317e+00 6.2772e-01 -1.4855e+00 -5.0625e-01 -2.9284e-01 1.6417e+01 -4.3254e-02 3.7552e+01 -7.6698e-01 -8.6300e-01 1.7416e-01 -1.8023e-01 -3.4713e-01 -5.4037e+00 -3.6816e-01 -4.6133e-01 -5.3629e+00 -3.6913e-01 2.9198e-01 -9.5304e-01 -1.2067e-01 -1.1825e-01 -1.7980e-01 3.4780e-01 -6.3093e-01 -5.5834e-01 -3.9583e-01 -3.3699e-02 -2.0943e-01
1.3128e-01 -3.1064e-02 5.3759e-01 -4.7983e-02 -9.4508e-02 8.4095e-02 -5.3752e-01 8.2127e-02 -1.1666e+00 -1.0049e+00 8.4681e-01 1.5164e-01 -6.5815e-01 1.0480e+00 -4.9284e-01 1.8765e-01 4.6490e-02 1.5845e-01 4.7594e-01 -1.8752e-01 -3.2105e-02 -2.3805e-01 -2.4158e-02 9.4731e-01 -1.5779e-01 3.0368e+00 -4.4291e-02 -8.1077e-02 -5.4653e-01 -4.6983e-02 -7.6698e-01 9.2808e+00 -1.2178e-01 -1.2349e-01 -3.2335e-02 -5.1361e-02 -7.6826e-01 -8.4042e-02 -1.0124e-01 1.7515e+00 -7.0485e-02 5.3136e-02 -1.0149e-01 -2.7955e-02 -2.8220e-02 -2.2305e-03 -2.6007e-01 -1.0623e-01 -1.6111e-01 6.4236e-02 -5.9223e-02 1.0760e-01
6.2713e-01 -5.8580e+00 -5.9177e-01 -1.2390e-01 -6.2133e-01 3.0465e-01 -6.0478e-02 -3.4084e-01 -1.3013e+01 -2.2912e+00 -4.9129e-01 -2.8477e-01 -4.5159e+00 6.9370e+00 2.1413e+00 -1.1408e+00 3.7110e-01 -1.4101e+00 -4.6941e-01 -8.9726e-01 2.2599e+00 1.8699e-01 2.6683e-01 4.4925e-01 4.4078e+00 8.3648e+00 3.2108e+01 -6.2893e-01 7.2754e-01 -5.8654e-01 -8.6300e-01 -1.2178e-01 4.5599e+01 -2.1504e+00 -3.9384e-01 1.2596e+00 -2.8284e-01 1.4328e+01 -1.7194e-01 -2.5877e+00 -1.1454e-01 -1.1269e-01 -7.5950e-01 6.3474e-02 -2.5546e-01 -1.3490e-01 -1.3387e+00 -6.2415e-03 -2.1100e-04 -3.8718e-01 -1.5369e-01 1.6334e-01
-4.8156e-01 -1.5934e+00 -7.6162e+00 -5.8531e-01 -4.0595e+00 -3.1823e+00 8.3742e+00 -4.3958e-01 5.0290e+00 -8.4015e+00 -7.8295e-01 -7.5516e-01 -4.5148e+00 -3.5521e-01 -6.8786e+00 1.5315e+01 2.2053e+00 -1.2480e-01 7.0305e-01 -1.0882e+00 -2.0815e+00 -8.8752e-01 -3.0400e-01 -3.1797e-01 -1.9673e-02 -8.1968e-02 -2.3104e+00 -5.3666e-01 -4.2853e-01 -5.2197e-01 1.7416e-01 -1.2349e-01 -2.1504e+00 4.9985e+01 -2.5335e-01 -3.1042e-01 -1.5177e+00 -4.5577e-01 -1.0854e+00 -2.8848e+00 1.6362e-01 3.7346e+00 -9.9873e-02 -3.0474e-01 -6.1025e-01 -7.8049e-02 -9.2745e+00 3.9263e-01 1.2901e+00 -1.2219e-01 -6.4226e-01 6.7050e-01
-6.6174e-01 1.0287e-01 -8.7438e-01 -2.8684e-01 -7.5542e-03 2.2692e-01 -4.3624e-01 -8.0880e-01 8.4865e-01 -1.1898e+00 -4.3399e-02 -1.0086e-01 -5.4561e-02 -9.2705e-02 -8.1811e-02 -1.1754e+00 -9.7785e-01 6.1880e-02 -1.5496e-01 5.7994e-01 5.5697e-02 -2.2369e-01 -4.2698e-02 -2.5132e-02 -1.7039e-01 -9.8099e-02 -4.0611e-01 -5.9534e-02 -2.9951e-02 -4.8560e-02 -1.8023e-01 -3.2335e-02 -3.9384e-01 -2.5335e-01 6.3587e+00 -4.6524e-02 1.5439e-01 -2.3285e-01 -2.5737e-02 4.8549e-01 1.2303e-02 -5.3830e-02 -5.8624e-02 -4.4389e-02 -8.9027e-02 2.8711e-02 6.8933e-01 8.2700e-02 2.7498e-02 -5.7940e-02 -3.2989e-02 -4.4009e-01
-7.2725e-01 -5.0220e-01 6.7776e-02 -7.3630e-02 7.4058e-01 5.6437e-01 -2.6388e-03 -8.7282e-01 6.5731e-01 9.6042e-01 -1.1505e-01 -1.3249e-01 -8.2212e-01 -1.5332e-01 -6.8472e-01 -7.9303e-01 -7.2386e-01 -2.8115e-01 -1.7379e-01 4.6965e-02 8.3128e-02 -7.1039e-02 -8.4315e-02 -3.9612e-01 2.4578e-01 -3.5107e-01 -5.1076e-01 2.4533e+00 -5.8858e-02 9.4613e-01 -3.4713e-01 -5.1361e-02 1.2596e+00 -3.1042e-01 -4.6524e-02 1.1214e+01 -1.5905e-01 -4.6970e-01 3.6360e-01 9.3639e-01 6.1958e-01 -1.8261e-01 -2.5004e-01 -5.6385e-02 -7.3546e-02 2.1282e-01 1.2818e+00 -5.2440e-02 -4.6022e-02 -2.3665e-01 -8.2044e-02 -3.4238e-02
-1.2503e+00 -8.3764e-01 -7.8941e-01 -1.4970e+00 -1.2835e+00 -2.1370e+00 3.0866e+00 -3.4275e-01 -8.7524e-01 -1.4257e+00 -1.8049e+00 4.0242e-02 -2.1910e+00 1.8216e+00 7.8487e+00 -1.6179e+00 -1.0827e+00 1.1930e+00 3.1335e+00 -8.0308e-01 -6.2677e-01 1.5077e+00 -1.1250e-01 2.5819e+00 -5.3047e-01 -1.2294e+00 -7.4680e-01 -3.7211e-01 -4.4802e+00 -7.3345e-02 -5.4037e+00 -7.6826e-01 -2.8284e-01 -1.5177e+00 1.5439e-01 -1.5905e-01 3.6314e+01 -2.9984e-01 -3.9483e-01 -6.2285e+00 8.5612e-01 -2.6993e-01 -5.6801e-01 -5.4369e-02 -2.4078e-01 -2.7859e-01 -2.4182e+00 -5.4329e-01 1.5545e+00 -3.3228e-02 1.2387e+00 -4.8912e-02
1.0244e+00 -2.4938e+00 1.7709e-01 2.0079e-01 4.3635e-01 1.1927e-01 -2.3199e+00 -5.1889e-02 -2.4217e+00 -4.8147e+00 -8.0108e-02 -1.7857e-01 -2.2801e+00 7.2916e+00 -4.9992e-01 -1.1033e-01 1.5231e+00 -1.0355e+00 -1.0880e+00 4.3056e-01 -1.1537e-01 -3.3965e-01 -2.7224e-01 2.1126e+00 4.5328e+00 8.3442e+00 1.4433e+01 -4.9114e-01 8.6920e-02 -5.6271e-01 -3.6816e-01 -8.4042e-02 1.4328e+01 -4.5577e-01 -2.3285e-01 -4.6970e-01 -2.9984e-01 3.3283e+01 -2.3187e-01 -1.5408e+00 -1.5067e-01 -8.4305e-02 -5.5992e-01 -7.9474e-02 -3.5627e-01 -9.2992e-02 -1.4392e+00 2.8026e-01 9.4732e-02 -8.3635e-02 1.5226e-01 -1.3846e+00
-6.6338e-01 -7.4447e-01 -2.1851e+00 1.5076e-02 1.4101e-01 -1.9440e+00 3.4244e+00 -1.3966e+00 3.6893e+00 1.6001e-01 -4.2059e-01 -2.7828e-01 -9.5870e-01 7.4873e-02 3.4832e+00 -3.4017e+00 -5.4266e-02 -8.7585e-02 -9.3967e-01 4.7183e-02 -1.6330e+00 -5.4832e-01 3.4550e-01 -2.7138e-01 -1.3531e-01 6.5406e-02 -3.6198e-01 -1.5629e-01 -2.9001e-01 -2.2377e-01 -4.6133e-01 -1.0124e-01 -1.7194e-01 -1.0854e+00 -2.5737e-02 3.6360e-01 -3.9483e-01 -2.3187e-01 1.9124e+01 -4.7453e-01 6.2190e-02 -6.4042e-01 -6.7389e-02 -2.2175e-01 -1.4194e-02 -4.1235e-01 6.6005e+00 1.5250e-02 -1.0495e-01 -1.6798e-01 9.9575e-03 2.7372e-02
-5.8443e+00 2.2722e+00 -1.5692e+00 1.8724e-01 -1.4745e+00 1.3011e+00 -6.9028e+00 -6.3259e-02 9.0065e-01 -4.2635e+00 -1.7676e+00 -1.1368e-01 6.7742e+00 -3.7593e-01 -3.3299e+00 -2.9650e+00 -5.9093e+00 -5.3637e-01 1.1788e+01 7.0902e+00 -1.9471e+00 -9.6275e-01 -5.7897e-01 -1.4346e+00 -8.1745e-01 2.0937e+00 -2.1929e+00 -4.5300e-02 -3.9609e+00 5.1911e-01 -5.3629e+00 1.7515e+00 -2.5877e+00 -2.8848e+00 4.8549e-01 9.3639e-01 -6.2285e+00 -1.5408e+00 -4.7453e-01 6.5617e+01 1.8961e-01 -6.1915e-01 -8.7436e-01 -2.1128e-01 -4.5666e-01 -5.8741e-01 8.7344e+00 -7.8420e-01 -7.2728e-01 -7.1601e-02 7.7440e-02 3.5742e+00
3.2035e-01 -4.2471e-01 6.0302e-02 -2.1734e-01 1.3945e-01 1.6259e-01 8.1664e-02 8.4658e-03 -4.9702e-03 -6.6653e-02 -1.7805e-01 -1.1685e-01 -2.1327e-02 -2.9495e-02 -2.5729e-01 -4.5949e-01 -1.0243e+00 -6.3261e-02 -3.4674e-01 -2.1678e-01 9.1134e-02 -8.8731e-02 1.5033e-01 -1.6597e-01 1.6153e+00 1.3227e-02 -3.0274e-02 1.6611e+00 -2.8831e-01 7.2610e-01 -3.6913e-01 -7.0485e-02 -1.1454e-01 1.6362e-01 1.2303e-02 6.1958e-01 8.5612e-01 -1.5067e-01 6.2190e-02 1.8961e-01 8.6574e+00 -7.9076e-02 -4.6106e-02 -2.5895e-02 -6.3393e-03 -7.3173e-02 4.5422e-01 -8.9682e-02 -3.2240e-02 -4.7526e-02 -2.8499e-01 -1.9681e-01
-4.9761e-01 -2.2147e-01 1.5598e+00 -4.8334e-02 -2.1767e+00 -2.0694e+00 7.2504e-01 -8.4858e-01 3.7727e+00 -4.8845e-01 -2.3399e-01 5.1157e-01 -6.0899e-01 -2.0574e-01 -3.4741e+00 6.2731e+00 2.1674e-01 -8.7943e-02 -3.9257e-01 -2.4447e-01 -1.3893e+00 -1.9999e-02 8.9795e-01 -1.2557e-01 -1.6548e-01 -1.4093e-01 -8.9342e-02 -9.1923e-02 1.4981e-02 -1.1375e-02 2.9198e-01 5.3136e-02 -1.1269e-01 3.7346e+00 -5.3830e-02 -1.8261e-01 -2.6993e-01 -8.4305e-02 -6.4042e-01 -6.1915e-01 -7.9076e-02 1.4990e+01 -7.4849e-02 -1.8147e-01 -9.5379e-02 -2.8068e-01 2.7518e+00 -2.9208e-01 -8.4733e-02 7.9537e-02 -5.4366e-02 2.1037e-01
3.1154e-01 7.7629e-01 1.7544e-01 -7.9305e-03 -1.0733e-02 1.7332e-01 -1.6670e+00 -2.4604e-01 6.2825e-01 4.0200e-01 -2.4299e-01 -1.6704e-01 -7.3865e-01 -4.1943e-01 -4.0489e-01 9.2146e-02 2.8535e-01 -2.0897e-01 -1.2444e+00 -2.2082e-02 5.1190e-02 -3.4298e-01 1.4372e-02 -5.0322e-01 -1.0279e-01 -6.2031e-01 -4.0973e-01 6.1977e-02 -3.0809e-01 -8.5823e-02 -9.5304e-01 -1.0149e-01 -7.5950e-01 -9.9873e-02 -5.8624e-02 -2.5004e-01 -5.6801e-01 -5.5992e-01 -6.7389e-02 -8.7436e-01 -4.6106e-02 -7.4849e-02 1.1970e+01 -6.1411e-02 -8.6283e-02 -4.0081e-02 -2.2472e-01 4.1730e-01 -3.0942e-02 -2.3775e-01 -1.9560e-02 -1.2850e-01
4.8400e-01 -3.1006e-02 4.3917e-01 1.5302e-02 6.1648e-01 -1.3877e+00 -4.7520e-01 -3.4693e-01 -3.0348e-01 -2.5196e-01 -3.9332e-02 -2.0627e-01 1.7935e-01 1.2082e-03 1.0140e+00 3.2158e-01 6.2719e-01 -5.9021e-02 -2.8764e-01 -3.5105e-02 -3.0437e-01 -4.2168e-01 -2.7925e-02 2.3875e-01 -1.3590e-01 -1.5011e-01 8.6009e-02 -4.4399e-02 -5.0897e-02 -3.9509e-02 -1.2067e-01 -2.7955e-02 6.3474e-02 -3.0474e-01 -4.4389e-02 -5.6385e-02 -5.4369e-02 -7.9474e-02 -2.2175e-01 -2.1128e-01 -2.5895e-02 -1.8147e-01 -6.1411e-02 8.0020e+00 -1.4559e-01 -7.9090e-02 -1.0941e-01 2.9121e-01 -2.1923e-02 1.6717e-01 9.2917e-03 -4.4456e-02
-4.7945e-01 2.6588e-01 4.2171e-01 -2.2884e-01 7.7864e-02 -5.1300e-02 -1.3341e+00 3.6529e-02 3.1445e+00 -1.0265e+00 4.5314e-01 -2.2463e-01 -3.8567e-01 7.4126e-02 6.6954e-01 4.5112e-01 -1.3581e-02 2.5528e-02 -1.9599e-01 3.4745e-01 1.0482e-01 9.7547e-01 -9.1731e-02 -1.3832e-01 1.3261e-01 1.4356e+00 7.7986e-02 -1.8240e-01 -9.1306e-02 -5.5147e-02 -1.1825e-01 -2.8220e-02 -2.5546e-01 -6.1025e-01 -8.9027e-02 -7.3546e-02 -2.4078e-01 -3.5627e-01 -1.4194e-02 -4.5666e-01 -6.3393e-03 -9.5379e-02 -8.6283e-02 -1.4559e-01 1.2281e+01 -3.9575e-02 -5.0830e-01 8.7734e-02 -2.3538e-02 -5.3569e-02 3.7518e-01 -2.1459e-01
-2.4520e-03 -6.2627e-02 1.3612e+00 1.6274e-02 6.8828e-01 -7.3342e-01 -1.2519e+00 -1.1542e-01 -9.4114e-01 -1.7966e-01 -2.3281e-01 -4.6369e-02 -3.5509e-01 -1.0201e-01 -1.5418e+00 -1.5388e+00 -1.8741e-01 -3.3514e-02 3.1123e+00 7.4947e-01 2.4097e+00 -4.1350e-02 -9.3661e-02 -8.4178e-02 -1.5869e-02 -8.2906e-02 4.7096e-02 4.5725e-02 -1.5593e-01 -7.3474e-02 -1.7980e-01 -2.2305e-03 -1.3490e-01 -7.8049e-02 2.8711e-02 2.1282e-01 -2.7859e-01 -9.2992e-02 -4.1235e-01 -5.8741e-01 -7.3173e-02 -2.8068e-01 -4.0081e-02 -7.9090e-02 -3.9575e-02 9.7341e+00 2.7354e+00 3.7742e-02 -1.1343e-01 -6.2998e-02 -4.1222e-03 5.5207e-01
4.5174e-01 2.9947e-01 -1.5712e+00 8.2075e-01 9.6532e+00 2.8976e+00 -1.3193e+01 -4.4907e+00 7.2298e+00 3.7870e+00 -1.2598e+00 -7.4994e-01 4.9395e+00 9.0497e-01 -1.5220e+01 -3.1039e+01 -1.4013e-01 5.9203e-01 8.6873e-01 -1.5321e+00 1.0479e+01 -5.9279e-01 1.0498e+00 3.0251e-01 1.5431e+00 5.6476e-01 1.0398e-01 8.0026e-01 1.4478e+00 1.5206e+00 3.4780e-01 -2.6007e-01 -1.3387e+00 -9.2745e+00 6.8933e-01 1.2818e+00 -2.4182e+00 -1.4392e+00 6.6005e+00 8.7344e+00 4.5422e-01 2.7518e+00 -2.2472e-01 -1.0941e-01 -5.0830e-01 2.7354e+00 8.1622e+01 -3.7957e+00 -7.4246e-01 6.9540e-02 3.9957e-01 1.4814e+01
-1.0581e-01 5.9036e-01 -3.0676e+00 1.3421e-01 -6.1144e-01 1.9500e-01 -1.9929e+00 1.1226e-01 -2.4802e-02 9.5830e-02 -2.6548e-01 8.1437e-01 1.1214e+00 -3.2979e-01 -8.6321e-01 1.7111e+00 -7.0897e-02 -9.1276e-02 -5.8182e-01 1.1971e+00 -5.0995e-01 3.4940e-02 7.7923e-02 -3.4254e-02 -2.3303e-01 -2.3067e-01 2.3441e-01 6.8301e-02 -4.2492e-01 -1.5598e-01 -6.3093e-01 -1.0623e-01 -6.2415e-03 3.9263e-01 8.2700e-02 -5.2440e-02 -5.4329e-01 2.8026e-01 1.5250e-02 -7.8420e-01 -8.9682e-02 -2.9208e-01 4.1730e-01 2.9121e-01 8.7734e-02 3.7742e-02 -3.7957e+00 1.3919e+01 -7.9776e-02 -1.4057e-01 9.1001e-02 -2.0829e+00
-1.9392e-01 -1.2874e+00 -5.7355e-01 -5.3365e-03 -1.8365e-01 -2.2283e-01 6.2890e-01 3.1134e-02 -3.1529e-01 4.4409e-02 -3.0762e-01 -4.5779e-02 -2.2913e-01 -9.2769e-02 -6.6597e-01 9.1577e-01 -1.5537e-01 -7.9080e-03 -7.5904e-01 -9.6626e-02 -3.9674e-01 -8.1133e-02 8.0405e-03 1.7488e+00 -3.2967e-02 -1.9724e-01 -5.8157e-03 -6.1032e-02 -5.0565e-01 -4.6175e-02 -5.5834e-01 -1.6111e-01 -2.1100e-04 1.2901e+00 2.7498e-02 -4.6022e-02 1.5545e+00 9.4732e-02 -1.0495e-01 -7.2728e-01 -3.2240e-02 -8.4733e-02 -3.0942e-02 -2.1923e-02 -2.3538e-02 -1.1343e-01 -7.4246e-01 -7.9776e-02 6.3929e+00 -3.4565e-03 -2.6420e-03 1.6665e-02
-3.0216e-02 -1.5381e+00 4.3401e-01 5.4757e-01 -5.9491e-02 -1.3093e-01 4.6898e+00 8.4515e-02 1.2297e+00 5.0578e-02 -1.2161e-01 -6.4911e-02 -1.0284e+00 -4.4850e-01 -2.7450e-01 2.2868e-01 -3.0175e-02 -2.9992e-02 -5.5752e-01 -9.5680e-02 -1.8553e-01 -2.4296e-02 -1.1387e-01 -6.8985e-01 -4.3701e-01 2.0527e+00 -3.7827e-01 6.9633e-01 -4.6220e-01 -2.0932e-01 -3.9583e-01 6.4236e-02 -3.8718e-01 -1.2219e-01 -5.7940e-02 -2.3665e-01 -3.3228e-02 -8.3635e-02 -1.6798e-01 -7.1601e-02 -4.7526e-02 7.9537e-02 -2.3775e-01 1.6717e-01 -5.3569e-02 -6.2998e-02 6.9540e-02 -1.4057e-01 -3.4565e-03 1.5167e+01 5.0613e-01 1.9983e-01
1.8925e-01 -8.9926e-01 4.1995e-02 1.3269e+01 1.3234e-01 -1.0272e-01 2.3494e-01 -1.1495e-01 -7.0981e-02 -1.4565e-01 1.0905e-01 1.4768e-01 1.0515e-01 -3.5689e-01 1.1138e-02 -5.8860e-01 -1.4388e-01 8.3093e-02 4.2275e-02 1.6747e-01 -8.0300e-02 1.3104e-02 5.0400e-02 9.0741e-02 -1.2750e+00 -2.7249e-01 -3.8658e-03 -6.1969e-02 1.7589e-02 1.6729e-02 -3.3699e-02 -5.9223e-02 -1.5369e-01 -6.4226e-01 -3.2989e-02 -8.2044e-02 1.2387e+00 1.5226e-01 9.9575e-03 7.7440e-02 -2.8499e-01 -5.4366e-02 -1.9560e-02 9.2917e-03 3.7518e-01 -4.1222e-03 3.9957e-01 9.1001e-02 -2.6420e-03 5.0613e-01 1.4698e+01 -1.3876e-01
-7.7720e-02 -5.2341e-01 1.9897e+00 2.6795e-01 -3.1127e-01 -8.7580e-01 4.0776e-01 2.5489e-01 -1.9477e-01 -2.2123e-01 7.2743e-02 2.8317e-02 -1.4008e+00 2.7134e-01 1.4990e+00 6.5291e+00 8.8341e-02 2.0239e-01 3.1909e-01 -2.6639e+00 -4.6445e-01 1.7560e-01 -1.5122e-01 2.0881e-01 -1.2468e-02 -4.4547e-01 1.2789e-01 3.3987e-01 6.2657e-01 4.5875e-02 -2.0943e-01 1.0760e-01 1.6334e-01 6.7050e-01 -4.4009e-01 -3.4238e-02 -4.8912e-02 -1.3846e+00 2.7372e-02 3.5742e+00 -1.9681e-01 2.1037e-01 -1.2850e-01 -4.4456e-02 -2.1459e-01 5.5207e-01 1.4814e+01 -2.0829e+00 1.6665e-02 1.9983e-01 -1.3876e-01 2.2141e+01
