9.2681e+01 -7.4129e+00 -1.1224e+01 -1.5284e+00 -1.7609e+01 1.4525e+01 1.6881e+01 -1.8348e+01 -2.7785e+01 4.7197e+00 2.6872e+01 -1.8248e+00 -3.1450e+01 -1.1336e+00 8.6476e-01 -7.3347e+00 -3.2022e-01 3.5108e-01 -1.3873e+00 7.6409e+00 -6.6924e-01 -2.2216e+00 -1.2847e+00 -9.7892e+00 -8.1003e-01 -4.9218e-01 -1.8641e-01 1.1714e+00 1.0340e+00 8.7416e-02 -8.8288e+00 -5.0190e-01 -4.3592e+00 1.7627e+00 1.1473e+00 -1.3178e+00 -2.1444e+00 -1.3377e+00 1.2840e+00 1.0764e+01 4.8288e-01 -1.1962e+00 -5.7806e-01 -4.2438e-01 -2.5700e-01 -5.3658e-01 -5.8665e-01 -2.0778e+00 2.9331e-02 -2.0793e+00 -3.7081e-01 -1.3156e+00
-7.4129e+00 6.1439e+01 -2.4702e+00 8.1578e-01 4.0026e+00 -2.8359e+00 1.8013e+00 1.2211e+01 -6.3306e+00 3.6245e+00 1.6326e+00 -3.0262e+00 -5.5428e+00 7.1968e-01 1.1806e-01 5.0470e+00 8.4022e-02 6.0621e-01 8.7876e-02 2.3380e+00 -2.9919e+00 1.7366e+00 -1.3911e+00 1.2819e+01 5.6254e-01 2.2805e-01 -5.2540e-01 -2.0438e-01 -7.0111e-01 -8.4494e-01 -9.3441e+00 -4.6868e-01 1.3992e+00 -2.0214e+00 -4.0064e-01 -2.7241e+00 4.3411e+00 -5.9285e-01 -9.8560e-01 -4.1540e+00 -1.0256e+00 5.2859e-01 2.3585e-01 -1.0638e+00 -5.0173e-01 -2.2076e-01 5.8453e-01 3.4504e-01 -6.9505e-01 1.3639e+00 -9.4930e-01 6.5399e-01
-1.1224e+01 -2.4702e+00 9.4653e+01 -1.3326e+00 -2.2113e+01 2.8834e+00 -9.6385e+00 4.6156e+00 9.3077e+00 1.0096e+01 -1.3849e+01 -1.2222e+00 6.6603e+00 -5.0259e-01 -1.2061e+00 8.0950e+00 -3.6906e+00 -6.0746e+00 -6.2507e-02 -4.0057e+00 -1.4568e+00 -2.2904e+00 1.9605e+00 -1.7662e+01 2.2804e+00 -1.2832e+00 -4.3007e-01 -2.0296e+00 2.8860e-02 5.7472e-01 9.8070e+00 -1.6433e+00 -3.9615e+00 4.7826e-02 -9.6036e-01 -9.2321e-01 -8.7478e-01 -1.3083e+00 4.3855e-02 7.1719e+00 1.9283e+00 1.1694e+00 -7.4821e-01 1.8584e+00 4.0720e-01 -3.0677e-01 -1.3288e+00 2.9279e+00 -5.9286e-01 6.3391e+00 -8.8646e-01 -1.3940e+00
-1.5284e+00 8.1578e-01 -1.3326e+00 1.8685e+01 -1.5785e+00 -5.5817e+00 -6.5211e-01 3.2126e-01 2.9040e+00 -4.9906e-02 1.7787e-01 1.0698e-01 3.3050e+00 3.0881e-02 -1.2276e-02 -1.7084e-02 -4.2454e-01 8.0492e-03 5.7081e-02 2.4581e-01 -1.1065e-01 -9.9251e-01 2.4834e-01 3.1270e-02 -1.0344e+00 2.1491e-02 -2.9408e-02 -4.6165e-02 1.5934e-01 -1.3110e-03 -2.1830e+00 8.4708e-02 -3.1184e+00 3.6222e-03 5.9682e-02 -1.9730e-01 -7.5152e-02 -7.2570e-02 -3.6558e-01 -1.3440e-01 2.9830e-02 -5.0998e-01 -1.2972e-01 -2.6173e-02 2.6701e-01 -5.7775e-03 2.7223e-02 8.9615e-03 -1.3057e-01 -5.8586e-02 3.7364e+00 1.3236e+01
-1.7609e+01 4.0026e+00 -2.2113e+01 -1.5785e+00 7.1973e+01 -1.0045e+00 -5.3858e+00 7.3739e+00 1.3397e+01 -3.1909e+00 -9.3164e+00 -3.2792e+00 2.0562e+01 5.7908e-01 -1.0860e+00 6.0095e+00 -1.4638e+00 -2.9525e-01 6.3348e-01 -6.8659e+00 -1.9089e+00 2.9746e+00 1.0702e-01 3.2719e+01 3.8017e-01 2.3983e-01 2.9217e-01 8.3217e-02 -5.9283e-03 -7.0051e-01 -6.3553e+00 -2.4987e-01 8.6319e-01 -6.6247e-01 -1.0228e+00 -1.2616e-01 4.8684e+00 1.3156e+00 4.4237e-01 -1.9297e+00 -2.9016e+00 2.8473e+00 2.6057e-01 9.1137e-01 -4.6261e-01 -1.4734e-01 4.0243e-01 -3.8133e+00 -2.5972e-01 -4.7703e+00 3.0957e+00 -1.4341e+00
1.4525e+01 -2.8359e+00 2.8834e+00 -5.5817e+00 -1.0045e+00 5.3628e+01 4.4857e+00 -1.8231e-01 5.7072e-02 -8.1517e-01 -8.5750e-01 -3.4196e-01 -2.9267e+00 1.7251e+00 -8.2307e-01 1.5839e+00 -9.9148e-01 -1.5209e+00 -1.5488e-01 -9.7757e-02 -1.3512e+00 -1.7956e+00 -4.5558e+00 9.1720e-01 -3.3385e-01 -5.2019e-01 -3.9933e-01 -2.0599e-01 8.1721e-01 -5.2071e-02 5.3653e+00 -4.0965e-01 -2.8968e-01 -1.3414e+00 9.2873e-01 5.9803e-01 3.1521e+00 -4.6769e+00 2.4596e+00 2.6088e+01 1.4658e-01 -4.4705e+00 -2.5042e-01 4.9001e-01 -1.3190e-01 3.7027e-02 1.7276e-01 -2.2258e+00 -3.0420e-01 -4.2585e-01 -3.4254e+00 -2.7729e+00
1.6881e+01 1.8013e+00 -9.6385e+00 -6.5211e-01 -5.3858e+00 4.4857e+00 8.2617e+01 -7.0741e+00 -2.0157e+01 6.4516e+00 1.6793e+01 -1.1759e+00 -2.2073e+01 -2.6163e-01 -1.3848e+00 1.5042e+01 -8.7970e-01 1.1451e+00 -1.5387e+00 6.5527e+00 -1.0317e+00 5.4996e-01 -7.2149e-02 3.3401e+00 -3.1066e+00 9.8558e-01 -1.0526e+00 4.1138e-01 3.6192e+00 -6.0304e-01 -1.1234e+01 2.1036e-01 1.1220e+00 2.6553e-01 7.8587e-03 -7.3607e-01 1.2974e+01 -1.1171e+01 -3.5080e-01 5.9406e+00 -7.0074e-01 5.8759e-01 3.7504e-01 -1.3132e+00 -1.4835e-02 2.8662e-01 -6.3567e-01 -2.4889e+00 1.3914e+00 -1.3821e+00 -4.9584e-01 -2.1760e-01
-1.8348e+01 1.2211e+01 4.6156e+00 3.2126e-01 7.3739e+00 -1.8231e-01 -7.0741e+00 6.7860e+01 4.6553e+00 2.8683e-01 -1.0431e+01 -1.2394e-01 4.3919e+00 9.5347e-01 -3.5991e+00 1.9946e+01 -5.5102e+00 1.4340e+00 1.1810e+00 -2.7400e+00 -1.3376e+00 2.6309e+00 4.3875e-02 1.6167e+01 -1.2905e-01 -1.2748e-01 -1.8763e+00 -6.7295e-01 -4.5433e-01 -3.3652e-01 1.2626e+00 -1.8339e-01 1.5754e+00 -6.7775e+00 -2.7734e-01 5.4490e-01 1.6158e+01 3.4797e+00 8.4667e-01 -8.9616e-01 -7.0353e-01 -5.7813e-01 -4.3320e-01 5.6766e-02 -1.9777e-02 1.7652e-01 -1.0141e+00 8.3497e-01 -2.6025e-03 1.7622e+00 -1.6359e+00 1.6305e-01
-2.7785e+01 -6.3306e+00 9.3077e+00 2.9040e+00 1.3397e+01 5.7072e-02 -2.0157e+01 4.6553e+00 6.4673e+01 -3.0624e+00 -3.4996e+01 2.3099e+00 4.5722e+01 8.2251e-01 2.7957e-01 2.1928e+00 -2.8265e-01 -2.0742e+00 1.6385e+00 -8.4716e+00 1.4195e+00 -3.4353e-01 4.6312e-01 1.2415e+01 1.5486e-01 3.5253e-02 -4.5329e-01 -6.0571e-01 -1.0675e+00 -1.3752e-01 4.7427e+00 3.7094e-01 -6.5064e+00 -4.7198e-01 -1.0955e+00 7.0835e-01 1.7084e+00 1.8197e+00 2.7721e-01 9.0507e-02 8.6442e-01 5.4873e-01 1.4220e-01 7.8913e-01 8.6372e-03 3.1166e-02 -4.4696e-01 -1.6143e-01 -9.1154e-01 4.2788e-01 7.4224e+00 1.1948e+00
4.7197e+00 3.6245e+00 1.0096e+01 -4.9906e-02 -3.1909e+00 -8.1517e-01 6.4516e+00 2.8683e-01 -3.0624e+00 4.9035e+01 1.1290e-02 -5.8051e-01 -3.7015e+00 4.2912e-01 4.1155e-01 1.6579e+01 -3.0867e+00 -4.9748e+00 -2.6167e-01 5.4124e+00 -6.0541e-01 4.6876e+00 3.5969e-02 1.1744e-01 -9.4926e-01 1.0757e+00 -3.3567e-01 3.9838e-01 1.4554e+00 -1.3790e-01 -3.1002e+00 1.8495e-01 -2.0143e+00 5.7553e-01 -1.2495e+00 -2.8644e+00 8.4751e+00 -2.2895e+00 -2.6231e-01 2.6060e-01 1.1630e+00 2.7831e-01 -6.1542e-01 -4.8214e-01 1.0035e-01 -2.5486e-02 1.0662e-01 -1.1419e+00 -1.4766e+00 2.2975e-01 -2.9367e-01 -5.9517e-02
2.6872e+01 1.6326e+00 -1.3849e+01 1.7787e-01 -9.3164e+00 -8.5750e-01 1.6793e+01 -1.0431e+01 -3.4996e+01 1.1290e-02 7.1662e+01 -2.6080e+00 -3.8062e+01 -1.0801e-01 -9.8921e-01 -4.9222e-01 2.7331e+00 1.5359e-01 -9.4226e-02 9.5261e+00 -1.8366e+00 -2.2300e-01 -4.9019e-01 -2.0711e+01 2.7860e-01 -3.2702e-01 -2.6043e-02 3.1970e-01 6.6270e-01 3.7861e-01 1.7678e+00 -2.6708e-01 -1.6281e+00 3.1425e-01 1.1229e+00 -1.0309e+00 7.1140e-01 -3.0722e+00 -1.7426e-01 8.2742e-01 -1.4011e+00 -8.2495e-01 8.7620e-01 -7.1177e-01 8.2782e-02 -9.5384e-02 -4.2747e-01 -2.6238e-01 2.2115e+00 -6.2507e-01 5.0894e+00 -4.2502e-01
-1.8248e+00 -3.0262e+00 -1.2222e+00 1.0698e-01 -3.2792e+00 -3.4196e-01 -1.1759e+00 -1.2394e-01 2.3099e+00 -5.8051e-01 -2.6080e+00 1.9963e+01 2.0922e+00 -4.6431e-01 4.6832e-01 -2.9506e-01 -2.1115e-01 -4.2332e-01 -3.3313e-01 -7.2370e-01 -5.4160e-01 -5.7154e-02 -4.6145e-01 -2.1614e+00 -6.4582e-02 -1.4309e-01 -6.5066e-02 -1.5683e-01 -4.9109e-01 1.1433e-01 -2.5988e+00 5.7910e-01 2.0342e-01 -4.6866e-01 -1.4710e-01 -1.9469e-01 -8.4479e-02 -2.1353e-01 3.5639e-02 9.5432e-02 -4.2544e-01 -2.0292e-01 -2.9091e-02 -1.9039e-01 4.5252e-02 -2.0095e-02 2.0522e-02 -7.2919e-02 -8.8067e-02 -1.2855e-01 2.6977e-01 4.3776e-02
-3.1450e+01 -5.5428e+00 6.6603e+00 3.3050e+00 2.0562e+01 -2.9267e+00 -2.2073e+01 4.3919e+00 4.5722e+01 -3.7015e+00 -3.8062e+01 2.0922e+00 6.0101e+01 8.7698e-01 1.0021e-01 7.9466e-01 -3.0931e-01 -2.5968e+00 1.2376e+00 -8.4320e+00 1.0031e+00 -4.7891e-01 5.2994e-01 1.2914e+01 -8.7793e-02 1.8260e-01 -6.9198e-03 -9.3802e-01 -9.4424e-01 -3.4709e-01 1.9053e+00 3.8456e-01 -1.5286e+00 -3.0866e-01 -1.1306e+00 6.2102e-01 6.2215e-01 9.9075e-01 3.6141e-01 -1.9945e+00 7.1602e-01 2.2316e+00 1.0826e-01 7.2539e-01 -1.6561e-01 -8.3188e-02 3.8198e-01 -5.0214e-01 -1.4842e+00 4.1463e-01 1.8050e+01 1.2103e+00
-1.1336e+00 7.1968e-01 -5.0259e-01 3.0881e-02 5.7908e-01 1.7251e+00 -2.6163e-01 9.5347e-01 8.2251e-01 4.2912e-01 -1.0801e-01 -4.6431e-01 8.7698e-01 2.9695e+01 -1.3364e-01 5.0442e-02 1.3312e-01 -7.9415e-01 -1.2825e-01 -6.9173e-01 -7.5378e-02 -1.5432e-01 -3.0801e+00 -4.6046e+00 -1.7386e-01 -3.8585e-01 -8.0854e-02 -6.9751e-02 -1.3740e+00 4.3157e-01 -2.1068e+00 -1.4645e-01 -2.7704e-01 -3.2832e+00 -1.8990e-01 -3.3004e-01 1.4709e-01 -6.2880e-01 -1.0568e+00 3.6453e+00 -6.2648e-02 -6.2577e-01 -5.8311e-01 -6.4930e-02 -2.1393e-01 -3.1744e-01 3.3785e+00 -1.3731e-02 -6.9192e-02 -1.6018e-01 5.2439e-01 -1.9017e-02
8.6476e-01 1.1806e-01 -1.2061e+00 -1.2276e-02 -1.0860e+00 -8.2307e-01 -1.3848e+00 -3.5991e+00 2.7957e-01 4.1155e-01 -9.8921e-01 4.6832e-01 1.0021e-01 -1.3364e-01 1.3990e+01 -3.0286e+00 2.6788e+00 -4.2545e-01 -1.1904e-01 1.9261e-01 1.4120e-01 8.8938e-01 -4.1384e-01 -2.3628e-01 -2.1183e-01 -1.3574e-01 -5.4262e-02 -1.7384e-01 -1.3283e-01 -4.2814e-02 -4.3947e-01 2.6756e-01 -4.2992e-01 -2.3960e-01 -1.3538e-01 -4.3161e-02 -4.1481e+00 2.6198e+00 -9.8854e-02 -1.0895e+00 -1.1145e-01 -6.4941e-02 -1.3525e-01 9.9763e-03 1.1888e-02 -1.0415e-02 1.0666e-02 -9.7992e-02 -2.5297e-01 4.5463e-01 -2.3121e-01 -4.1410e-02
-7.3347e+00 5.0470e+00 8.0950e+00 -1.7084e-02 6.0095e+00 1.5839e+00 1.5042e+01 1.9946e+01 2.1928e+00 1.6579e+01 -4.9222e-01 -2.9506e-01 7.9466e-01 5.0442e-02 -3.0286e+00 5.3907e+01 -4.9536e+00 -7.2856e+00 -2.7876e-01 -8.1096e-02 -7.0188e-01 7.2787e+00 2.1724e-02 1.1785e+01 1.2251e+00 8.0123e-01 -7.5929e-01 -1.0409e-01 1.0895e+00 -1.9334e-01 -4.4328e+00 8.4988e-02 -4.2761e+00 -1.1760e+00 -8.5614e-02 -1.7916e-01 2.7503e+01 -4.3122e-01 -1.5207e-02 1.9397e+00 4.3693e-01 1.3211e-01 1.6179e-01 4.5343e-01 -7.0771e-02 1.8789e-01 9.8801e-02 -2.6210e+00 -8.3209e-01 -1.5858e+00 -7.0254e-02 -1.1343e-01
-3.2022e-01 8.4022e-02 -3.6906e+00 -4.2454e-01 -1.4638e+00 -9.9148e-01 -8.7970e-01 -5.5102e+00 -2.8265e-01 -3.0867e+00 2.7331e+00 -2.1115e-01 -3.0931e-01 1.3312e-01 2.6788e+00 -4.9536e+00 2.4236e+01 3.7309e-01 -9.6450e-02 4.6599e+00 -2.1240e-01 4.9055e+00 -6.8461e-01 -2.1138e+00 -4.9632e-01 -2.4039e-01 8.9205e-03 -1.2666e-01 -3.0220e-01 -4.5076e-02 1.4702e+00 -2.5949e-01 -1.1012e+00 -5.1259e-01 1.0883e+00 2.3435e-01 -3.9145e+00 -2.3985e-01 1.0551e+00 -1.3374e+00 -3.6438e-01 -2.4136e-01 4.4821e-01 -2.7753e-01 -1.2179e-01 -1.0196e-01 -2.3765e-01 1.3158e+00 -6.6671e-01 -6.9045e-01 2.7146e-02 -5.4597e-01
3.5108e-01 6.0621e-01 -6.0746e+00 8.0492e-03 -2.9525e-01 -1.5209e+00 1.1451e+00 1.4340e+00 -2.0742e+00 -4.9748e+00 1.5359e-01 -4.2332e-01 -2.5968e+00 -7.9415e-01 -4.2545e-01 -7.2856e+00 3.7309e-01 3.2468e+01 -2.1476e-01 2.4494e+00 -2.8197e-01 -1.9354e+00 6.4774e-01 1.4235e+00 9.5795e-01 -4.8487e-01 -3.5022e-02 -3.0920e-01 4.7136e-01 -5.0595e-02 -2.7643e+00 4.5072e-01 4.4332e+00 2.1050e-01 2.6315e-01 5.0779e-01 -1.0874e+00 -2.2720e-01 -9.5530e-01 -1.0653e+00 -5.1892e-01 -5.5940e-01 -2.5841e-01 -2.6825e-01 8.1345e-01 -1.0233e-01 -3.7384e-01 -6.5269e-01 2.7142e+00 -3.6551e-01 -2.1103e+00 -6.3594e-01
-1.3873e+00 8.7876e-02 -6.2507e-02 5.7081e-02 6.3348e-01 -1.5488e-01 -1.5387e+00 1.1810e+00 1.6385e+00 -2.6167e-01 -9.4226e-02 -3.3313e-01 1.2376e+00 -1.2825e-01 -1.1904e-01 -2.7876e-01 -9.6450e-02 -2.1476e-01 1.1833e+01 -2.9009e-01 -1.8526e-01 -2.1632e-01 -3.3431e-02 1.0837e-01 -9.9510e-02 -1.5247e-03 -1.7019e-01 -1.2704e-01 1.6928e-01 -2.4118e-02 7.9977e-01 -8.0000e-02 -1.6131e-01 -1.4627e-01 7.3822e-02 -3.7792e-02 -5.3287e-01 -2.2057e-01 -5.4242e-02 -2.3913e-01 -8.7462e-02 -8.7575e-02 -4.7677e-02 -1.2166e-01 -3.6669e-02 2.5690e-02 -1.6550e-01 -1.3527e-01 -1.0844e-01 1.6156e-01 1.6673e-01 2.7467e-02
7.6409e+00 2.3380e+00 -4.0057e+00 2.4581e-01 -6.8659e+00 -9.7757e-02 6.5527e+00 -2.7400e+00 -8.4716e+00 5.4124e+00 9.5261e+00 -7.2370e-01 -8.4320e+00 -6.9173e-01 1.9261e-01 -8.1096e-02 4.6599e+00 2.4494e+00 -2.9009e-01 3.2687e+01 -2.0281e-01 4.7678e+00 -1.1886e+00 -5.3653e+00 -1.5113e-01 3.6254e-01 -2.4520e-01 -3.7293e-01 9.0487e-01 -2.6961e-01 -2.1971e+00 -3.3794e-01 -7.0309e-01 1.6091e-01 5.7937e-01 -3.8537e-01 5.9452e-01 -7.0861e-01 -2.2353e+00 -9.3544e-01 7.2394e-01 -4.9087e-01 -1.2275e-01 -1.0309e-01 2.1699e-01 -7.2059e-02 -5.8668e-01 -1.0666e-01 -4.5481e-01 -8.1412e-01 9.5128e-02 1.8623e-01
-6.6924e-01 -2.9919e+00 -1.4568e+00 -1.1065e-01 -1.9089e+00 -1.3512e+00 -1.0317e+00 -1.3376e+00 1.4195e+00 -6.0541e-01 -1.8366e+00 -5.4160e-01 1.0031e+00 -7.5378e-02 1.4120e-01 -7.0188e-01 -2.1240e-01 -2.8197e-01 -1.8526e-01 -2.0281e-01 1.4140e+01 -2.0462e-01 5.1734e-01 -1.1260e+00 1.0158e-01 -8.4618e-02 3.4095e-03 -1.2786e-01 -4.7755e-02 -7.4423e-02 3.2943e+00 -1.3512e-01 -4.9049e-01 4.1775e-01 8.2601e-02 7.4634e-01 8.6938e-03 -4.7010e-01 -1.4816e-01 2.2621e-01 -1.0931e-01 2.8077e-01 2.5610e-01 -2.3057e-01 1.6686e-02 -4.8477e-02 -6.7084e-02 -2.1094e-01 -1.7317e-01 -2.9144e-01 -6.0068e-02 -1.8221e-01
-2.2216e+00 1.7366e+00 -2.2904e+00 -9.9251e-01 2.9746e+00 -1.7956e+00 5.4996e-01 2.6309e+00 -3.4353e-01 4.6876e+00 -2.2300e-01 -5.7154e-02 -4.7891e-01 -1.5432e-01 8.8938e-01 7.2787e+00 4.9055e+00 -1.9354e+00 -2.1632e-01 4.7678e+00 -2.0462e-01 3.2609e+01 -9.3902e-01 2.9212e+00 4.3957e+00 2.3931e+00 -1.2313e-01 2.9729e+00 -4.8099e-01 -8.4739e-02 1.9257e-02 1.3112e+00 -1.2543e+00 -1.0182e-01 -3.0998e-01 -1.6416e-01 8.5067e+00 -1.5079e+00 -1.6686e-01 -2.2683e+00 2.4865e+00 -2.3272e-01 -3.5451e-01 5.7629e-01 -1.1341e-01 5.9547e-01 1.3972e+00 1.2484e+00 -3.9933e-01 -1.6823e+00 -7.2702e-01 -7.5760e-01
-1.2847e+00 -1.3911e+00 1.9605e+00 2.4834e-01 1.0702e-01 -4.5558e+00 -7.2149e-02 4.3875e-02 4.6312e-01 3.5969e-02 -4.9019e-01 -4.6145e-01 5.2994e-01 -3.0801e+00 -4.1384e-01 2.1724e-02 -6.8461e-01 6.4774e-01 -3.3431e-02 -1.1886e+00 5.1734e-01 -9.3902e-01 4.1455e+01 1.0342e+00 -2.5224e-01 -2.8327e-01 7.4204e-02 -3.8093e-01 4.6518e+00 -1.9638e-01 1.8748e+01 -3.3685e-01 -1.8795e+00 1.5657e+01 1.1957e+00 1.4622e-01 -1.6716e+00 -1.5105e+00 7.9175e-01 -9.6424e+00 -6.7096e-01 -7.7225e-01 1.8949e-01 -5.2977e-01 8.2265e-01 -3.8882e-01 -6.5153e-01 4.4262e+00 -1.5390e-01 2.9669e-01 7.6916e-01 2.1608e-01
-9.7892e+00 1.2819e+01 -1.7662e+01 3.1270e-02 3.2719e+01 9.1720e-01 3.3401e+00 1.6167e+01 1.2415e+01 1.1744e-01 -2.0711e+01 -2.1614e+00 1.2914e+01 -4.6046e+00 -2.3628e-01 1.1785e+01 -2.1138e+00 1.4235e+00 1.0837e-01 -5.3653e+00 -1.1260e+00 2.9212e+00 1.0342e+00 8.2825e+01 3.2496e-01 7.1703e-01 2.6032e-02 6.1500e-01 1.2802e+00 -7.9155e-01 -1.9739e+01 9.4739e-02 2.2291e+00 1.3935e+00 -5.3148e-01 -3.9578e-01 7.1745e+00 5.1128e+00 -1.4280e+00 -9.4571e+00 -1.9779e+00 1.2868e+00 -3.4154e+00 -4.0512e-02 -3.8517e-01 5.0436e-01 -3.0599e+00 -4.3524e+00 -7.0358e-01 -4.6223e+00 -4.9567e-01 -7.9022e-03
-8.1003e-01 5.6254e-01 2.2804e+00 -1.0344e+00 3.8017e-01 -3.3385e-01 -3.1066e+00 -1.2905e-01 1.5486e-01 -9.4926e-01 2.7860e-01 -6.4582e-02 -8.7793e-02 -1.7386e-01 -2.1183e-01 1.2251e+00 -4.9632e-01 9.5795e-01 -9.9510e-02 -1.5113e-01 1.0158e-01 4.3957e+00 -2.5224e-01 3.2496e-01 1.7657e+01 -9.4920e-02 -1.4966e-01 -1.2244e-01 -2.0781e-01 -3.4703e-02 -1.0341e+00 -6.9089e-02 -6.1226e-01 -2.6753e-02 -9.9097e-02 -1.0653e-01 4.3390e+00 -1.4835e+00 6.8832e-02 7.1631e-01 -1.6257e-01 -2.6985e-01 -6.2871e-02 7.6663e-01 -6.6953e-02 -6.2548e-02 -2.7259e-01 -3.7995e-01 1.9539e+00 -5.4001e-01 -4.4124e-01 3.6019e+00
-4.9218e-01 2.2805e-01 -1.2832e+00 2.1491e-02 2.3983e-01 -5.2019e-01 9.8558e-01 -1.2748e-01 3.5253e-02 1.0757e+00 -3.2702e-01 -1.4309e-01 1.8260e-01 -3.8585e-01 -1.3574e-01 8.0123e-01 -2.4039e-01 -4.8487e-01 -1.5247e-03 3.6254e-01 -8.4618e-02 2.3931e+00 -2.8327e-01 7.1703e-01 -9.4920e-02 1.0491e+01 -4.9787e-02 1.0746e-02 -6.2205e-01 -6.2751e-02 -3.4819e-01 -7.9725e-02 6.5595e-02 1.7487e-01 -1.1008e-01 -5.9827e-03 2.1730e-01 -4.4542e-01 -7.0998e-01 -5.4039e-01 2.8120e+00 3.6402e-02 4.1841e-02 -7.0873e-02 6.7605e-03 6.9381e-01 9.8862e-01 -2.1861e-01 -1.8609e-01 -5.9181e-02 7.2915e-02 1.0162e-03
-1.8641e-01 -5.2540e-01 -4.3007e-01 -2.9408e-02 2.9217e-01 -3.9933e-01 -1.0526e+00 -1.8763e+00 -4.5329e-01 -3.3567e-01 -2.6043e-02 -6.5066e-02 -6.9198e-03 -8.0854e-02 -5.4262e-02 -7.5929e-01 8.9205e-03 -3.5022e-02 -1.7019e-01 -2.4520e-01 3.4095e-03 -1.2313e-01 7.4204e-02 2.6032e-02 -1.4966e-01 -4.9787e-02 7.4598e+00 -3.8754e-02 -2.6061e-01 1.2495e-03 -5.5625e-01 -2.5457e-02 3.6265e-01 1.4710e-01 -1.2483e-03 6.9493e-03 -5.9530e-01 -4.7820e-01 -1.1672e-01 -3.0359e-01 -1.4452e-02 2.1214e-01 4.8371e-01 -4.7858e-02 7.0617e-04 -3.1296e-02 -1.9100e-01 -1.3871e-01 -5.3271e-02 -2.3319e-01 -3.2792e-02 -6.5787e-02
1.1714e+00 -2.0438e-01 -2.0296e+00 -4.6165e-02 8.3217e-02 -2.0599e-01 4.1138e-01 -6.7295e-01 -6.0571e-01 3.9838e-01 3.1970e-01 -1.5683e-01 -9.3802e-01 -6.9751e-02 -1.7384e-01 -1.0409e-01 -1.2666e-01 -3.0920e-01 -1.2704e-01 -3.7293e-01 -1.2786e-01 2.9729e+00 -3.8093e-01 6.1500e-01 -1.2244e-01 1.0746e-02 -3.8754e-02 1.2350e+01 -1.0748e-01 4.5538e-01 -8.4102e-01 1.6262e+00 -3.9662e-01 -2.2828e-02 -1.1348e-01 -1.0383e-01 9.1494e-01 -3.4713e-01 1.8532e-01 -4.6806e-01 -1.3156e-01 7.4618e-01 -6.4671e-02 -3.2634e-02 -6.6913e-02 -4.3024e-02 -1.5624e-01 8.5531e-02 4.7283e-02 -3.7740e-01 -2.9349e-01 -1.1055e-01
1.0340e+00 -7.0111e-01 2.8860e-02 1.5934e-01 -5.9283e-03 8.1721e-01 3.6192e+00 -4.5433e-01 -1.0675e+00 1.4554e+00 6.6270e-01 -4.9109e-01 -9.4424e-01 -1.3740e+00 -1.3283e-01 1.0895e+00 -3.0220e-01 4.7136e-01 1.6928e-01 9.0487e-01 -4.7755e-02 -4.8099e-01 4.6518e+00 1.2802e+00 -2.0781e-01 -6.2205e-01 -2.6061e-01 -1.0748e-01 3.2485e+01 -1.1935e-01 -8.5677e-01 -2.0636e-01 -2.4693e-01 -2.8049e+00 1.2932e+00 6.1190e-01 -1.7693e+00 5.8246e-01 -2.8464e+00 -5.5641e-01 -5.0240e-01 -2.9878e-01 -3.1656e-01 1.4702e+00 6.6341e-02 -1.5116e-01 -5.5837e-01 -3.7680e-01 -2.1176e-01 2.6287e-01 1.1064e-01 1.9325e-01
8.7416e-02 -8.4494e-01 5.7472e-01 -1.3110e-03 -7.0051e-01 -5.2071e-02 -6.0304e-01 -3.3652e-01 -1.3752e-01 -1.3790e-01 3.7861e-01 1.1433e-01 -3.4709e-01 4.3157e-01 -4.2814e-02 -1.9334e-01 -4.5076e-02 -5.0595e-02 -2.4118e-02 -2.6961e-01 -7.4423e-02 -8.4739e-02 -1.9638e-01 -7.9155e-01 -3.4703e-02 -6.2751e-02 1.2495e-03 4.5538e-01 -1.1935e-01 5.9479e+00 8.0668e-01 -3.7695e-02 2.2841e-02 -1.2977e-01 -4.0609e-02 -5.2280e-02 -6.9818e-02 -1.2784e-01 -2.6842e-01 1.0669e-02 -9.8651e-02 2.3176e-01 -7.2017e-03 -6.8025e-02 -7.3813e-03 -1.9462e-02 -4.0948e-02 1.1719e-02 4.7148e-02 -3.6006e-02 3.0233e-02 -1.3698e-02
-8.8288e+00 -9.3441e+00 9.8070e+00 -2.1830e+00 -6.3553e+00 5.3653e+00 -1.1234e+01 1.2626e+00 4.7427e+00 -3.1002e+00 1.7678e+00 -2.5988e+00 1.9053e+00 -2.1068e+00 -4.3947e-01 -4.4328e+00 1.4702e+00 -2.7643e+00 7.9977e-01 -2.1971e+00 3.2943e+00 1.9257e-02 1.8748e+01 -1.9739e+01 -1.0341e+00 -3.4819e-01 -5.5625e-01 -8.4102e-01 -8.5677e-01 8.0668e-01 9.5432e+01 -5.9681e-01 1.1221e+00 1.0753e+01 -2.4991e-01 5.4742e-01 -9.7297e+00 9.5014e-01 -1.6772e+00 -9.4006e+00 -5.9246e-01 -9.2441e-01 -7.8386e-01 -1.0669e-01 1.0488e+00 -3.0948e-01 6.3650e-01 1.0861e+01 4.8155e-01 7.6573e+00 -5.8003e+00 2.4377e-01
-5.0190e-01 -4.6868e-01 -1.6433e+00 8.4708e-02 -2.4987e-01 -4.0965e-01 2.1036e-01 -1.8339e-01 3.7094e-01 1.8495e-01 -2.6708e-01 5.7910e-01 3.8456e-01 -1.4645e-01 2.6756e-01 8.4988e-02 -2.5949e-01 4.5072e-01 -8.0000e-02 -3.3794e-01 -1.3512e-01 1.3112e+00 -3.3685e-01 9.4739e-02 -6.9089e-02 -7.9725e-02 -2.5457e-02 1.6262e+00 -2.0636e-01 -3.7695e-02 -5.9681e-01 8.6967e+00 -2.5431e-01 -1.6441e-01 -8.5036e-02 -7.0164e-02 6.0110e-01 -1.7127e-01 -2.9231e-01 -9.6316e-01 -1.4198e-01 -1.4560e-01 -3.8233e-02 -7.1066e-02 -5.7887e-02 -4.2601e-02 -8.1668e-02 -1.6827e-01 -1.6196e-01 -3.0507e-01 3.1180e-01 2.3925e-02
-4.3592e+00 1.3992e+00 -3.9615e+00 -3.1184e+00 8.6319e-01 -2.8968e-01 1.1220e+00 1.5754e+00 -6.5064e+00 -2.0143e+00 -1.6281e+00 2.0342e-01 -1.5286e+00 -2.7704e-01 -4.2992e-01 -4.2761e+00 -1.1012e+00 4.4332e+00 -1.6131e-01 -7.0309e-01 -4.9049e-01 -1.2543e+00 -1.8795e+00 2.2291e+00 -6.1226e-01 6.5595e-02 3.6265e-01 -3.9662e-01 -2.4693e-01 2.2841e-02 1.1221e+00 -2.5431e-01 3.3460e+01 -1.4944e+00 -8.9027e-02 -2.7719e-01 -9.5890e-01 -2.4279e+00 -5.7325e-01 -4.8306e+00 -3.5789e-01 6.8123e-01 -1.6127e-01 9.3762e-01 1.6213e-01 -1.3198e-01 -4.7838e-01 -1.2583e+00 -5.0426e-01 -8.1120e-01 -2.1509e+00 7.8944e-01
1.7627e+00 -2.0214e+00 4.7826e-02 3.6222e-03 -6.6247e-01 -1.3414e+00 2.6553e-01 -6.7775e+00 -4.7198e-01 5.7553e-01 3.1425e-01 -4.6866e-01 -3.0866e-01 -3.2832e+00 -2.3960e-01 -1.1760e+00 -5.1259e-01 2.1050e-01 -1.4627e-01 1.6091e-01 4.1775e-01 -1.0182e-01 1.5657e+01 1.3935e+00 -2.6753e-02 1.7487e-01 1.4710e-01 -2.2828e-02 -2.8049e+00 -1.2977e-01 1.0753e+01 -1.6441e-01 -1.4944e+00 4.1952e+01 -1.9716e-01 -4.9171e-01 -3.5426e+00 -9.5235e-01 3.2267e-01 -1.0015e+01 2.0359e+00 -9.4742e-01 -6.9462e-01 -7.8236e-01 3.8352e-01 4.6461e-01 -1.9720e-01 1.0877e-03 -2.3919e-01 -4.9326e-01 5.8890e-01 -9.1761e-02
1.1473e+00 -4.0064e-01 -9.6036e-01 5.9682e-02 -1.0228e+00 9.2873e-01 7.8587e-03 -2.7734e-01 -1.0955e+00 -1.2495e+00 1.1229e+00 -1.4710e-01 -1.1306e+00 -1.8990e-01 -1.3538e-01 -8.5614e-02 1.0883e+00 2.6315e-01 7.3822e-02 5.7937e-01 8.2601e-02 -3.0998e-01 1.1957e+00 -5.3148e-01 -9.9097e-02 -1.1008e-01 -1.2483e-03 -1.1348e-01 1.2932e+00 -4.0609e-02 -2.4991e-01 -8.5036e-02 -8.9027e-02 -1.9716e-01 9.1493e+00 -8.7409e-02 1.8730e-01 -4.2296e-02 -3.3563e-01 -1.8127e-01 8.2705e-02 -9.9313e-02 -2.8789e-02 2.2765e-01 -4.2455e-02 -4.8211e-02 8.4332e-02 2.5334e-01 3.4418e-01 -2.5010e-01 1.4149e-01 3.3673e-03
-1.3178e+00 -2.7241e+00 -9.2321e-01 -1.9730e-01 -1.2616e-01 5.9803e-01 -7.3607e-01 5.4490e-01 7.0835e-01 -2.8644e+00 -1.0309e+00 -1.9469e-01 6.2102e-01 -3.3004e-01 -4.3161e-02 -1.7916e-01 2.3435e-01 5.0779e-01 -3.7792e-02 -3.8537e-01 7.4634e-01 -1.6416e-01 1.4622e-01 -3.9578e-01 -1.0653e-01 -5.9827e-03 6.9493e-03 -1.0383e-01 6.1190e-01 -5.2280e-02 5.4742e-01 -7.0164e-02 -2.7719e-01 -4.9171e-01 -8.7409e-02 1.3626e+01 1.3513e-01 -4.6787e-01 -1.4913e-01 8.6607e-01 -4.7233e-02 3.8161e-01 -1.0373e-01 -1.6458e-01 -5.5776e-02 -1.3283e-02 -7.5407e-02 -2.6007e-01 3.7671e-01 -1.5023e-01 -1.7589e-02 -2.7919e-01
-2.1444e+00 4.3411e+00 -8.7478e-01 -7.5152e-02 4.8684e+00 3.1521e+00 1.2974e+01 1.6158e+01 1.7084e+00 8.4751e+00 7.1140e-01 -8.4479e-02 6.2215e-01 1.4709e-01 -4.1481e+00 2.7503e+01 -3.9145e+00 -1.0874e+00 -5.3287e-01 5.9452e-01 8.6938e-03 8.5067e+00 -1.6716e+00 7.1745e+00 4.3390e+00 2.1730e-01 -5.9530e-01 9.1494e-01 -1.7693e+00 -6.9818e-02 -9.7297e+00 6.0110e-01 -9.5890e-01 -3.5426e+00 1.8730e-01 1.3513e-01 6.6568e+01 -1.6258e+01 -9.5216e-02 2.9975e+00 -1.5389e-01 7.7696e-01 3.6958e-01 6.5679e-01 1.0605e-01 4.3785e-01 -8.7777e-01 -7.0139e+00 2.4875e+00 -1.1272e+01 -6.4284e-02 -2.0310e-02
-1.3377e+00 -5.9285e-01 -1.3083e+00 -7.2570e-02 1.3156e+00 -4.6769e+00 -1.1171e+01 3.4797e+00 1.8197e+00 -2.2895e+00 -3.0722e+00 -2.1353e-01 9.9075e-01 -6.2880e-01 2.6198e+00 -4.3122e-01 -2.3985e-01 -2.2720e-01 -2.2057e-01 -7.0861e-01 -4.7010e-01 -1.5079e+00 -1.5105e+00 5.1128e+00 -1.4835e+00 -4.4542e-01 -4.7820e-01 -3.4713e-01 5.8246e-01 -1.2784e-01 9.5014e-01 -1.7127e-01 -2.4279e+00 -9.5235e-01 -4.2296e-02 -4.6787e-01 -1.6258e+01 4.5925e+01 -3.7901e-01 -5.9298e+00 -6.4935e-01 -7.4644e-01 -5.7216e-01 -1.0842e-01 -2.3917e-01 -3.2081e-01 -2.2234e-01 1.1160e+00 -9.5569e-01 -1.5790e+00 4.2838e-03 -1.4031e-01
1.2840e+00 -9.8560e-01 4.3855e-02 -3.6558e-01 4.4237e-01 2.4596e+00 -3.5080e-01 8.4667e-01 2.7721e-01 -2.6231e-01 -1.7426e-01 3.5639e-02 3.6141e-01 -1.0568e+00 -9.8854e-02 -1.5207e-02 1.0551e+00 -9.5530e-01 -5.4242e-02 -2.2353e+00 -1.4816e-01 -1.6686e-01 7.9175e-01 -1.4280e+00 6.8832e-02 -7.0998e-01 -1.1672e-01 1.8532e-01 -2.8464e+00 -2.6842e-01 -1.6772e+00 -2.9231e-01 -5.7325e-01 3.2267e-01 -3.3563e-01 -1.4913e-01 -9.5216e-02 -3.7901e-01 3.1451e+01 4.1972e+00 -4.3175e-01 -7.6493e-01 -4.5344e-01 -5.6821e-01 -2.3320e-01 2.0112e-01 -6.8064e-01 -1.4213e-02 -9.1794e-02 -1.6821e-01 3.6622e-01 -3.1866e-01
1.0764e+01 -4.1540e+00 7.1719e+00 -1.3440e-01 -1.9297e+00 2.6088e+01 5.9406e+00 -8.9616e-01 9.0507e-02 2.6060e-01 8.2742e-01 9.5432e-02 -1.9945e+00 3.6453e+00 -1.0895e+00 1.9397e+00 -1.3374e+00 -1.0653e+00 -2.3913e-01 -9.3544e-01 2.2621e-01 -2.2683e+00 -9.6424e+00 -9.4571e+00 7.1631e-01 -5.4039e-01 -3.0359e-01 -4.6806e-01 -5.5641e-01 1.0669e-02 -9.4006e+00 -9.6316e-01 -4.8306e+00 -1.0015e+01 -1.8127e-01 8.6607e-01 2.9975e+00 -5.9298e+00 4.1972e+00 6.4191e+01 -4.2782e-01 -6.5109e+00 -7.2233e-04 -2.9668e+00 1.6156e-01 2.2580e-01 8.0965e-01 -1.0123e+00 7.3001e-01 -5.3701e-01 -2.8223e-01 -3.1344e-01
4.8288e-01 -1.0256e+00 1.9283e+00 2.9830e-02 -2.9016e+00 1.4658e-01 -7.0074e-01 -7.0353e-01 8.6442e-01 1.1630e+00 -1.4011e+00 -4.2544e-01 7.1602e-01 -6.2648e-02 -1.1145e-01 4.3693e-01 -3.6438e-01 -5.1892e-01 -8.7462e-02 7.2394e-01 -1.0931e-01 2.4865e+00 -6.7096e-01 -1.9779e+00 -1.6257e-01 2.8120e+00 -1.4452e-02 -1.3156e-01 -5.0240e-01 -9.8651e-02 -5.9246e-01 -1.4198e-01 -3.5789e-01 2.0359e+00 8.2705e-02 -4.7233e-02 -1.5389e-01 -6.4935e-01 -4.3175e-01 -4.2782e-01 1.5796e+01 -3.0764e-01 -8.5706e-02 -8.7798e-02 -5.4462e-02 7.6961e-01 1.4021e+00 -2.3597e-01 -2.4533e-01 -5.9690e-02 -2.0072e-01 -3.7788e-02
-1.1962e+00 5.2859e-01 1.1694e+00 -5.0998e-01 2.8473e+00 -4.4705e+00 5.8759e-01 -5.7813e-01 5.4873e-01 2.7831e-01 -8.2495e-01 -2.0292e-01 2.2316e+00 -6.2577e-01 -6.4941e-02 1.3211e-01 -2.4136e-01 -5.5940e-01 -8.7575e-02 -4.9087e-01 2.8077e-01 -2.3272e-01 -7.7225e-01 1.2868e+00 -2.6985e-01 3.6402e-02 2.1214e-01 7.4618e-01 -2.9878e-01 2.3176e-01 -9.2441e-01 -1.4560e-01 6.8123e-01 -9.4742e-01 -9.9313e-02 3.8161e-01 7.7696e-01 -7.4644e-01 -7.6493e-01 -6.5109e+00 -3.0764e-01 2.0215e+01 8.6948e-01 1.2304e+00 -1.1257e-01 -2.1686e-01 -3.3580e-01 -1.9646e-01 -5.2686e-02 -2.8074e-01 1.7524e+00 -6.8016e-01
-5.7806e-01 2.3585e-01 -7.4821e-01 -1.2972e-01 2.6057e-01 -2.5042e-01 3.7504e-01 -4.3320e-01 1.4220e-01 -6.1542e-01 8.7620e-01 -2.9091e-02 1.0826e-01 -5.8311e-01 -1.3525e-01 1.6179e-01 4.4821e-01 -2.5841e-01 -4.7677e-02 -1.2275e-01 2.5610e-01 -3.5451e-01 1.8949e-01 -3.4154e+00 -6.2871e-02 4.1841e-02 4.8371e-01 -6.4671e-02 -3.1656e-01 -7.2017e-03 -7.8386e-01 -3.8233e-02 -1.6127e-01 -6.9462e-01 -2.8789e-02 -1.0373e-01 3.6958e-01 -5.7216e-01 -4.5344e-01 -7.2233e-04 -8.5706e-02 8.6948e-01 1.0560e+01 2.3878e-01 -4.0505e-02 -1.1172e-01 -2.8379e-01 -2.3815e-01 -8.2573e-02 1.2300e-04 5.3845e-02 -1.5327e-01
-4.2438e-01 -1.0638e+00 1.8584e+00 -2.6173e-02 9.1137e-01 4.9001e-01 -1.3132e+00 5.6766e-02 7.8913e-01 -4.8214e-01 -7.1177e-01 -1.9039e-01 7.2539e-01 -6.4930e-02 9.9763e-03 4.5343e-01 -2.7753e-01 -2.6825e-01 -1.2166e-01 -1.0309e-01 -2.3057e-01 5.7629e-01 -5.2977e-01 -4.0512e-02 7.6663e-01 -7.0873e-02 -4.7858e-02 -3.2634e-02 1.4702e+00 -6.8025e-02 -1.0669e-01 -7.1066e-02 9.3762e-01 -7.8236e-01 2.2765e-01 -1.6458e-01 6.5679e-01 -1.0842e-01 -5.6821e-01 -2.9668e+00 -8.7798e-02 1.2304e+00 2.3878e-01 1.3734e+01 -2.9736e-02 -9.2361e-02 -2.8714e-02 -1.8648e-01 6.4338e-01 -1.1703e-01 1.1756e-01 -5.8103e-03
-2.5700e-01 -5.0173e-01 4.0720e-01 2.6701e-01 -4.6261e-01 -1.3190e-01 -1.4835e-02 -1.9777e-02 8.6372e-03 1.0035e-01 8.2782e-02 4.5252e-02 -1.6561e-01 -2.1393e-01 1.1888e-02 -7.0771e-02 -1.2179e-01 8.1345e-01 -3.6669e-02 2.1699e-01 1.6686e-02 -1.1341e-01 8.2265e-01 -3.8517e-01 -6.6953e-02 6.7605e-03 7.0617e-04 -6.6913e-02 6.6341e-02 -7.3813e-03 1.0488e+00 -5.7887e-02 1.6213e-01 3.8352e-01 -4.2455e-02 -5.5776e-02 1.0605e-01 -2.3917e-01 -2.3320e-01 1.6156e-01 -5.4462e-02 -1.1257e-01 -4.0505e-02 -2.9736e-02 6.5158e+00 -9.9683e-03 -8.3417e-02 9.5091e-02 2.1628e-01 -6.3127e-02 -2.0479e-01 2.2600e-01
-5.3658e-01 -2.2076e-01 -3.0677e-01 -5.7775e-03 -1.4734e-01 3.7027e-02 2.8662e-01 1.7652e-01 3.1166e-02 -2.5486e-02 -9.5384e-02 -2.0095e-02 -8.3188e-02 -3.1744e-01 -1.0415e-02 1.8789e-01 -1.0196e-01 -1.0233e-01 2.5690e-02 -7.2059e-02 -4.8477e-02 5.9547e-01 -3.8882e-01 5.0436e-01 -6.2548e-02 6.9381e-01 -3.1296e-02 -4.3024e-02 -1.5116e-01 -1.9462e-02 -3.0948e-01 -4.2601e-02 -1.3198e-01 4.6461e-01 -4.8211e-02 -1.3283e-02 4.3785e-01 -3.2081e-01 2.0112e-01 2.2580e-01 7.6961e-01 -2.1686e-01 -1.1172e-01 -9.2361e-02 -9.9683e-03 7.0347e+00 5.7735e-01 -9.3782e-02 -6.0272e-02 -1.4480e-01 -6.5622e-02 -5.0985e-03
-5.8665e-01 5.8453e-01 -1.3288e+00 2.7223e-02 4.0243e-01 1.7276e-01 -6.3567e-01 -1.0141e+00 -4.4696e-01 1.0662e-01 -4.2747e-01 2.0522e-02 3.8198e-01 3.3785e+00 1.0666e-02 9.8801e-02 -2.3765e-01 -3.7384e-01 -1.6550e-01 -5.8668e-01 -6.7084e-02 1.3972e+00 -6.5153e-01 -3.0599e+00 -2.7259e-01 9.8862e-01 -1.9100e-01 -1.5624e-01 -5.5837e-01 -4.0948e-02 6.3650e-01 -8.1668e-02 -4.7838e-01 -1.9720e-01 8.4332e-02 -7.5407e-02 -8.7777e-01 -2.2234e-01 -6.8064e-01 8.0965e-01 1.4021e+00 -3.3580e-01 -2.8379e-01 -2.8714e-02 -8.3417e-02 5.7735e-01 1.6006e+01 7.7698e-01 -2.2898e-01 -6.6255e-01 6.6156e-02 1.8307e-02
-2.0778e+00 3.4504e-01 2.9279e+00 8.9615e-03 -3.8133e+00 -2.2258e+00 -2.4889e+00 8.3497e-01 -1.6143e-01 -1.1419e+00 -2.6238e-01 -7.2919e-02 -5.0214e-01 -1.3731e-02 -9.7992e-02 -2.6210e+00 1.3158e+00 -6.5269e-01 -1.3527e-01 -1.0666e-01 -2.1094e-01 1.2484e+00 4.4262e+00 -4.3524e+00 -3.7995e-01 -2.1861e-01 -1.3871e-01 8.5531e-02 -3.7680e-01 1.1719e-02 1.0861e+01 -1.6827e-01 -1.2583e+00 1.0877e-03 2.5334e-01 -2.6007e-01 -7.0139e+00 1.1160e+00 -1.4213e-02 -1.0123e+00 -2.3597e-01 -1.9646e-01 -2.3815e-01 -1.8648e-01 9.5091e-02 -9.3782e-02 7.7698e-01 2.1461e+01 -2.3949e-01 -5.6931e-01 5.8618e-02 -2.8252e-02
2.9331e-02 -6.9505e-01 -5.9286e-01 -1.3057e-01 -2.5972e-01 -3.0420e-01 1.3914e+00 -2.6025e-03 -9.1154e-01 -1.4766e+00 2.2115e+00 -8.8067e-02 -1.4842e+00 -6.9192e-02 -2.5297e-01 -8.3209e-01 -6.6671e-01 2.7142e+00 -1.0844e-01 -4.5481e-01 -1.7317e-01 -3.9933e-01 -1.5390e-01 -7.0358e-01 1.9539e+00 -1.8609e-01 -5.3271e-02 4.7283e-02 -2.1176e-01 4.7148e-02 4.8155e-01 -1.6196e-01 -5.0426e-01 -2.3919e-01 3.4418e-01 3.7671e-01 2.4875e+00 -9.5569e-01 -9.1794e-02 7.3001e-01 -2.4533e-01 -5.2686e-02 -8.2573e-02 6.4338e-01 2.1628e-01 -6.0272e-02 -2.2898e-01 -2.3949e-01 1.3218e+01 -3.6768e-01 -4.7779e-01 -9.2387e-03
-2.0793e+00 1.3639e+00 6.3391e+00 -5.8586e-02 -4.7703e+00 -4.2585e-01 -1.3821e+00 1.7622e+00 4.2788e-01 2.2975e-01 -6.2507e-01 -1.2855e-01 4.1463e-01 -1.6018e-01 4.5463e-01 -1.5858e+00 -6.9045e-01 -3.6551e-01 1.6156e-01 -8.1412e-01 -2.9144e-01 -1.6823e+00 2.9669e-01 -4.6223e+00 -5.4001e-01 -5.9181e-02 -2.3319e-01 -3.7740e-01 2.6287e-01 -3.6006e-02 7.6573e+00 -3.0507e-01 -8.1120e-01 -4.9326e-01 -2.5010e-01 -1.5023e-01 -1.1272e+01 -1.5790e+00 -1.6821e-01 -5.3701e-01 -5.9690e-02 -2.8074e-01 1.2300e-04 -1.1703e-01 -6.3127e-02 -1.4480e-01 -6.6255e-01 -5.6931e-01 -3.6768e-01 2.2419e+01 6.2671e-02 -1.0095e-01
-3.7081e-01 -9.4930e-01 -8.8646e-01 3.7364e+00 3.0957e+00 -3.4254e+00 -4.9584e-01 -1.6359e+00 7.4224e+00 -2.9367e-01 5.0894e+00 2.6977e-01 1.8050e+01 5.2439e-01 -2.3121e-01 -7.0254e-02 2.7146e-02 -2.1103e+00 1.6673e-01 9.5128e-02 -6.0068e-02 -7.2702e-01 7.6916e-01 -4.9567e-01 -4.4124e-01 7.2915e-02 -3.2792e-02 -2.9349e-01 1.1064e-01 3.0233e-02 -5.8003e+00 3.1180e-01 -2.1509e+00 5.8890e-01 1.4149e-01 -1.7589e-02 -6.4284e-02 4.2838e-03 3.6622e-01 -2.8223e-01 -2.0072e-01 1.7524e+00 5.3845e-02 1.1756e-01 -2.0479e-01 -6.5622e-02 6.6156e-02 5.8618e-02 -4.7779e-01 6.2671e-02 2.3279e+01 1.0419e+00
-1.3156e+00 6.5399e-01 -1.3940e+00 1.3236e+01 -1.4341e+00 -2.7729e+00 -2.1760e-01 1.6305e-01 1.1948e+00 -5.9517e-02 -4.2502e-01 4.3776e-02 1.2103e+00 -1.9017e-02 -4.1410e-02 -1.1343e-01 -5.4597e-01 -6.3594e-01 2.7467e-02 1.8623e-01 -1.8221e-01 -7.5760e-01 2.1608e-01 -7.9022e-03 3.6019e+00 1.0162e-03 -6.5787e-02 -1.1055e-01 1.9325e-01 -1.3698e-02 2.4377e-01 2.3925e-02 7.8944e-01 -9.1761e-02 3.3673e-03 -2.7919e-01 -2.0310e-02 -1.4031e-01 -3.1866e-01 -3.1344e-01 -3.7788e-02 -6.8016e-01 -1.5327e-01 -5.8103e-03 2.2600e-01 -5.0985e-03 1.8307e-02 -2.8252e-02 -9.2387e-03 -1.0095e-01 1.0419e+00 1.7546e+01
