7.7772e+01 5.5000e+00 -1.4131e+01 -4.1562e+01 -6.1597e+00 4.7830e+01 -3.3611e+00 9.4418e-01 1.3658e+01 -1.3405e-03 3.1636e+00 1.0956e+01 -2.9600e+00 3.8366e-01 2.7048e+00 8.0834e-02 5.6293e-01 -1.9985e+00 5.7518e-01 -3.4507e+00 1.6997e+01 2.6242e+01 2.2088e+00 -4.3359e-01 1.5791e+00 -1.8326e-02 -1.0810e+01 3.6892e+00 -7.1000e-01 -1.1445e-01 1.0508e+01 2.0840e+01 1.6047e+00 7.3333e+00 1.7285e+00 1.3904e-01 6.6994e+00 5.5257e+00 -1.5260e+01 -1.5233e-01 -1.3950e+01 -2.2215e-01 1.0435e+00 1.6591e-01 3.1367e+00 8.4618e-01 -3.4543e-01 1.5408e-01 5.6839e-01 -6.0052e-01 -3.9550e+00 -4.3369e+00
5.5000e+00 6.1081e+01 2.2340e+00 1.1453e+01 -4.9270e+00 5.0198e+00 -6.4353e+00 -4.1084e+00 -2.9680e+00 -5.6402e+00 4.5841e-01 4.6372e+00 -8.8978e+00 -1.7957e-01 7.8869e-01 7.8095e-01 -2.7266e-02 8.2784e-01 -3.0382e+00 -7.1228e+00 -3.4843e+00 1.0635e+00 2.3422e-01 2.3196e+00 4.4031e-01 3.6759e-01 4.4606e+00 -8.9857e+00 4.2210e-01 -5.3878e-02 -1.0574e+00 6.9306e-01 1.1559e+00 -4.1454e+00 -3.7986e-01 2.5084e-01 -3.2521e+00 -3.3411e+00 3.3437e+00 2.0924e-01 8.4114e+00 2.0594e-01 1.4107e+00 8.0259e-02 -4.5732e-01 -3.7114e-02 9.0230e-01 -5.9424e-02 2.2329e-01 3.4846e-01 -1.3676e-02 6.9130e-01
-1.4131e+01 2.2340e+00 1.0431e+02 1.2699e+01 -4.2772e+01 -1.5158e+01 -2.0351e+00 -5.4203e+00 -3.2158e+01 3.7313e+01 -1.7642e+01 2.5113e+01 -3.0526e+00 -1.5670e+00 -1.2967e+00 2.7022e+01 -9.5345e-01 -7.5738e+00 8.1112e+00 -7.8938e+00 -5.6493e+01 -2.5692e+01 -9.1096e+00 -5.7193e+00 5.0606e-01 -6.9759e+00 -3.2885e+00 2.5179e+00 3.5879e+00 1.3448e+00 -1.0005e+00 -2.1877e+01 -8.5597e+00 6.5099e+00 -1.8744e+00 1.8906e+00 -1.5391e+00 4.7376e+00 1.0905e+01 7.4234e-01 1.0314e-02 -2.2688e-01 -4.2756e+00 -3.9727e-01 -3.4539e+00 -1.0199e+00 5.7905e-02 -2.9641e-01 -3.0365e+00 1.9699e-01 -8.1149e-01 4.3799e-02
-4.1562e+01 1.1453e+01 1.2699e+01 8.5599e+01 5.0297e+00 -4.0080e+01 5.2457e+00 -2.5392e+00 -1.5083e+01 2.6776e-01 -2.4562e+00 -1.3900e+01 -1.1593e-01 -8.1501e-01 -9.4067e+00 -3.1295e-01 -8.4359e-01 1.7805e+00 8.2952e-01 6.7959e-01 -1.9261e+01 -2.2929e+01 -2.4510e+00 -1.3434e+00 -1.8630e+00 6.6113e-01 1.9172e+01 -4.0350e+00 -6.6010e+00 -1.2602e+00 -7.7039e+00 -2.0721e+01 -1.7815e+00 -1.1429e+01 -1.9996e+00 1.9884e-02 -9.6083e+00 -9.4079e+00 1.4784e+01 -2.1622e+00 1.6234e+01 3.1495e-01 -2.0988e-01 -1.4052e-01 -3.4164e+00 -1.8394e-01 7.4897e-01 -3.0859e-01 -1.0576e+00 -1.1491e+00 6.1297e+00 9.0007e-01
-6.1597e+00 -4.9270e+00 -4.2772e+01 5.0297e+00 1.6870e+02 -9.6255e+00 -1.1622e+01 -4.2323e+00 1.1682e+01 -4.3850e+01 1.0505e+01 -4.8823e+00 -1.9222e+00 1.2271e+00 -7.8018e+00 -1.5022e+01 -1.7559e+00 1.6755e+01 -1.9587e+01 8.5312e+00 1.3133e+01 -1.6093e+01 6.3197e+00 8.7166e+00 1.2262e+00 9.3589e+00 -9.6669e+00 -1.1512e+01 -7.9922e+00 -6.5441e+00 1.3180e+01 -2.9634e+00 2.1887e+01 1.3359e+00 -4.9647e-01 -2.3105e+00 2.2832e+00 1.1112e+00 2.8542e+00 -4.0698e+00 -7.0022e+00 -2.3071e-01 1.3837e+00 -4.3032e-01 -1.2382e+00 -4.6371e+00 -1.5281e-01 1.3297e-01 -3.7538e+00 -9.9555e-01 -3.2175e+00 -8.6334e+00
4.7830e+01 5.0198e+00 -1.5158e+01 -4.0080e+01 -9.6255e+00 5.9374e+01 -9.5154e-01 8.7199e-01 1.5331e+01 -1.0964e-01 2.5682e+00 5.9758e+00 -2.7624e+00 2.9456e-01 1.0541e+00 1.4071e-01 4.7038e-01 -1.4777e+00 -7.0951e-01 -3.2584e+00 1.7620e+01 2.6264e+01 4.4429e+00 -3.3223e-01 1.2463e+00 -9.8299e-01 -1.1861e+01 4.8730e+00 -1.5689e+00 6.1358e-02 1.2214e+01 2.0781e+01 1.3456e+00 8.5576e+00 1.8293e+00 -1.4140e-01 7.9755e+00 7.8399e+00 -1.4964e+01 -1.7175e-01 -1.3457e+01 -1.4549e-01 7.6721e-01 3.0368e-01 3.1919e+00 4.2538e-01 -6.4753e-01 2.1019e-01 3.6852e-01 -6.6357e-01 -3.6207e+00 -1.4097e+00
-3.3611e+00 -6.4353e+00 -2.0351e+00 5.2457e+00 -1.1622e+01 -9.5154e-01 8.6599e+01 -1.0062e+01 -1.4286e+00 -1.3285e+01 1.0537e+00 -6.2282e+00 -8.3074e-01 2.7796e-01 2.9525e+01 1.1716e+00 4.6296e-01 -2.6857e+00 6.5258e+00 -4.5213e+00 1.5276e+00 2.7069e+00 3.4936e+00 -6.3447e+00 -1.8809e+00 6.2044e-01 4.6516e-01 1.4270e+01 -3.1609e+00 -1.7344e+00 6.4865e+00 2.2442e+00 -6.0084e+00 -4.5406e-02 -1.1142e-02 -9.8035e-01 2.2866e+00 -1.3013e+00 1.0401e+00 5.3781e-02 3.7748e+00 1.3128e-01 -2.9754e+00 2.2515e-01 1.1147e-01 -2.0855e+00 1.8069e+00 -1.7275e-02 7.6960e-01 -4.5855e-02 -8.6048e-01 2.5784e+00
9.4418e-01 -4.1084e+00 -5.4203e+00 -2.5392e+00 -4.2323e+00 8.7199e-01 -1.0062e+01 3.6343e+01 -1.2250e+00 -1.3170e+00 2.3547e+00 1.9198e+00 4.5402e+00 -2.0259e-01 4.0208e+00 -1.2113e+00 1.3613e+00 1.6439e-01 -1.0542e-01 1.9611e+00 -1.1189e+00 4.7266e+00 -5.2642e-01 2.2851e+00 -1.1465e+00 -1.4888e+00 -1.0809e+00 5.0285e-01 -1.3995e+00 2.2569e+00 -2.4387e+00 9.7177e-01 -1.8933e+00 1.5843e+00 -4.3969e-01 -9.2262e-02 1.7192e-01 -2.2553e+00 -2.8406e+00 -4.3838e-01 -1.1886e+00 -1.8541e-01 3.1493e+00 -1.7238e-01 4.7858e+00 -5.9226e-01 4.7946e-01 -1.7249e-01 3.5919e+00 -1.7471e-01 -2.3516e-01 3.1911e-01
1.3658e+01 -2.9680e+00 -3.2158e+01 -1.5083e+01 1.1682e+01 1.5331e+01 -1.4286e+00 -1.2250e+00 7.6567e+01 7.2860e-01 5.0186e+00 -3.6892e+01 -2.2415e+00 5.2799e-01 1.9686e+00 -2.5652e+01 1.5336e+00 9.1791e-01 1.9372e+01 -1.5685e-01 4.6360e+01 3.7718e+01 -7.3114e-01 -1.5834e+00 -7.9970e-02 5.6769e-01 8.5076e+00 7.7930e+00 5.3669e-01 -3.2817e+00 -9.1951e+00 1.5333e+01 1.3436e+00 -9.5703e+00 3.1467e+00 4.5006e-01 -5.9227e+00 -6.9851e+00 -4.3988e+00 -7.7244e-01 5.7282e+00 -4.6043e-02 1.3288e+00 -5.5586e-01 8.3880e-01 1.9593e+00 2.8836e-01 -7.7132e-02 1.3101e-01 1.2542e-01 -1.1847e+00 -1.1241e+00
-1.3405e-03 -5.6402e+00 3.7313e+01 2.6776e-01 -4.3850e+01 -1.0964e-01 -1.3285e+01 -1.3170e+00 7.2860e-01 9.0919e+01 -1.3620e+01 8.5897e+00 -1.2218e+00 -9.6776e-01 -9.4835e+00 7.6739e+00 -6.3988e-01 -1.6842e+01 3.1075e+01 -1.0007e+01 -2.7398e+01 8.6315e+00 -8.9308e+00 -1.5347e+01 -2.9902e-01 -6.5067e+00 -4.4822e+00 2.1894e+01 1.3003e+01 -6.4650e-01 -1.2460e+01 -4.7349e+00 -1.8779e+01 5.6035e+00 -5.1404e-02 -2.5787e+00 1.9128e-01 -1.1556e+00 -6.8620e+00 9.7677e-01 1.8753e+00 -2.7104e-01 -4.3624e+00 -2.3769e-01 -8.3892e-02 1.3604e+00 -2.1670e+00 1.5755e-01 -1.1475e+00 -3.0523e-01 -1.5732e-01 1.6759e-01
3.1636e+00 4.5841e-01 -1.7642e+01 -2.4562e+00 1.0505e+01 2.5682e+00 1.0537e+00 2.3547e+00 5.0186e+00 -1.3620e+01 4.4129e+01 -7.1883e+00 -5.4458e-01 -3.1408e-01 -2.5515e+00 -5.1862e+00 -8.0286e-01 -4.4215e+00 -1.9529e+01 -3.0661e+00 1.9861e+01 8.0711e+00 1.6951e+01 -1.8966e+00 1.1819e+00 1.3499e+01 3.5737e+00 -6.3671e+00 7.2250e+00 5.1949e+00 -1.1147e+01 8.9937e+00 -5.4289e+00 -1.3338e+01 3.4538e+00 -6.0269e-01 -3.4169e+00 -4.4467e+00 2.3557e+00 -2.2882e-01 3.6813e+00 -5.3491e-02 5.1832e+00 4.0637e-01 6.0412e+00 -6.4413e-01 -7.9441e-01 3.1011e-01 3.3561e+00 -2.0915e-01 3.2492e-01 -2.0201e-01
1.0956e+01 4.6372e+00 2.5113e+01 -1.3900e+01 -4.8823e+00 5.9758e+00 -6.2282e+00 1.9198e+00 -3.6892e+01 8.5897e+00 -7.1883e+00 1.0337e+02 -4.7016e-01 -8.3372e-01 -4.5843e+00 4.1235e+01 -7.3926e-01 -5.4173e+00 -3.3123e+01 -5.2906e+00 -3.1325e+01 -3.8557e+01 -2.6986e+00 -3.3397e+00 -1.1980e+00 -2.9423e+00 -2.4071e+01 -1.2711e+01 -3.4176e+00 1.5914e+01 2.5975e+01 -7.4694e+00 -4.5457e+00 2.4115e+01 -1.3411e+00 -2.9289e-01 2.3244e+01 2.1188e+01 -8.0707e+00 4.3198e-01 -2.5920e+01 -2.8977e-01 -2.4344e+00 2.5809e-01 -2.1835e+00 3.8332e-01 -5.0594e-01 -2.0567e-01 -4.4729e-02 -7.3114e-01 -1.9758e-01 -4.2374e+00
-2.9600e+00 -8.8978e+00 -3.0526e+00 -1.1593e-01 -1.9222e+00 -2.7624e+00 -8.3074e-01 4.5402e+00 -2.2415e+00 -1.2218e+00 -5.4458e-01 -4.7016e-01 2.3297e+01 -9.2555e-02 -4.5668e-01 -1.0895e+00 -2.1015e-01 -7.6086e-01 -2.8008e+00 1.1272e+01 9.3963e-01 -4.8619e+00 -1.3895e+00 -1.0043e+00 -2.2198e-01 -4.4514e-01 -7.0800e+00 -1.5800e+00 -1.3531e+00 -7.1552e-01 4.0702e-01 5.8575e-01 1.7795e+00 6.8331e+00 9.2042e-02 -1.6776e-01 5.0154e+00 -1.9328e+00 -8.8012e-01 -9.7782e-02 -6.8069e+00 -1.2851e-01 -6.3147e-01 -7.8307e-02 1.6356e-01 1.0340e-02 -2.2336e-01 -1.2703e-01 -2.3103e-01 1.5976e+00 6.8814e-01 1.4392e+00
3.8366e-01 -1.7957e-01 -1.5670e+00 -8.1501e-01 1.2271e+00 2.9456e-01 2.7796e-01 -2.0259e-01 5.2799e-01 -9.6776e-01 -3.1408e-01 -8.3372e-01 -9.2555e-02 8.8472e+00 1.7294e-01 -3.6156e-01 -7.4013e-02 2.4148e+00 -1.6730e+00 -4.9776e-01 -2.9990e-01 1.1952e+00 -2.5796e-01 1.9682e+00 -1.0272e-01 -3.7598e-01 2.3177e-01 7.0362e-01 -8.3006e-01 -1.1410e-01 6.0756e-01 9.2079e-01 -3.0145e-01 -3.0084e-02 -4.6585e-02 -1.4015e-01 -4.7539e-01 -3.4564e-01 1.6422e+00 8.0895e-02 4.2061e-01 -2.5961e-02 -2.8378e-02 -3.2088e-02 -1.5539e-01 2.0130e-01 -9.8645e-02 -1.9419e-02 5.2110e-02 1.2355e-01 8.3403e-03 1.1316e-01
2.7048e+00 7.8869e-01 -1.2967e+00 -9.4067e+00 -7.8018e+00 1.0541e+00 2.9525e+01 4.0208e+00 1.9686e+00 -9.4835e+00 -2.5515e+00 -4.5843e+00 -4.5668e-01 1.7294e-01 6.6712e+01 -2.4430e+00 -4.8032e-01 -3.8953e+00 9.2772e+00 -2.7669e+00 1.0057e+00 6.2300e+00 -4.2841e+00 -3.8709e+00 -1.7349e+00 -5.3370e+00 5.5005e+00 3.1780e+00 -9.4708e-02 -2.9972e+00 3.5092e+00 6.2328e-01 -4.9505e+00 4.2109e+00 1.5709e+00 -4.4775e-01 -2.9493e+00 -2.2003e+00 3.4348e+00 6.3803e+00 1.5609e+00 -2.3099e-02 -3.1920e+00 -1.6079e-01 2.0423e-03 -2.6402e+00 1.5362e+00 1.6442e-01 2.0335e-01 -6.1675e-02 -1.4194e-01 2.4386e-01
8.0834e-02 7.8095e-01 2.7022e+01 -3.1295e-01 -1.5022e+01 1.4071e-01 1.1716e+00 -1.2113e+00 -2.5652e+01 7.6739e+00 -5.1862e+00 4.1235e+01 -1.0895e+00 -3.6156e-01 -2.4430e+00 5.3209e+01 -1.5877e+00 -5.2805e+00 -2.4298e+01 -3.0151e+00 -2.3625e+01 -2.9670e+01 -2.1704e-01 -8.2794e-01 -3.0662e-01 -1.8177e+00 -5.8865e+00 -2.3504e+01 -5.6603e+00 1.8832e+01 1.2314e+01 -8.3395e+00 -5.5636e+00 2.8711e+00 -5.8908e-01 -8.4191e-01 2.7843e+00 2.5469e+00 -1.5888e+00 8.9211e-01 -2.7745e+00 -9.2574e-02 -8.6211e-01 1.4640e-01 -7.2341e-01 -2.2599e+00 -1.1832e+00 3.4714e-02 7.1263e-01 1.2745e-01 1.2317e-01 1.8335e-01
5.6293e-01 -2.7266e-02 -9.5345e-01 -8.4359e-01 -1.7559e+00 4.7038e-01 4.6296e-01 1.3613e+00 1.5336e+00 -6.3988e-01 -8.0286e-01 -7.3926e-01 -2.1015e-01 -7.4013e-02 -4.8032e-01 -1.5877e+00 1.4317e+01 1.0414e+00 -1.8797e+00 -6.0850e-01 2.1442e+00 1.1109e+00 -5.1713e-01 -6.9005e-01 1.8854e-01 -4.4412e-01 2.2407e+00 -2.0457e+00 -1.0579e+00 -7.6386e-01 -2.7481e+00 4.8318e+00 5.3223e-01 -2.3978e+00 -3.4667e-01 1.3993e+00 -2.9425e+00 -3.2599e+00 -1.2393e+00 1.2991e-01 2.6850e+00 -1.6198e-02 5.1230e-01 -4.1337e-03 -5.6438e-01 -4.3849e-01 -2.0160e-01 -9.4699e-02 -2.1050e-01 6.7727e-01 -2.2751e-01 -2.7926e-01
-1.9985e+00 8.2784e-01 -7.5738e+00 1.7805e+00 1.6755e+01 -1.4777e+00 -2.6857e+00 1.6439e-01 9.1791e-01 -1.6842e+01 -4.4215e+00 -5.4173e+00 -7.6086e-01 2.4148e+00 -3.8953e+00 -5.2805e+00 1.0414e+00 5.0949e+01 -2.3640e+01 -4.0885e-01 -1.6815e+01 -3.0294e+01 -4.5265e+00 2.3027e-01 9.3869e-01 -1.4428e+00 -2.1767e+00 -1.9293e+01 -9.3260e+00 -4.2764e+00 1.0342e+01 -4.6104e+00 2.7133e+01 2.1824e+00 -2.9964e-01 4.4417e+00 3.5800e-01 9.6693e-01 1.4543e+00 -6.9797e-01 -7.6632e-01 -1.2449e-01 1.2049e+00 2.6318e-02 -2.2773e-01 -1.3503e+00 3.0122e-01 -7.8324e-02 -9.5394e-01 -2.0195e-01 -2.0968e-01 2.8010e-01
5.7518e-01 -3.0382e+00 8.1112e+00 8.2952e-01 -1.9587e+01 -7.0951e-01 6.5258e+00 -1.0542e-01 1.9372e+01 3.1075e+01 -1.9529e+01 -3.3123e+01 -2.8008e+00 -1.6730e+00 9.2772e+00 -2.4298e+01 -1.8797e+00 -2.3640e+01 1.1777e+02 1.1250e+01 1.4692e+01 4.9822e+01 -1.2920e+01 4.5870e+00 -9.9675e-01 -9.3764e+00 -4.6245e+00 5.1379e+01 7.5009e+00 -1.7116e+01 -9.1046e-01 -1.6408e+01 -2.0088e+01 1.2512e+01 -5.3970e-01 -3.2136e+00 2.6993e+00 3.0706e+00 -2.3110e-01 2.5731e-01 -1.5782e+00 5.5714e-02 -4.5301e+00 -5.1313e-01 -2.4326e+00 -1.5629e-01 2.0788e+00 7.9446e-02 -3.0201e+00 -2.8427e-01 -9.9485e-02 -2.5108e-01
-3.4507e+00 -7.1228e+00 -7.8938e+00 6.7959e-01 8.5312e+00 -3.2584e+00 -4.5213e+00 1.9611e+00 -1.5685e-01 -1.0007e+01 -3.0661e+00 -5.2906e+00 1.1272e+01 -4.9776e-01 -2.7669e+00 -3.0151e+00 -6.0850e-01 -4.0885e-01 1.1250e+01 4.9966e+01 1.7171e+01 2.6342e+00 -4.3209e+00 1.6649e+01 -7.4362e-03 -9.7074e-01 -5.8624e+00 8.0181e-01 -2.8277e+00 -3.3806e+00 1.2746e+00 -2.3268e+00 -5.5194e-01 5.1584e+00 -5.6382e-01 -6.1333e-01 3.1076e+00 -2.3061e+00 2.2249e+00 -8.0348e-02 -4.0625e+00 -7.4244e-02 -1.0111e+00 -2.0199e-01 -4.2374e-01 -5.4624e-01 -5.7320e-01 -2.2971e-01 -6.8145e-01 1.2716e+00 1.2874e-01 1.7397e+00
1.6997e+01 -3.4843e+00 -5.6493e+01 -1.9261e+01 1.3133e+01 1.7620e+01 1.5276e+00 -1.1189e+00 4.6360e+01 -2.7398e+01 1.9861e+01 -3.1325e+01 9.3963e-01 -2.9990e-01 1.0057e+00 -2.3625e+01 2.1442e+00 -1.6815e+01 1.4692e+01 1.7171e+01 1.2178e+02 6.6607e+01 1.2998e+01 1.1076e+01 -5.8327e-01 9.3116e+00 8.8565e+00 5.1499e+00 -4.2524e-01 -2.2430e+00 -1.0020e+01 3.0965e+01 -1.1352e+01 -1.7451e+01 2.9854e+00 -1.0363e+00 -4.2604e+00 -1.1038e+01 -5.9646e+00 -5.3616e-01 4.9586e+00 1.2046e-01 6.9570e+00 -3.3820e-01 8.2558e-01 3.1133e+00 -1.4782e+00 6.9035e-02 -5.2432e-01 8.1797e-01 6.0807e-01 -1.8620e-01
2.6242e+01 1.0635e+00 -2.5692e+01 -2.2929e+01 -1.6093e+01 2.6264e+01 2.7069e+00 4.7266e+00 3.7718e+01 8.6315e+00 8.0711e+00 -3.8557e+01 -4.8619e+00 1.1952e+00 6.2300e+00 -2.9670e+01 1.1109e+00 -3.0294e+01 4.9822e+01 2.6342e+00 6.6607e+01 1.2257e+02 6.9667e+00 8.4353e+00 2.7873e-01 1.5757e+00 1.6017e+01 4.9252e+01 1.3070e+01 -7.1931e+00 -2.3561e+01 3.8432e+01 -3.2977e+01 -9.2745e+00 -2.7875e+00 -3.8402e+00 -8.8902e+00 -1.0741e+01 -1.4020e+01 -5.4346e-01 7.7892e+00 5.7617e-02 3.2351e+00 2.5381e-01 2.0289e+00 4.0526e+00 -4.7546e-01 -5.2078e-02 8.3268e-01 9.6743e-01 1.0027e+00 1.3800e-01
2.2088e+00 2.3422e-01 -9.1096e+00 -2.4510e+00 6.3197e+00 4.4429e+00 3.4936e+00 -5.2642e-01 -7.3114e-01 -8.9308e+00 1.6951e+01 -2.6986e+00 -1.3895e+00 -2.5796e-01 -4.2841e+00 -2.1704e-01 -5.1713e-01 -4.5265e+00 -1.2920e+01 -4.3209e+00 1.2998e+01 6.9667e+00 4.8245e+01 -1.6018e+00 5.6751e+00 1.9512e+01 -6.2654e+00 -2.8473e+00 1.2945e+01 1.4952e+00 -1.1516e+01 1.4839e+01 -4.3914e+00 -1.6065e+01 2.2313e-01 -8.2011e-01 3.9279e+00 5.5296e-01 -1.2789e+00 -8.4795e-01 5.6735e-01 -2.2192e-02 7.7107e+00 -1.3446e-01 2.1026e-01 -2.0786e-01 -7.8751e-01 -9.8319e-02 -4.3482e-01 -8.1620e-01 -1.9420e+00 7.5850e-01
-4.3359e-01 2.3196e+00 -5.7193e+00 -1.3434e+00 8.7166e+00 -3.3223e-01 -6.3447e+00 2.2851e+00 -1.5834e+00 -1.5347e+01 -1.8966e+00 -3.3397e+00 -1.0043e+00 1.9682e+00 -3.8709e+00 -8.2794e-01 -6.9005e-01 2.3027e-01 4.5870e+00 1.6649e+01 1.1076e+01 8.4353e+00 -1.6018e+00 5.0186e+01 -7.7702e-01 -3.4872e+00 -1.5737e+00 6.2585e+00 -9.1305e+00 4.7188e+00 1.0115e+01 -3.6744e+00 1.6202e+00 2.7148e+00 2.8358e-01 -1.0923e+00 -1.2977e+00 1.4272e+00 8.1922e+00 -5.4452e-01 -1.5006e+00 1.0926e-01 -2.5273e+00 -3.0365e-01 -2.3819e-01 -8.3978e-02 -7.8735e-01 -9.3353e-02 3.3567e+00 4.3569e-01 -6.4624e-01 1.2446e-01
1.5791e+00 4.4031e-01 5.0606e-01 -1.8630e+00 1.2262e+00 1.2463e+00 -1.8809e+00 -1.1465e+00 -7.9970e-02 -2.9902e-01 1.1819e+00 -1.1980e+00 -2.2198e-01 -1.0272e-01 -1.7349e+00 -3.0662e-01 1.8854e-01 9.3869e-01 -9.9675e-01 -7.4362e-03 -5.8327e-01 2.7873e-01 5.6751e+00 -7.7702e-01 1.5357e+01 5.8579e+00 6.4438e-01 -6.4812e+00 2.8345e+00 -2.8203e-01 -3.4392e+00 8.6862e+00 9.9332e-01 -5.8732e+00 1.8018e+00 1.5333e+00 -7.7908e-01 -6.3591e-01 -3.9983e-01 -7.3580e-01 5.4866e-01 1.8457e-02 -1.3493e-01 4.1793e-01 -8.5818e-02 1.9508e-01 -1.2081e-01 1.2086e-02 9.0284e-01 -3.0181e-02 1.2167e-01 -1.1283e-01
-1.8326e-02 3.6759e-01 -6.9759e+00 6.6113e-01 9.3589e+00 -9.8299e-01 6.2044e-01 -1.4888e+00 5.6769e-01 -6.5067e+00 1.3499e+01 -2.9423e+00 -4.4514e-01 -3.7598e-01 -5.3370e+00 -1.8177e+00 -4.4412e-01 -1.4428e+00 -9.3764e+00 -9.7074e-01 9.3116e+00 1.5757e+00 1.9512e+01 -3.4872e+00 5.8579e+00 3.0840e+01 7.9005e-01 -1.5205e+01 1.5367e+01 -1.6157e+00 -1.5626e+01 1.7183e+01 -2.6244e+00 -1.8753e+01 9.1195e-01 -4.3307e-01 -9.5347e-01 -5.3155e-01 4.1651e-01 -1.1597e+00 3.8082e-01 -6.0782e-02 7.6185e+00 3.3102e-02 -2.4552e-01 -1.8702e-01 3.7869e-01 -6.0415e-02 -5.5809e-01 -1.5386e-01 -1.0526e-01 1.3083e-01
-1.0810e+01 4.4606e+00 -3.2885e+00 1.9172e+01 -9.6669e+00 -1.1861e+01 4.6516e-01 -1.0809e+00 8.5076e+00 -4.4822e+00 3.5737e+00 -2.4071e+01 -7.0800e+00 2.3177e-01 5.5005e+00 -5.8865e+00 2.2407e+00 -2.1767e+00 -4.6245e+00 -5.8624e+00 8.8565e+00 1.6017e+01 -6.2654e+00 -1.5737e+00 6.4438e-01 7.9005e-01 8.7992e+01 -2.3361e+01 7.1671e-01 1.6335e-01 -4.9790e+01 2.5871e+01 -4.8758e+00 -5.1768e+01 3.5834e+00 6.3752e-01 -4.7171e+01 -4.0861e+01 1.2241e+01 -1.9935e-01 4.7970e+01 3.2127e-01 -4.9143e-01 -2.8191e-01 4.9952e+00 5.3011e+00 2.5996e+00 3.3020e-01 1.4834e-01 -5.6933e-01 1.5858e+01 8.4214e-01
3.6892e+00 -8.9857e+00 2.5179e+00 -4.0350e+00 -1.1512e+01 4.8730e+00 1.4270e+01 5.0285e-01 7.7930e+00 2.1894e+01 -6.3671e+00 -1.2711e+01 -1.5800e+00 7.0362e-01 3.1780e+00 -2.3504e+01 -2.0457e+00 -1.9293e+01 5.1379e+01 8.0181e-01 5.1499e+00 4.9252e+01 -2.8473e+00 6.2585e+00 -6.4812e+00 -1.5205e+01 -2.3361e+01 1.3621e+02 3.7676e+00 -3.6433e+00 1.6152e+01 -1.9495e+01 -3.0995e+01 3.1607e+01 -2.0399e+00 -4.0725e+00 1.7059e+01 8.7092e+00 -2.4431e+00 8.3875e-01 -8.6013e+00 1.9483e-01 -4.9204e+00 6.1766e-02 -2.2437e+00 -7.9661e-01 1.3135e+00 2.3164e-01 -2.3253e-01 -1.1370e+00 -1.6455e+00 4.3792e-01
-7.1000e-01 4.2210e-01 3.5879e+00 -6.6010e+00 -7.9922e+00 -1.5689e+00 -3.1609e+00 -1.3995e+00 5.3669e-01 1.3003e+01 7.2250e+00 -3.4176e+00 -1.3531e+00 -8.3006e-01 -9.4708e-02 -5.6603e+00 -1.0579e+00 -9.3260e+00 7.5009e+00 -2.8277e+00 -4.2524e-01 1.3070e+01 1.2945e+01 -9.1305e+00 2.8345e+00 1.5367e+01 7.1671e-01 3.7676e+00 9.5697e+01 -6.4097e+00 -7.1893e+01 1.0059e+01 -1.0373e+01 -1.4917e+01 -5.5020e-02 -1.3765e+00 -1.4422e+00 1.7978e+00 -4.0032e+00 -4.7882e+00 6.7138e-01 -3.0604e-01 5.4365e+00 -1.8796e-01 -3.0698e-01 2.9842e+00 2.6675e+00 -1.5343e-01 -2.7004e+00 2.0688e+00 -7.5878e-01 1.4702e+00
-1.1445e-01 -5.3878e-02 1.3448e+00 -1.2602e+00 -6.5441e+00 6.1358e-02 -1.7344e+00 2.2569e+00 -3.2817e+00 -6.4650e-01 5.1949e+00 1.5914e+01 -7.1552e-01 -1.1410e-01 -2.9972e+00 1.8832e+01 -7.6386e-01 -4.2764e+00 -1.7116e+01 -3.3806e+00 -2.2430e+00 -7.1931e+00 1.4952e+00 4.7188e+00 -2.8203e-01 -1.6157e+00 1.6335e-01 -3.6433e+00 -6.4097e+00 4.3605e+01 9.0806e+00 -4.0242e+00 -5.7599e+00 -1.6800e-01 -2.5877e-01 -9.3372e-01 1.2123e-01 2.3941e-01 -1.2052e+00 -3.2085e-01 -3.4882e-01 -4.1376e-02 -1.5133e+00 -1.5499e-01 -1.3069e-01 -1.7435e+00 2.0020e-01 1.2332e-01 5.8113e+00 -5.1672e-02 -2.1717e-02 -2.3703e-01
1.0508e+01 -1.0574e+00 -1.0005e+00 -7.7039e+00 1.3180e+01 1.2214e+01 6.4865e+00 -2.4387e+00 -9.1951e+00 -1.2460e+01 -1.1147e+01 2.5975e+01 4.0702e-01 6.0756e-01 3.5092e+00 1.2314e+01 -2.7481e+00 1.0342e+01 -9.1046e-01 1.2746e+00 -1.0020e+01 -2.3561e+01 -1.1516e+01 1.0115e+01 -3.4392e+00 -1.5626e+01 -4.9790e+01 1.6152e+01 -7.1893e+01 9.0806e+00 1.3605e+02 -3.3014e+01 1.3761e+01 5.6400e+01 -2.6666e+00 7.1051e-01 3.6060e+01 3.0457e+01 -7.8653e+00 4.8583e+00 -3.5017e+01 8.7414e-02 -7.5007e+00 5.4968e-02 -4.1106e+00 -1.0191e+01 -1.9828e+00 4.1789e-02 1.8265e+00 -1.4567e+00 2.1406e-02 -1.7845e+00
2.0840e+01 6.9306e-01 -2.1877e+01 -2.0721e+01 -2.9634e+00 2.0781e+01 2.2442e+00 9.7177e-01 1.5333e+01 -4.7349e+00 8.9937e+00 -7.4694e+00 5.8575e-01 9.2079e-01 6.2328e-01 -8.3395e+00 4.8318e+00 -4.6104e+00 -1.6408e+01 -2.3268e+00 3.0965e+01 3.8432e+01 1.4839e+01 -3.6744e+00 8.6862e+00 1.7183e+01 2.5871e+01 -1.9495e+01 1.0059e+01 -4.0242e+00 -3.3014e+01 9.3123e+01 -7.4273e+00 -3.8595e+01 -3.3115e-01 1.7795e-02 -1.7416e+01 -1.7441e+01 -1.4587e+01 -1.8811e+00 1.4632e+01 -3.1829e-01 8.7097e+00 2.9833e-01 4.0075e+00 5.9618e+00 -2.4548e+00 -1.3685e-01 1.3732e+00 1.3826e+00 -1.7121e-01 1.1287e-01
1.6047e+00 1.1559e+00 -8.5597e+00 -1.7815e+00 2.1887e+01 1.3456e+00 -6.0084e+00 -1.8933e+00 1.3436e+00 -1.8779e+01 -5.4289e+00 -4.5457e+00 1.7795e+00 -3.0145e-01 -4.9505e+00 -5.5636e+00 5.3223e-01 2.7133e+01 -2.0088e+01 -5.5194e-01 -1.1352e+01 -3.2977e+01 -4.3914e+00 1.6202e+00 9.9332e-01 -2.6244e+00 -4.8758e+00 -3.0995e+01 -1.0373e+01 -5.7599e+00 1.3761e+01 -7.4273e+00 5.6594e+01 6.1478e+00 -4.5492e-01 4.4436e+00 2.1876e+00 1.4753e+00 -2.5269e+00 -1.3228e-01 -1.2661e+00 -9.5706e-02 -2.6640e+00 3.1126e-01 -4.7671e-01 -1.6720e+00 7.5417e-01 -1.2709e-01 -1.2382e+00 -3.6518e-01 -6.2381e-01 6.3531e-02
7.3333e+00 -4.1454e+00 6.5099e+00 -1.1429e+01 1.3359e+00 8.5576e+00 -4.5406e-02 1.5843e+00 -9.5703e+00 5.6035e+00 -1.3338e+01 2.4115e+01 6.8331e+00 -3.0084e-02 4.2109e+00 2.8711e+00 -2.3978e+00 2.1824e+00 1.2512e+01 5.1584e+00 -1.7451e+01 -9.2745e+00 -1.6065e+01 2.7148e+00 -5.8732e+00 -1.8753e+01 -5.1768e+01 3.1607e+01 -1.4917e+01 -1.6800e-01 5.6400e+01 -3.8595e+01 6.1478e+00 9.0819e+01 -4.0295e+00 -2.0810e-01 4.6072e+01 3.1736e+01 -1.3987e+01 7.2262e-01 -4.6317e+01 -2.8840e-01 -1.0244e+01 -3.1445e-01 -5.6165e+00 -6.2824e+00 1.2243e+00 -4.1864e-01 -5.6107e-02 -1.9333e+00 2.5866e+00 -6.2533e+00
1.7285e+00 -3.7986e-01 -1.8744e+00 -1.9996e+00 -4.9647e-01 1.8293e+00 -1.1142e-02 -4.3969e-01 3.1467e+00 -5.1404e-02 3.4538e+00 -1.3411e+00 9.2042e-02 -4.6585e-02 1.5709e+00 -5.8908e-01 -3.4667e-01 -2.9964e-01 -5.3970e-01 -5.6382e-01 2.9854e+00 -2.7875e+00 2.2313e-01 2.8358e-01 1.8018e+00 9.1195e-01 3.5834e+00 -2.0399e+00 -5.5020e-02 -2.5877e-01 -2.6666e+00 -3.3115e-01 -4.5492e-01 -4.0295e+00 1.4998e+01 -8.0102e-02 -3.4296e+00 -3.5880e+00 5.4758e+00 -3.0708e-01 3.2934e+00 -4.1447e-02 -4.8758e-01 -4.5664e-02 4.0656e+00 -2.0261e-01 -1.3001e-01 6.1881e-01 9.8772e-01 -2.6366e-01 3.2884e-01 7.5976e-02
1.3904e-01 2.5084e-01 1.8906e+00 1.9884e-02 -2.3105e+00 -1.4140e-01 -9.8035e-01 -9.2262e-02 4.5006e-01 -2.5787e+00 -6.0269e-01 -2.9289e-01 -1.6776e-01 -1.4015e-01 -4.4775e-01 -8.4191e-01 1.3993e+00 4.4417e+00 -3.2136e+00 -6.1333e-01 -1.0363e+00 -3.8402e+00 -8.2011e-01 -1.0923e+00 1.5333e+00 -4.3307e-01 6.3752e-01 -4.0725e+00 -1.3765e+00 -9.3372e-01 7.1051e-01 1.7795e-02 4.4436e+00 -2.0810e-01 -8.0102e-02 9.7325e+00 -9.5113e-02 -1.2637e-01 -1.5394e-01 1.0432e-01 9.1000e-05 -1.2038e-03 -2.7270e-01 3.4998e-02 -2.6364e-02 4.2352e-01 -1.4362e-01 -4.6460e-02 -2.3619e-01 -5.8314e-02 -9.5014e-02 -6.1428e-02
6.6994e+00 -3.2521e+00 -1.5391e+00 -9.6083e+00 2.2832e+00 7.9755e+00 2.2866e+00 1.7192e-01 -5.9227e+00 1.9128e-01 -3.4169e+00 2.3244e+01 5.0154e+00 -4.7539e-01 -2.9493e+00 2.7843e+00 -2.9425e+00 3.5800e-01 2.6993e+00 3.1076e+00 -4.2604e+00 -8.8902e+00 3.9279e+00 -1.2977e+00 -7.7908e-01 -9.5347e-01 -4.7171e+01 1.7059e+01 -1.4422e+00 1.2123e-01 3.6060e+01 -1.7416e+01 2.1876e+00 4.6072e+01 -3.4296e+00 -9.5113e-02 6.7498e+01 3.3881e+01 -1.5265e+01 7.4611e-02 -4.7580e+01 -3.0215e-01 2.8188e+00 -8.3075e-02 -5.7134e+00 7.0117e-01 1.7278e-01 -4.5871e-01 -7.9343e-01 -2.5078e+00 9.1640e+00 -5.9773e+00
5.5257e+00 -3.3411e+00 4.7376e+00 -9.4079e+00 1.1112e+00 7.8399e+00 -1.3013e+00 -2.2553e+00 -6.9851e+00 -1.1556e+00 -4.4467e+00 2.1188e+01 -1.9328e+00 -3.4564e-01 -2.2003e+00 2.5469e+00 -3.2599e+00 9.6693e-01 3.0706e+00 -2.3061e+00 -1.1038e+01 -1.0741e+01 5.5296e-01 1.4272e+00 -6.3591e-01 -5.3155e-01 -4.0861e+01 8.7092e+00 1.7978e+00 2.3941e-01 3.0457e+01 -1.7441e+01 1.4753e+00 3.1736e+01 -3.5880e+00 -1.2637e-01 3.3881e+01 7.5026e+01 -9.1018e+00 1.8792e-01 -5.4193e+01 -2.5675e-01 1.1866e+00 -3.0085e-01 -6.5181e+00 6.0368e-01 1.9808e-01 -4.7897e-01 -3.8838e-01 -3.3317e+00 -1.1251e+01 9.5827e+00
-1.5260e+01 3.3437e+00 1.0905e+01 1.4784e+01 2.8542e+00 -1.4964e+01 1.0401e+00 -2.8406e+00 -4.3988e+00 -6.8620e+00 2.3557e+00 -8.0707e+00 -8.8012e-01 1.6422e+00 3.4348e+00 -1.5888e+00 -1.2393e+00 1.4543e+00 -2.3110e-01 2.2249e+00 -5.9646e+00 -1.4020e+01 -1.2789e+00 8.1922e+00 -3.9983e-01 4.1651e-01 1.2241e+01 -2.4431e+00 -4.0032e+00 -1.2052e+00 -7.8653e+00 -1.4587e+01 -2.5269e+00 -1.3987e+01 5.4758e+00 -1.5394e-01 -1.5265e+01 -9.1018e+00 6.1393e+01 -4.1997e-01 1.6089e+01 -1.4543e-01 -1.8546e+00 -1.6201e-01 1.9945e+00 -1.0214e+00 -1.2194e+00 3.7590e-01 -7.5366e-01 -4.0274e-01 -7.9008e-01 1.2005e+00
-1.5233e-01 2.0924e-01 7.4234e-01 -2.1622e+00 -4.0698e+00 -1.7175e-01 5.3781e-02 -4.3838e-01 -7.7244e-01 9.7677e-01 -2.2882e-01 4.3198e-01 -9.7782e-02 8.0895e-02 6.3803e+00 8.9211e-01 1.2991e-01 -6.9797e-01 2.5731e-01 -8.0348e-02 -5.3616e-01 -5.4346e-01 -8.4795e-01 -5.4452e-01 -7.3580e-01 -1.1597e+00 -1.9935e-01 8.3875e-01 -4.7882e+00 -3.2085e-01 4.8583e+00 -1.8811e+00 -1.3228e-01 7.2262e-01 -3.0708e-01 1.0432e-01 7.4611e-02 1.8792e-01 -4.1997e-01 2.0593e+01 -2.0684e-01 -1.2223e-01 -6.0037e-01 6.4680e-01 1.6801e-01 -5.5932e-01 -1.2387e-01 1.7070e-01 -2.4838e-01 4.7323e-02 1.4448e-01 2.5476e-01
-1.3950e+01 8.4114e+00 1.0314e-02 1.6234e+01 -7.0022e+00 -1.3457e+01 3.7748e+00 -1.1886e+00 5.7282e+00 1.8753e+00 3.6813e+00 -2.5920e+01 -6.8069e+00 4.2061e-01 1.5609e+00 -2.7745e+00 2.6850e+00 -7.6632e-01 -1.5782e+00 -4.0625e+00 4.9586e+00 7.7892e+00 5.6735e-01 -1.5006e+00 5.4866e-01 3.8082e-01 4.7970e+01 -8.6013e+00 6.7138e-01 -3.4882e-01 -3.5017e+01 1.4632e+01 -1.2661e+00 -4.6317e+01 3.2934e+00 9.1000e-05 -4.7580e+01 -5.4193e+01 1.6089e+01 -2.0684e-01 9.2326e+01 3.4911e-01 -6.1094e-01 2.5771e-01 6.1867e+00 -2.1188e-01 2.9793e-01 5.4988e-01 1.5100e-01 3.9024e+00 5.4393e+00 2.1227e+01
-2.2215e-01 2.0594e-01 -2.2688e-01 3.1495e-01 -2.3071e-01 -1.4549e-01 1.3128e-01 -1.8541e-01 -4.6043e-02 -2.7104e-01 -5.3491e-02 -2.8977e-01 -1.2851e-01 -2.5961e-02 -2.3099e-02 -9.2574e-02 -1.6198e-02 -1.2449e-01 5.5714e-02 -7.4244e-02 1.2046e-01 5.7617e-02 -2.2192e-02 1.0926e-01 1.8457e-02 -6.0782e-02 3.2127e-01 1.9483e-01 -3.0604e-01 -4.1376e-02 8.7414e-02 -3.1829e-01 -9.5706e-02 -2.8840e-01 -4.1447e-02 -1.2038e-03 -3.0215e-01 -2.5675e-01 -1.4543e-01 -1.2223e-01 3.4911e-01 4.7774e+00 -9.5968e-02 -7.9238e-03 -6.2520e-02 2.4663e-02 -2.7112e-02 -1.7594e-02 -2.4615e-02 -1.5998e-02 2.5707e-02 9.1998e-02
1.0435e+00 1.4107e+00 -4.2756e+00 -2.0988e-01 1.3837e+00 7.6721e-01 -2.9754e+00 3.1493e+00 1.3288e+00 -4.3624e+00 5.1832e+00 -2.4344e+00 -6.3147e-01 -2.8378e-02 -3.1920e+00 -8.6211e-01 5.1230e-01 1.2049e+00 -4.5301e+00 -1.0111e+00 6.9570e+00 3.2351e+00 7.7107e+00 -2.5273e+00 -1.3493e-01 7.6185e+00 -4.9143e-01 -4.9204e+00 5.4365e+00 -1.5133e+00 -7.5007e+00 8.7097e+00 -2.6640e+00 -1.0244e+01 -4.8758e-01 -2.7270e-01 2.8188e+00 1.1866e+00 -1.8546e+00 -6.0037e-01 -6.1094e-01 -9.5968e-02 3.1287e+01 -3.9529e-02 -9.3291e-02 -3.0713e-02 -4.2706e-01 -1.0233e-01 -1.3423e-01 -1.2383e-01 1.6075e-01 2.0653e-01
1.6591e-01 8.0259e-02 -3.9727e-01 -1.4052e-01 -4.3032e-01 3.0368e-01 2.2515e-01 -1.7238e-01 -5.5586e-01 -2.3769e-01 4.0637e-01 2.5809e-01 -7.8307e-02 -3.2088e-02 -1.6079e-01 1.4640e-01 -4.1337e-03 2.6318e-02 -5.1313e-01 -2.0199e-01 -3.3820e-01 2.5381e-01 -1.3446e-01 -3.0365e-01 4.1793e-01 3.3102e-02 -2.8191e-01 6.1766e-02 -1.8796e-01 -1.5499e-01 5.4968e-02 2.9833e-01 3.1126e-01 -3.1445e-01 -4.5664e-02 3.4998e-02 -8.3075e-02 -3.0085e-01 -1.6201e-01 6.4680e-01 2.5771e-01 -7.9238e-03 -3.9529e-02 7.3051e+00 1.5769e-01 -9.9916e-02 -7.5894e-02 -1.8820e-02 -4.3910e-02 -1.0520e-01 -3.4349e-01 -7.7557e-02
3.1367e+00 -4.5732e-01 -3.4539e+00 -3.4164e+00 -1.2382e+00 3.1919e+00 1.1147e-01 4.7858e+00 8.3880e-01 -8.3892e-02 6.0412e+00 -2.1835e+00 1.6356e-01 -1.5539e-01 2.0423e-03 -7.2341e-01 -5.6438e-01 -2.2773e-01 -2.4326e+00 -4.2374e-01 8.2558e-01 2.0289e+00 2.1026e-01 -2.3819e-01 -8.5818e-02 -2.4552e-01 4.9952e+00 -2.2437e+00 -3.0698e-01 -1.3069e-01 -4.1106e+00 4.0075e+00 -4.7671e-01 -5.6165e+00 4.0656e+00 -2.6364e-02 -5.7134e+00 -6.5181e+00 1.9945e+00 1.6801e-01 6.1867e+00 -6.2520e-02 -9.3291e-02 1.5769e-01 2.0055e+01 2.5025e-01 -4.4331e-01 6.4974e-01 1.3181e+00 -2.8258e-01 -1.7715e-01 2.1650e-01
8.4618e-01 -3.7114e-02 -1.0199e+00 -1.8394e-01 -4.6371e+00 4.2538e-01 -2.0855e+00 -5.9226e-01 1.9593e+00 1.3604e+00 -6.4413e-01 3.8332e-01 1.0340e-02 2.0130e-01 -2.6402e+00 -2.2599e+00 -4.3849e-01 -1.3503e+00 -1.5629e-01 -5.4624e-01 3.1133e+00 4.0526e+00 -2.0786e-01 -8.3978e-02 1.9508e-01 -1.8702e-01 5.3011e+00 -7.9661e-01 2.9842e+00 -1.7435e+00 -1.0191e+01 5.9618e+00 -1.6720e+00 -6.2824e+00 -2.0261e-01 4.2352e-01 7.0117e-01 6.0368e-01 -1.0214e+00 -5.5932e-01 -2.1188e-01 2.4663e-02 -3.0713e-02 -9.9916e-02 2.5025e-01 2.2935e+01 -4.6273e-01 5.1033e-02 -4.8846e-01 3.6176e-01 2.1698e-01 2.2626e-01
-3.4543e-01 9.0230e-01 5.7905e-02 7.4897e-01 -1.5281e-01 -6.4753e-01 1.8069e+00 4.7946e-01 2.8836e-01 -2.1670e+00 -7.9441e-01 -5.0594e-01 -2.2336e-01 -9.8645e-02 1.5362e+00 -1.1832e+00 -2.0160e-01 3.0122e-01 2.0788e+00 -5.7320e-01 -1.4782e+00 -4.7546e-01 -7.8751e-01 -7.8735e-01 -1.2081e-01 3.7869e-01 2.5996e+00 1.3135e+00 2.6675e+00 2.0020e-01 -1.9828e+00 -2.4548e+00 7.5417e-01 1.2243e+00 -1.3001e-01 -1.4362e-01 1.7278e-01 1.9808e-01 -1.2194e+00 -1.2387e-01 2.9793e-01 -2.7112e-02 -4.2706e-01 -7.5894e-02 -4.4331e-01 -4.6273e-01 1.7500e+01 -8.2299e-02 -2.4960e-01 -4.8502e-03 -1.1276e-01 2.6111e-01
1.5408e-01 -5.9424e-02 -2.9641e-01 -3.0859e-01 1.3297e-01 2.1019e-01 -1.7275e-02 -1.7249e-01 -7.7132e-02 1.5755e-01 3.1011e-01 -2.0567e-01 -1.2703e-01 -1.9419e-02 1.6442e-01 3.4714e-02 -9.4699e-02 -7.8324e-02 7.9446e-02 -2.2971e-01 6.9035e-02 -5.2078e-02 -9.8319e-02 -9.3353e-02 1.2086e-02 -6.0415e-02 3.3020e-01 2.3164e-01 -1.5343e-01 1.2332e-01 4.1789e-02 -1.3685e-01 -1.2709e-01 -4.1864e-01 6.1881e-01 -4.6460e-02 -4.5871e-01 -4.7897e-01 3.7590e-01 1.7070e-01 5.4988e-01 -1.7594e-02 -1.0233e-01 -1.8820e-02 6.4974e-01 5.1033e-02 -8.2299e-02 5.2844e+00 -6.4220e-02 6.0100e-02 1.4927e-02 7.3648e-02
5.6839e-01 2.2329e-01 -3.0365e+00 -1.0576e+00 -3.7538e+00 3.6852e-01 7.6960e-01 3.5919e+00 1.3101e-01 -1.1475e+00 3.3561e+00 -4.4729e-02 -2.3103e-01 5.2110e-02 2.0335e-01 7.1263e-01 -2.1050e-01 -9.5394e-01 -3.0201e+00 -6.8145e-01 -5.2432e-01 8.3268e-01 -4.3482e-01 3.3567e+00 9.0284e-01 -5.5809e-01 1.4834e-01 -2.3253e-01 -2.7004e+00 5.8113e+00 1.8265e+00 1.3732e+00 -1.2382e+00 -5.6107e-02 9.8772e-01 -2.3619e-01 -7.9343e-01 -3.8838e-01 -7.5366e-01 -2.4838e-01 1.5100e-01 -2.4615e-02 -1.3423e-01 -4.3910e-02 1.3181e+00 -4.8846e-01 -2.4960e-01 -6.4220e-02 1.5823e+01 -1.2459e-01 -2.8812e-01 -1.4869e-02
-6.0052e-01 3.4846e-01 1.9699e-01 -1.1491e+00 -9.9555e-01 -6.6357e-01 -4.5855e-02 -1.7471e-01 1.2542e-01 -3.0523e-01 -2.0915e-01 -7.3114e-01 1.5976e+00 1.2355e-01 -6.1675e-02 1.2745e-01 6.7727e-01 -2.0195e-01 -2.8427e-01 1.2716e+00 8.1797e-01 9.6743e-01 -8.1620e-01 4.3569e-01 -3.0181e-02 -1.5386e-01 -5.6933e-01 -1.1370e+00 2.0688e+00 -5.1672e-02 -1.4567e+00 1.3826e+00 -3.6518e-01 -1.9333e+00 -2.6366e-01 -5.8314e-02 -2.5078e+00 -3.3317e+00 -4.0274e-01 4.7323e-02 3.9024e+00 -1.5998e-02 -1.2383e-01 -1.0520e-01 -2.8258e-01 3.6176e-01 -4.8502e-03 6.0100e-02 -1.2459e-01 1.3986e+01 3.9314e+00 5.2294e-01
-3.9550e+00 -1.3676e-02 -8.1149e-01 6.1297e+00 -3.2175e+00 -3.6207e+00 -8.6048e-01 -2.3516e-01 -1.1847e+00 -1.5732e-01 3.2492e-01 -1.9758e-01 6.8814e-01 8.3403e-03 -1.4194e-01 1.2317e-01 -2.2751e-01 -2.0968e-01 -9.9485e-02 1.2874e-01 6.0807e-01 1.0027e+00 -1.9420e+00 -6.4624e-01 1.2167e-01 -1.0526e-01 1.5858e+01 -1.6455e+00 -7.5878e-01 -2.1717e-02 2.1406e-02 -1.7121e-01 -6.2381e-01 2.5866e+00 3.2884e-01 -9.5014e-02 9.1640e+00 -1.1251e+01 -7.9008e-01 1.4448e-01 5.4393e+00 2.5707e-02 1.6075e-01 -3.4349e-01 -1.7715e-01 2.1698e-01 -1.1276e-01 1.4927e-02 -2.8812e-01 3.9314e+00 2.7801e+01 -4.5800e+00
-4.3369e+00 6.9130e-01 4.3799e-02 9.0007e-01 -8.6334e+00 -1.4097e+00 2.5784e+00 3.1911e-01 -1.1241e+00 1.6759e-01 -2.0201e-01 -4.2374e+00 1.4392e+00 1.1316e-01 2.4386e-01 1.8335e-01 -2.7926e-01 2.8010e-01 -2.5108e-01 1.7397e+00 -1.8620e-01 1.3800e-01 7.5850e-01 1.2446e-01 -1.1283e-01 1.3083e-01 8.4214e-01 4.3792e-01 1.4702e+00 -2.3703e-01 -1.7845e+00 1.1287e-01 6.3531e-02 -6.2533e+00 7.5976e-02 -6.1428e-02 -5.9773e+00 9.5827e+00 1.2005e+00 2.5476e-01 2.1227e+01 9.1998e-02 2.0653e-01 -7.7557e-02 2.1650e-01 2.2626e-01 2.6111e-01 7.3648e-02 -1.4869e-02 5.2294e-01 -4.5800e+00 3.1614e+01
