3.6098e+01 1.8613e-01 -1.1377e+01 1.9893e-01 -7.4857e-01 -1.2787e+00 2.5052e+01 1.4288e-01 9.0539e-01 6.4163e-01 1.2549e+00 1.5850e-01 -1.7473e+00 9.7044e-01 -6.6612e-01 5.9643e-01 6.8207e-01 1.9333e+00 -1.5544e-01 -1.0631e-01 -6.7173e-01 -5.4483e+00 2.1396e+01 -1.1398e+00 -6.9615e-02 2.5216e-01 2.1732e+01 9.9858e-02 3.8782e-01 1.6202e-01 -1.8005e+00 -1.3362e+01 -4.6117e-02 -1.1998e+00 -1.2139e+01 -1.2834e+00 2.0996e-01 3.1163e-01 -2.9215e-01 -1.7380e+00 3.5784e-02 -6.9158e-02 1.6071e-01 -1.2534e-02 -2.1127e-01 2.3262e-02 1.0065e+00 -6.3265e-01 -5.9141e-02 -3.1485e-01 1.4471e-01 -1.1425e-01
1.8613e-01 3.3269e+01 -1.7273e+00 -4.5316e-02 9.2733e-04 8.4194e-01 3.1467e-01 -1.9437e+01 -1.3186e-01 1.7609e+01 -9.3650e-01 -2.1208e+00 -5.4158e-01 -1.6348e-01 -8.2864e-02 -3.4153e-01 6.2978e-03 4.4570e-01 2.7751e-01 -1.5984e+00 -1.3134e+00 3.0244e-01 -5.5842e-02 1.6846e-01 -9.2054e-01 6.5335e+00 1.2306e-02 -1.9357e+00 8.7678e-01 3.7838e-02 -2.8064e+00 3.4423e+00 -8.9331e-02 -1.2349e+00 1.0217e+00 -7.3671e-01 -1.4823e+00 -4.2595e-01 6.6374e-02 9.2484e-01 3.4683e-01 4.4333e-01 6.9211e-02 -1.8214e-02 -1.6634e-01 3.7751e-01 4.1101e-01 -8.1867e-02 7.2368e-02 1.2549e-01 -4.7156e-02 1.2487e-02
-1.1377e+01 -1.7273e+00 5.5754e+01 -9.5796e-01 8.0293e-01 1.3152e+00 -1.4320e+01 1.0479e+01 -3.2434e+00 -7.4648e-01 -4.2156e+00 -1.7648e-01 1.2282e-01 -7.9152e-01 -5.0006e-01 -9.4324e+00 -1.2967e+00 -1.9120e+00 -1.5551e+00 2.3395e-02 3.1257e-01 5.0598e+00 -5.5228e+00 1.6562e+00 -3.7845e-02 -1.4638e+00 -5.8827e+00 -1.4136e-01 -2.0039e+00 -1.2176e-01 2.3358e+00 5.0259e+00 -1.0623e+00 9.6059e-01 5.4146e+00 -2.4637e-01 -5.6325e-01 2.3101e-01 1.4244e-01 -4.1193e-01 -1.2738e-03 6.2416e-02 3.9033e-03 1.0763e-02 5.0066e-02 2.6844e-01 -1.0493e+00 -3.1236e-01 6.3583e-04 -3.8805e-01 -5.1049e-01 -4.1670e-02
1.9893e-01 -4.5316e-02 -9.5796e-01 1.7133e+01 1.0884e+01 2.4203e+00 8.3561e-01 1.0647e+00 -2.1434e+00 -8.2149e-02 1.8479e-01 6.9827e-02 -1.8475e-01 4.3515e-02 -3.2440e-01 4.4049e-01 6.7176e-02 -1.1833e+00 -4.2675e+00 -3.3363e-01 -8.8723e-02 -4.0304e-01 -1.5838e+00 -8.9420e-02 -6.2457e-02 1.1594e+00 -3.3053e-01 -5.9231e-02 -1.5372e-02 1.0106e-01 2.1906e-01 -1.5918e+00 -4.7119e-01 -1.3152e-01 5.9959e-01 2.7689e-02 5.0434e-02 -3.6745e-01 -1.2559e+00 -1.8265e+00 1.9286e-02 -6.1065e-03 -1.7059e-01 -2.2015e-03 -1.0388e-01 4.7650e-02 -6.3247e-02 -9.1515e-02 -9.5941e-02 5.7035e-02 1.0949e+01 -5.2169e-01
-7.4857e-01 9.2733e-04 8.0293e-01 1.0884e+01 2.3669e+01 1.7905e+00 -1.9770e+00 2.6456e+00 -2.5336e-01 5.4481e-01 1.9023e-01 5.1995e-02 -1.5719e-01 1.5787e-01 -6.5708e-01 -1.0640e-01 1.8097e-01 2.2844e-01 -2.6461e+00 -8.3010e-01 1.5323e+00 -2.6311e+00 -1.5294e+00 5.3635e-02 6.6637e-02 -4.7101e-01 -7.3223e-01 -1.7707e-01 -1.8138e-01 2.5677e-01 -1.0736e-01 6.2527e-01 -8.0451e-01 2.3939e-01 2.0457e-01 -8.8388e-02 8.5342e-02 -2.0291e-01 -1.2650e+00 -2.3514e+00 -1.0190e-03 -4.6141e-02 -2.3771e-01 2.7570e-03 -3.9823e-02 -1.8242e-01 -1.3700e+00 -5.5649e-02 7.2741e-02 1.0496e-01 7.7892e+00 -1.0191e+00
-1.2787e+00 8.4194e-01 1.3152e+00 2.4203e+00 1.7905e+00 3.0038e+01 -1.3514e+00 -4.4925e+00 1.8035e-01 3.0488e+00 -5.7915e-01 2.4695e-01 2.2275e-02 -2.1560e-01 -1.2752e-01 -2.2082e-01 1.3864e-01 -7.5264e-01 -2.3715e+00 -1.0185e+00 -4.0420e-03 3.9301e-01 -5.6137e-01 -1.1067e+00 -4.2159e-01 4.0306e+00 2.2300e+00 -6.5849e+00 3.2938e-01 -6.7103e-01 4.1274e-01 -1.1272e+00 -4.8925e-01 -1.7887e+00 -7.0107e-01 1.3752e-01 3.2445e-01 -1.5729e-01 -3.3329e-01 -1.4784e+00 8.9875e-02 1.2988e-01 -1.3278e-02 -1.3881e-01 5.7470e-02 -2.9025e-01 -6.8120e-01 1.0448e-01 7.8679e-02 -4.8004e-01 1.1731e+00 4.5842e+00
2.5052e+01 3.1467e-01 -1.4320e+01 8.3561e-01 -1.9770e+00 -1.3514e+00 6.3634e+01 1.0539e+01 -1.5126e+01 1.5217e+00 1.7444e+00 2.6560e-01 1.2432e+00 1.4690e+00 -6.5729e-01 3.0050e+00 9.3608e-01 -1.3022e+01 -5.0011e+00 5.7313e-01 -6.6111e-01 -5.6246e+00 3.1144e+01 1.6392e+00 -1.6799e-01 3.0575e-02 3.4113e+01 -7.8093e-01 5.1118e-01 2.8109e-01 -3.5185e-01 -2.5108e+01 1.3025e-01 7.1243e-02 -2.1502e+01 -1.4616e+00 3.9124e-01 1.0646e+00 -1.9289e-01 -1.3385e+00 1.1643e-01 -1.5659e-01 -2.4982e-01 -8.4286e-02 -2.4412e-01 5.9595e-01 6.0861e-01 -3.9508e-01 -1.5419e-02 -5.4819e-01 -1.2946e+00 -1.9342e-01
1.4288e-01 -1.9437e+01 1.0479e+01 1.0647e+00 2.6456e+00 -4.4925e+00 1.0539e+01 1.0538e+02 -1.3702e+01 -2.3166e+01 1.1736e+00 2.2173e+00 -1.7497e+00 -3.0861e+00 -9.8447e-01 -1.0347e+00 5.1260e-01 -1.7494e+01 -6.9303e+00 5.8434e-01 -3.3981e+00 -1.7953e+00 1.0962e+01 8.8927e+00 1.6371e+00 -2.6019e+01 4.2422e+00 9.9259e+00 -2.0386e+00 2.8319e-01 -5.0363e+00 -1.7003e+01 -1.4444e-01 4.4064e+00 -1.2067e+01 1.2114e+00 2.8443e+00 1.4581e+00 -1.0719e+00 -7.0314e-01 -2.3524e-01 -2.1895e-01 3.1132e-01 3.6781e-01 5.1841e-01 7.2004e-01 1.5426e+00 3.7618e-01 -2.2699e-01 -3.1815e-02 2.5265e-01 1.2774e+00
9.0539e-01 -1.3186e-01 -3.2434e+00 -2.1434e+00 -2.5336e-01 1.8035e-01 -1.5126e+01 -1.3702e+01 7.9313e+01 -1.2963e+00 -4.0828e+00 -1.4075e+00 -5.7353e+00 -1.6060e-02 -4.2844e-01 8.2519e+00 -2.1554e+00 3.9955e+01 1.7283e+01 -2.2678e+00 -4.8190e-01 -1.5638e+00 -3.0318e+01 3.5308e-01 -7.5774e-01 -1.8848e+00 -3.1117e+01 2.7964e-01 1.0288e+00 -8.2398e-03 -1.3930e-01 3.0872e+01 1.6458e+00 2.1475e+00 3.8394e+01 1.2719e+00 -7.7794e-01 -4.4573e+00 3.2675e-02 6.4390e-01 1.4430e-01 -2.6294e-01 -3.9472e-01 -6.0478e-01 -8.8903e-01 -1.0715e+00 -4.7806e-01 -6.2495e-01 -5.4303e-01 -5.1211e-01 -2.7254e-01 -1.6416e-01
6.4163e-01 1.7609e+01 -7.4648e-01 -8.2149e-02 5.4481e-01 3.0488e+00 1.5217e+00 -2.3166e+01 -1.2963e+00 5.1350e+01 -1.2885e+00 -2.3377e+00 8.5644e-01 3.8386e-01 3.4731e-01 -4.1111e+00 -5.2852e-01 -2.4803e+00 -1.0953e+00 -2.5021e+00 2.0951e+00 -9.1402e-02 -8.3854e-01 -2.9146e-01 5.6675e-01 1.2316e+01 -1.3122e+00 -3.9673e+00 1.7167e+00 -1.7606e-01 -2.3436e+00 7.8509e+00 2.2185e-01 -1.4700e+00 -2.5995e+00 -4.5064e-01 -2.2383e+00 -9.1180e-01 1.8045e-01 -5.5695e-01 1.8352e-01 5.4395e-01 -8.5691e-02 6.6368e-02 -4.2860e-01 3.2332e-01 -1.1938e+00 -6.4561e-02 2.6290e-01 -6.5992e-01 -1.3699e-01 1.2801e-01
1.2549e+00 -9.3650e-01 -4.2156e+00 1.8479e-01 1.9023e-01 -5.7915e-01 1.7444e+00 1.1736e+00 -4.0828e+00 -1.2885e+00 2.3697e+01 -5.4206e-01 -3.5574e-01 -8.6537e-01 -5.4343e-02 -2.1483e+00 -9.5996e-01 -3.5076e+00 2.9768e+00 -1.7232e-01 -4.6830e-02 -4.5305e-01 2.6006e+00 5.5254e-01 -1.2140e-01 -7.0199e-01 1.9191e+00 1.7509e-01 -4.7948e-01 2.8458e+00 2.0728e-01 -4.1020e+00 -3.8505e-01 -2.6616e-01 -3.2562e+00 1.6407e+00 -1.3461e-01 -3.3030e-01 -1.1473e-01 4.5978e-01 -1.3373e-02 -7.2510e-02 -6.9275e-02 -6.0194e-02 -3.8236e-02 -2.2296e-01 -4.2549e-01 1.5504e-01 -2.4105e-02 -9.1788e-02 9.8992e-02 -3.2121e-02
1.5850e-01 -2.1208e+00 -1.7648e-01 6.9827e-02 5.1995e-02 2.4695e-01 2.6560e-01 2.2173e+00 -1.4075e+00 -2.3377e+00 -5.4206e-01 1.5486e+01 -3.0713e-01 -4.4388e-01 -1.4036e-01 -8.4910e-01 1.6572e+00 -1.3085e+00 -3.5344e-01 -2.1327e-01 -2.0611e-01 -3.3068e-01 8.7840e-01 3.6406e-01 -4.5315e-02 -3.2315e+00 1.2168e+00 -3.3392e-01 -2.5311e-01 5.6213e-02 -4.1908e-01 -2.9320e+00 -2.1877e-01 4.1896e-01 -2.0841e+00 -1.8116e-01 -1.8860e-01 -3.8480e-01 2.0269e-01 -5.5800e-01 7.2306e-02 -1.6682e-02 -6.2976e-02 1.3590e-01 -4.0052e-02 -1.9275e-01 2.3214e-01 -9.4793e-02 -1.7897e-03 -8.3082e-03 5.0830e-02 7.8899e-02
-1.7473e+00 -5.4158e-01 1.2282e-01 -1.8475e-01 -1.5719e-01 2.2275e-02 1.2432e+00 -1.7497e+00 -5.7353e+00 8.5644e-01 -3.5574e-01 -3.0713e-01 2.8970e+01 2.5112e+00 -2.7892e-01 2.7642e-01 2.8581e-01 -2.9297e-01 -2.8781e+00 -2.4794e-01 -1.3262e-01 -3.2140e-01 1.7789e+00 -8.1813e-01 -6.9077e-01 3.8814e-01 4.6865e-01 -1.2484e-01 -1.2060e-01 -1.4447e-01 -1.8616e+00 9.8044e+00 -6.2268e-02 -8.1751e-01 -3.4010e+00 3.4227e-01 -1.4247e-01 -2.6199e+00 1.1354e-02 -3.4367e-01 -7.9606e-02 -2.4556e-01 -3.4864e-02 -5.1052e-02 1.5491e+00 -8.2389e-01 -1.1592e-01 -2.9618e-01 -4.7131e-02 -4.5657e-01 -2.8607e-01 4.2179e-01
9.7044e-01 -1.6348e-01 -7.9152e-01 4.3515e-02 1.5787e-01 -2.1560e-01 1.4690e+00 -3.0861e+00 -1.6060e-02 3.8386e-01 -8.6537e-01 -4.4388e-01 2.5112e+00 2.2338e+01 -1.6012e-01 -1.5884e+00 -4.4448e-01 -1.5934e+00 -1.5147e+00 8.9517e-01 -2.2723e-01 -2.7505e-01 2.4605e+00 -1.5799e+00 -1.5302e-01 5.2703e-01 3.4682e+00 1.8010e-01 9.4881e-01 -1.6333e-01 -1.6176e+00 -3.6779e+00 -3.1028e-01 -9.9101e-01 -7.7496e-01 4.9771e-01 -2.2431e-01 -1.1506e+00 1.0002e-01 -3.2950e-01 2.5713e-02 -1.5547e-01 -7.0541e-02 -8.2173e-02 -7.8926e-02 4.1595e-01 -2.0205e-01 -8.4048e-02 -3.5422e-02 -2.5143e-02 1.0383e-02 -2.8262e-02
-6.6612e-01 -8.2864e-02 -5.0006e-01 -3.2440e-01 -6.5708e-01 -1.2752e-01 -6.5729e-01 -9.8447e-01 -4.2844e-01 3.4731e-01 -5.4343e-02 -1.4036e-01 -2.7892e-01 -1.6012e-01 1.6187e+01 -3.2213e-01 -3.1822e-02 -9.0851e-01 -3.8314e-01 -1.5621e-01 -2.1073e-01 -5.6298e-01 -4.5147e-01 -4.6722e-01 -1.1970e-01 6.6814e-02 -1.8666e-01 -1.0165e-01 5.6110e-01 -4.8837e-03 7.2186e-01 -2.1329e+00 6.1437e-01 -4.0437e-01 -2.1911e-01 6.5812e-03 -3.7493e-02 -3.0455e-02 5.9559e-01 -7.8527e-01 -1.8676e-02 -8.5518e-02 -2.7012e-01 -2.6172e-02 6.1530e-01 1.7571e-01 -3.4744e-02 -3.4645e-02 -1.5146e-02 -9.9361e-02 -5.3554e-01 -5.8160e-01
5.9643e-01 -3.4153e-01 -9.4324e+00 4.4049e-01 -1.0640e-01 -2.2082e-01 3.0050e+00 -1.0347e+00 8.2519e+00 -4.1111e+00 -2.1483e+00 -8.4910e-01 2.7642e-01 -1.5884e+00 -3.2213e-01 5.5359e+01 -3.1977e-01 -4.1737e+00 -7.8263e+00 -2.8466e+00 1.7042e+00 -1.1171e+00 5.7497e+00 -5.6505e+00 -1.7304e+00 2.0333e+00 2.8393e+00 -6.1868e-01 4.4226e-01 -6.6556e-01 9.4165e-01 -2.8216e+00 -7.9286e-01 -3.8634e+00 1.3638e+01 -5.5934e-01 9.2644e-02 -4.2699e+00 7.6296e-01 -7.0553e-01 -5.6545e-03 -2.5146e-01 2.0501e-02 -6.3611e-02 -5.5414e-01 -7.2310e-01 -1.9163e-01 4.1436e-01 -4.5893e-01 -1.4438e-01 1.5734e-01 1.9533e-01
6.8207e-01 6.2978e-03 -1.2967e+00 6.7176e-02 1.8097e-01 1.3864e-01 9.3608e-01 5.1260e-01 -2.1554e+00 -5.2852e-01 -9.5996e-01 1.6572e+00 2.8581e-01 -4.4448e-01 -3.1822e-02 -3.1977e-01 1.6082e+01 -2.1175e+00 -1.7945e+00 -1.0529e-01 -6.6596e-02 -2.7590e-01 2.0945e+00 -8.5298e-02 -3.3762e-02 -2.2969e+00 2.5965e+00 -6.3554e-01 4.0922e-01 -2.4067e-01 -5.0283e-01 -2.3894e+00 -3.1144e-01 -3.5565e-01 -1.9427e-01 -1.2368e-01 -6.5054e-02 -2.7064e-01 5.4050e-04 1.6342e-01 1.7779e-01 -2.0503e-02 -1.1431e-01 2.1563e-01 -8.2927e-02 -1.0098e-01 -9.9255e-02 -1.8034e-01 -4.4129e-02 2.0435e-01 2.9346e-02 2.8239e-02
1.9333e+00 4.4570e-01 -1.9120e+00 -1.1833e+00 2.2844e-01 -7.5264e-01 -1.3022e+01 -1.7494e+01 3.9955e+01 -2.4803e+00 -3.5076e+00 -1.3085e+00 -2.9297e-01 -1.5934e+00 -9.0851e-01 -4.1737e+00 -2.1175e+00 6.6267e+01 2.2539e+01 -2.0740e-01 1.1099e+00 -1.1585e+00 -2.9379e+01 -1.5776e+00 -5.0493e-01 -1.8155e+00 -3.1001e+01 -8.6383e-01 1.5431e+00 2.3506e-01 -1.3374e+00 3.1156e+01 1.9482e+00 -1.5932e+00 2.6081e+01 -3.5214e-01 -8.0543e-01 -7.9762e-01 -1.2871e-02 1.5573e-01 -1.7571e-01 -3.1666e-01 -4.6915e-01 1.7656e-01 -1.4781e-01 -5.3938e-01 -3.5916e-01 -4.9853e-01 -1.6814e-01 -1.8562e-01 1.6898e-01 2.5527e-01
-1.5544e-01 2.7751e-01 -1.5551e+00 -4.2675e+00 -2.6461e+00 -2.3715e+00 -5.0011e+00 -6.9303e+00 1.7283e+01 -1.0953e+00 2.9768e+00 -3.5344e-01 -2.8781e+00 -1.5147e+00 -3.8314e-01 -7.8263e+00 -1.7945e+00 2.2539e+01 6.6627e+01 -1.2206e+00 -6.0223e-01 -7.0744e-01 -1.5198e+01 -4.7260e+00 -6.3663e-01 -1.1384e-01 -2.0027e+01 -2.5869e-01 1.0614e+00 2.6529e+00 -5.1782e+00 1.9752e+01 -5.1117e-01 -2.5088e+00 1.5919e+01 -4.8387e-01 -6.1308e-01 -2.0139e+00 -8.4606e-02 -7.3285e-01 -8.5459e-02 -2.2263e-01 -3.6460e-01 -1.0329e-01 -3.5208e-01 -9.6638e-01 -5.4334e-01 -4.6983e-01 -2.1510e-02 -1.9762e-01 4.6620e+00 -1.6770e+00
-1.0631e-01 -1.5984e+00 2.3395e-02 -3.3363e-01 -8.3010e-01 -1.0185e+00 5.7313e-01 5.8434e-01 -2.2678e+00 -2.5021e+00 -1.7232e-01 -2.1327e-01 -2.4794e-01 8.9517e-01 -1.5621e-01 -2.8466e+00 -1.0529e-01 -2.0740e-01 -1.2206e+00 1.9174e+01 -6.4658e-02 3.1786e+00 -1.9055e+00 -2.7868e-01 4.7016e+00 -2.0425e+00 -5.9447e-01 9.7992e-01 -1.3162e-01 -1.0069e-01 -1.3556e+00 -2.8353e+00 -9.7793e-02 -1.5560e+00 -2.6906e+00 -2.0631e-01 -8.0480e-02 8.1547e+00 2.1554e-01 -4.7509e-01 -8.6932e-02 -1.0488e-01 -1.0426e-01 -1.3814e-01 -2.5622e-01 -4.6722e-01 -1.7017e-01 -8.2769e-02 2.4924e-02 -1.9333e-01 -4.8754e-01 1.1334e-01
-6.7173e-01 -1.3134e+00 3.1257e-01 -8.8723e-02 1.5323e+00 -4.0420e-03 -6.6111e-01 -3.3981e+00 -4.8190e-01 2.0951e+00 -4.6830e-02 -2.0611e-01 -1.3262e-01 -2.2723e-01 -2.1073e-01 1.7042e+00 -6.6596e-02 1.1099e+00 -6.0223e-01 -6.4658e-02 1.5716e+01 1.0839e-01 -5.8345e-01 -4.2721e-01 -2.5502e-02 1.2506e+00 -1.1497e+00 -1.1402e+00 -3.4001e-01 4.3817e-02 1.6749e-01 2.1255e-01 2.8045e-01 -2.6557e-01 1.0309e+00 -1.4013e-01 -4.2957e-01 1.1198e+00 -1.9593e-02 -3.7112e-01 -4.6351e-02 2.1853e-01 -3.0268e-02 -3.1500e-02 -5.1393e-02 -1.4549e-01 -3.5472e-01 2.5011e-01 -2.2414e-02 -2.8494e-02 -1.4435e-01 -1.9989e-01
-5.4483e+00 3.0244e-01 5.0598e+00 -4.0304e-01 -2.6311e+00 3.9301e-01 -5.6246e+00 -1.7953e+00 -1.5638e+00 -9.1402e-02 -4.5305e-01 -3.3068e-01 -3.2140e-01 -2.7505e-01 -5.6298e-01 -1.1171e+00 -2.7590e-01 -1.1585e+00 -7.0744e-01 3.1786e+00 1.0839e-01 2.4586e+01 -6.4534e+00 4.9916e-01 2.8087e+00 1.3488e+00 -6.2106e+00 -8.4658e-01 -9.8420e-02 -1.8194e-01 -5.2218e-01 -2.1516e+00 -3.6452e-02 -3.5732e-02 -1.1891e+00 7.1202e-03 -1.4096e-01 2.3178e+00 -1.5707e-01 4.1210e+00 -4.4958e-02 -6.4113e-02 -2.5784e-01 -9.0866e-02 -1.8298e-01 -1.2705e-01 -7.1105e-01 5.0760e-01 -9.8846e-02 -2.9844e-01 -5.4745e-01 -4.1698e-02
2.1396e+01 -5.5842e-02 -5.5228e+00 -1.5838e+00 -1.5294e+00 -5.6137e-01 3.1144e+01 1.0962e+01 -3.0318e+01 -8.3854e-01 2.6006e+00 8.7840e-01 1.7789e+00 2.4605e+00 -4.5147e-01 5.7497e+00 2.0945e+00 -2.9379e+01 -1.5198e+01 -1.9055e+00 -5.8345e-01 -6.4534e+00 8.8971e+01 1.7947e+00 2.1591e-01 2.3861e+00 6.0967e+01 -1.2248e+00 -1.8539e+00 7.6882e-01 2.3030e+00 -5.0781e+01 -1.6135e+00 6.7918e-02 -4.5724e+01 -3.2554e+00 1.0641e+00 -2.2653e+00 -3.3110e-01 -2.6263e+00 1.2085e-01 -4.0334e-01 2.3627e-01 1.5476e-01 7.2097e-02 7.3854e-01 6.7673e-01 -1.4553e+00 7.0423e-03 3.2051e-01 5.2107e-01 -3.4174e-01
-1.1398e+00 1.6846e-01 1.6562e+00 -8.9420e-02 5.3635e-02 -1.1067e+00 1.6392e+00 8.8927e+00 3.5308e-01 -2.9146e-01 5.5254e-01 3.6406e-01 -8.1813e-01 -1.5799e+00 -4.6722e-01 -5.6505e+00 -8.5298e-02 -1.5776e+00 -4.7260e+00 -2.7868e-01 -4.2721e-01 4.9916e-01 1.7947e+00 4.0506e+01 6.7638e-01 -1.9686e+00 2.1045e+00 -4.0743e-01 -2.1845e-01 5.3604e-01 8.2818e-01 1.4698e+00 2.0852e-01 1.3768e+01 -7.1622e+00 2.2135e-01 -1.0614e-01 -1.6996e+00 -2.6903e-01 1.2571e+00 1.1108e-01 2.3103e-01 -1.6681e-01 -2.1122e-01 -3.4648e-01 -4.8373e-01 2.5578e-01 1.3771e+00 -1.0581e-01 7.2400e-01 -2.2899e-01 2.3505e-02
-6.9615e-02 -9.2054e-01 -3.7845e-02 -6.2457e-02 6.6637e-02 -4.2159e-01 -1.6799e-01 1.6371e+00 -7.5774e-01 5.6675e-01 -1.2140e-01 -4.5315e-02 -6.9077e-01 -1.5302e-01 -1.1970e-01 -1.7304e+00 -3.3762e-02 -5.0493e-01 -6.3663e-01 4.7016e+00 -2.5502e-02 2.8087e+00 2.1591e-01 6.7638e-01 1.3345e+01 -2.8455e-02 -2.7560e-01 -2.8390e-01 3.3353e-01 9.0859e-02 -5.5790e-01 -1.3698e+00 -3.7819e-02 -7.7249e-01 -1.9162e+00 -1.0515e-01 -1.0845e-03 4.3147e+00 -5.0181e-02 -3.4084e-01 -1.5618e-02 -9.4848e-02 -1.5647e-01 -1.1632e-01 -1.8195e-01 -1.9778e-01 -1.0815e-01 -5.6695e-02 -9.1819e-02 -6.1783e-02 -2.8001e-01 -5.3065e-01
2.5216e-01 6.5335e+00 -1.4638e+00 1.1594e+00 -4.7101e-01 4.0306e+00 3.0575e-02 -2.6019e+01 -1.8848e+00 1.2316e+01 -7.0199e-01 -3.2315e+00 3.8814e-01 5.2703e-01 6.6814e-02 2.0333e+00 -2.2969e+00 -1.8155e+00 -1.1384e-01 -2.0425e+00 1.2506e+00 1.3488e+00 2.3861e+00 -1.9686e+00 -2.8455e-02 5.1123e+01 4.5820e+00 5.9598e+00 8.1870e-01 -1.4069e+00 2.1833e+00 3.6408e+00 1.7712e-01 1.1362e+00 1.6335e+00 -7.7854e-01 -4.1998e+00 -8.1906e-01 7.9296e-01 -1.3521e+00 1.9410e-01 2.4921e-01 7.6938e-02 -1.2973e-01 -4.7218e-01 -2.5935e-01 1.0187e+00 -5.2407e-01 1.7724e-01 8.4629e-02 5.9437e-01 8.8263e+00
2.1732e+01 1.2306e-02 -5.8827e+00 -3.3053e-01 -7.3223e-01 2.2300e+00 3.4113e+01 4.2422e+00 -3.1117e+01 -1.3122e+00 1.9191e+00 1.2168e+00 4.6865e-01 3.4682e+00 -1.8666e-01 2.8393e+00 2.5965e+00 -3.1001e+01 -2.0027e+01 -5.9447e-01 -1.1497e+00 -6.2106e+00 6.0967e+01 2.1045e+00 -2.7560e-01 4.5820e+00 1.0598e+02 -4.1867e+00 1.7478e+00 4.8949e-01 2.3690e+00 -6.3812e+01 -3.0773e+00 -2.7317e-01 -5.1344e+01 -3.4134e+00 4.6979e-01 8.0735e-01 -8.3312e-03 5.6981e+00 6.5081e-02 -2.3657e-01 2.1457e+00 5.8972e-03 -3.5973e-01 3.7357e-01 4.0081e-01 -1.3766e+00 2.2410e-02 -6.3070e-01 3.4367e-01 6.9990e-01
9.9858e-02 -1.9357e+00 -1.4136e-01 -5.9231e-02 -1.7707e-01 -6.5849e+00 -7.8093e-01 9.9259e+00 2.7964e-01 -3.9673e+00 1.7509e-01 -3.3392e-01 -1.2484e-01 1.8010e-01 -1.0165e-01 -6.1868e-01 -6.3554e-01 -8.6383e-01 -2.5869e-01 9.7992e-01 -1.1402e+00 -8.4658e-01 -1.2248e+00 -4.0743e-01 -2.8390e-01 5.9598e+00 -4.1867e+00 3.4973e+01 -2.4385e-01 -1.0198e-01 6.1287e+00 7.1817e-01 -1.1664e-01 3.9629e+00 -2.3042e+00 1.2486e-01 -1.0287e+00 1.3676e+00 -3.2358e-01 -1.4081e+00 -1.5910e-01 -2.9019e-01 1.7182e-01 1.3361e-01 -5.5133e-03 -2.9353e-01 3.6585e+00 -2.4771e-01 -1.0092e-01 -1.5055e-01 -7.1200e-02 1.3717e-01
3.8782e-01 8.7678e-01 -2.0039e+00 -1.5372e-02 -1.8138e-01 3.2938e-01 5.1118e-01 -2.0386e+00 1.0288e+00 1.7167e+00 -4.7948e-01 -2.5311e-01 -1.2060e-01 9.4881e-01 5.6110e-01 4.4226e-01 4.0922e-01 1.5431e+00 1.0614e+00 -1.3162e-01 -3.4001e-01 -9.8420e-02 -1.8539e+00 -2.1845e-01 3.3353e-01 8.1870e-01 1.7478e+00 -2.4385e-01 1.4994e+01 4.9211e-02 -3.7539e-01 4.0856e-01 -1.6675e-01 -3.1540e-01 1.7166e+00 -1.8028e-01 -1.9513e-01 -1.4720e-01 6.2360e-01 -3.3471e-01 -6.2739e-02 -9.8148e-02 -1.0525e-01 -2.8624e-02 -4.6923e-02 -1.4206e-01 3.7871e-02 1.2400e+00 1.7439e-02 -1.6851e-02 -1.0455e-01 -5.5867e-02
1.6202e-01 3.7838e-02 -1.2176e-01 1.0106e-01 2.5677e-01 -6.7103e-01 2.8109e-01 2.8319e-01 -8.2398e-03 -1.7606e-01 2.8458e+00 5.6213e-02 -1.4447e-01 -1.6333e-01 -4.8837e-03 -6.6556e-01 -2.4067e-01 2.3506e-01 2.6529e+00 -1.0069e-01 4.3817e-02 -1.8194e-01 7.6882e-01 5.3604e-01 9.0859e-02 -1.4069e+00 4.8949e-01 -1.0198e-01 4.9211e-02 1.1711e+01 2.9297e-01 -6.0792e-01 -1.6827e-01 -3.6385e-01 -5.3524e-01 -1.1774e-01 -7.5116e-02 -1.9196e-01 -6.4730e-02 -4.2147e-01 5.3966e-02 -6.6054e-02 -1.1883e-01 -3.3681e-02 -6.4527e-02 6.6827e-01 -8.1221e-02 -1.0588e-01 -4.8205e-02 3.7352e-03 1.4719e-02 -6.9152e-01
-1.8005e+00 -2.8064e+00 2.3358e+00 2.1906e-01 -1.0736e-01 4.1274e-01 -3.5185e-01 -5.0363e+00 -1.3930e-01 -2.3436e+00 2.0728e-01 -4.1908e-01 -1.8616e+00 -1.6176e+00 7.2186e-01 9.4165e-01 -5.0283e-01 -1.3374e+00 -5.1782e+00 -1.3556e+00 1.6749e-01 -5.2218e-01 2.3030e+00 8.2818e-01 -5.5790e-01 2.1833e+00 2.3690e+00 6.1287e+00 -3.7539e-01 2.9297e-01 4.7763e+01 -6.6806e+00 2.8237e-01 -1.4222e+00 1.5743e+00 2.2775e-01 -5.2538e-01 -3.8955e-01 -3.2405e-01 9.8676e-01 -1.2859e-01 -3.4176e-01 -1.1756e-01 -1.9145e-01 -2.7881e-01 -5.2283e-01 -5.6840e-01 -4.5867e-01 -1.3865e-01 -2.2591e-01 -7.2363e-03 -3.6253e-02
-1.3362e+01 3.4423e+00 5.0259e+00 -1.5918e+00 6.2527e-01 -1.1272e+00 -2.5108e+01 -1.7003e+01 3.0872e+01 7.8509e+00 -4.1020e+00 -2.9320e+00 9.8044e+00 -3.6779e+00 -2.1329e+00 -2.8216e+00 -2.3894e+00 3.1156e+01 1.9752e+01 -2.8353e+00 2.1255e-01 -2.1516e+00 -5.0781e+01 1.4698e+00 -1.3698e+00 3.6408e+00 -6.3812e+01 7.1817e-01 4.0856e-01 -6.0792e-01 -6.6806e+00 1.4589e+02 2.4074e+00 3.5179e+00 6.1995e+01 -2.0294e-01 -1.7684e+00 -3.2109e+00 2.3920e-01 -7.6937e+00 -3.7375e-01 -4.1873e-02 -1.3173e+00 1.1345e+00 1.5107e+00 -1.8556e+00 -8.3543e-01 1.2020e+00 2.1223e-01 1.3383e-02 1.1055e+00 -1.3394e+00
-4.6117e-02 -8.9331e-02 -1.0623e+00 -4.7119e-01 -8.0451e-01 -4.8925e-01 1.3025e-01 -1.4444e-01 1.6458e+00 2.2185e-01 -3.8505e-01 -2.1877e-01 -6.2268e-02 -3.1028e-01 6.1437e-01 -7.9286e-01 -3.1144e-01 1.9482e+00 -5.1117e-01 -9.7793e-02 2.8045e-01 -3.6452e-02 -1.6135e+00 2.0852e-01 -3.7819e-02 1.7712e-01 -3.0773e+00 -1.1664e-01 -1.6675e-01 -1.6827e-01 2.8237e-01 2.4074e+00 1.0676e+01 -1.1254e-01 3.1509e+00 6.0974e-02 -9.3195e-02 -1.0077e-01 1.2660e-02 -7.0746e-02 -1.4960e-02 5.6475e-03 -1.4683e-01 7.7055e-03 -4.4132e-02 3.1474e-02 -5.5593e-02 -1.4842e-01 -1.8489e-02 -2.7059e-02 -4.0365e-01 -1.3039e-01
-1.1998e+00 -1.2349e+00 9.6059e-01 -1.3152e-01 2.3939e-01 -1.7887e+00 7.1243e-02 4.4064e+00 2.1475e+00 -1.4700e+00 -2.6616e-01 4.1896e-01 -8.1751e-01 -9.9101e-01 -4.0437e-01 -3.8634e+00 -3.5565e-01 -1.5932e+00 -2.5088e+00 -1.5560e+00 -2.6557e-01 -3.5732e-02 6.7918e-02 1.3768e+01 -7.7249e-01 1.1362e+00 -2.7317e-01 3.9629e+00 -3.1540e-01 -3.6385e-01 -1.4222e+00 3.5179e+00 -1.1254e-01 3.5837e+01 -3.1376e+00 -2.8538e-01 -2.6893e-01 7.0616e-01 1.2909e-01 -1.0926e+00 1.2942e-01 -2.3664e-01 -2.4570e-02 -3.0891e-01 -4.1307e-01 1.0945e+00 4.0039e+00 1.8894e+00 -2.3314e-02 -3.7242e-01 -2.2000e-01 -6.2085e-01
-1.2139e+01 1.0217e+00 5.4146e+00 5.9959e-01 2.0457e-01 -7.0107e-01 -2.1502e+01 -1.2067e+01 3.8394e+01 -2.5995e+00 -3.2562e+00 -2.0841e+00 -3.4010e+00 -7.7496e-01 -2.1911e-01 1.3638e+01 -1.9427e-01 2.6081e+01 1.5919e+01 -2.6906e+00 1.0309e+00 -1.1891e+00 -4.5724e+01 -7.1622e+00 -1.9162e+00 1.6335e+00 -5.1344e+01 -2.3042e+00 1.7166e+00 -5.3524e-01 1.5743e+00 6.1995e+01 3.1509e+00 -3.1376e+00 1.0943e+02 -1.5833e+00 -1.0827e+00 -4.7609e+00 1.2133e-01 -3.7086e+00 -5.4262e-02 7.2502e-01 -8.6710e-01 -3.0574e-01 -3.3565e-01 -1.0556e+00 -2.2582e-01 1.2986e+00 -4.5087e-01 -8.2224e-01 6.6530e-02 1.0775e-02
-1.2834e+00 -7.3671e-01 -2.4637e-01 2.7689e-02 -8.8388e-02 1.3752e-01 -1.4616e+00 1.2114e+00 1.2719e+00 -4.5064e-01 1.6407e+00 -1.8116e-01 3.4227e-01 4.9771e-01 6.5812e-03 -5.5934e-01 -1.2368e-01 -3.5214e-01 -4.8387e-01 -2.0631e-01 -1.4013e-01 7.1202e-03 -3.2554e+00 2.2135e-01 -1.0515e-01 -7.7854e-01 -3.4134e+00 1.2486e-01 -1.8028e-01 -1.1774e-01 2.2775e-01 -2.0294e-01 6.0974e-02 -2.8538e-01 -1.5833e+00 1.1963e+01 -7.9556e-02 -4.1075e-01 2.0002e-02 -2.2363e-01 -2.4474e-02 4.0483e-01 -2.6845e-02 -4.2439e-02 -5.2309e-02 -1.5587e-01 -3.2951e-01 -1.2664e-01 -2.2976e-02 -4.5204e-02 2.2665e-02 -1.0040e-02
2.0996e-01 -1.4823e+00 -5.6325e-01 5.0434e-02 8.5342e-02 3.2445e-01 3.9124e-01 2.8443e+00 -7.7794e-01 -2.2383e+00 -1.3461e-01 -1.8860e-01 -1.4247e-01 -2.2431e-01 -3.7493e-02 9.2644e-02 -6.5054e-02 -8.0543e-01 -6.1308e-01 -8.0480e-02 -4.2957e-01 -1.4096e-01 1.0641e+00 -1.0614e-01 -1.0845e-03 -4.1998e+00 4.6979e-01 -1.0287e+00 -1.9513e-01 -7.5116e-02 -5.2538e-01 -1.7684e+00 -9.3195e-02 -2.6893e-01 -1.0827e+00 -7.9556e-02 1.0781e+01 1.0636e-01 -5.9687e-02 -5.3021e-02 4.2748e-02 -4.8670e-02 -3.5313e-02 -1.3210e-02 -3.0891e-02 -8.4445e-02 -2.2923e-01 -1.4165e-01 -1.9401e-02 -3.7743e-02 3.8381e-02 4.2124e-02
3.1163e-01 -4.2595e-01 2.3101e-01 -3.6745e-01 -2.0291e-01 -1.5729e-01 1.0646e+00 1.4581e+00 -4.4573e+00 -9.1180e-01 -3.3030e-01 -3.8480e-01 -2.6199e+00 -1.1506e+00 -3.0455e-02 -4.2699e+00 -2.7064e-01 -7.9762e-01 -2.0139e+00 8.1547e+00 1.1198e+00 2.3178e+00 -2.2653e+00 -1.6996e+00 4.3147e+00 -8.1906e-01 8.0735e-01 1.3676e+00 -1.4720e-01 -1.9196e-01 -3.8955e-01 -3.2109e+00 -1.0077e-01 7.0616e-01 -4.7609e+00 -4.1075e-01 1.0636e-01 2.5627e+01 -3.2122e-02 -2.6348e-01 -8.4316e-02 -1.1757e-01 -7.1909e-02 -2.6102e-01 -1.8157e-01 1.1772e+00 3.5551e-01 1.9662e-01 -2.1672e-01 -3.6509e-01 -3.9338e-01 5.4381e-02
-2.9215e-01 6.6374e-02 1.4244e-01 -1.2559e+00 -1.2650e+00 -3.3329e-01 -1.9289e-01 -1.0719e+00 3.2675e-02 1.8045e-01 -1.1473e-01 2.0269e-01 1.1354e-02 1.0002e-01 5.9559e-01 7.6296e-01 5.4050e-04 -1.2871e-02 -8.4606e-02 2.1554e-01 -1.9593e-02 -1.5707e-01 -3.3110e-01 -2.6903e-01 -5.0181e-02 7.9296e-01 -8.3312e-03 -3.2358e-01 6.2360e-01 -6.4730e-02 -3.2405e-01 2.3920e-01 1.2660e-02 1.2909e-01 1.2133e-01 2.0002e-02 -5.9687e-02 -3.2122e-02 1.1865e+01 2.5083e+00 -2.1933e-02 8.5783e-03 2.4075e-02 -3.5878e-02 -8.4076e-02 -6.8067e-02 2.1978e-01 -5.3149e-02 3.6760e-01 2.4623e-01 -1.5788e+00 2.3805e+00
-1.7380e+00 9.2484e-01 -4.1193e-01 -1.8265e+00 -2.3514e+00 -1.4784e+00 -1.3385e+00 -7.0314e-01 6.4390e-01 -5.5695e-01 4.5978e-01 -5.5800e-01 -3.4367e-01 -3.2950e-01 -7.8527e-01 -7.0553e-01 1.6342e-01 1.5573e-01 -7.3285e-01 -4.7509e-01 -3.7112e-01 4.1210e+00 -2.6263e+00 1.2571e+00 -3.4084e-01 -1.3521e+00 5.6981e+00 -1.4081e+00 -3.3471e-01 -4.2147e-01 9.8676e-01 -7.6937e+00 -7.0746e-02 -1.0926e+00 -3.7086e+00 -2.2363e-01 -5.3021e-02 -2.6348e-01 2.5083e+00 3.6802e+01 -4.4764e-02 -2.6835e-01 -4.9447e-01 -1.1133e-01 -3.3615e-02 -1.7148e-01 -5.1909e-01 -2.4940e-02 -8.6004e-02 3.2488e+00 -2.5189e+00 8.8551e+00
3.5784e-02 3.4683e-01 -1.2738e-03 1.9286e-02 -1.0190e-03 8.9875e-02 1.1643e-01 -2.3524e-01 1.4430e-01 1.8352e-01 -1.3373e-02 7.2306e-02 -7.9606e-02 2.5713e-02 -1.8676e-02 -5.6545e-03 1.7779e-01 -1.7571e-01 -8.5459e-02 -8.6932e-02 -4.6351e-02 -4.4958e-02 1.2085e-01 1.1108e-01 -1.5618e-02 1.9410e-01 6.5081e-02 -1.5910e-01 -6.2739e-02 5.3966e-02 -1.2859e-01 -3.7375e-01 -1.4960e-02 1.2942e-01 -5.4262e-02 -2.4474e-02 4.2748e-02 -8.4316e-02 -2.1933e-02 -4.4764e-02 3.8639e+00 -8.7387e-03 1.4331e-01 5.4210e-03 -1.8593e-02 -4.5626e-02 -5.2754e-02 -2.8764e-02 -8.3843e-03 -2.4023e-02 5.0563e-03 2.4862e-03
-6.9158e-02 4.4333e-01 6.2416e-02 -6.1065e-03 -4.6141e-02 1.2988e-01 -1.5659e-01 -2.1895e-01 -2.6294e-01 5.4395e-01 -7.2510e-02 -1.6682e-02 -2.4556e-01 -1.5547e-01 -8.5518e-02 -2.5146e-01 -2.0503e-02 -3.1666e-01 -2.2263e-01 -1.0488e-01 2.1853e-01 -6.4113e-02 -4.0334e-01 2.3103e-01 -9.4848e-02 2.4921e-01 -2.3657e-01 -2.9019e-01 -9.8148e-02 -6.6054e-02 -3.4176e-01 -4.1873e-02 5.6475e-03 -2.3664e-01 7.2502e-01 4.0483e-01 -4.8670e-02 -1.1757e-01 8.5783e-03 -2.6835e-01 -8.7387e-03 7.5801e+00 -4.7038e-02 -1.9641e-02 -1.4108e-02 -7.8533e-02 -1.0978e-01 -6.6403e-02 3.9170e-03 -3.1934e-02 9.4747e-02 3.1229e-02
1.6071e-01 6.9211e-02 3.9033e-03 -1.7059e-01 -2.3771e-01 -1.3278e-02 -2.4982e-01 3.1132e-01 -3.9472e-01 -8.5691e-02 -6.9275e-02 -6.2976e-02 -3.4864e-02 -7.0541e-02 -2.7012e-01 2.0501e-02 -1.1431e-01 -4.6915e-01 -3.6460e-01 -1.0426e-01 -3.0268e-02 -2.5784e-01 2.3627e-01 -1.6681e-01 -1.5647e-01 7.6938e-02 2.1457e+00 1.7182e-01 -1.0525e-01 -1.1883e-01 -1.1756e-01 -1.3173e+00 -1.4683e-01 -2.4570e-02 -8.6710e-01 -2.6845e-02 -3.5313e-02 -7.1909e-02 2.4075e-02 -4.9447e-01 1.4331e-01 -4.7038e-02 9.8496e+00 1.3033e-01 6.6664e-01 8.5239e-02 -8.7757e-02 1.0115e-01 -2.0759e-02 -8.0183e-03 -3.0722e-01 -1.4810e-01
-1.2534e-02 -1.8214e-02 1.0763e-02 -2.2015e-03 2.7570e-03 -1.3881e-01 -8.4286e-02 3.6781e-01 -6.0478e-01 6.6368e-02 -6.0194e-02 1.3590e-01 -5.1052e-02 -8.2173e-02 -2.6172e-02 -6.3611e-02 2.1563e-01 1.7656e-01 -1.0329e-01 -1.3814e-01 -3.1500e-02 -9.0866e-02 1.5476e-01 -2.1122e-01 -1.1632e-01 -1.2973e-01 5.8972e-03 1.3361e-01 -2.8624e-02 -3.3681e-02 -1.9145e-01 1.1345e+00 7.7055e-03 -3.0891e-01 -3.0574e-01 -4.2439e-02 -1.3210e-02 -2.6102e-01 -3.5878e-02 -1.1133e-01 5.4210e-03 -1.9641e-02 1.3033e-01 4.8452e+00 -4.8800e-02 -6.7527e-02 -2.4824e-02 -2.9381e-02 -2.1855e-02 -3.8891e-02 -1.3503e-02 -2.5833e-02
-2.1127e-01 -1.6634e-01 5.0066e-02 -1.0388e-01 -3.9823e-02 5.7470e-02 -2.4412e-01 5.1841e-01 -8.8903e-01 -4.2860e-01 -3.8236e-02 -4.0052e-02 1.5491e+00 -7.8926e-02 6.1530e-01 -5.5414e-01 -8.2927e-02 -1.4781e-01 -3.5208e-01 -2.5622e-01 -5.1393e-02 -1.8298e-01 7.2097e-02 -3.4648e-01 -1.8195e-01 -4.7218e-01 -3.5973e-01 -5.5133e-03 -4.6923e-02 -6.4527e-02 -2.7881e-01 1.5107e+00 -4.4132e-02 -4.1307e-01 -3.3565e-01 -5.2309e-02 -3.0891e-02 -1.8157e-01 -8.4076e-02 -3.3615e-02 -1.8593e-02 -1.4108e-02 6.6664e-01 -4.8800e-02 8.0383e+00 -7.5199e-02 -8.4775e-02 -3.6477e-02 -4.7222e-02 1.2239e-01 -2.1018e-01 2.1287e-03
2.3262e-02 3.7751e-01 2.6844e-01 4.7650e-02 -1.8242e-01 -2.9025e-01 5.9595e-01 7.2004e-01 -1.0715e+00 3.2332e-01 -2.2296e-01 -1.9275e-01 -8.2389e-01 4.1595e-01 1.7571e-01 -7.2310e-01 -1.0098e-01 -5.3938e-01 -9.6638e-01 -4.6722e-01 -1.4549e-01 -1.2705e-01 7.3854e-01 -4.8373e-01 -1.9778e-01 -2.5935e-01 3.7357e-01 -2.9353e-01 -1.4206e-01 6.6827e-01 -5.2283e-01 -1.8556e+00 3.1474e-02 1.0945e+00 -1.0556e+00 -1.5587e-01 -8.4445e-02 1.1772e+00 -6.8067e-02 -1.7148e-01 -4.5626e-02 -7.8533e-02 8.5239e-02 -6.7527e-02 -7.5199e-02 1.1602e+01 -8.6256e-02 -8.1434e-02 -3.4148e-02 -1.7100e-01 -1.1210e-02 -3.7725e-01
1.0065e+00 4.1101e-01 -1.0493e+00 -6.3247e-02 -1.3700e+00 -6.8120e-01 6.0861e-01 1.5426e+00 -4.7806e-01 -1.1938e+00 -4.2549e-01 2.3214e-01 -1.1592e-01 -2.0205e-01 -3.4744e-02 -1.9163e-01 -9.9255e-02 -3.5916e-01 -5.4334e-01 -1.7017e-01 -3.5472e-01 -7.1105e-01 6.7673e-01 2.5578e-01 -1.0815e-01 1.0187e+00 4.0081e-01 3.6585e+00 3.7871e-02 -8.1221e-02 -5.6840e-01 -8.3543e-01 -5.5593e-02 4.0039e+00 -2.2582e-01 -3.2951e-01 -2.2923e-01 3.5551e-01 2.1978e-01 -5.1909e-01 -5.2754e-02 -1.0978e-01 -8.7757e-02 -2.4824e-02 -8.4775e-02 -8.6256e-02 1.5013e+01 1.4865e-02 -1.3487e-02 -1.4352e-01 -9.3815e-02 5.9668e-02
-6.3265e-01 -8.1867e-02 -3.1236e-01 -9.1515e-02 -5.5649e-02 1.0448e-01 -3.9508e-01 3.7618e-01 -6.2495e-01 -6.4561e-02 1.5504e-01 -9.4793e-02 -2.9618e-01 -8.4048e-02 -3.4645e-02 4.1436e-01 -1.8034e-01 -4.9853e-01 -4.6983e-01 -8.2769e-02 2.5011e-01 5.0760e-01 -1.4553e+00 1.3771e+00 -5.6695e-02 -5.2407e-01 -1.3766e+00 -2.4771e-01 1.2400e+00 -1.0588e-01 -4.5867e-01 1.2020e+00 -1.4842e-01 1.8894e+00 1.2986e+00 -1.2664e-01 -1.4165e-01 1.9662e-01 -5.3149e-02 -2.4940e-02 -2.8764e-02 -6.6403e-02 1.0115e-01 -2.9381e-02 -3.6477e-02 -8.1434e-02 1.4865e-02 1.0269e+01 -1.0115e-02 -5.6289e-02 -1.7463e-01 -1.1157e-02
-5.9141e-02 7.2368e-02 6.3583e-04 -9.5941e-02 7.2741e-02 7.8679e-02 -1.5419e-02 -2.2699e-01 -5.4303e-01 2.6290e-01 -2.4105e-02 -1.7897e-03 -4.7131e-02 -3.5422e-02 -1.5146e-02 -4.5893e-01 -4.4129e-02 -1.6814e-01 -2.1510e-02 2.4924e-02 -2.2414e-02 -9.8846e-02 7.0423e-03 -1.0581e-01 -9.1819e-02 1.7724e-01 2.2410e-02 -1.0092e-01 1.7439e-02 -4.8205e-02 -1.3865e-01 2.1223e-01 -1.8489e-02 -2.3314e-02 -4.5087e-01 -2.2976e-02 -1.9401e-02 -2.1672e-01 3.6760e-01 -8.6004e-02 -8.3843e-03 3.9170e-03 -2.0759e-02 -2.1855e-02 -4.7222e-02 -3.4148e-02 -1.3487e-02 -1.0115e-02 4.1571e+00 5.6877e-02 7.4626e-02 -1.0899e-01
-3.1485e-01 1.2549e-01 -3.8805e-01 5.7035e-02 1.0496e-01 -4.8004e-01 -5.4819e-01 -3.1815e-02 -5.1211e-01 -6.5992e-01 -9.1788e-02 -8.3082e-03 -4.5657e-01 -2.5143e-02 -9.9361e-02 -1.4438e-01 2.0435e-01 -1.8562e-01 -1.9762e-01 -1.9333e-01 -2.8494e-02 -2.9844e-01 3.2051e-01 7.2400e-01 -6.1783e-02 8.4629e-02 -6.3070e-01 -1.5055e-01 -1.6851e-02 3.7352e-03 -2.2591e-01 1.3383e-02 -2.7059e-02 -3.7242e-01 -8.2224e-01 -4.5204e-02 -3.7743e-02 -3.6509e-01 2.4623e-01 3.2488e+00 -2.4023e-02 -3.1934e-02 -8.0183e-03 -3.8891e-02 1.2239e-01 -1.7100e-01 -1.4352e-01 -5.6289e-02 5.6877e-02 7.7988e+00 4.6392e-02 -6.4863e-02
1.4471e-01 -4.7156e-02 -5.1049e-01 1.0949e+01 7.7892e+00 1.1731e+00 -1.2946e+00 2.5265e-01 -2.7254e-01 -1.3699e-01 9.8992e-02 5.0830e-02 -2.8607e-01 1.0383e-02 -5.3554e-01 1.5734e-01 2.9346e-02 1.6898e-01 4.6620e+00 -4.8754e-01 -1.4435e-01 -5.4745e-01 5.2107e-01 -2.2899e-01 -2.8001e-01 5.9437e-01 3.4367e-01 -7.1200e-02 -1.0455e-01 1.4719e-02 -7.2363e-03 1.1055e+00 -4.0365e-01 -2.2000e-01 6.6530e-02 2.2665e-02 3.8381e-02 -3.9338e-01 -1.5788e+00 -2.5189e+00 5.0563e-03 9.4747e-02 -3.0722e-01 -1.3503e-02 -2.1018e-01 -1.1210e-02 -9.3815e-02 -1.7463e-01 7.4626e-02 4.6392e-02 1.5475e+01 -1.8038e+00
-1.1425e-01 1.2487e-02 -4.1670e-02 -5.2169e-01 -1.0191e+00 4.5842e+00 -1.9342e-01 1.2774e+00 -1.6416e-01 1.2801e-01 -3.2121e-02 7.8899e-02 4.2179e-01 -2.8262e-02 -5.8160e-01 1.9533e-01 2.8239e-02 2.5527e-01 -1.6770e+00 1.1334e-01 -1.9989e-01 -4.1698e-02 -3.4174e-01 2.3505e-02 -5.3065e-01 8.8263e+00 6.9990e-01 1.3717e-01 -5.5867e-02 -6.9152e-01 -3.6253e-02 -1.3394e+00 -1.3039e-01 -6.2085e-01 1.0775e-02 -1.0040e-02 4.2124e-02 5.4381e-02 2.3805e+00 8.8551e+00 2.4862e-03 3.1229e-02 -1.4810e-01 -2.5833e-02 2.1287e-03 -3.7725e-01 5.9668e-02 -1.1157e-02 -1.0899e-01 -6.4863e-02 -1.8038e+00 1.8673e+01
