9.6307e+01 -2.3928e+00 5.7107e+00 4.1090e+00 -7.4915e+00 -2.7145e+00 1.3129e+01 -1.3148e+01 -5.7827e+01 1.7469e+01 -3.9641e+00 -1.7223e+00 6.8167e+00 3.9940e-01 -3.3072e+01 8.8990e-01 1.0180e-01 3.9332e+01 -1.9978e+00 2.8027e-01 -1.6586e+01 1.1276e-01 1.5411e+01 -9.7859e+00 1.8982e+01 1.1799e+01 1.8705e+00 -1.0215e+01 3.6122e+00 4.9447e+00 4.2178e-01 -5.4071e-01 -1.2886e+01 -9.3932e+00 1.1668e+00 1.2029e+01 9.9271e+00 -5.4729e+00 2.9849e-01 2.2644e+00 2.0512e+00 -1.0054e+00 -1.2879e-01 3.0150e-04 -2.4376e+00 -8.7094e-01 -2.3164e-02 2.4709e-01 5.5513e-01 3.2604e-01 1.1926e+00 -1.5100e+00
-2.3928e+00 1.9275e+01 8.5090e-02 5.0104e-01 -1.8928e+00 1.2509e+01 -1.9736e+00 -4.5724e+00 4.4109e-02 2.2149e-01 -1.1522e-01 -4.4502e-01 7.2684e-01 -1.1141e-01 1.3500e-02 4.6611e-01 -5.9551e-01 -4.4576e+00 4.4754e-02 -2.9763e-01 1.9241e+00 -1.3358e-01 -6.8173e-01 -2.2207e-01 1.0696e+00 -5.7715e-01 4.4662e-01 -3.8701e-01 -4.2051e-01 -5.2449e-02 -2.0055e-01 -1.3305e+00 -4.3704e-02 -1.2088e+00 -2.9036e-01 1.2479e-01 -9.3531e-01 3.0603e-02 5.5270e-02 9.2411e-02 -2.5332e+00 -6.6421e-01 -9.0368e-03 -6.0003e-02 1.6805e-02 -5.2501e-02 1.5440e-01 8.7978e-02 -5.3739e-01 2.0551e-02 -2.1160e+00 1.0297e+01
5.7107e+00 8.5090e-02 4.4948e+01 1.7707e+00 9.7202e+00 2.0602e+00 2.4338e+01 -2.6812e+01 -1.5731e+01 -2.3549e+00 -2.2002e+00 4.2197e-01 5.6453e+00 5.3057e-01 -1.8092e+01 2.2107e+00 1.1126e-01 4.1534e+00 -1.2152e+00 -1.4833e-01 -1.9850e+01 6.5332e-02 7.2078e-02 -3.7013e-01 8.6081e-01 1.8857e+01 5.2984e-02 5.9031e-01 3.4307e-01 -1.3166e-01 1.8022e-01 -5.8098e-01 2.5609e+00 -3.3447e+00 -1.2390e+00 4.1290e-01 -2.2554e+00 -6.9676e-01 -6.0641e-01 -3.8294e+00 -4.0639e+00 -6.2866e-01 5.1212e-01 2.6235e-02 -2.5889e-01 2.5005e-01 4.0160e-02 -7.4994e-01 -3.2193e-02 7.9710e-02 4.2513e-01 -5.1738e-02
4.1090e+00 5.0104e-01 1.7707e+00 1.0320e+02 -7.3385e+01 -8.1174e+00 2.2774e+01 -1.7108e+01 -1.7575e+01 1.5180e+01 -3.5781e+00 -5.2345e-01 -9.7670e+00 -6.9384e+00 -5.8948e+00 -5.9796e+00 1.1950e-01 5.3708e+01 4.3398e+00 1.0427e+00 -6.1132e+00 8.5553e-01 8.2944e+00 -6.3344e+00 1.7446e+01 1.3230e+01 -7.5272e+00 -1.9452e+01 -1.2219e+01 7.7406e+00 2.9359e+00 -1.1931e-01 -4.9171e+00 -4.7097e+00 -7.1371e-01 1.0574e+01 1.4611e+01 5.6794e+00 8.3951e-01 3.7293e+00 5.3217e+00 1.3190e+00 -4.5688e-01 2.2934e-01 -2.1370e-01 -1.3484e+00 2.4089e-01 3.4847e-01 1.1977e-01 -1.3589e+00 -8.5316e-01 5.7332e-01
-7.4915e+00 -1.8928e+00 9.7202e+00 -7.3385e+01 1.3768e+02 -1.6904e+01 -1.2337e+01 2.0399e+01 4.9310e+00 -1.8180e+01 9.9183e-01 1.9894e-01 -2.1346e+00 6.8866e+00 -1.0918e+01 -1.4531e+01 -1.8979e-01 -5.3505e+01 -4.5175e+00 -1.1424e+00 -1.3006e+01 -1.2659e+00 -8.1638e+00 4.7923e+00 -1.6224e+01 1.6663e+00 5.3220e+00 2.0261e+01 1.1700e+01 -6.7866e+00 -2.5838e+00 -1.3183e+00 9.3830e-01 2.3103e+00 -7.8324e-01 -1.0643e+01 1.0052e+01 -2.9213e+00 7.0079e-01 -5.6232e+00 1.2624e+01 -2.3259e+00 -6.7691e-02 3.9403e-01 1.7701e-01 5.1386e+00 -3.3451e-01 1.9577e-01 8.5079e-01 1.2981e+00 1.3654e+00 -2.3264e+00
-2.7145e+00 1.2509e+01 2.0602e+00 -8.1174e+00 -1.6904e+01 5.0732e+01 -1.0194e+00 -1.8282e+01 -4.4965e-01 1.7715e-03 -8.7842e-01 -6.3660e-01 7.0896e+00 -4.0022e-01 -1.1536e+00 1.2269e+01 -8.4036e-01 -8.6528e+00 2.1660e-01 2.9662e-02 3.9293e+00 -2.6054e-01 -5.5836e-02 -1.9326e+00 1.6974e+00 -1.4419e+00 8.4773e-01 7.3082e-01 4.9705e-01 2.6492e-01 -6.1162e-02 9.3765e-01 3.0807e-02 1.7417e+00 -2.5106e-02 3.8887e-01 -1.4048e+01 -1.5536e+00 3.0435e-01 6.6898e-01 -1.4802e+01 -1.0770e+00 3.6310e-02 -3.6273e-01 2.1047e-01 -1.5591e+00 2.2401e-01 3.9133e-01 -3.2037e-01 2.7010e-01 -3.3417e+00 4.1440e+00
1.3129e+01 -1.9736e+00 2.4338e+01 2.2774e+01 -1.2337e+01 -1.0194e+00 9.4591e+01 -3.9674e+01 -5.0812e+01 8.3045e+00 -7.2905e+00 8.0251e-01 -3.2249e+00 7.3281e-02 -3.2874e+01 9.3126e-01 -2.0068e-01 3.1104e+01 1.0479e+00 -2.3207e-02 -2.8612e+01 3.5283e-01 6.5483e+00 -3.9957e+00 8.4918e+00 2.8493e+01 4.3439e+00 -7.6121e+00 2.8545e+00 3.0845e+00 1.2166e+00 -2.2435e-03 -5.0365e+00 -1.7359e+01 3.9289e-01 4.0604e+00 7.4587e-01 -9.4375e-01 -8.9934e-01 -1.9226e+00 -3.0553e+00 1.5467e-01 6.6312e-01 2.1043e-01 -2.3501e-01 1.2919e+00 -5.1162e-01 8.0165e-02 -5.0920e-02 1.1338e+00 -7.1506e-01 -6.4464e-01
-1.3148e+01 -4.5724e+00 -2.6812e+01 -1.7108e+01 2.0399e+01 -1.8282e+01 -3.9674e+01 1.4870e+02 4.0316e+01 -1.8602e+01 -2.1543e+00 5.2443e-01 -1.5072e+01 -3.9329e-01 5.5882e+01 -9.6903e+00 2.0950e-01 -4.3631e+01 -6.4873e+00 3.9171e-01 5.7258e+01 -2.3856e+00 9.2971e+00 -2.0886e-01 -8.4781e+00 -1.5045e+01 -8.6504e+00 7.1812e+00 4.9983e+00 -3.9138e+00 -1.7041e+00 -1.4832e+00 4.4936e+00 2.2930e+01 8.2336e-01 4.3087e+00 1.7234e+01 -1.1434e+00 9.4573e-01 -2.9583e+00 1.3918e+01 3.9674e-01 -2.0826e-01 -1.0677e-01 -2.4721e-01 -1.0306e-01 7.3653e-01 -7.8694e-01 6.6602e-01 4.8755e-01 5.4060e+00 -7.2148e+00
-5.7827e+01 4.4109e-02 -1.5731e+01 -1.7575e+01 4.9310e+00 -4.4965e-01 -5.0812e+01 4.0316e+01 1.5118e+02 -3.9306e+01 6.4827e-01 -5.0949e-01 -1.0149e+01 3.7899e+00 8.7469e+01 2.9115e+00 -1.8516e-01 -6.6747e+01 4.7830e+00 -3.0494e+00 5.5486e+01 3.4075e-02 -2.2411e+01 1.7246e+01 -3.0170e+01 -3.7370e+01 1.7146e-01 1.2794e+01 -6.0077e+00 -5.9176e+00 -1.2703e+00 -1.3330e+00 1.9537e+01 2.6290e+01 -1.5147e+00 -1.6924e+01 -1.6042e+01 2.8226e+00 -5.5594e+00 3.9210e+00 -1.7272e+00 -2.7391e-01 -6.8324e-01 -2.1910e-01 1.5256e+00 3.6086e+00 1.5868e-01 7.1082e-01 -3.3533e-01 -1.4985e+00 7.9208e-01 -3.4708e-01
1.7469e+01 2.2149e-01 -2.3549e+00 1.5180e+01 -1.8180e+01 1.7715e-03 8.3045e+00 -1.8602e+01 -3.9306e+01 8.7031e+01 -2.0371e+00 5.4350e-01 -3.3182e+00 -3.3816e+00 -3.2875e+01 -8.3787e+00 -3.7018e-03 5.1062e+01 3.2508e+00 2.5034e+00 -2.3576e+01 -3.4928e-01 -1.8249e+01 -2.5132e+00 1.1216e+00 2.6194e-01 -5.6727e-01 -1.2835e+01 -5.9216e+00 -3.4033e+00 1.2269e+00 4.3892e+00 4.1598e+00 -6.2229e+00 4.4766e+00 -7.3962e+00 -7.7944e+00 -6.9884e+00 -9.2108e+00 -1.3833e+00 7.1178e+00 3.1486e-02 1.9178e-01 4.9415e-01 -1.1644e+00 -8.9456e-02 -1.0902e+00 -9.7776e-01 -1.2561e-01 -2.5897e-03 -1.2618e+00 3.2591e-01
-3.9641e+00 -1.1522e-01 -2.2002e+00 -3.5781e+00 9.9183e-01 -8.7842e-01 -7.2905e+00 -2.1543e+00 6.4827e-01 -2.0371e+00 2.3951e+01 -2.2915e-02 -2.2719e+00 -1.4707e-01 -1.6286e+00 1.3896e+00 -6.6980e-02 -2.3913e+00 -7.7410e-01 -7.7636e-02 -5.0210e-01 -1.9065e-01 1.6808e-01 -8.3954e-01 5.6530e-01 2.2868e-01 -1.1327e+00 -1.4019e+00 -8.3139e-01 -1.2511e+00 1.1850e+00 -5.1595e-02 -1.5939e+00 -1.6065e+00 -2.8331e-01 1.3467e+00 3.5409e-01 -4.3699e-01 2.0096e-01 -6.9289e-01 -1.6235e+00 8.6842e-01 -1.9380e-01 -1.7376e-01 -9.4518e-02 -2.6726e-01 -3.0776e-01 -1.9873e-01 -7.9372e-02 -9.6221e-02 7.7993e-02 -3.9672e-01
-1.7223e+00 -4.4502e-01 4.2197e-01 -5.2345e-01 1.9894e-01 -6.3660e-01 8.0251e-01 5.2443e-01 -5.0949e-01 5.4350e-01 -2.2915e-02 8.4490e+00 6.7961e-02 1.0000e-04 -4.0965e-01 -3.6269e-02 -4.3630e-02 -4.0576e-01 -1.4778e-01 -3.6619e-02 -1.1375e+00 -6.7184e-02 -3.0463e-01 1.7351e-01 -5.0613e-01 1.0531e+00 -5.7230e-01 -6.6120e-02 -1.4289e-01 1.3875e-02 3.0928e-02 1.5803e-01 -1.8212e-01 -6.6513e-01 -1.1706e-01 -3.2714e-01 -3.0002e-01 -6.7717e-02 -2.6487e-01 -2.7892e-01 8.4055e-01 -8.9353e-02 -1.4808e-02 -2.2055e-02 -4.3673e-02 -1.2006e-01 -7.9093e-02 -1.2212e-01 -4.7819e-02 -9.6973e-02 7.9563e-01 -7.5096e-01
6.8167e+00 7.2684e-01 5.6453e+00 -9.7670e+00 -2.1346e+00 7.0896e+00 -3.2249e+00 -1.5072e+01 -1.0149e+01 -3.3182e+00 -2.2719e+00 6.7961e-02 6.8054e+01 8.2084e-02 -1.1757e+01 3.7284e+00 4.5488e-02 -8.8146e+00 -6.2687e-01 -7.2112e-02 -1.3661e+01 3.1423e-01 9.3813e+00 -3.5367e-01 -3.3384e+00 5.8103e-01 -1.3168e+00 9.5594e+00 1.1100e+01 -1.4570e+00 -6.5550e-01 2.9337e+00 4.4826e+00 -3.8723e+00 -1.7581e-01 -1.4964e+00 -6.8264e+00 -3.0237e+00 -2.1538e-01 1.9935e-01 -2.8934e+00 2.7279e+00 1.7217e-01 -3.9335e-01 2.6532e-01 -6.0335e-01 4.0129e-01 1.5983e+00 -1.6253e-01 -2.3271e-01 -1.3135e+00 1.3463e-01
3.9940e-01 -1.1141e-01 5.3057e-01 -6.9384e+00 6.8866e+00 -4.0022e-01 7.3281e-02 -3.9329e-01 3.7899e+00 -3.3816e+00 -1.4707e-01 1.0000e-04 8.2084e-02 1.5089e+01 5.1330e+00 1.1475e-01 -6.2806e-02 -4.9839e+00 -1.9927e-01 -6.5154e-01 7.5870e+00 -1.2247e-01 -1.4058e+00 5.5842e+00 -1.4742e+00 -4.1661e-01 -2.1390e+00 -1.9293e-01 -3.5666e-01 -1.4465e-01 -4.8964e-01 -1.8187e-01 3.9949e+00 2.9732e+00 -2.8072e-01 -1.1674e+00 -1.6041e+00 -1.2369e+00 -1.4119e+00 3.1365e-02 -2.3669e-01 -6.7306e-02 8.9105e-02 -2.1306e-02 -3.1475e-02 6.1563e-01 3.1851e-02 -4.4661e-02 -4.5005e-02 -1.3306e-01 4.1826e-02 -4.4318e-01
-3.3072e+01 1.3500e-02 -1.8092e+01 -5.8948e+00 -1.0918e+01 -1.1536e+00 -3.2874e+01 5.5882e+01 8.7469e+01 -3.2875e+01 -1.6286e+00 -4.0965e-01 -1.1757e+01 5.1330e+00 1.3493e+02 3.9709e+00 -8.2693e-02 -5.9262e+01 -1.0063e+00 -2.0907e+00 8.7752e+01 1.2687e-01 -2.0227e+01 2.0063e+01 -2.4587e+01 -5.0246e+01 -4.2846e+00 2.9083e+00 -7.2704e+00 -7.0100e+00 -2.5058e+00 -3.7628e-01 2.7549e+01 4.0043e+01 -6.3238e-01 -1.2313e+01 -1.2883e+01 2.4649e+00 -8.4430e+00 2.2429e+00 -2.2454e+00 2.3992e+00 -6.0618e-01 -7.3370e-01 -8.2962e-01 -3.3373e-01 1.0110e+00 -9.2751e-02 1.1484e-01 -1.1987e+00 5.6985e-01 -2.2589e-01
8.8990e-01 4.6611e-01 2.2107e+00 -5.9796e+00 -1.4531e+01 1.2269e+01 9.3126e-01 -9.6903e+00 2.9115e+00 -8.3787e+00 1.3896e+00 -3.6269e-02 3.7284e+00 1.1475e-01 3.9709e+00 4.4014e+01 -8.2627e-02 -1.6817e+01 1.0815e-01 9.8738e-02 4.7534e+00 -8.0877e-02 1.1836e-01 -7.3034e+00 -8.2671e-01 -2.5713e+00 -2.3865e+00 3.4249e-01 3.0388e-01 4.5236e-01 -3.0326e-01 -3.1275e+00 -6.9063e+00 -2.8971e-01 -6.0305e-01 3.8601e-01 -1.4224e+01 1.0730e+00 -1.7664e+00 -3.3618e-01 -2.8643e+01 -2.5886e+00 1.4514e-01 -6.8474e-01 -1.9551e-01 -1.3996e+00 -3.3358e-01 1.2553e+00 -3.9903e-01 -4.3322e-01 1.1905e+01 1.3878e-01
1.0180e-01 -5.9551e-01 1.1126e-01 1.1950e-01 -1.8979e-01 -8.4036e-01 -2.0068e-01 2.0950e-01 -1.8516e-01 -3.7018e-03 -6.6980e-02 -4.3630e-02 4.5488e-02 -6.2806e-02 -8.2693e-02 -8.2627e-02 7.9579e+00 2.8769e-01 -1.2440e-01 5.5517e-02 -4.5353e-01 -1.9563e-02 -1.0058e-01 3.6879e-01 2.8465e-02 1.4498e-02 2.0323e-01 -6.6849e-02 3.6002e-01 -1.6262e-01 -7.2315e-02 -1.9096e-01 -5.2912e-01 -1.5178e-01 -8.3612e-02 2.0083e-01 1.5817e-01 4.6843e-01 2.2235e-01 -1.7230e-01 -4.3154e-01 -6.9993e-02 -3.5818e-02 -2.6975e-02 -1.4626e-02 2.0462e-01 -9.7937e-02 -6.4484e-02 -8.3941e-02 -5.5473e-02 -4.5187e-01 7.9675e-02
3.9332e+01 -4.4576e+00 4.1534e+00 5.3708e+01 -5.3505e+01 -8.6528e+00 3.1104e+01 -4.3631e+01 -6.6747e+01 5.1062e+01 -2.3913e+00 -4.0576e-01 -8.8146e+00 -4.9839e+00 -5.9262e+01 -1.6817e+01 2.8769e-01 1.7373e+02 5.1808e+00 -3.2611e-01 -3.7526e+01 6.9404e-01 1.6052e+01 -4.6009e+00 3.6649e+01 2.9126e+01 4.1786e-02 -3.1426e+01 -1.3907e+01 7.9001e+00 4.3269e+00 3.1654e+00 -1.8330e+01 -2.5050e+01 2.9002e+00 2.3307e+01 1.6484e+01 9.7795e-01 2.2503e+00 4.8952e+00 1.2491e+01 -1.7851e+00 6.6470e-01 2.7647e-01 -1.3564e+00 -2.3003e+00 1.9321e+00 -4.2247e-01 -4.5647e-01 -1.1934e+00 -3.7161e+00 1.4808e+01
-1.9978e+00 4.4754e-02 -1.2152e+00 4.3398e+00 -4.5175e+00 2.1660e-01 1.0479e+00 -6.4873e+00 4.7830e+00 3.2508e+00 -7.7410e-01 -1.4778e-01 -6.2687e-01 -1.9927e-01 -1.0063e+00 1.0815e-01 -1.2440e-01 5.1808e+00 2.4584e+01 -1.0255e-02 -1.1811e+00 -9.4861e-02 -3.3522e+00 -7.7042e-02 -1.7228e+00 -4.6113e-01 -3.8072e-02 -2.7243e+00 -1.2995e+00 2.4390e-01 -2.1772e-01 1.4262e-02 -2.8462e-01 -2.7882e+00 -1.6012e-01 -1.9468e+00 -1.7052e+00 1.7459e+00 -7.4445e-01 1.6089e+00 -4.5673e-01 -3.9714e-01 9.1170e-03 3.2405e-01 -5.6897e-02 -1.9236e-01 -3.5730e-01 -2.5575e-01 -8.9543e-02 -2.1898e-01 -4.3944e-01 -1.7989e-01
2.8027e-01 -2.9763e-01 -1.4833e-01 1.0427e+00 -1.1424e+00 2.9662e-02 -2.3207e-02 3.9171e-01 -3.0494e+00 2.5034e+00 -7.7636e-02 -3.6619e-02 -7.2112e-02 -6.5154e-01 -2.0907e+00 9.8738e-02 5.5517e-02 -3.2611e-01 -1.0255e-02 9.6503e+00 -3.0989e-01 -5.0201e-02 -5.2830e-01 -5.1713e-01 5.5447e-02 -1.1917e-01 -2.1043e+00 -5.6597e-01 -2.2411e-01 -3.5837e-01 -1.3484e-01 3.0168e-01 1.5983e+00 2.5397e+00 -1.8285e-01 1.2947e+00 1.5370e+00 6.0822e-01 3.2254e-01 -1.5499e-01 -2.5351e-02 -9.5381e-02 -7.1473e-02 7.5928e-02 -2.3190e-01 -1.3942e-01 -1.0334e-01 -8.0157e-02 -1.2331e-02 -8.2625e-03 6.7645e-02 -8.8017e-02
-1.6586e+01 1.9241e+00 -1.9850e+01 -6.1132e+00 -1.3006e+01 3.9293e+00 -2.8612e+01 5.7258e+01 5.5486e+01 -2.3576e+01 -5.0210e-01 -1.1375e+00 -1.3661e+01 7.5870e+00 8.7752e+01 4.7534e+00 -4.5353e-01 -3.7526e+01 -1.1811e+00 -3.0989e-01 1.4933e+02 -9.3745e-01 5.3513e+00 8.4194e+00 1.9997e+00 -4.4704e+01 -1.5050e+01 -1.3150e+01 -7.4872e+00 -7.8957e+00 -5.9126e-01 -1.4210e+00 3.2150e+01 4.8016e+01 -2.3185e+00 1.2423e+01 1.2603e+01 -6.4468e-01 -7.3196e+00 1.9242e+00 -6.6122e+00 2.3564e+00 -1.1234e+00 -4.1310e-01 -4.6090e-01 3.3181e+00 1.4011e+00 -1.8724e+00 -2.6915e-01 5.8018e-01 -2.1911e+00 5.3371e-01
1.1276e-01 -1.3358e-01 6.5332e-02 8.5553e-01 -1.2659e+00 -2.6054e-01 3.5283e-01 -2.3856e+00 3.4075e-02 -3.4928e-01 -1.9065e-01 -6.7184e-02 3.1423e-01 -1.2247e-01 1.2687e-01 -8.0877e-02 -1.9563e-02 6.9404e-01 -9.4861e-02 -5.0201e-02 -9.3745e-01 9.2634e+00 3.7098e-01 3.5543e-01 -1.0213e+00 -1.5814e+00 -3.0714e-01 -1.6412e-01 -5.4002e-02 1.9917e+00 -8.0463e-02 -1.1471e-01 -2.6737e-01 -8.9885e-01 -7.6708e-02 -5.9106e-01 2.5575e+00 5.1782e-01 -3.5503e-01 2.2459e+00 -3.5124e-01 -4.7675e-02 4.4210e-02 3.3213e-02 -3.9837e-02 -7.8164e-02 -8.3619e-02 -1.1015e-01 -7.8565e-02 -7.6325e-02 -3.4721e-01 -5.4780e-01
1.5411e+01 -6.8173e-01 7.2078e-02 8.2944e+00 -8.1638e+00 -5.5836e-02 6.5483e+00 9.2971e+00 -2.2411e+01 -1.8249e+01 1.6808e-01 -3.0463e-01 9.3813e+00 -1.4058e+00 -2.0227e+01 1.1836e-01 -1.0058e-01 1.6052e+01 -3.3522e+00 -5.2830e-01 5.3513e+00 3.7098e-01 7.9910e+01 -7.0640e+00 4.6334e+01 3.2066e+01 -1.3609e+01 2.6072e+00 1.2508e+01 1.4089e+01 -1.0581e+00 -2.1976e-01 -1.4584e+01 -1.0193e+01 -2.2341e+00 3.1492e+01 2.7342e+01 4.0644e+00 1.2609e+01 -2.6016e+00 -8.7167e-01 -6.9262e-01 1.0726e-01 -3.9379e-01 2.3469e+00 -6.4195e-01 1.8352e+00 3.8113e-01 -1.2682e-01 -1.2279e+00 3.5741e-02 -1.5340e+00
-9.7859e+00 -2.2207e-01 -3.7013e-01 -6.3344e+00 4.7923e+00 -1.9326e+00 -3.9957e+00 -2.0886e-01 1.7246e+01 -2.5132e+00 -8.3954e-01 1.7351e-01 -3.5367e-01 5.5842e+00 2.0063e+01 -7.3034e+00 3.6879e-01 -4.6009e+00 -7.7042e-02 -5.1713e-01 8.4194e+00 3.5543e-01 -7.0640e+00 4.9402e+01 -8.3464e+00 3.0144e+00 -8.2445e+00 1.4476e+01 -2.8647e+00 -1.8604e+00 -4.4103e-01 3.7699e+00 1.6034e+01 2.5115e+00 -8.9451e-01 -2.8038e+00 -4.6378e+00 7.5402e+00 -1.2793e+00 -4.1040e-01 7.7752e+00 -5.5538e-01 -1.2123e-01 -1.7638e-01 -4.0580e-01 1.3910e+00 4.1136e-01 1.4307e+00 -1.2980e-01 -9.2174e-01 9.9637e-01 3.0253e-01
1.8982e+01 1.0696e+00 8.6081e-01 1.7446e+01 -1.6224e+01 1.6974e+00 8.4918e+00 -8.4781e+00 -3.0170e+01 1.1216e+00 5.6530e-01 -5.0613e-01 -3.3384e+00 -1.4742e+00 -2.4587e+01 -8.2671e-01 2.8465e-02 3.6649e+01 -1.7228e+00 5.5447e-02 1.9997e+00 -1.0213e+00 4.6334e+01 -8.3464e+00 7.9713e+01 2.0384e+01 1.1044e+00 -9.5784e+00 -5.5982e+00 1.4682e+01 -3.9273e-01 -2.9349e-01 -2.0817e+01 -1.0642e+01 -2.8208e+00 3.3392e+01 2.8175e+01 5.6007e+00 1.2903e+01 -2.6652e+00 -2.1242e-01 3.9044e-01 2.6739e-02 -3.3563e-01 2.2977e+00 -1.4538e+00 1.9140e+00 1.0853e+00 6.9211e-02 -9.9942e-01 -1.0334e+00 6.9365e-01
1.1799e+01 -5.7715e-01 1.8857e+01 1.3230e+01 1.6663e+00 -1.4419e+00 2.8493e+01 -1.5045e+01 -3.7370e+01 2.6194e-01 2.2868e-01 1.0531e+00 5.8103e-01 -4.1661e-01 -5.0246e+01 -2.5713e+00 1.4498e-02 2.9126e+01 -4.6113e-01 -1.1917e-01 -4.4704e+01 -1.5814e+00 3.2066e+01 3.0144e+00 2.0384e+01 1.4059e+02 -3.7191e+01 2.5687e+01 1.0523e+01 4.8475e+00 3.5872e-01 -9.9485e-01 -3.5522e+01 -4.4348e+01 2.9635e+00 1.7458e+01 1.7682e+01 1.6771e+01 1.6221e+01 -9.9874e+00 1.3227e+00 -2.8386e-01 1.3012e+00 2.4697e-01 1.9364e+00 2.3478e+00 6.4308e-02 8.2957e-01 -2.6410e-01 -1.7533e-01 7.0196e-01 -3.0687e-01
1.8705e+00 4.4662e-01 5.2984e-02 -7.5272e+00 5.3220e+00 8.4773e-01 4.3439e+00 -8.6504e+00 1.7146e-01 -5.6727e-01 -1.1327e+00 -5.7230e-01 -1.3168e+00 -2.1390e+00 -4.2846e+00 -2.3865e+00 2.0323e-01 4.1786e-02 -3.8072e-02 -2.1043e+00 -1.5050e+01 -3.0714e-01 -1.3609e+01 -8.2445e+00 1.1044e+00 -3.7191e+01 6.3681e+01 -9.7976e+00 -5.3070e+00 -4.4465e+00 1.3422e+00 -1.2547e-01 -1.7901e+01 -2.0875e+01 -9.8258e-01 -6.8877e+00 -7.4688e+00 -7.0574e+00 -4.6624e+00 1.3143e+00 1.0331e+00 4.1197e-01 -5.6505e-01 3.4165e-01 -8.7767e-01 -1.1235e+00 -3.7833e-01 -5.4862e-01 1.0942e-01 5.8890e-01 -5.9385e-01 2.4119e-01
-1.0215e+01 -3.8701e-01 5.9031e-01 -1.9452e+01 2.0261e+01 7.3082e-01 -7.6121e+00 7.1812e+00 1.2794e+01 -1.2835e+01 -1.4019e+00 -6.6120e-02 9.5594e+00 -1.9293e-01 2.9083e+00 3.4249e-01 -6.6849e-02 -3.1426e+01 -2.7243e+00 -5.6597e-01 -1.3150e+01 -1.6412e-01 2.6072e+00 1.4476e+01 -9.5784e+00 2.5687e+01 -9.7976e+00 7.7075e+01 2.2134e+01 -6.0949e+00 -1.0616e+00 -1.2566e-02 -9.5831e+00 -1.5136e+01 -2.0496e+00 -7.7802e+00 -7.0976e+00 6.3155e+00 5.6090e-01 9.3771e-01 -1.2505e+00 -1.1054e+00 2.9692e-01 -6.8841e-02 1.5568e-01 -2.3728e-01 -5.0474e-01 1.0564e+00 -1.0405e-03 5.3782e-01 -1.7854e-01 -5.9072e-01
3.6122e+00 -4.2051e-01 3.4307e-01 -1.2219e+01 1.1700e+01 4.9705e-01 2.8545e+00 4.9983e+00 -6.0077e+00 -5.9216e+00 -8.3139e-01 -1.4289e-01 1.1100e+01 -3.5666e-01 -7.2704e+00 3.0388e-01 3.6002e-01 -1.3907e+01 -1.2995e+00 -2.2411e-01 -7.4872e+00 -5.4002e-02 1.2508e+01 -2.8647e+00 -5.5982e+00 1.0523e+01 -5.3070e+00 2.2134e+01 3.7998e+01 -6.6616e-01 -3.6329e-01 -1.2594e-01 5.0464e-02 -7.2134e-01 -9.4200e-01 -3.5605e+00 -3.1476e+00 -2.2295e+00 -1.2810e-01 -5.2032e-01 -1.7727e-01 -4.6113e-01 6.9204e-02 -2.3998e-02 -2.5845e-01 -6.1314e-02 -4.6240e-01 -6.3996e-01 -8.9555e-02 -2.8957e-01 4.2835e-01 -6.1294e-01
4.9447e+00 -5.2449e-02 -1.3166e-01 7.7406e+00 -6.7866e+00 2.6492e-01 3.0845e+00 -3.9138e+00 -5.9176e+00 -3.4033e+00 -1.2511e+00 1.3875e-02 -1.4570e+00 -1.4465e-01 -7.0100e+00 4.5236e-01 -1.6262e-01 7.9001e+00 2.4390e-01 -3.5837e-01 -7.8957e+00 1.9917e+00 1.4089e+01 -1.8604e+00 1.4682e+01 4.8475e+00 -4.4465e+00 -6.0949e+00 -6.6616e-01 3.5780e+01 -2.2885e-01 -1.1688e-02 -6.0522e+00 -7.3931e+00 -8.8754e-01 -4.5553e+00 -2.6277e+00 -1.0536e+00 4.8489e+00 5.6695e+00 1.5134e+00 -3.0057e-01 6.3351e-01 -1.3895e-01 2.9069e+00 -5.8040e-01 -7.4177e-01 2.8688e-01 1.9075e-01 -5.6128e-01 3.8367e-01 -2.7552e-01
4.2178e-01 -2.0055e-01 1.8022e-01 2.9359e+00 -2.5838e+00 -6.1162e-02 1.2166e+00 -1.7041e+00 -1.2703e+00 1.2269e+00 1.1850e+00 3.0928e-02 -6.5550e-01 -4.8964e-01 -2.5058e+00 -3.0326e-01 -7.2315e-02 4.3269e+00 -2.1772e-01 -1.3484e-01 -5.9126e-01 -8.0463e-02 -1.0581e+00 -4.4103e-01 -3.9273e-01 3.5872e-01 1.3422e+00 -1.0616e+00 -3.6329e-01 -2.2885e-01 1.5739e+01 -1.7591e-01 -7.8368e-01 -1.7640e+00 -1.7020e-01 -4.4134e-01 6.3890e-03 -6.1195e-01 -5.9353e-01 5.3776e-01 -2.5195e-01 -1.5657e-01 2.2623e-02 2.5171e-01 -2.3478e-01 -3.7668e-01 -6.7217e-02 -6.8419e-02 4.3133e-03 1.1388e-01 -4.3657e-01 -6.2293e-01
-5.4071e-01 -1.3305e+00 -5.8098e-01 -1.1931e-01 -1.3183e+00 9.3765e-01 -2.2435e-03 -1.4832e+00 -1.3330e+00 4.3892e+00 -5.1595e-02 1.5803e-01 2.9337e+00 -1.8187e-01 -3.7628e-01 -3.1275e+00 -1.9096e-01 3.1654e+00 1.4262e-02 3.0168e-01 -1.4210e+00 -1.1471e-01 -2.1976e-01 3.7699e+00 -2.9349e-01 -9.9485e-01 -1.2547e-01 -1.2566e-02 -1.2594e-01 -1.1688e-02 -1.7591e-01 1.5131e+01 3.8499e+00 3.7402e+00 5.5855e-01 6.2072e-02 -9.5337e-01 -3.8547e-01 -2.9929e-01 1.2944e-01 2.4605e+00 2.4016e-01 7.3939e-02 -8.0871e-02 1.9041e-01 -1.5756e-01 9.1732e-02 -4.5334e-02 -1.2679e-01 8.6423e-02 -6.4743e-01 -1.5926e+00
-1.2886e+01 -4.3704e-02 2.5609e+00 -4.9171e+00 9.3830e-01 3.0807e-02 -5.0365e+00 4.4936e+00 1.9537e+01 4.1598e+00 -1.5939e+00 -1.8212e-01 4.4826e+00 3.9949e+00 2.7549e+01 -6.9063e+00 -5.2912e-01 -1.8330e+01 -2.8462e-01 1.5983e+00 3.2150e+01 -2.6737e-01 -1.4584e+01 1.6034e+01 -2.0817e+01 -3.5522e+01 -1.7901e+01 -9.5831e+00 5.0464e-02 -6.0522e+00 -7.8368e-01 3.8499e+00 1.0026e+02 5.6354e+01 -1.8615e+00 -1.0224e+01 -9.4918e+00 -6.7618e+00 -8.8984e+00 -1.6400e+00 9.4991e+00 -1.0722e+00 -1.4215e-01 -2.5804e-01 -9.8742e-01 -1.0151e-01 -8.2056e-01 -1.2916e+00 -9.2694e-02 -5.1359e-01 3.0691e-01 -4.5044e-01
-9.3932e+00 -1.2088e+00 -3.3447e+00 -4.7097e+00 2.3103e+00 1.7417e+00 -1.7359e+01 2.2930e+01 2.6290e+01 -6.2229e+00 -1.6065e+00 -6.6513e-01 -3.8723e+00 2.9732e+00 4.0043e+01 -2.8971e-01 -1.5178e-01 -2.5050e+01 -2.7882e+00 2.5397e+00 4.8016e+01 -8.9885e-01 -1.0193e+01 2.5115e+00 -1.0642e+01 -4.4348e+01 -2.0875e+01 -1.5136e+01 -7.2134e-01 -7.3931e+00 -1.7640e+00 3.7402e+00 5.6354e+01 1.0063e+02 -2.4730e+00 2.4488e+00 4.2284e+00 4.5443e+00 -2.9259e-01 -1.7651e+00 1.8779e+00 -1.1942e+00 -9.9406e-01 -2.4201e-01 -1.5257e+00 -4.4994e-01 3.2058e-02 -1.7650e+00 -2.1311e-01 -3.6878e-01 -7.0445e-01 -1.4377e+00
1.1668e+00 -2.9036e-01 -1.2390e+00 -7.1371e-01 -7.8324e-01 -2.5106e-02 3.9289e-01 8.2336e-01 -1.5147e+00 4.4766e+00 -2.8331e-01 -1.1706e-01 -1.7581e-01 -2.8072e-01 -6.3238e-01 -6.0305e-01 -8.3612e-02 2.9002e+00 -1.6012e-01 -1.8285e-01 -2.3185e+00 -7.6708e-02 -2.2341e+00 -8.9451e-01 -2.8208e+00 2.9635e+00 -9.8258e-01 -2.0496e+00 -9.4200e-01 -8.8754e-01 -1.7020e-01 5.5855e-01 -1.8615e+00 -2.4730e+00 1.4267e+01 -1.0106e+00 -1.1414e+00 -1.0314e+00 -1.3882e+00 -1.6645e-01 2.2645e-01 -2.9887e-02 -5.0931e-02 -6.9526e-02 1.0041e-01 -1.7677e-01 -1.5647e-01 -3.1367e-01 8.1673e-03 -2.4938e-01 -2.7659e-01 2.0143e-03
1.2029e+01 1.2479e-01 4.1290e-01 1.0574e+01 -1.0643e+01 3.8887e-01 4.0604e+00 4.3087e+00 -1.6924e+01 -7.3962e+00 1.3467e+00 -3.2714e-01 -1.4964e+00 -1.1674e+00 -1.2313e+01 3.8601e-01 2.0083e-01 2.3307e+01 -1.9468e+00 1.2947e+00 1.2423e+01 -5.9106e-01 3.1492e+01 -2.8038e+00 3.3392e+01 1.7458e+01 -6.8877e+00 -7.7802e+00 -3.5605e+00 -4.5553e+00 -4.4134e-01 6.2072e-02 -1.0224e+01 2.4488e+00 -1.0106e+00 4.5230e+01 3.4328e+01 9.9943e+00 1.0496e+01 -1.4832e+00 -3.0142e-01 -3.6609e-01 -5.3779e-01 -1.6513e-01 -4.6546e-01 -5.2390e-01 2.7433e+00 -5.0781e-01 -1.7019e-01 -6.7107e-01 4.1823e-01 2.7076e-02
9.9271e+00 -9.3531e-01 -2.2554e+00 1.4611e+01 1.0052e+01 -1.4048e+01 7.4587e-01 1.7234e+01 -1.6042e+01 -7.7944e+00 3.5409e-01 -3.0002e-01 -6.8264e+00 -1.6041e+00 -1.2883e+01 -1.4224e+01 1.5817e-01 1.6484e+01 -1.7052e+00 1.5370e+00 1.2603e+01 2.5575e+00 2.7342e+01 -4.6378e+00 2.8175e+01 1.7682e+01 -7.4688e+00 -7.0976e+00 -3.1476e+00 -2.6277e+00 6.3890e-03 -9.5337e-01 -9.4918e+00 4.2284e+00 -1.1414e+00 3.4328e+01 6.8143e+01 9.8504e+00 1.2925e+01 4.7599e-01 1.8195e+01 -8.4635e-01 -5.9382e-01 4.7307e-01 -5.9481e-01 1.1340e+00 9.7502e-01 -1.0449e+00 5.2957e-01 -6.4258e-01 2.5311e+00 -1.7739e+00
-5.4729e+00 3.0603e-02 -6.9676e-01 5.6794e+00 -2.9213e+00 -1.5536e+00 -9.4375e-01 -1.1434e+00 2.8226e+00 -6.9884e+00 -4.3699e-01 -6.7717e-02 -3.0237e+00 -1.2369e+00 2.4649e+00 1.0730e+00 4.6843e-01 9.7795e-01 1.7459e+00 6.0822e-01 -6.4468e-01 5.1782e-01 4.0644e+00 7.5402e+00 5.6007e+00 1.6771e+01 -7.0574e+00 6.3155e+00 -2.2295e+00 -1.0536e+00 -6.1195e-01 -3.8547e-01 -6.7618e+00 4.5443e+00 -1.0314e+00 9.9943e+00 9.8504e+00 4.1598e+01 9.4016e+00 -8.8131e-01 -1.5637e+00 -4.7241e-01 -9.9713e-02 -4.0553e-02 -5.8318e-01 -1.9607e-01 -2.7233e-01 -4.3896e-01 -1.1349e-01 -7.2836e-01 -1.7273e-01 -6.1386e-02
2.9849e-01 5.5270e-02 -6.0641e-01 8.3951e-01 7.0079e-01 3.0435e-01 -8.9934e-01 9.4573e-01 -5.5594e+00 -9.2108e+00 2.0096e-01 -2.6487e-01 -2.1538e-01 -1.4119e+00 -8.4430e+00 -1.7664e+00 2.2235e-01 2.2503e+00 -7.4445e-01 3.2254e-01 -7.3196e+00 -3.5503e-01 1.2609e+01 -1.2793e+00 1.2903e+01 1.6221e+01 -4.6624e+00 5.6090e-01 -1.2810e-01 4.8489e+00 -5.9353e-01 -2.9929e-01 -8.8984e+00 -2.9259e-01 -1.3882e+00 1.0496e+01 1.2925e+01 9.4016e+00 4.3969e+01 -8.6982e-01 7.5249e-01 -2.7761e-01 -3.5379e-01 9.2825e-01 2.4334e+00 4.1387e-01 -4.2161e-01 1.5959e+00 -7.5728e-02 6.3137e-02 -4.6442e-01 9.0585e-02
2.2644e+00 9.2411e-02 -3.8294e+00 3.7293e+00 -5.6232e+00 6.6898e-01 -1.9226e+00 -2.9583e+00 3.9210e+00 -1.3833e+00 -6.9289e-01 -2.7892e-01 1.9935e-01 3.1365e-02 2.2429e+00 -3.3618e-01 -1.7230e-01 4.8952e+00 1.6089e+00 -1.5499e-01 1.9242e+00 2.2459e+00 -2.6016e+00 -4.1040e-01 -2.6652e+00 -9.9874e+00 1.3143e+00 9.3771e-01 -5.2032e-01 5.6695e+00 5.3776e-01 1.2944e-01 -1.6400e+00 -1.7651e+00 -1.6645e-01 -1.4832e+00 4.7599e-01 -8.8131e-01 -8.6982e-01 2.9737e+01 -1.7378e+00 -5.2264e-01 6.0469e-02 1.4517e-02 -3.2120e-02 -2.8586e-01 -3.6412e-01 -1.2857e-01 3.0540e-01 -6.8272e-02 -1.6593e+00 3.3194e-01
2.0512e+00 -2.5332e+00 -4.0639e+00 5.3217e+00 1.2624e+01 -1.4802e+01 -3.0553e+00 1.3918e+01 -1.7272e+00 7.1178e+00 -1.6235e+00 8.4055e-01 -2.8934e+00 -2.3669e-01 -2.2454e+00 -2.8643e+01 -4.3154e-01 1.2491e+01 -4.5673e-01 -2.5351e-02 -6.6122e+00 -3.5124e-01 -8.7167e-01 7.7752e+00 -2.1242e-01 1.3227e+00 1.0331e+00 -1.2505e+00 -1.7727e-01 1.5134e+00 -2.5195e-01 2.4605e+00 9.4991e+00 1.8779e+00 2.2645e-01 -3.0142e-01 1.8195e+01 -1.5637e+00 7.5249e-01 -1.7378e+00 5.9020e+01 3.0988e+00 -1.3930e-01 4.4849e-01 3.2561e-01 1.2111e+00 -8.5326e-02 -1.7915e+00 3.8422e-01 -1.2730e-01 1.5624e+01 -3.7490e+00
-1.0054e+00 -6.6421e-01 -6.2866e-01 1.3190e+00 -2.3259e+00 -1.0770e+00 1.5467e-01 3.9674e-01 -2.7391e-01 3.1486e-02 8.6842e-01 -8.9353e-02 2.7279e+00 -6.7306e-02 2.3992e+00 -2.5886e+00 -6.9993e-02 -1.7851e+00 -3.9714e-01 -9.5381e-02 2.3564e+00 -4.7675e-02 -6.9262e-01 -5.5538e-01 3.9044e-01 -2.8386e-01 4.1197e-01 -1.1054e+00 -4.6113e-01 -3.0057e-01 -1.5657e-01 2.4016e-01 -1.0722e+00 -1.1942e+00 -2.9887e-02 -3.6609e-01 -8.4635e-01 -4.7241e-01 -2.7761e-01 -5.2264e-01 3.0988e+00 1.5309e+01 -1.0597e-01 -2.9092e-02 1.8570e-01 -1.2005e-01 3.6460e-01 -2.7552e-01 -4.9438e-02 3.4325e-01 7.4538e-01 -6.4585e-01
-1.2879e-01 -9.0368e-03 5.1212e-01 -4.5688e-01 -6.7691e-02 3.6310e-02 6.6312e-01 -2.0826e-01 -6.8324e-01 1.9178e-01 -1.9380e-01 -1.4808e-02 1.7217e-01 8.9105e-02 -6.0618e-01 1.4514e-01 -3.5818e-02 6.6470e-01 9.1170e-03 -7.1473e-02 -1.1234e+00 4.4210e-02 1.0726e-01 -1.2123e-01 2.6739e-02 1.3012e+00 -5.6505e-01 2.9692e-01 6.9204e-02 6.3351e-01 2.2623e-02 7.3939e-02 -1.4215e-01 -9.9406e-01 -5.0931e-02 -5.3779e-01 -5.9382e-01 -9.9713e-02 -3.5379e-01 6.0469e-02 -1.3930e-01 -1.0597e-01 8.4203e+00 1.6022e-02 -4.6424e-02 -4.7891e-02 -3.1859e-02 -6.4142e-02 2.1869e-01 -6.1403e-02 1.0739e-01 -6.1970e-03
3.0150e-04 -6.0003e-02 2.6235e-02 2.2934e-01 3.9403e-01 -3.6273e-01 2.1043e-01 -1.0677e-01 -2.1910e-01 4.9415e-01 -1.7376e-01 -2.2055e-02 -3.9335e-01 -2.1306e-02 -7.3370e-01 -6.8474e-01 -2.6975e-02 2.7647e-01 3.2405e-01 7.5928e-02 -4.1310e-01 3.3213e-02 -3.9379e-01 -1.7638e-01 -3.3563e-01 2.4697e-01 3.4165e-01 -6.8841e-02 -2.3998e-02 -1.3895e-01 2.5171e-01 -8.0871e-02 -2.5804e-01 -2.4201e-01 -6.9526e-02 -1.6513e-01 4.7307e-01 -4.0553e-02 9.2825e-01 1.4517e-02 4.4849e-01 -2.9092e-02 1.6022e-02 5.4629e+00 -2.9461e-02 -2.1729e-02 -2.9060e-03 -4.0975e-02 -9.6333e-03 2.4581e-01 4.1045e-01 -1.5130e-01
-2.4376e+00 1.6805e-02 -2.5889e-01 -2.1370e-01 1.7701e-01 2.1047e-01 -2.3501e-01 -2.4721e-01 1.5256e+00 -1.1644e+00 -9.4518e-02 -4.3673e-02 2.6532e-01 -3.1475e-02 -8.2962e-01 -1.9551e-01 -1.4626e-02 -1.3564e+00 -5.6897e-02 -2.3190e-01 -4.6090e-01 -3.9837e-02 2.3469e+00 -4.0580e-01 2.2977e+00 1.9364e+00 -8.7767e-01 1.5568e-01 -2.5845e-01 2.9069e+00 -2.3478e-01 1.9041e-01 -9.8742e-01 -1.5257e+00 1.0041e-01 -4.6546e-01 -5.9481e-01 -5.8318e-01 2.4334e+00 -3.2120e-02 3.2561e-01 1.8570e-01 -4.6424e-02 -2.9461e-02 9.0132e+00 2.4589e-01 -8.4668e-02 3.2760e-01 -5.7887e-03 -9.2101e-02 1.1606e-01 3.1423e-01
-8.7094e-01 -5.2501e-02 2.5005e-01 -1.3484e+00 5.1386e+00 -1.5591e+00 1.2919e+00 -1.0306e-01 3.6086e+00 -8.9456e-02 -2.6726e-01 -1.2006e-01 -6.0335e-01 6.1563e-01 -3.3373e-01 -1.3996e+00 2.0462e-01 -2.3003e+00 -1.9236e-01 -1.3942e-01 3.3181e+00 -7.8164e-02 -6.4195e-01 1.3910e+00 -1.4538e+00 2.3478e+00 -1.1235e+00 -2.3728e-01 -6.1314e-02 -5.8040e-01 -3.7668e-01 -1.5756e-01 -1.0151e-01 -4.4994e-01 -1.7677e-01 -5.2390e-01 1.1340e+00 -1.9607e-01 4.1387e-01 -2.8586e-01 1.2111e+00 -1.2005e-01 -4.7891e-02 -2.1729e-02 2.4589e-01 1.5161e+01 -5.7371e-02 -9.0055e-02 7.9458e-03 -1.2382e-01 1.2550e-02 6.3118e-01
-2.3164e-02 1.5440e-01 4.0160e-02 2.4089e-01 -3.3451e-01 2.2401e-01 -5.1162e-01 7.3653e-01 1.5868e-01 -1.0902e+00 -3.0776e-01 -7.9093e-02 4.0129e-01 3.1851e-02 1.0110e+00 -3.3358e-01 -9.7937e-02 1.9321e+00 -3.5730e-01 -1.0334e-01 1.4011e+00 -8.3619e-02 1.8352e+00 4.1136e-01 1.9140e+00 6.4308e-02 -3.7833e-01 -5.0474e-01 -4.6240e-01 -7.4177e-01 -6.7217e-02 9.1732e-02 -8.2056e-01 3.2058e-02 -1.5647e-01 2.7433e+00 9.7502e-01 -2.7233e-01 -4.2161e-01 -3.6412e-01 -8.5326e-02 3.6460e-01 -3.1859e-02 -2.9060e-03 -8.4668e-02 -5.7371e-02 1.3031e+01 -9.6900e-02 -6.3581e-02 6.7541e-02 -2.4869e-01 5.7974e-01
2.4709e-01 8.7978e-02 -7.4994e-01 3.4847e-01 1.9577e-01 3.9133e-01 8.0165e-02 -7.8694e-01 7.1082e-01 -9.7776e-01 -1.9873e-01 -1.2212e-01 1.5983e+00 -4.4661e-02 -9.2751e-02 1.2553e+00 -6.4484e-02 -4.2247e-01 -2.5575e-01 -8.0157e-02 -1.8724e+00 -1.1015e-01 3.8113e-01 1.4307e+00 1.0853e+00 8.2957e-01 -5.4862e-01 1.0564e+00 -6.3996e-01 2.8688e-01 -6.8419e-02 -4.5334e-02 -1.2916e+00 -1.7650e+00 -3.1367e-01 -5.0781e-01 -1.0449e+00 -4.3896e-01 1.5959e+00 -1.2857e-01 -1.7915e+00 -2.7552e-01 -6.4142e-02 -4.0975e-02 3.2760e-01 -9.0055e-02 -9.6900e-02 1.4323e+01 8.3069e-02 -8.2415e-02 -2.7031e-01 3.9481e-02
5.5513e-01 -5.3739e-01 -3.2193e-02 1.1977e-01 8.5079e-01 -3.2037e-01 -5.0920e-02 6.6602e-01 -3.3533e-01 -1.2561e-01 -7.9372e-02 -4.7819e-02 -1.6253e-01 -4.5005e-02 1.1484e-01 -3.9903e-01 -8.3941e-02 -4.5647e-01 -8.9543e-02 -1.2331e-02 -2.6915e-01 -7.8565e-02 -1.2682e-01 -1.2980e-01 6.9211e-02 -2.6410e-01 1.0942e-01 -1.0405e-03 -8.9555e-02 1.9075e-01 4.3133e-03 -1.2679e-01 -9.2694e-02 -2.1311e-01 8.1673e-03 -1.7019e-01 5.2957e-01 -1.1349e-01 -7.5728e-02 3.0540e-01 3.8422e-01 -4.9438e-02 2.1869e-01 -9.6333e-03 -5.7887e-03 7.9458e-03 -6.3581e-02 8.3069e-02 5.7891e+00 1.4902e-02 3.5439e-02 -9.6459e-01
3.2604e-01 2.0551e-02 7.9710e-02 -1.3589e+00 1.2981e+00 2.7010e-01 1.1338e+00 4.8755e-01 -1.4985e+00 -2.5897e-03 -9.6221e-02 -9.6973e-02 -2.3271e-01 -1.3306e-01 -1.1987e+00 -4.3322e-01 -5.5473e-02 -1.1934e+00 -2.1898e-01 -8.2625e-03 5.8018e-01 -7.6325e-02 -1.2279e+00 -9.2174e-01 -9.9942e-01 -1.7533e-01 5.8890e-01 5.3782e-01 -2.8957e-01 -5.6128e-01 1.1388e-01 8.6423e-02 -5.1359e-01 -3.6878e-01 -2.4938e-01 -6.7107e-01 -6.4258e-01 -7.2836e-01 6.3137e-02 -6.8272e-02 -1.2730e-01 3.4325e-01 -6.1403e-02 2.4581e-01 -9.2101e-02 -1.2382e-01 6.7541e-02 -8.2415e-02 1.4902e-02 1.1226e+01 -4.5084e-01 -3.8818e-02
1.1926e+00 -2.1160e+00 4.2513e-01 -8.5316e-01 1.3654e+00 -3.3417e+00 -7.1506e-01 5.4060e+00 7.9208e-01 -1.2618e+00 7.7993e-02 7.9563e-01 -1.3135e+00 4.1826e-02 5.6985e-01 1.1905e+01 -4.5187e-01 -3.7161e+00 -4.3944e-01 6.7645e-02 -2.1911e+00 -3.4721e-01 3.5741e-02 9.9637e-01 -1.0334e+00 7.0196e-01 -5.9385e-01 -1.7854e-01 4.2835e-01 3.8367e-01 -4.3657e-01 -6.4743e-01 3.0691e-01 -7.0445e-01 -2.7659e-01 4.1823e-01 2.5311e+00 -1.7273e-01 -4.6442e-01 -1.6593e+00 1.5624e+01 7.4538e-01 1.0739e-01 4.1045e-01 1.1606e-01 1.2550e-02 -2.4869e-01 -2.7031e-01 3.5439e-02 -4.5084e-01 2.7607e+01 -3.7111e+00
-1.5100e+00 1.0297e+01 -5.1738e-02 5.7332e-01 -2.3264e+00 4.1440e+00 -6.4464e-01 -7.2148e+00 -3.4708e-01 3.2591e-01 -3.9672e-01 -7.5096e-01 1.3463e-01 -4.4318e-01 -2.2589e-01 1.3878e-01 7.9675e-02 1.4808e+01 -1.7989e-01 -8.8017e-02 5.3371e-01 -5.4780e-01 -1.5340e+00 3.0253e-01 6.9365e-01 -3.0687e-01 2.4119e-01 -5.9072e-01 -6.1294e-01 -2.7552e-01 -6.2293e-01 -1.5926e+00 -4.5044e-01 -1.4377e+00 2.0143e-03 2.7076e-02 -1.7739e+00 -6.1386e-02 9.0585e-02 3.3194e-01 -3.7490e+00 -6.4585e-01 -6.1970e-03 -1.5130e-01 3.1423e-01 6.3118e-01 5.7974e-01 3.9481e-02 -9.6459e-01 -3.8818e-02 -3.7111e+00 2.4012e+01
