1.0437e+02 -2.2156e+01 -7.1721e+00 -9.5145e+00 2.0425e+01 -3.9597e-01 -6.1961e+00 -3.2652e+00 -2.0492e+01 -1.5041e+00 -4.0614e+00 -1.0287e+01 -9.3004e+00 2.4350e+01 -1.4490e+00 -4.9519e+00 8.8407e-01 2.6457e+00 -2.5941e+01 -4.8028e-02 2.2430e+01 -1.0050e+01 -1.8032e+00 -2.1038e+01 -1.0113e+00 -2.0367e+01 1.0807e+01 -2.5942e+00 -7.9113e-01 5.8549e+00 1.9419e+01 -4.5190e+00 3.0459e-01 -1.0206e+00 -1.8405e+00 6.3151e+00 -2.5622e+00 7.6747e+00 -7.8909e-01 2.0535e+00 2.1354e-01 -3.1312e-01 -3.0002e-01 -1.8147e-01 -7.3171e-01 -6.2150e+00 -2.3894e+00 3.7482e-01 -2.0104e-01 -5.1284e-01 -4.0221e-01 -3.5886e-01
-2.2156e+01 6.9774e+01 -8.2829e+00 -5.6629e+00 -2.0493e+01 1.6545e+01 -1.3972e+00 -1.5372e+00 -5.6960e+00 -8.5172e-01 -4.8408e+00 3.7055e+00 -1.2288e-01 1.4976e+00 1.6244e+00 -2.0723e-01 -4.6861e-01 -8.3755e-02 1.5464e+01 3.7336e+00 -1.8206e+00 -4.4549e-01 9.7173e-01 -3.6092e+00 6.0609e-01 1.1487e+01 -1.1521e-01 2.0526e+00 -1.5056e-01 -4.6629e-01 -3.9043e+00 6.3872e+00 -1.1970e+00 -4.2560e-01 6.4422e-01 3.1166e+00 7.2753e-01 -4.1981e+00 8.5633e-01 -3.1558e+00 3.0144e-01 -3.0842e-01 5.4692e+00 -1.1141e-01 8.4173e-01 -1.4209e+00 -7.1760e-01 -2.8680e-01 -2.3884e-01 -4.9455e-01 -3.9471e+00 -1.1135e-01
-7.1721e+00 -8.2829e+00 1.5317e+02 -5.3562e+01 -8.1802e+00 -3.8147e+01 -3.2841e+00 -2.3244e+00 4.3818e+01 -1.1395e+01 -1.1576e+01 -5.2552e+00 4.4985e+00 -1.5841e+01 3.1298e+00 -7.7477e+00 -1.4590e+00 -1.8578e-01 7.9446e+00 -1.2669e-01 -1.7080e+01 -3.1375e+00 -5.8083e-01 8.0202e+00 1.9486e+00 -3.8011e+00 -2.1491e+01 -1.1974e+00 -1.6237e+00 -2.0786e+00 -1.2787e+01 1.5535e+00 3.9757e-01 1.0473e-03 -1.4242e+01 2.4194e+00 -2.3771e-01 -5.8271e+00 -2.3370e-01 -1.0749e+01 -1.0913e+00 2.1910e+00 -3.5354e+00 -3.1074e-02 3.0113e-01 -4.2303e+00 2.1006e+00 -5.3434e-01 1.2705e+00 -1.3219e+00 -9.3351e+00 9.8280e+00
-9.5145e+00 -5.6629e+00 -5.3562e+01 1.1375e+02 2.1241e+01 -4.7341e+00 2.1325e+01 -1.8845e+01 -3.9687e+01 3.7458e-01 2.1567e+01 6.0144e+00 3.5820e+00 1.6840e+01 -2.5275e+00 2.5387e+00 1.7580e+00 7.5787e+00 4.1982e+00 -1.9732e+00 1.4114e+01 9.6145e+00 -1.4963e-01 -3.5730e+00 -6.4046e-01 -4.0286e+00 8.0542e+00 -4.5776e-01 8.4941e-01 2.8804e+00 1.1374e+01 7.5221e-01 4.3049e-01 7.8806e-01 3.3773e-01 -1.9140e+01 1.6215e-01 3.1164e+00 -1.1805e+00 -4.8339e+00 -1.8315e+00 -5.8998e-01 -1.0767e+00 -2.7075e-01 4.8947e-01 3.3756e-02 2.9594e-01 9.6083e-02 -6.8887e-01 1.4152e+00 1.1781e+01 -5.9381e+00
2.0425e+01 -2.0493e+01 -8.1802e+00 2.1241e+01 7.7867e+01 1.8406e+00 2.5661e+01 -2.6008e+01 -8.7321e-02 -1.5804e+00 1.2571e+00 1.0122e+01 -1.5648e+00 -1.2927e+00 1.5257e+00 3.2303e+00 7.8173e-01 -3.5826e+00 -1.8430e+01 7.7181e+00 -2.3564e+00 -1.9916e+00 -1.2571e+00 1.6367e+00 1.8493e+00 1.3338e+00 1.1942e+00 -5.3890e-01 -9.6415e-02 -1.2433e+00 2.7491e+00 -5.0475e+00 1.2741e+00 2.4749e-02 1.2294e+00 -1.0430e+01 -6.9663e-02 1.4079e+00 -9.2175e-01 2.4150e-01 5.3511e-01 1.6791e-01 -2.0641e-01 -1.3989e-02 2.0617e-01 9.9895e-01 -2.7662e-01 6.4770e-01 -9.6086e-02 -2.0724e-01 -3.8281e-01 -3.2200e+00
-3.9597e-01 1.6545e+01 -3.8147e+01 -4.7341e+00 1.8406e+00 9.5373e+01 1.0643e+00 1.2275e+01 -1.1629e+01 2.2861e+00 -8.0151e+00 -3.8926e+00 -2.5804e-01 -3.7713e+00 -1.8209e+00 2.2628e+00 -1.4250e+00 -1.5324e+00 -1.5244e+01 -9.8574e+00 -3.0080e+00 -6.9807e-01 3.3667e-01 -1.3108e+00 -1.0820e+00 1.5701e+01 6.9647e+00 3.8281e-01 1.0536e+00 -1.6321e+00 -7.9289e+00 -1.3125e+00 -3.0407e+00 -6.4320e-02 5.7517e+00 1.3367e+00 2.8899e-01 -2.4051e-01 -9.1506e-01 2.9185e+01 2.1739e-01 -6.8254e-01 6.5808e+00 -4.7153e-01 -3.8585e-01 3.9469e+00 -7.4000e-01 -6.4813e-02 1.2927e-01 -4.4992e-01 -3.7293e+00 3.2927e+00
-6.1961e+00 -1.3972e+00 -3.2841e+00 2.1325e+01 2.5661e+01 1.0643e+00 4.3458e+01 -2.1305e+01 3.8340e+00 -8.2957e-01 -1.6458e+00 6.4870e+00 -1.6525e+00 -4.1313e+00 1.4172e+00 2.8427e+00 2.1822e-02 -3.9467e+00 4.5680e+00 1.5787e+00 -4.5678e+00 -2.3384e+00 -2.1514e-01 3.4228e+00 1.1424e+00 5.2962e+00 -2.5465e+00 9.6399e-01 -1.1395e-02 -1.6631e+00 -1.5953e+00 2.6948e+00 -2.4423e-01 3.7077e-02 9.6228e-03 -1.3577e+01 -2.5306e-01 -1.4666e-01 -3.4447e-02 2.6121e+00 -1.6944e-01 1.0313e-01 3.1733e-01 -2.5639e-01 1.7783e-01 2.0628e+00 -1.1017e+00 2.8456e-02 -3.1543e-01 -2.5532e-01 5.9637e-02 4.8695e-02
-3.2652e+00 -1.5372e+00 -2.3244e+00 -1.8845e+01 -2.6008e+01 1.2275e+01 -2.1305e+01 8.4568e+01 6.0768e+00 -5.8309e-02 -7.5202e+00 -1.0155e+01 -3.1657e+00 -9.1110e+00 -3.0262e+00 6.6419e-01 1.0776e+00 -4.0681e+00 8.4372e+00 -1.9073e+01 -4.2306e+00 -3.5481e+00 -2.5106e-01 3.5412e+00 -5.2068e+00 4.8363e+00 -3.9138e+00 3.3925e+00 8.7805e-03 -1.4969e+00 -1.2693e+01 -6.0226e+00 -5.1695e+00 -5.5209e-01 -8.5782e-01 1.1070e+01 -1.9719e-01 -1.3793e+00 -4.5554e-01 1.0233e+01 1.3573e-02 3.5299e-01 -3.7070e-01 -2.3837e-01 1.9209e-01 -1.5717e+00 1.1256e+00 4.3212e-03 4.6239e-01 6.1520e-01 -8.6479e-02 -9.8155e-02
-2.0492e+01 -5.6960e+00 4.3818e+01 -3.9687e+01 -8.7321e-02 -1.1629e+01 3.8340e+00 6.0768e+00 8.2043e+01 -7.7025e-01 -1.2391e+01 2.3554e+00 5.1021e+00 -3.0082e+01 8.9043e-02 9.3340e-01 -2.3422e+00 -1.2429e+01 2.4936e+00 2.6521e+00 -2.7273e+01 -1.8359e+00 -1.7006e+00 1.8598e+01 2.5445e-01 1.3704e+01 -1.3721e+01 8.5503e-02 -8.1090e-01 -6.3459e+00 -2.3016e+01 1.0797e+00 -4.3518e-01 -4.0333e-01 1.4400e+00 1.6110e+00 -1.6800e-01 3.6778e+00 3.6490e-02 4.7519e-01 -2.3336e-01 6.9226e-01 -1.2383e+00 6.5728e-01 -3.8341e-01 -2.7608e+00 -1.9219e-01 3.4809e-02 1.7277e-01 -6.5717e-01 -5.8617e+00 1.3674e+00
-1.5041e+00 -8.5172e-01 -1.1395e+01 3.7458e-01 -1.5804e+00 2.2861e+00 -8.2957e-01 -5.8309e-02 -7.7025e-01 2.7324e+01 2.3601e+00 -8.8134e-01 1.6155e+00 -1.3379e+00 -7.9762e-01 9.3037e+00 3.7651e-01 -3.1265e-01 -1.7144e+00 -9.6626e-01 -1.4062e-01 2.1425e+00 3.1232e-01 3.6063e-01 -6.0424e-01 2.2610e-01 1.2709e+01 -2.5414e-01 -4.4178e-01 -2.1919e-01 -6.4561e-01 -3.6716e-01 -4.7342e-01 8.5913e-02 1.1414e+01 1.2297e-03 1.0871e+00 -1.6069e+00 -1.3381e-01 2.6364e+00 -9.2094e-02 -2.8099e-01 8.9972e-03 2.6099e-01 6.8403e-02 -3.5708e-01 -9.1427e-03 8.5239e-01 -2.1514e-01 5.2041e-02 7.0663e-02 -2.9445e-01
-4.0614e+00 -4.8408e+00 -1.1576e+01 2.1567e+01 1.2571e+00 -8.0151e+00 -1.6458e+00 -7.5202e+00 -1.2391e+01 2.3601e+00 7.3833e+01 5.9226e-01 1.3440e+01 -6.8457e+00 -2.7798e-01 9.5788e-03 3.7783e+00 2.7082e+00 -6.5773e-01 -2.0627e+00 -6.9717e+00 2.4127e+01 -4.4838e-01 9.4229e+00 -4.2456e-02 7.8039e+00 -3.4264e+00 -1.4435e+00 2.5182e-01 4.3365e+00 -3.4923e+00 -2.2519e+00 3.3594e+00 1.3456e+00 -2.1117e+00 -3.6011e+00 2.7749e+00 -2.1659e+00 -4.3245e-01 -6.4411e+00 -4.2435e-01 -4.9949e-01 -3.1926e-02 2.3712e-01 -1.4906e-01 -8.7530e-01 -6.5250e-01 2.1828e-01 -2.0333e-01 -1.4503e+00 1.5258e+00 -9.7178e-01
-1.0287e+01 3.7055e+00 -5.2552e+00 6.0144e+00 1.0122e+01 -3.8926e+00 6.4870e+00 -1.0155e+01 2.3554e+00 -8.8134e-01 5.9226e-01 3.5366e+01 -9.6201e-01 3.3301e-02 1.1442e+00 7.9145e+00 -2.2244e-01 -1.0746e+00 -5.2574e+00 1.2604e+01 -1.3529e+00 -1.0518e+00 -7.1769e-02 9.6357e-01 -1.3312e+00 1.5295e+00 -2.4761e+00 -3.5360e-01 -3.9489e-01 -4.7004e-01 -1.3002e+00 -2.7785e+00 -2.1443e-01 -4.0467e-02 -1.2597e+00 -3.2543e+00 1.1800e+00 1.7816e+00 8.5340e-02 -1.3271e-01 2.3821e-01 -1.3673e-01 6.6933e-01 -1.0262e-01 -2.5929e-01 1.7151e+00 -1.4587e-01 -1.1878e-02 -1.0174e-01 -2.9674e-02 -7.9861e-02 3.1672e-02
-9.3004e+00 -1.2288e-01 4.4985e+00 3.5820e+00 -1.5648e+00 -2.5804e-01 -1.6525e+00 -3.1657e+00 5.1021e+00 1.6155e+00 1.3440e+01 -9.6201e-01 2.4391e+01 -3.2031e+00 -8.8905e-01 -4.7032e-01 -2.9981e-01 3.9243e+00 3.6625e+00 -1.1469e+00 -2.4673e+00 1.2125e+01 -4.8959e-01 2.4059e+00 -5.7846e-01 2.8958e+00 -2.4767e+00 1.0607e-01 -5.5043e-01 -6.0326e-01 -3.4600e+00 -2.8870e-01 -1.2065e-01 -2.5273e-01 -8.4810e-01 -1.6546e+00 8.9486e-01 -2.2021e+00 9.2872e-02 2.5518e-01 -3.1572e-01 -8.5522e-02 1.0356e-01 2.0381e-01 4.5450e-02 -5.4987e-01 -4.7891e-01 2.5376e-01 7.7275e-02 -1.4669e-01 -1.9010e-02 7.8343e-02
2.4350e+01 1.4976e+00 -1.5841e+01 1.6840e+01 -1.2927e+00 -3.7713e+00 -4.1313e+00 -9.1110e+00 -3.0082e+01 -1.3379e+00 -6.8457e+00 3.3301e-02 -3.2031e+00 6.3895e+01 -2.1941e+00 -1.8932e+00 -1.4347e+00 1.4539e+01 -2.9725e+00 3.9683e+00 4.2390e+01 -5.2902e+00 -1.9857e-01 -3.6029e+01 -8.6701e-01 -3.4301e+01 2.0532e+01 -3.0017e-01 -1.2011e+00 3.1358e+00 3.6639e+01 -2.5638e-01 1.2693e+00 -4.9345e-01 1.3546e+00 -1.7692e+00 -2.9303e-01 1.0226e+01 -3.2777e-01 -3.6038e+00 4.6212e+00 -3.8084e-01 -1.4501e-01 -4.2821e-01 -4.0755e-01 -1.1903e+00 -7.4872e-01 -1.1391e-01 -2.2496e-01 -8.3536e-01 6.8846e+00 -1.0782e+00
-1.4490e+00 1.6244e+00 3.1298e+00 -2.5275e+00 1.5257e+00 -1.8209e+00 1.4172e+00 -3.0262e+00 8.9043e-02 -7.9762e-01 -2.7798e-01 1.1442e+00 -8.8905e-01 -2.1941e+00 1.9501e+01 -9.3569e-01 -3.0843e-01 -1.1286e+00 -1.4846e+00 1.7789e+00 -2.2678e+00 -9.1227e-01 -3.0011e-01 1.7437e+00 2.9412e+00 1.8008e+00 -1.6836e+00 6.6457e-01 -5.0584e-01 -5.5183e-01 1.3194e+00 -3.4596e-01 -2.8234e-01 1.9332e-01 -1.2391e+00 -9.6460e-01 -1.6083e-01 -1.6882e+00 1.0750e-01 5.9858e+00 -2.5618e-01 -3.9982e-02 -1.7255e-01 1.6625e-02 4.2660e-01 -6.2572e-01 5.4062e-01 -1.3083e-01 -1.0552e-02 -8.4142e-02 1.4974e-02 2.0197e-01
-4.9519e+00 -2.0723e-01 -7.7477e+00 2.5387e+00 3.2303e+00 2.2628e+00 2.8427e+00 6.6419e-01 9.3340e-01 9.3037e+00 9.5788e-03 7.9145e+00 -4.7032e-01 -1.8932e+00 -9.3569e-01 3.3612e+01 5.3413e-01 -5.1723e-01 -2.3406e+00 -2.9516e+00 -1.6444e+00 -5.2533e-01 4.1667e-01 1.0520e+00 -9.2750e-01 1.1885e+00 7.0817e+00 2.8243e+00 -2.2658e+00 -8.5454e-02 -2.8081e-02 -7.5474e-01 -4.4241e-01 -3.6519e-01 8.3155e+00 6.1299e-01 1.4895e+00 -3.6425e+00 4.3938e-02 7.8124e-01 2.2158e-01 -1.0638e-01 -1.4095e-01 6.6528e-01 -1.9227e-01 -1.1849e+00 4.4028e-01 -3.8860e-01 -2.6752e-01 6.3529e-01 -3.2965e-03 -2.0932e-01
8.8407e-01 -4.6861e-01 -1.4590e+00 1.7580e+00 7.8173e-01 -1.4250e+00 2.1822e-02 1.0776e+00 -2.3422e+00 3.7651e-01 3.7783e+00 -2.2244e-01 -2.9981e-01 -1.4347e+00 -3.0843e-01 5.3413e-01 1.5782e+01 1.0230e+00 2.9159e+00 3.9253e-01 -1.0649e+00 4.8537e+00 -2.6479e-01 9.8160e-01 -2.9182e-01 4.0788e-01 -7.8155e-01 -1.2135e-01 -5.6234e-01 -3.1862e-01 -1.7017e+00 -1.2408e-01 -4.1267e-01 -1.0115e-01 -8.2626e-02 -2.1230e-01 -3.2131e-02 -1.2298e+00 -1.6686e-01 -1.7762e+00 -2.3838e-01 -1.2105e-01 -3.8782e-03 -7.0318e-02 -6.2646e-02 -3.0869e-01 -1.7905e-01 6.1583e-03 -1.1927e-01 4.6341e-02 -9.1112e-02 -6.8870e-01
2.6457e+00 -8.3755e-02 -1.8578e-01 7.5787e+00 -3.5826e+00 -1.5324e+00 -3.9467e+00 -4.0681e+00 -1.2429e+01 -3.1265e-01 2.7082e+00 -1.0746e+00 3.9243e+00 1.4539e+01 -1.1286e+00 -5.1723e-01 1.0230e+00 3.2518e+01 3.3296e+00 -2.0072e+00 1.5083e+01 3.5435e+00 -9.8947e-01 -1.3940e+01 -7.7996e-01 -1.5709e+01 1.5438e+01 1.3678e+00 -1.5997e-01 1.3459e+00 1.3294e+01 -6.0058e-01 6.4350e-04 6.5405e-01 -4.7182e-01 -9.0447e-01 6.0389e-01 -1.6222e+00 5.9787e-01 -1.2975e+00 -6.1872e-01 -9.4623e-02 -1.1407e-02 -6.5786e-02 -2.1681e-01 -1.0132e+00 -4.0495e-01 -1.0913e-01 -6.9818e-02 -3.4890e-01 -7.3159e-01 -5.1294e-01
-2.5941e+01 1.5464e+01 7.9446e+00 4.1982e+00 -1.8430e+01 -1.5244e+01 4.5680e+00 8.4372e+00 2.4936e+00 -1.7144e+00 -6.5773e-01 -5.2574e+00 3.6625e+00 -2.9725e+00 -1.4846e+00 -2.3406e+00 2.9159e+00 3.3296e+00 7.4669e+01 -1.3885e+01 -2.2254e+00 3.6576e+00 2.3920e+00 1.4890e+00 -1.3265e+00 2.9531e+00 -2.0340e+00 2.6469e+00 9.2979e-01 9.5553e-01 -6.8470e+00 6.1216e+00 -3.1398e+00 -3.1707e-01 4.4321e-01 -1.3662e+00 8.4020e-01 -2.6228e+00 6.8511e-01 -1.8813e+01 6.5997e-02 1.3571e+00 -2.5437e-01 -2.1044e-02 -5.4884e-02 3.3642e+00 -1.0449e+00 -7.0271e-01 -1.8182e-01 1.7098e-01 -8.3463e-02 1.2778e-01
-4.8028e-02 3.7336e+00 -1.2669e-01 -1.9732e+00 7.7181e+00 -9.8574e+00 1.5787e+00 -1.9073e+01 2.6521e+00 -9.6626e-01 -2.0627e+00 1.2604e+01 -1.1469e+00 3.9683e+00 1.7789e+00 -2.9516e+00 3.9253e-01 -2.0072e+00 -1.3885e+01 7.0772e+01 4.1461e-01 -5.3746e-02 -7.2717e-01 1.3049e-01 -3.4648e+00 3.8588e-02 1.3595e+00 9.8738e-01 -1.5567e-01 -5.1319e-01 1.3701e+01 -8.0572e+00 -4.5452e-01 2.4379e-01 2.5094e+00 -3.2872e+00 -6.1232e-01 1.1883e+00 7.3442e-01 -8.7600e+00 1.6214e+00 2.2651e-01 7.9178e-01 -2.3542e-01 3.5525e-01 9.4187e-01 1.7945e+00 3.8915e-01 -7.3369e-02 -1.2805e-01 1.0886e-01 1.7185e-02
2.2430e+01 -1.8206e+00 -1.7080e+01 1.4114e+01 -2.3564e+00 -3.0080e+00 -4.5678e+00 -4.2306e+00 -2.7273e+01 -1.4062e-01 -6.9717e+00 -1.3529e+00 -2.4673e+00 4.2390e+01 -2.2678e+00 -1.6444e+00 -1.0649e+00 1.5083e+01 -2.2254e+00 4.1461e-01 6.5006e+01 -4.8500e+00 -2.9676e-01 -3.7941e+01 -7.0010e-01 -3.7552e+01 2.0800e+01 3.4246e-02 -1.0301e+00 -2.2896e-01 3.9537e+01 -1.7926e-01 -6.1156e-01 -7.5932e-01 -1.8650e+00 -1.8483e+00 -5.7836e-01 1.0223e+01 -2.6817e-01 -3.2039e+00 5.1873e+00 -4.1974e-01 -7.1652e-01 -2.5592e-01 -3.9562e-01 -9.7723e-01 -7.9496e-01 -2.5096e-01 7.7783e-04 -7.9755e-01 1.5292e+00 1.6391e+00
-1.0050e+01 -4.4549e-01 -3.1375e+00 9.6145e+00 -1.9916e+00 -6.9807e-01 -2.3384e+00 -3.5481e+00 -1.8359e+00 2.1425e+00 2.4127e+01 -1.0518e+00 1.2125e+01 -5.2902e+00 -9.1227e-01 -5.2533e-01 4.8537e+00 3.5435e+00 3.6576e+00 -5.3746e-02 -4.8500e+00 3.3394e+01 -6.6907e-01 4.4218e+00 -7.2250e-01 4.2338e+00 -1.9910e+00 1.3818e+00 8.0357e-01 -9.0045e-01 -3.7402e+00 -2.6139e-01 1.4189e-02 2.3968e+00 3.3504e-01 -2.1284e+00 8.6355e-01 -1.8711e+00 -1.6615e-01 -9.4332e-01 1.4510e-01 -1.2311e-01 -7.4843e-02 1.6589e-01 1.2282e-01 -2.1320e-01 1.7856e-01 -1.6318e-01 -6.2527e-02 -5.8371e-01 2.5983e-02 -4.9628e-01
-1.8032e+00 9.7173e-01 -5.8083e-01 -1.4963e-01 -1.2571e+00 3.3667e-01 -2.1514e-01 -2.5106e-01 -1.7006e+00 3.1232e-01 -4.4838e-01 -7.1769e-02 -4.8959e-01 -1.9857e-01 -3.0011e-01 4.1667e-01 -2.6479e-01 -9.8947e-01 2.3920e+00 -7.2717e-01 -2.9676e-01 -6.6907e-01 1.7587e+01 1.3539e-01 2.3118e+00 -1.1644e+00 -9.4981e-01 -4.9626e-01 -9.5088e-02 -3.1786e-01 -7.1064e-01 -2.7502e-01 -4.0876e-01 -1.4544e-01 -2.1949e-01 -5.2630e-01 -1.7218e-02 2.4316e-01 5.5946e-01 -1.7948e+00 -5.5411e-02 7.9315e-02 3.1076e-02 4.3893e-01 6.7240e-02 2.7454e+00 -1.3897e-01 -7.1190e-02 1.1040e-01 5.2279e-01 -9.3821e-01 -4.1902e-01
-2.1038e+01 -3.6092e+00 8.0202e+00 -3.5730e+00 1.6367e+00 -1.3108e+00 3.4228e+00 3.5412e+00 1.8598e+01 3.6063e-01 9.4229e+00 9.6357e-01 2.4059e+00 -3.6029e+01 1.7437e+00 1.0520e+00 9.8160e-01 -1.3940e+01 1.4890e+00 1.3049e-01 -3.7941e+01 4.4218e+00 1.3539e-01 5.7594e+01 4.1312e-01 4.2040e+01 -2.2554e+01 9.0390e-01 4.3181e-01 -7.0033e-01 -3.2327e+01 -1.6093e-02 3.4705e-01 6.5955e-02 6.6496e-01 2.4679e+00 2.1633e-01 -1.5744e+01 -1.8739e+00 2.4512e+00 -7.8925e-01 2.3237e-01 -8.3678e-01 5.1213e-01 3.1030e-01 1.4516e+00 1.3745e+00 1.3609e-01 6.0294e-02 1.7283e+00 1.8484e+01 5.6020e-02
-1.0113e+00 6.0609e-01 1.9486e+00 -6.4046e-01 1.8493e+00 -1.0820e+00 1.1424e+00 -5.2068e+00 2.5445e-01 -6.0424e-01 -4.2456e-02 -1.3312e+00 -5.7846e-01 -8.6701e-01 2.9412e+00 -9.2750e-01 -2.9182e-01 -7.7996e-01 -1.3265e+00 -3.4648e+00 -7.0010e-01 -7.2250e-01 2.3118e+00 4.1312e-01 2.8283e+01 -1.6095e-02 -1.7188e+00 -4.8143e-01 9.7193e-01 -2.5418e-01 3.0347e+00 -4.7804e-01 6.9044e+00 4.4699e-02 9.9201e-02 -1.0249e+00 -2.5885e-01 1.1420e+00 1.1674e+00 -4.6975e+00 3.0875e-01 -1.3207e-02 1.4826e-01 1.7438e-01 3.5477e-01 5.3247e+00 -3.2760e-01 -2.7716e-01 -7.9737e-02 -2.0151e-01 2.0659e-02 7.8982e-02
-2.0367e+01 1.1487e+01 -3.8011e+00 -4.0286e+00 1.3338e+00 1.5701e+01 5.2962e+00 4.8363e+00 1.3704e+01 2.2610e-01 7.8039e+00 1.5295e+00 2.8958e+00 -3.4301e+01 1.8008e+00 1.1885e+00 4.0788e-01 -1.5709e+01 2.9531e+00 3.8588e-02 -3.7552e+01 4.2338e+00 -1.1644e+00 4.2040e+01 -1.6095e-02 7.4100e+01 -2.1900e+01 1.6137e+00 4.3057e-01 -6.2764e-01 -4.2578e+01 7.4701e-01 4.9445e-01 2.8283e-02 5.6946e-01 1.6842e+00 1.0345e+00 -2.2894e+01 -1.8024e+00 4.7578e+00 -3.1537e+00 1.7336e-01 6.0377e+00 -1.4055e-01 2.2986e-01 6.6371e-01 1.7649e+00 1.7676e-01 -1.5459e-01 1.5486e+00 9.2984e+00 6.9818e+00
1.0807e+01 -1.1521e-01 -2.1491e+01 8.0542e+00 1.1942e+00 6.9647e+00 -2.5465e+00 -3.9138e+00 -1.3721e+01 1.2709e+01 -3.4264e+00 -2.4761e+00 -2.4767e+00 2.0532e+01 -1.6836e+00 7.0817e+00 -7.8155e-01 1.5438e+01 -2.0340e+00 1.3595e+00 2.0800e+01 -1.9910e+00 -9.4981e-01 -2.2554e+01 -1.7188e+00 -2.1900e+01 7.5262e+01 -6.8678e-01 1.7492e+00 7.8136e-01 2.4418e+01 -2.2308e-01 6.8179e-01 -2.3511e-01 1.9166e+01 -1.9496e+00 -2.6237e-01 1.4130e+01 2.1656e-01 1.2939e+00 -5.4280e-01 -6.8339e-01 -2.7864e-01 -2.1607e-01 -2.9350e-01 -1.8769e+00 -7.0262e-02 2.7911e-01 -6.9115e-01 -2.5441e-01 -1.9709e+00 -1.1193e-01
-2.5942e+00 2.0526e+00 -1.1974e+00 -4.5776e-01 -5.3890e-01 3.8281e-01 9.6399e-01 3.3925e+00 8.5503e-02 -2.5414e-01 -1.4435e+00 -3.5360e-01 1.0607e-01 -3.0017e-01 6.6457e-01 2.8243e+00 -1.2135e-01 1.3678e+00 2.6469e+00 9.8738e-01 3.4246e-02 1.3818e+00 -4.9626e-01 9.0390e-01 -4.8143e-01 1.6137e+00 -6.8678e-01 2.8249e+01 -3.3069e-01 -1.7422e-01 5.6343e-01 -2.0208e-01 -6.0706e-01 -2.7998e-01 -5.7272e-01 5.3269e+00 7.0301e-01 -2.2901e+00 7.4003e-02 -1.4793e+00 1.8047e+00 -1.2861e-01 1.0428e+00 -2.1183e-01 2.3653e-01 -2.8112e-01 -2.6373e-01 2.4629e-02 -1.6067e-01 1.2370e-01 8.9605e-01 2.8976e-01
-7.9113e-01 -1.5056e-01 -1.6237e+00 8.4941e-01 -9.6415e-02 1.0536e+00 -1.1395e-02 8.7805e-03 -8.1090e-01 -4.4178e-01 2.5182e-01 -3.9489e-01 -5.5043e-01 -1.2011e+00 -5.0584e-01 -2.2658e+00 -5.6234e-01 -1.5997e-01 9.2979e-01 -1.5567e-01 -1.0301e+00 8.0357e-01 -9.5088e-02 4.3181e-01 9.7193e-01 4.3057e-01 1.7492e+00 -3.3069e-01 1.7958e+01 -3.0487e-01 -6.2745e-01 -7.9933e-02 -4.4310e-01 -4.5510e-02 -3.9447e+00 -4.2710e-02 -9.8900e-02 7.8309e+00 -9.8247e-02 2.0156e+00 -7.9572e-02 2.3362e-01 2.5685e-02 -8.2612e-02 -7.7065e-02 -2.6104e-01 -1.0740e-01 8.0218e-01 -1.9329e-01 -8.2100e-02 -7.6451e-02 -1.8198e-02
5.8549e+00 -4.6629e-01 -2.0786e+00 2.8804e+00 -1.2433e+00 -1.6321e+00 -1.6631e+00 -1.4969e+00 -6.3459e+00 -2.1919e-01 4.3365e+00 -4.7004e-01 -6.0326e-01 3.1358e+00 -5.5183e-01 -8.5454e-02 -3.1862e-01 1.3459e+00 9.5553e-01 -5.1319e-01 -2.2896e-01 -9.0045e-01 -3.1786e-01 -7.0033e-01 -2.5418e-01 -6.2764e-01 7.8136e-01 -1.7422e-01 -3.0487e-01 2.0482e+01 2.5870e-02 -3.6047e-01 -6.4815e-02 -4.4677e-02 -4.6042e-01 -3.3818e-02 6.7092e-02 -1.7016e+00 -1.1414e-01 -2.0765e+00 -2.6444e-01 2.9782e-01 2.6970e-01 -1.0702e-01 -9.7211e-02 -5.9035e-01 -2.3186e-01 2.0312e-01 1.9924e-02 1.7830e-02 -1.1756e-01 -8.2458e-01
1.9419e+01 -3.9043e+00 -1.2787e+01 1.1374e+01 2.7491e+00 -7.9289e+00 -1.5953e+00 -1.2693e+01 -2.3016e+01 -6.4561e-01 -3.4923e+00 -1.3002e+00 -3.4600e+00 3.6639e+01 1.3194e+00 -2.8081e-02 -1.7017e+00 1.3294e+01 -6.8470e+00 1.3701e+01 3.9537e+01 -3.7402e+00 -7.1064e-01 -3.2327e+01 3.0347e+00 -4.2578e+01 2.4418e+01 5.6343e-01 -6.2745e-01 2.5870e-02 9.3672e+01 -4.1225e+00 4.0023e+00 6.1032e-01 2.0143e+00 -4.0342e+00 6.5604e-01 1.8851e+01 5.1814e+00 -1.0161e+01 5.0587e+00 -4.1005e-01 1.1762e+00 -8.2916e-02 8.4339e-01 -1.3241e+00 -1.1740e+00 6.1273e-01 -1.5453e-01 -7.7792e-01 9.2084e-01 5.2510e+00
-4.5190e+00 6.3872e+00 1.5535e+00 7.5221e-01 -5.0475e+00 -1.3125e+00 2.6948e+00 -6.0226e+00 1.0797e+00 -3.6716e-01 -2.2519e+00 -2.7785e+00 -2.8870e-01 -2.5638e-01 -3.4596e-01 -7.5474e-01 -1.2408e-01 -6.0058e-01 6.1216e+00 -8.0572e+00 -1.7926e-01 -2.6139e-01 -2.7502e-01 -1.6093e-02 -4.7804e-01 7.4701e-01 -2.2308e-01 -2.0208e-01 -7.9933e-02 -3.6047e-01 -4.1225e+00 3.7922e+01 -2.6407e-01 -5.3303e-02 -5.4354e-01 -2.4063e+00 -3.1631e-01 -7.8471e-01 -2.2768e-01 -3.5517e+00 -1.5029e-01 -9.9504e-02 -4.3401e-01 6.4371e-01 -2.3421e-01 -2.1316e+00 -3.8704e-01 -6.1093e-02 -9.8772e-02 -4.8016e-02 8.5796e-02 9.3148e-02
3.0459e-01 -1.1970e+00 3.9757e-01 4.3049e-01 1.2741e+00 -3.0407e+00 -2.4423e-01 -5.1695e+00 -4.3518e-01 -4.7342e-01 3.3594e+00 -2.1443e-01 -1.2065e-01 1.2693e+00 -2.8234e-01 -4.4241e-01 -4.1267e-01 6.4350e-04 -3.1398e+00 -4.5452e-01 -6.1156e-01 1.4189e-02 -4.0876e-01 3.4705e-01 6.9044e+00 4.9445e-01 6.8179e-01 -6.0706e-01 -4.4310e-01 -6.4815e-02 4.0023e+00 -2.6407e-01 2.2779e+01 -8.7487e-02 -1.4574e+00 -3.7818e-01 2.5096e-01 1.1209e+00 -2.7950e-01 -3.3134e+00 -3.5276e-02 -1.0245e-01 -1.7634e-01 -4.4205e-02 -1.1295e-01 -9.4166e-02 -3.1250e-01 -1.8489e-01 -1.7516e-01 -1.0502e-01 6.5723e-02 4.4539e-02
-1.0206e+00 -4.2560e-01 1.0473e-03 7.8806e-01 2.4749e-02 -6.4320e-02 3.7077e-02 -5.5209e-01 -4.0333e-01 8.5913e-02 1.3456e+00 -4.0467e-02 -2.5273e-01 -4.9345e-01 1.9332e-01 -3.6519e-01 -1.0115e-01 6.5405e-01 -3.1707e-01 2.4379e-01 -7.5932e-01 2.3968e+00 -1.4544e-01 6.5955e-02 4.4699e-02 2.8283e-02 -2.3511e-01 -2.7998e-01 -4.5510e-02 -4.4677e-02 6.1032e-01 -5.3303e-02 -8.7487e-02 9.4220e+00 4.8680e-02 -5.3018e-01 -2.1847e-02 6.2716e-01 -1.0229e-01 -4.9723e-01 -1.2120e-01 -4.5447e-03 -4.8545e-02 -6.1224e-02 -5.1652e-02 -1.8807e-01 3.0060e-01 2.8616e-02 -3.9775e-02 -1.4569e-01 -4.6601e-01 -4.1262e-02
-1.8405e+00 6.4422e-01 -1.4242e+01 3.3773e-01 1.2294e+00 5.7517e+00 9.6228e-03 -8.5782e-01 1.4400e+00 1.1414e+01 -2.1117e+00 -1.2597e+00 -8.4810e-01 1.3546e+00 -1.2391e+00 8.3155e+00 -8.2626e-02 -4.7182e-01 4.4321e-01 2.5094e+00 -1.8650e+00 3.3504e-01 -2.1949e-01 6.6496e-01 9.9201e-02 5.6946e-01 1.9166e+01 -5.7272e-01 -3.9447e+00 -4.6042e-01 2.0143e+00 -5.4354e-01 -1.4574e+00 4.8680e-02 4.3176e+01 -9.8337e-02 -1.5425e-01 -3.5177e+00 1.4602e+00 3.0441e+00 6.2337e-02 -6.9070e-01 -2.5921e-01 4.4192e-01 -1.5549e-01 -5.7761e-01 -3.6151e-01 -6.2122e-01 -6.8791e-01 -6.3788e-02 1.4525e-01 7.8337e-02
6.3151e+00 3.1166e+00 2.4194e+00 -1.9140e+01 -1.0430e+01 1.3367e+00 -1.3577e+01 1.1070e+01 1.6110e+00 1.2297e-03 -3.6011e+00 -3.2543e+00 -1.6546e+00 -1.7692e+00 -9.6460e-01 6.1299e-01 -2.1230e-01 -9.0447e-01 -1.3662e+00 -3.2872e+00 -1.8483e+00 -2.1284e+00 -5.2630e-01 2.4679e+00 -1.0249e+00 1.6842e+00 -1.9496e+00 5.3269e+00 -4.2710e-02 -3.3818e-02 -4.0342e+00 -2.4063e+00 -3.7818e-01 -5.3018e-01 -9.8337e-02 3.8388e+01 -3.0175e-01 -2.0725e+00 7.0350e-01 -3.2899e+00 -3.5371e-01 1.2292e-01 -3.6384e-01 1.9430e-01 -2.4849e-01 -2.3146e+00 -6.7579e-01 6.1253e-03 1.7835e-01 6.7143e-01 2.8496e-01 6.3869e-02
-2.5622e+00 7.2753e-01 -2.3771e-01 1.6215e-01 -6.9663e-02 2.8899e-01 -2.5306e-01 -1.9719e-01 -1.6800e-01 1.0871e+00 2.7749e+00 1.1800e+00 8.9486e-01 -2.9303e-01 -1.6083e-01 1.4895e+00 -3.2131e-02 6.0389e-01 8.4020e-01 -6.1232e-01 -5.7836e-01 8.6355e-01 -1.7218e-02 2.1633e-01 -2.5885e-01 1.0345e+00 -2.6237e-01 7.0301e-01 -9.8900e-02 6.7092e-02 6.5604e-01 -3.1631e-01 2.5096e-01 -2.1847e-02 -1.5425e-01 -3.0175e-01 1.0073e+01 -6.4428e-02 -1.7204e-01 -1.1138e+00 -1.9005e-01 6.5880e-03 1.5366e+00 -1.3841e-02 2.6887e-01 -2.4858e-01 -1.5035e-02 -2.6124e-02 4.2023e-03 -5.2731e-02 -2.4465e-01 -2.8098e-01
7.6747e+00 -4.1981e+00 -5.8271e+00 3.1164e+00 1.4079e+00 -2.4051e-01 -1.4666e-01 -1.3793e+00 3.6778e+00 -1.6069e+00 -2.1659e+00 1.7816e+00 -2.2021e+00 1.0226e+01 -1.6882e+00 -3.6425e+00 -1.2298e+00 -1.6222e+00 -2.6228e+00 1.1883e+00 1.0223e+01 -1.8711e+00 2.4316e-01 -1.5744e+01 1.1420e+00 -2.2894e+01 1.4130e+01 -2.2901e+00 7.8309e+00 -1.7016e+00 1.8851e+01 -7.8471e-01 1.1209e+00 6.2716e-01 -3.5177e+00 -2.0725e+00 -6.4428e-02 6.6329e+01 -9.5122e-01 6.8997e-02 -1.5676e+00 -3.9148e-02 -1.0288e+00 -1.0863e-02 -2.5941e-01 2.4417e+00 -1.1005e+00 6.2534e-01 -3.2063e-01 -7.9895e-01 -5.1997e+00 8.6904e-01
-7.8909e-01 8.5633e-01 -2.3370e-01 -1.1805e+00 -9.2175e-01 -9.1506e-01 -3.4447e-02 -4.5554e-01 3.6490e-02 -1.3381e-01 -4.3245e-01 8.5340e-02 9.2872e-02 -3.2777e-01 1.0750e-01 4.3938e-02 -1.6686e-01 5.9787e-01 6.8511e-01 7.3442e-01 -2.6817e-01 -1.6615e-01 5.5946e-01 -1.8739e+00 1.1674e+00 -1.8024e+00 2.1656e-01 7.4003e-02 -9.8247e-02 -1.1414e-01 5.1814e+00 -2.2768e-01 -2.7950e-01 -1.0229e-01 1.4602e+00 7.0350e-01 -1.7204e-01 -9.5122e-01 1.2215e+01 -1.2807e+00 -4.8231e-01 -3.0056e-02 -3.6664e-01 4.9802e-02 1.8603e-01 -4.7801e-02 -2.4616e-01 5.9193e-03 -4.0804e-02 -1.8929e-01 -1.7943e+00 4.6034e-01
2.0535e+00 -3.1558e+00 -1.0749e+01 -4.8339e+00 2.4150e-01 2.9185e+01 2.6121e+00 1.0233e+01 4.7519e-01 2.6364e+00 -6.4411e+00 -1.3271e-01 2.5518e-01 -3.6038e+00 5.9858e+00 7.8124e-01 -1.7762e+00 -1.2975e+00 -1.8813e+01 -8.7600e+00 -3.2039e+00 -9.4332e-01 -1.7948e+00 2.4512e+00 -4.6975e+00 4.7578e+00 1.2939e+00 -1.4793e+00 2.0156e+00 -2.0765e+00 -1.0161e+01 -3.5517e+00 -3.3134e+00 -4.9723e-01 3.0441e+00 -3.2899e+00 -1.1138e+00 6.8997e-02 -1.2807e+00 8.7582e+01 -3.9164e-01 -2.1778e+00 -1.2997e-01 -3.9969e-01 3.1003e-01 -2.1480e-01 -1.2451e+00 5.0056e-01 -1.6777e+00 -2.5503e-01 -1.1989e-01 -4.2628e-01
2.1354e-01 3.0144e-01 -1.0913e+00 -1.8315e+00 5.3511e-01 2.1739e-01 -1.6944e-01 1.3573e-02 -2.3336e-01 -9.2094e-02 -4.2435e-01 2.3821e-01 -3.1572e-01 4.6212e+00 -2.5618e-01 2.2158e-01 -2.3838e-01 -6.1872e-01 6.5997e-02 1.6214e+00 5.1873e+00 1.4510e-01 -5.5411e-02 -7.8925e-01 3.0875e-01 -3.1537e+00 -5.4280e-01 1.8047e+00 -7.9572e-02 -2.6444e-01 5.0587e+00 -1.5029e-01 -3.5276e-02 -1.2120e-01 6.2337e-02 -3.5371e-01 -1.9005e-01 -1.5676e+00 -4.8231e-01 -3.9164e-01 1.4697e+01 -2.7338e-02 -2.6213e-01 -7.1925e-02 -1.1967e-01 1.1376e+00 4.4556e-01 -1.4614e-02 -3.1281e-02 -3.4462e-01 3.5409e+00 -9.7117e-02
-3.1312e-01 -3.0842e-01 2.1910e+00 -5.8998e-01 1.6791e-01 -6.8254e-01 1.0313e-01 3.5299e-01 6.9226e-01 -2.8099e-01 -4.9949e-01 -1.3673e-01 -8.5522e-02 -3.8084e-01 -3.9982e-02 -1.0638e-01 -1.2105e-01 -9.4623e-02 1.3571e+00 2.2651e-01 -4.1974e-01 -1.2311e-01 7.9315e-02 2.3237e-01 -1.3207e-02 1.7336e-01 -6.8339e-01 -1.2861e-01 2.3362e-01 2.9782e-01 -4.1005e-01 -9.9504e-02 -1.0245e-01 -4.5447e-03 -6.9070e-01 1.2292e-01 6.5880e-03 -3.9148e-02 -3.0056e-02 -2.1778e+00 -2.7338e-02 8.8405e+00 -1.0354e-02 -4.1291e-02 -2.9903e-02 -1.5154e-01 -6.9809e-02 -5.0444e-02 -7.1328e-02 -1.6580e-02 2.5447e-02 4.1069e-02
-3.0002e-01 5.4692e+00 -3.5354e+00 -1.0767e+00 -2.0641e-01 6.5808e+00 3.1733e-01 -3.7070e-01 -1.2383e+00 8.9972e-03 -3.1926e-02 6.6933e-01 1.0356e-01 -1.4501e-01 -1.7255e-01 -1.4095e-01 -3.8782e-03 -1.1407e-02 -2.5437e-01 7.9178e-01 -7.1652e-01 -7.4843e-02 3.1076e-02 -8.3678e-01 1.4826e-01 6.0377e+00 -2.7864e-01 1.0428e+00 2.5685e-02 2.6970e-01 1.1762e+00 -4.3401e-01 -1.7634e-01 -4.8545e-02 -2.5921e-01 -3.6384e-01 1.5366e+00 -1.0288e+00 -3.6664e-01 -1.2997e-01 -2.6213e-01 -1.0354e-02 1.6153e+01 -3.0511e-02 -6.1256e-02 -2.4902e-01 -3.4243e-01 6.3849e-01 -6.1965e-02 2.7969e-01 -1.2543e+00 2.4898e+00
-1.8147e-01 -1.1141e-01 -3.1074e-02 -2.7075e-01 -1.3989e-02 -4.7153e-01 -2.5639e-01 -2.3837e-01 6.5728e-01 2.6099e-01 2.3712e-01 -1.0262e-01 2.0381e-01 -4.2821e-01 1.6625e-02 6.6528e-01 -7.0318e-02 -6.5786e-02 -2.1044e-02 -2.3542e-01 -2.5592e-01 1.6589e-01 4.3893e-01 5.1213e-01 1.7438e-01 -1.4055e-01 -2.1607e-01 -2.1183e-01 -8.2612e-02 -1.0702e-01 -8.2916e-02 6.4371e-01 -4.4205e-02 -6.1224e-02 4.4192e-01 1.9430e-01 -1.3841e-02 -1.0863e-02 4.9802e-02 -3.9969e-01 -7.1925e-02 -4.1291e-02 -3.0511e-02 6.2772e+00 -4.3348e-02 1.5150e-01 -9.5634e-02 -4.4684e-02 -2.3461e-02 -8.9162e-02 2.2827e-01 -2.8025e-02
-7.3171e-01 8.4173e-01 3.0113e-01 4.8947e-01 2.0617e-01 -3.8585e-01 1.7783e-01 1.9209e-01 -3.8341e-01 6.8403e-02 -1.4906e-01 -2.5929e-01 4.5450e-02 -4.0755e-01 4.2660e-01 -1.9227e-01 -6.2646e-02 -2.1681e-01 -5.4884e-02 3.5525e-01 -3.9562e-01 1.2282e-01 6.7240e-02 3.1030e-01 3.5477e-01 2.2986e-01 -2.9350e-01 2.3653e-01 -7.7065e-02 -9.7211e-02 8.4339e-01 -2.3421e-01 -1.1295e-01 -5.1652e-02 -1.5549e-01 -2.4849e-01 2.6887e-01 -2.5941e-01 1.8603e-01 3.1003e-01 -1.1967e-01 -2.9903e-02 -6.1256e-02 -4.3348e-02 6.7844e+00 -1.5275e-01 3.1238e-03 -4.7406e-02 -2.1364e-02 -8.1899e-02 7.1372e-01 -1.3381e-01
-6.2150e+00 -1.4209e+00 -4.2303e+00 3.3756e-02 9.9895e-01 3.9469e+00 2.0628e+00 -1.5717e+00 -2.7608e+00 -3.5708e-01 -8.7530e-01 1.7151e+00 -5.4987e-01 -1.1903e+00 -6.2572e-01 -1.1849e+00 -3.0869e-01 -1.0132e+00 3.3642e+00 9.4187e-01 -9.7723e-01 -2.1320e-01 2.7454e+00 1.4516e+00 5.3247e+00 6.6371e-01 -1.8769e+00 -2.8112e-01 -2.6104e-01 -5.9035e-01 -1.3241e+00 -2.1316e+00 -9.4166e-02 -1.8807e-01 -5.7761e-01 -2.3146e+00 -2.4858e-01 2.4417e+00 -4.7801e-02 -2.1480e-01 1.1376e+00 -1.5154e-01 -2.4902e-01 1.5150e-01 -1.5275e-01 2.8487e+01 -1.9718e-02 -2.0229e-01 5.4451e-02 -2.0320e-01 3.7659e-02 -2.1899e-01
-2.3894e+00 -7.1760e-01 2.1006e+00 2.9594e-01 -2.7662e-01 -7.4000e-01 -1.1017e+00 1.1256e+00 -1.9219e-01 -9.1427e-03 -6.5250e-01 -1.4587e-01 -4.7891e-01 -7.4872e-01 5.4062e-01 4.4028e-01 -1.7905e-01 -4.0495e-01 -1.0449e+00 1.7945e+00 -7.9496e-01 1.7856e-01 -1.3897e-01 1.3745e+00 -3.2760e-01 1.7649e+00 -7.0262e-02 -2.6373e-01 -1.0740e-01 -2.3186e-01 -1.1740e+00 -3.8704e-01 -3.1250e-01 3.0060e-01 -3.6151e-01 -6.7579e-01 -1.5035e-02 -1.1005e+00 -2.4616e-01 -1.2451e+00 4.4556e-01 -6.9809e-02 -3.4243e-01 -9.5634e-02 3.1238e-03 -1.9718e-02 1.7780e+01 -1.4428e-01 -9.9795e-02 -1.1272e-01 9.5914e-01 -2.0103e-01
3.7482e-01 -2.8680e-01 -5.3434e-01 9.6083e-02 6.4770e-01 -6.4813e-02 2.8456e-02 4.3212e-03 3.4809e-02 8.5239e-01 2.1828e-01 -1.1878e-02 2.5376e-01 -1.1391e-01 -1.3083e-01 -3.8860e-01 6.1583e-03 -1.0913e-01 -7.0271e-01 3.8915e-01 -2.5096e-01 -1.6318e-01 -7.1190e-02 1.3609e-01 -2.7716e-01 1.7676e-01 2.7911e-01 2.4629e-02 8.0218e-01 2.0312e-01 6.1273e-01 -6.1093e-02 -1.8489e-01 2.8616e-02 -6.2122e-01 6.1253e-03 -2.6124e-02 6.2534e-01 5.9193e-03 5.0056e-01 -1.4614e-02 -5.0444e-02 6.3849e-01 -4.4684e-02 -4.7406e-02 -2.0229e-01 -1.4428e-01 8.2902e+00 -3.8475e-02 -5.7196e-02 6.3313e-03 -6.8279e-02
-2.0104e-01 -2.3884e-01 1.2705e+00 -6.8887e-01 -9.6086e-02 1.2927e-01 -3.1543e-01 4.6239e-01 1.7277e-01 -2.1514e-01 -2.0333e-01 -1.0174e-01 7.7275e-02 -2.2496e-01 -1.0552e-02 -2.6752e-01 -1.1927e-01 -6.9818e-02 -1.8182e-01 -7.3369e-02 7.7783e-04 -6.2527e-02 1.1040e-01 6.0294e-02 -7.9737e-02 -1.5459e-01 -6.9115e-01 -1.6067e-01 -1.9329e-01 1.9924e-02 -1.5453e-01 -9.8772e-02 -1.7516e-01 -3.9775e-02 -6.8791e-01 1.7835e-01 4.2023e-03 -3.2063e-01 -4.0804e-02 -1.6777e+00 -3.1281e-02 -7.1328e-02 -6.1965e-02 -2.3461e-02 -2.1364e-02 5.4451e-02 -9.9795e-02 -3.8475e-02 7.2944e+00 5.9615e-02 -6.2355e-03 -2.2479e-01
-5.1284e-01 -4.9455e-01 -1.3219e+00 1.4152e+00 -2.0724e-01 -4.4992e-01 -2.5532e-01 6.1520e-01 -6.5717e-01 5.2041e-02 -1.4503e+00 -2.9674e-02 -1.4669e-01 -8.3536e-01 -8.4142e-02 6.3529e-01 4.6341e-02 -3.4890e-01 1.7098e-01 -1.2805e-01 -7.9755e-01 -5.8371e-01 5.2279e-01 1.7283e+00 -2.0151e-01 1.5486e+00 -2.5441e-01 1.2370e-01 -8.2100e-02 1.7830e-02 -7.7792e-01 -4.8016e-02 -1.0502e-01 -1.4569e-01 -6.3788e-02 6.7143e-01 -5.2731e-02 -7.9895e-01 -1.8929e-01 -2.5503e-01 -3.4462e-01 -1.6580e-02 2.7969e-01 -8.9162e-02 -8.1899e-02 -2.0320e-01 -1.1272e-01 -5.7196e-02 5.9615e-02 1.0040e+01 1.0785e+00 5.4678e-02
-4.0221e-01 -3.9471e+00 -9.3351e+00 1.1781e+01 -3.8281e-01 -3.7293e+00 5.9637e-02 -8.6479e-02 -5.8617e+00 7.0663e-02 1.5258e+00 -7.9861e-02 -1.9010e-02 6.8846e+00 1.4974e-02 -3.2965e-03 -9.1112e-02 -7.3159e-01 -8.3463e-02 1.0886e-01 1.5292e+00 2.5983e-02 -9.3821e-01 1.8484e+01 2.0659e-02 9.2984e+00 -1.9709e+00 8.9605e-01 -7.6451e-02 -1.1756e-01 9.2084e-01 8.5796e-02 6.5723e-02 -4.6601e-01 1.4525e-01 2.8496e-01 -2.4465e-01 -5.1997e+00 -1.7943e+00 -1.1989e-01 3.5409e+00 2.5447e-02 -1.2543e+00 2.2827e-01 7.1372e-01 3.7659e-02 9.5914e-01 6.3313e-03 -6.2355e-03 1.0785e+00 2.5524e+01 -1.2220e+00
-3.5886e-01 -1.1135e-01 9.8280e+00 -5.9381e+00 -3.2200e+00 3.2927e+00 4.8695e-02 -9.8155e-02 1.3674e+00 -2.9445e-01 -9.7178e-01 3.1672e-02 7.8343e-02 -1.0782e+00 2.0197e-01 -2.0932e-01 -6.8870e-01 -5.1294e-01 1.2778e-01 1.7185e-02 1.6391e+00 -4.9628e-01 -4.1902e-01 5.6020e-02 7.8982e-02 6.9818e+00 -1.1193e-01 2.8976e-01 -1.8198e-02 -8.2458e-01 5.2510e+00 9.3148e-02 4.4539e-02 -4.1262e-02 7.8337e-02 6.3869e-02 -2.8098e-01 8.6904e-01 4.6034e-01 -4.2628e-01 -9.7117e-02 4.1069e-02 2.4898e+00 -2.8025e-02 -1.3381e-01 -2.1899e-01 -2.0103e-01 -6.8279e-02 -2.2479e-01 5.4678e-02 -1.2220e+00 2.0596e+01
