3.0296e+01 -1.3518e+00 -2.5538e+00 4.2490e+00 1.2239e+01 -1.8456e-01 1.3174e+01 4.4526e-02 -2.0589e+00 5.4196e-01 -1.9956e+00 -1.7075e-01 1.8947e-01 -7.2513e-01 1.4480e-01 -3.1263e-01 -2.8898e-01 -1.4850e+00 -9.9223e-02 3.3861e+00 -4.1725e+00 1.5839e-01 -1.3233e+00 -7.4553e-01 4.1521e+00 2.0887e+00 -4.3572e-02 2.7725e+00 3.7116e-01 -2.0534e-02 -2.5683e-01 5.2045e+00 -1.4897e+00 -1.6996e+00 -1.6465e-01 -4.2134e-01 -1.0639e-01 -1.1141e-01 -1.7218e-01 -9.4430e-01 7.7442e-03 6.2866e-01 -2.9133e-01 -7.3128e-01 -8.8822e-02 -1.6589e-01 -8.9550e-02 1.4222e+00 -8.1862e-02 -9.8612e-02 -9.1356e-02 3.9013e-03
-1.3518e+00 1.9530e+02 -3.0915e+01 -8.7681e+01 -2.9914e+00 -3.0915e+00 -8.7744e+00 5.5760e+00 2.8974e+01 -5.5705e+01 -1.6118e+00 1.8819e-01 1.4029e-01 6.3050e+00 3.1849e+01 8.2813e-02 6.3676e+00 2.9795e+01 1.1473e-01 3.2240e+00 -2.8784e+01 -9.7914e+00 -7.1852e+00 -3.3256e+00 2.4700e+01 3.1628e+01 9.8563e-01 3.6314e+01 -4.7114e-01 2.4359e+00 -6.4692e+00 -2.4409e+01 3.3773e+00 6.5565e+00 3.3727e+00 7.1693e-01 2.1426e+00 -2.3926e+00 -8.3622e-01 -2.1964e+00 5.7012e-02 1.1640e-02 -8.3263e-01 6.1043e-02 3.5901e+00 -3.0472e+00 -6.5700e-02 9.7546e-01 6.3801e+00 5.5034e-01 -2.7648e+00 5.7777e+00
-2.5538e+00 -3.0915e+01 6.9689e+01 1.9063e+01 6.2261e+00 4.1422e+00 3.7708e+00 1.5664e-01 -3.3842e+01 3.0178e+01 5.0436e-02 4.0382e-01 -2.2809e-01 -5.4237e+00 -1.8542e+00 -9.1748e-01 -8.9320e-01 -1.6220e+01 9.7895e-02 -2.3440e+00 -5.0601e+00 -7.5874e-01 -9.2357e+00 -2.8728e+00 5.9481e-01 8.7102e+00 2.4961e-01 4.2126e+00 3.4879e-01 -6.2080e-02 -1.2335e+00 7.5017e-01 -7.1163e+00 -6.8389e+00 -3.6397e-01 1.8272e-01 1.0723e+00 4.5300e-01 -2.5643e-01 1.8523e+00 -5.1665e-01 -8.9862e-01 2.1492e-01 2.2922e-02 5.4618e-01 -3.5872e-01 -1.0732e-01 -2.0974e+00 -7.4934e-01 1.6345e-01 2.3103e-01 7.5448e-02
4.2490e+00 -8.7681e+01 1.9063e+01 1.3441e+02 6.5498e+00 1.4813e+01 5.1203e+00 1.2141e+00 -3.3531e+01 2.6374e+01 2.7487e+00 -1.1731e-02 -6.7391e-01 -5.3428e+00 -1.5704e+00 -1.7783e+00 -5.4659e+00 -5.2746e+01 -1.4795e-01 -4.2246e+00 3.1293e+01 -3.3168e+00 3.0568e+01 4.8564e+00 1.1184e+00 -3.8395e+01 -1.3601e+00 -3.3409e+01 -2.5697e-01 -3.6948e+00 1.2175e+01 -3.8086e-01 -4.6261e+00 -6.4564e+00 -2.8604e+00 -4.6019e-01 -6.2718e-03 5.3638e-01 -1.2142e+00 -5.9072e-01 -1.0849e-01 -3.4015e-01 4.8293e-01 1.7993e-01 -3.1906e+00 3.5814e+00 -1.6798e-01 1.7965e-01 -2.0532e+00 -5.7162e-02 -5.2771e-01 1.0635e+00
1.2239e+01 -2.9914e+00 6.2261e+00 6.5498e+00 4.4665e+01 -4.2340e+00 1.1127e+01 8.5945e-02 -6.6887e+00 2.3742e+00 9.0156e-01 -2.5493e-01 -3.4442e-01 -1.3141e+00 2.9983e-01 -9.5494e-01 7.2112e+00 -1.5595e+01 -6.8986e-02 -1.7326e-01 2.0706e+00 -9.1119e-02 1.1082e+01 2.6683e+00 2.8180e+00 -3.1797e+00 9.7416e-02 -3.3811e+00 6.3521e-01 8.9459e-02 -1.5051e+00 2.0831e+00 -1.8870e+00 -1.9013e+00 -5.0245e-01 -4.7309e-01 -3.1024e-01 -3.8225e-01 -2.9395e-01 -6.4965e-01 -7.1013e-02 3.1573e-01 -3.2059e-02 -3.8534e-01 -3.2458e-01 -4.6704e-01 -1.2975e-01 1.2061e+00 -1.4091e-01 1.8234e-01 3.0248e-01 9.7649e-02
-1.8456e-01 -3.0915e+00 4.1422e+00 1.4813e+01 -4.2340e+00 4.3851e+01 1.2910e+00 -3.0992e-02 5.8303e-01 -1.0798e+01 -2.8523e+00 2.2163e-01 3.4464e-01 -1.2515e+00 -2.7254e+00 5.7230e-01 -5.2654e+00 -1.5640e+01 -7.8613e-03 -2.0007e-01 1.4239e+01 -2.0415e+00 1.6752e+01 7.8998e-01 -5.0596e-01 -5.6936e+00 -4.6821e-01 -8.4285e+00 -2.2280e-01 -1.0991e+00 -7.5751e+00 3.3383e-01 -7.9555e-02 -1.7971e+00 -3.4175e+00 -3.1967e-01 -2.5071e-01 -1.9797e+00 -1.6016e+00 -1.0482e+00 3.1806e-01 2.6532e-01 -1.2438e-02 1.7418e-01 9.2384e-02 -2.9323e+00 4.1034e-01 -4.2893e-01 6.3929e-02 -3.4782e-01 -6.3701e-02 -1.9277e-02
1.3174e+01 -8.7744e+00 3.7708e+00 5.1203e+00 1.1127e+01 1.2910e+00 2.7972e+01 -2.7089e-01 -4.8959e+00 5.1654e+00 -1.6190e+00 -9.5800e-02 2.3637e-03 -1.5852e+00 5.2798e-01 -1.6590e-01 -4.1143e-02 -7.2613e+00 -2.4435e-02 -1.8475e-01 1.1281e+00 1.4142e-01 2.8466e+00 -3.5496e+00 5.5653e+00 -1.8082e+00 5.6126e-02 -3.2174e+00 3.4788e-02 4.2413e-02 1.4324e-01 6.6591e+00 -1.4136e+00 -1.1554e+00 -6.2337e-02 -3.1768e-01 -1.2131e-01 1.1435e-01 5.1951e-02 -7.0649e-01 -7.8807e-02 3.0055e+00 -1.8390e-01 -6.0779e-01 -3.0542e-02 -1.4133e-01 1.0301e-01 -8.8763e-01 -2.5418e-02 -2.1873e-01 2.2409e-01 9.3446e-02
4.4526e-02 5.5760e+00 1.5664e-01 1.2141e+00 8.5945e-02 -3.0992e-02 -2.7089e-01 1.9309e+01 -2.1391e-01 -1.7230e+00 1.4354e-01 2.5142e-02 -2.6733e-03 1.2836e-01 -6.2203e-02 -3.8318e-01 -3.0783e-04 -3.2439e+00 -1.6697e-02 -5.9235e-01 -1.2193e-01 -2.0403e-02 2.2071e-01 -1.1716e-01 -1.4528e-01 -1.8073e-01 -1.8981e-01 -8.3624e-01 -5.0658e-02 -3.0408e-01 3.7470e-01 -3.0123e-01 -2.1201e-02 4.2024e-02 2.6797e-01 -2.9627e-02 -3.5043e-01 1.3585e-01 -4.3693e-02 1.1199e-01 -4.0840e-03 -3.2050e-01 3.5190e-02 7.2955e-02 1.3086e-01 7.1350e-02 2.8809e-02 4.2028e-02 8.3751e-01 -3.6522e-01 -2.6814e+00 1.6377e+01
-2.0589e+00 2.8974e+01 -3.3842e+01 -3.3531e+01 -6.6887e+00 5.8303e-01 -4.8959e+00 -2.1391e-01 8.1889e+01 -2.8893e+01 2.5176e-02 -2.4134e-01 -2.0756e-01 6.2809e+00 -6.4414e+00 3.0528e+00 -2.0656e+00 3.7337e+01 -1.0194e-01 -1.5576e+00 -2.7177e+00 -2.5810e+00 2.6691e+00 1.4649e+00 -7.5547e+00 -2.6274e+00 -6.9059e-02 -3.3084e+00 -9.3614e-01 3.4914e+00 2.3338e+00 3.1448e+00 7.2174e+00 9.4909e+00 3.4342e-02 -1.2063e-01 -7.2229e-01 -4.8595e-01 -3.0872e-01 -2.4622e+00 6.0360e-01 2.5919e+00 -6.0780e-01 1.2421e-01 -6.1400e-01 1.9861e-01 -5.2691e-01 2.2235e+00 -1.2292e+00 -4.0393e-01 1.2409e-01 -5.3767e-02
5.4196e-01 -5.5705e+01 3.0178e+01 2.6374e+01 2.3742e+00 -1.0798e+01 5.1654e+00 -1.7230e+00 -2.8893e+01 9.9376e+01 -3.9473e-01 2.8179e-01 -3.3326e-01 -5.8363e+00 -1.5240e+00 -8.2481e-01 -1.5258e+00 -2.7549e+01 -2.4289e-01 -2.7155e+00 7.2936e+00 9.8930e+00 -1.6080e-01 -3.5531e+00 4.0242e+00 -9.1982e-01 -3.2456e-01 3.1046e-01 -1.3007e-01 -5.9345e-01 -6.4395e-01 1.4449e+00 -5.2150e+00 -3.3966e+00 -1.3611e+00 -4.2788e-02 -1.2110e+00 2.7797e+00 2.0214e+00 2.2690e+00 -4.7694e-01 -1.3489e+00 1.3549e-01 -9.3368e-02 -8.3013e-01 -1.5310e+00 -3.1375e-01 -2.3806e+00 -1.3665e-01 3.2985e-01 3.3407e-01 -1.7758e+00
-1.9956e+00 -1.6118e+00 5.0436e-02 2.7487e+00 9.0156e-01 -2.8523e+00 -1.6190e+00 1.4354e-01 2.5176e-02 -3.9473e-01 2.0915e+01 -1.1166e-01 -9.7334e-02 1.1504e-01 -2.1497e-01 -2.2779e-01 -8.5245e-01 7.8955e-01 -1.8928e-03 1.6032e-01 4.3757e-01 -1.0088e+00 -2.0862e+00 2.5294e+00 -8.7061e-01 -1.8321e+00 6.3914e-01 -2.8505e+00 -1.2386e-01 -4.6807e-01 2.5523e+00 -2.1564e+00 -1.3251e-01 -3.9976e-01 -4.9957e-01 -1.3134e-01 -3.1186e-01 -2.3328e-01 -8.8331e-02 -1.9415e-01 -5.8628e-02 4.5753e-01 2.6947e-01 -9.8295e-02 -1.1060e-01 4.5052e+00 -3.9107e-02 -1.7167e-01 -3.1568e-01 5.4390e-03 -1.4280e+00 1.1286e-01
-1.7075e-01 1.8819e-01 4.0382e-01 -1.1731e-02 -2.5493e-01 2.2163e-01 -9.5800e-02 2.5142e-02 -2.4134e-01 2.8179e-01 -1.1166e-01 9.2333e+00 -5.0823e-02 -1.3614e-01 7.9581e-01 -4.3263e-02 1.7998e+00 -5.3301e-01 1.8733e-02 2.6599e-01 3.4198e-01 -2.5597e-01 1.2769e-02 -3.9686e-01 2.9549e-01 -3.8303e-01 -6.3797e-02 1.5674e+00 1.9421e-01 -2.4572e-01 -4.5115e-01 -6.4708e-01 -9.9921e-02 2.7886e-02 1.1660e-02 -5.6729e-02 7.8547e-02 1.2037e+00 7.5086e-01 -2.9778e-01 -1.9720e-02 -3.2170e-01 -7.7638e-02 -3.8448e-02 -7.4344e-02 -5.6996e-02 -6.0651e-02 8.3513e-03 1.2065e+00 -4.1521e-02 -2.8414e-01 5.1190e-03
1.8947e-01 1.4029e-01 -2.2809e-01 -6.7391e-01 -3.4442e-01 3.4464e-01 2.3637e-03 -2.6733e-03 -2.0756e-01 -3.3326e-01 -9.7334e-02 -5.0823e-02 7.0545e+00 -9.7087e-02 -2.9464e-01 -1.1480e-01 -1.1571e-02 -6.2214e-01 -1.2606e-02 -3.7381e-02 -9.5637e-01 2.9079e-02 -2.3435e-01 9.7275e-01 3.1138e-01 5.3192e-01 4.1277e-01 4.4436e-01 -1.0940e-01 -1.6102e-02 8.3554e-01 -3.8216e-01 -1.1362e-01 -1.7878e-01 -6.9523e-02 -3.4542e-03 -4.6064e-02 -5.8770e-02 -9.2187e-02 2.5437e-01 -1.4164e-02 -2.6894e-02 -2.8204e-02 -2.5641e-02 1.1749e-01 -5.6510e-02 7.7715e-02 -5.0850e-02 -7.9250e-02 1.6517e-02 -1.1828e-03 -6.7328e-03
-7.2513e-01 6.3050e+00 -5.4237e+00 -5.3428e+00 -1.3141e+00 -1.2515e+00 -1.5852e+00 1.2836e-01 6.2809e+00 -5.8363e+00 1.1504e-01 -1.3614e-01 -9.7087e-02 2.0087e+01 -2.8290e-01 -1.3587e-01 1.7530e-01 1.0285e+00 -4.8501e-02 4.5124e+00 4.8949e-01 -1.3674e+00 -5.2231e-01 8.8738e-01 -7.5111e-01 2.4441e+00 1.5428e+00 -3.2509e+00 -2.4023e-01 -1.6828e-01 -1.1037e+00 1.8813e+00 7.1494e-01 -4.3155e-01 -6.3699e-02 9.1088e-03 1.2452e-01 -1.7040e-01 -7.3998e-02 -4.4973e-01 8.9751e-02 -4.2222e-01 -7.6432e-02 -2.6057e-02 5.0280e+00 8.1133e-02 4.3343e-02 3.1738e-01 -6.5925e-01 -5.3046e-02 -3.6352e-01 1.0425e-01
1.4480e-01 3.1849e+01 -1.8542e+00 -1.5704e+00 2.9983e-01 -2.7254e+00 5.2798e-01 -6.2203e-02 -6.4414e+00 -1.5240e+00 -2.1497e-01 7.9581e-01 -2.9464e-01 -2.8290e-01 5.0564e+01 -1.6721e-01 -1.1321e+00 1.8733e+00 2.8273e-01 -2.0984e-02 3.8005e+00 6.9719e+00 -3.5717e+00 -4.9507e+00 2.9109e+01 -3.1035e+00 1.9205e+00 1.2640e+00 -1.2315e+00 -1.7846e-01 -2.3748e+00 -2.7775e+01 1.1705e+00 -1.6666e+00 5.0737e+00 -1.5805e-01 -5.2487e-01 -1.5719e-01 1.0782e+00 -1.8740e+00 -1.7044e-01 1.1008e+00 -5.7569e-01 -9.3683e-02 1.4766e-01 -4.6123e-01 -1.7812e-01 -1.4338e-01 1.4668e+00 4.0476e-01 -1.5203e-01 -6.5731e-02
-3.1263e-01 8.2813e-02 -9.1748e-01 -1.7783e+00 -9.5494e-01 5.7230e-01 -1.6590e-01 -3.8318e-01 3.0528e+00 -8.2481e-01 -2.2779e-01 -4.3263e-02 -1.1480e-01 -1.3587e-01 -1.6721e-01 1.2954e+01 4.9822e-02 1.5290e+00 5.6686e-02 2.8632e-01 -2.2547e+00 -2.5656e-01 -2.7882e+00 -4.3807e-01 -3.2637e-01 1.6280e+00 -1.7659e-01 1.8827e+00 -4.0049e-02 -1.8357e-01 -2.4444e-01 2.8870e-01 4.0150e-01 5.6195e-01 -8.9293e-02 1.7138e-01 -1.5409e-01 -1.6911e-01 -1.5685e-01 -2.9025e-01 -3.9118e-02 -1.5859e-01 6.4880e-03 -6.0005e-02 -1.8021e-01 -1.4099e-01 2.1594e-02 -5.5965e-02 -3.1516e-01 -1.0034e-01 -6.6466e-01 -4.0703e-01
-2.8898e-01 6.3676e+00 -8.9320e-01 -5.4659e+00 7.2112e+00 -5.2654e+00 -4.1143e-02 -3.0783e-04 -2.0656e+00 -1.5258e+00 -8.5245e-01 1.7998e+00 -1.1571e-02 1.7530e-01 -1.1321e+00 4.9822e-02 3.3079e+01 -1.2138e+01 8.0855e-03 -4.4952e-01 -4.5003e+00 -2.9864e+00 8.2693e+00 -1.0050e+00 -1.7691e-01 4.7269e+00 -7.9588e-02 4.5840e+00 3.6572e-01 -5.1456e-01 -5.0690e+00 7.4262e-01 -3.5904e-02 -5.2339e-01 -6.8488e-01 3.9406e-02 -6.2039e-02 -3.0991e-01 9.5963e-01 -8.8119e-02 -7.9188e-02 -1.8054e-01 6.7313e-03 5.2436e-01 2.0056e+00 -2.0369e-01 1.1041e+00 4.8778e-02 5.9456e+00 2.2831e-01 -3.1825e-01 -1.5956e-02
-1.4850e+00 2.9795e+01 -1.6220e+01 -5.2746e+01 -1.5595e+01 -1.5640e+01 -7.2613e+00 -3.2439e+00 3.7337e+01 -2.7549e+01 7.8955e-01 -5.3301e-01 -6.2214e-01 1.0285e+00 1.8733e+00 1.5290e+00 -1.2138e+01 1.4624e+02 1.1121e-01 -7.5096e-01 -3.3990e+01 1.2566e+01 -8.0019e+01 1.2429e+00 -3.9584e+00 4.1595e+01 -8.0737e-01 4.3253e+01 5.6431e+00 1.3876e+00 1.1924e+01 -4.0115e-01 5.2436e+00 9.7903e+00 3.8479e+00 -1.1417e+00 2.2334e-01 -3.2935e-01 1.7579e+00 -3.1777e+00 7.9251e-02 2.0600e+00 -3.8392e-01 5.2509e-02 -6.8519e+00 2.1336e+00 7.1591e-01 2.7664e+00 -3.5424e+00 -7.2731e-01 1.2339e+01 -3.1434e+00
-9.9223e-02 1.1473e-01 9.7895e-02 -1.4795e-01 -6.8986e-02 -7.8613e-03 -2.4435e-02 -1.6697e-02 -1.0194e-01 -2.4289e-01 -1.8928e-03 1.8733e-02 -1.2606e-02 -4.8501e-02 2.8273e-01 5.6686e-02 8.0855e-03 1.1121e-01 4.0949e+00 -3.8318e-02 4.5881e-02 -8.8378e-02 -2.6340e-02 -5.9891e-02 2.8574e-01 -1.6971e-02 9.4303e-03 1.4189e-01 -5.3705e-02 -4.1954e-02 -5.9960e-02 -3.2312e-01 -5.8854e-02 -9.8688e-02 1.5234e-01 -1.8545e-03 -2.7506e-02 3.2085e-02 -4.2407e-02 -1.3621e-01 -9.7175e-03 -4.1574e-02 -2.6242e-02 3.6805e-02 3.1521e-02 2.8219e-02 -2.9873e-02 -1.6092e-02 1.0698e-01 -9.5380e-03 -8.8335e-03 -2.0712e-02
3.3861e+00 3.2240e+00 -2.3440e+00 -4.2246e+00 -1.7326e-01 -2.0007e-01 -1.8475e-01 -5.9235e-01 -1.5576e+00 -2.7155e+00 1.6032e-01 2.6599e-01 -3.7381e-02 4.5124e+00 -2.0984e-02 2.8632e-01 -4.4952e-01 -7.5096e-01 -3.8318e-02 1.4249e+01 -3.5065e+00 -1.0096e+00 -5.3425e+00 -1.0886e-01 -1.7314e-01 6.9226e+00 1.5646e+00 2.0237e+00 -9.8459e-02 -1.0137e-01 -1.0724e+00 2.5635e-02 -3.9331e-01 -2.7443e-01 3.3356e-02 -6.0213e-02 -4.6421e-02 -2.1828e-01 -2.0108e-03 1.8620e-01 -8.0803e-02 -6.7449e-02 -5.8922e-03 -1.3616e-01 4.1941e+00 -5.9472e-02 -7.0814e-02 -5.1529e-02 -5.2426e-01 -4.9887e-02 -3.6702e-01 -5.9638e-01
-4.1725e+00 -2.8784e+01 -5.0601e+00 3.1293e+01 2.0706e+00 1.4239e+01 1.1281e+00 -1.2193e-01 -2.7177e+00 7.2936e+00 4.3757e-01 3.4198e-01 -9.5637e-01 4.8949e-01 3.8005e+00 -2.2547e+00 -4.5003e+00 -3.3990e+01 4.5881e-02 -3.5065e+00 1.0486e+02 2.0778e+00 5.3679e+01 4.4329e+00 9.3603e+00 -4.5316e+01 2.0333e-01 -5.4840e+01 6.5732e-01 1.2624e-01 -6.5697e+00 -8.5745e+00 3.2267e+00 2.5033e+00 -2.0612e+00 2.3474e-01 -2.1033e+00 -3.8978e-01 -1.4417e+00 2.1274e+00 6.0768e-01 1.5584e+00 1.9171e-01 2.9548e-01 1.0605e-01 -7.7556e-01 -4.1163e-01 5.0262e-01 8.8937e-01 1.3727e-01 4.8902e-02 -6.0557e-03
1.5839e-01 -9.7914e+00 -7.5874e-01 -3.3168e+00 -9.1119e-02 -2.0415e+00 1.4142e-01 -2.0403e-02 -2.5810e+00 9.8930e+00 -1.0088e+00 -2.5597e-01 2.9079e-02 -1.3674e+00 6.9719e+00 -2.5656e-01 -2.9864e+00 1.2566e+01 -8.8378e-02 -1.0096e+00 2.0778e+00 4.6514e+01 -8.9865e+00 -1.8161e+00 8.2084e+00 -9.5430e+00 -5.4348e-01 -8.6094e+00 -4.1369e-01 -1.0074e+00 -5.0249e+00 -8.8816e+00 2.2395e+00 -5.7887e-01 -6.1629e-02 -3.1339e-01 -1.9917e-01 -4.0385e-01 -1.3043e+00 -5.5929e-01 -1.7351e-01 -1.1294e+00 -1.3908e-01 -2.9814e-01 -1.7996e+00 -4.7928e-01 -1.7505e-01 1.3946e+00 -2.3359e+00 -4.3586e-01 1.8904e+00 1.0304e-01
-1.3233e+00 -7.1852e+00 -9.2357e+00 3.0568e+01 1.1082e+01 1.6752e+01 2.8466e+00 2.2071e-01 2.6691e+00 -1.6080e-01 -2.0862e+00 1.2769e-02 -2.3435e-01 -5.2231e-01 -3.5717e+00 -2.7882e+00 8.2693e+00 -8.0019e+01 -2.6340e-02 -5.3425e+00 5.3679e+01 -8.9865e+00 1.0844e+02 3.9791e+00 4.0025e-01 -6.2791e+01 -7.7839e-01 -5.4377e+01 -1.9032e-01 -1.0419e+00 -9.1245e+00 2.4565e+00 2.8126e+00 6.5885e-01 -3.8688e+00 6.6133e-01 1.0964e+00 -9.5030e-01 -2.3581e+00 1.0471e+00 5.9694e-01 8.9249e-01 -1.2022e-01 4.4690e-01 -3.2134e+00 -2.5324e+00 -9.8423e-01 -2.6320e-01 4.0142e+00 3.7263e-01 6.0491e+00 -2.2703e-02
-7.4553e-01 -3.3256e+00 -2.8728e+00 4.8564e+00 2.6683e+00 7.8998e-01 -3.5496e+00 -1.1716e-01 1.4649e+00 -3.5531e+00 2.5294e+00 -3.9686e-01 9.7275e-01 8.8738e-01 -4.9507e+00 -4.3807e-01 -1.0050e+00 1.2429e+00 -5.9891e-02 -1.0886e-01 4.4329e+00 -1.8161e+00 3.9791e+00 3.6377e+01 -1.0430e+00 -3.3750e+00 -1.6520e-01 -4.5420e+00 -7.8662e-01 -1.7595e-01 5.6679e+00 -2.6748e+00 -6.0639e-01 -6.5577e-01 -4.4996e-01 -1.6259e-01 -3.7486e-01 -2.8055e-01 -8.2306e-01 -1.3247e+00 -7.4084e-02 -1.0390e+00 7.8136e-02 -4.4833e-02 4.9897e-01 -3.5889e-01 3.4055e-02 2.5765e+00 -5.4998e-01 -1.7037e-01 -2.2918e-02 8.5634e-02
4.1521e+00 2.4700e+01 5.9481e-01 1.1184e+00 2.8180e+00 -5.0596e-01 5.5653e+00 -1.4528e-01 -7.5547e+00 4.0242e+00 -8.7061e-01 2.9549e-01 3.1138e-01 -7.5111e-01 2.9109e+01 -3.2637e-01 -1.7691e-01 -3.9584e+00 2.8574e-01 -1.7314e-01 9.3603e+00 8.2084e+00 4.0025e-01 -1.0430e+00 6.8455e+01 -2.1907e+00 2.2892e+00 8.0890e-01 -1.6663e+00 -1.3168e+00 3.3600e+00 -4.4458e+01 1.6656e-01 1.0809e+00 6.4852e-02 -3.1139e-01 -3.1677e-01 -2.8214e-01 1.3645e+00 -6.5457e+00 -1.6543e-01 -4.7254e-01 1.3952e-01 -4.3587e-01 -2.5589e-01 -3.5558e-01 6.0982e-01 -7.1896e-01 1.2685e+00 -6.9681e-01 -9.0255e-01 -2.3545e-01
2.0887e+00 3.1628e+01 8.7102e+00 -3.8395e+01 -3.1797e+00 -5.6936e+00 -1.8082e+00 -1.8073e-01 -2.6274e+00 -9.1982e-01 -1.8321e+00 -3.8303e-01 5.3192e-01 2.4441e+00 -3.1035e+00 1.6280e+00 4.7269e+00 4.1595e+01 -1.6971e-02 6.9226e+00 -4.5316e+01 -9.5430e+00 -6.2791e+01 -3.3750e+00 -2.1907e+00 1.1532e+02 8.1482e-01 7.3372e+01 2.7694e-02 -1.8198e+00 -1.6054e+01 -4.7726e-01 -3.0185e+00 -4.2301e-01 -1.8079e+00 -6.2175e-01 -2.2809e+00 3.4064e-01 2.7132e+00 -2.4669e+00 -5.8931e-01 -1.5798e+00 7.6551e-02 3.2095e-01 9.5545e+00 -2.6738e+00 1.1386e+00 -4.7128e-01 -1.4586e+00 2.5632e-01 4.5354e+00 -1.9823e-01
-4.3572e-02 9.8563e-01 2.4961e-01 -1.3601e+00 9.7416e-02 -4.6821e-01 5.6126e-02 -1.8981e-01 -6.9059e-02 -3.2456e-01 6.3914e-01 -6.3797e-02 4.1277e-01 1.5428e+00 1.9205e+00 -1.7659e-01 -7.9588e-02 -8.0737e-01 9.4303e-03 1.5646e+00 2.0333e-01 -5.4348e-01 -7.7839e-01 -1.6520e-01 2.2892e+00 8.1482e-01 1.2597e+01 -7.8627e-01 -2.8659e-01 1.6407e+00 -4.8779e-02 -2.4244e+00 1.1515e-01 1.0823e-01 1.7582e-03 1.5880e-02 7.3447e-01 -5.9901e-02 -4.0176e-02 -1.6373e-01 -1.7660e-02 -9.4506e-02 -7.6221e-02 -2.7046e-02 1.3882e+00 -1.2850e-01 -5.2380e-02 -1.0628e-01 -3.5218e-01 -5.3044e-02 -3.7324e-01 -2.3040e-01
2.7725e+00 3.6314e+01 4.2126e+00 -3.3409e+01 -3.3811e+00 -8.4285e+00 -3.2174e+00 -8.3624e-01 -3.3084e+00 3.1046e-01 -2.8505e+00 1.5674e+00 4.4436e-01 -3.2509e+00 1.2640e+00 1.8827e+00 4.5840e+00 4.3253e+01 1.4189e-01 2.0237e+00 -5.4840e+01 -8.6094e+00 -5.4377e+01 -4.5420e+00 8.0890e-01 7.3372e+01 -7.8627e-01 1.1853e+02 1.5570e-01 -2.1387e+00 -1.2577e+01 -1.5904e+00 -2.9916e+00 -1.6630e+00 4.5621e+00 -3.4638e-01 1.5714e+00 3.1383e-01 2.8310e+00 -2.6056e+00 -5.2031e-01 -1.4581e+00 -4.3617e-01 5.3660e-01 -3.6210e+00 -3.3113e+00 4.7036e-01 -9.4146e-01 -4.9213e-01 2.4731e-01 2.1604e+00 -9.2560e-01
3.7116e-01 -4.7114e-01 3.4879e-01 -2.5697e-01 6.3521e-01 -2.2280e-01 3.4788e-02 -5.0658e-02 -9.3614e-01 -1.3007e-01 -1.2386e-01 1.9421e-01 -1.0940e-01 -2.4023e-01 -1.2315e+00 -4.0049e-02 3.6572e-01 5.6431e+00 -5.3705e-02 -9.8459e-02 6.5732e-01 -4.1369e-01 -1.9032e-01 -7.8662e-01 -1.6663e+00 2.7694e-02 -2.8659e-01 1.5570e-01 1.6361e+01 -3.0939e-01 -8.4358e-01 2.3968e+00 -1.2302e-01 -1.6740e-01 -1.6967e-01 -7.6211e-02 -1.0368e-01 4.3120e-02 -1.9722e-01 -3.5883e-01 -2.9072e-02 1.7460e+00 -1.5425e-01 -7.0177e-02 2.3990e-01 3.4271e-01 -1.0738e-01 -3.1749e-02 1.9726e+00 -2.9829e-02 2.1551e-01 -9.2837e-02
-2.0534e-02 2.4359e+00 -6.2080e-02 -3.6948e+00 8.9459e-02 -1.0991e+00 4.2413e-02 -3.0408e-01 3.4914e+00 -5.9345e-01 -4.6807e-01 -2.4572e-01 -1.6102e-02 -1.6828e-01 -1.7846e-01 -1.8357e-01 -5.1456e-01 1.3876e+00 -4.1954e-02 -1.0137e-01 1.2624e-01 -1.0074e+00 -1.0419e+00 -1.7595e-01 -1.3168e+00 -1.8198e+00 1.6407e+00 -2.1387e+00 -3.0939e-01 2.1340e+01 7.2892e+00 -4.9804e+00 -4.8453e-02 -3.9234e-01 -3.7516e-01 -2.2428e-02 2.3041e+00 -1.5284e-02 3.4077e-01 -9.6698e-01 -6.9100e-02 6.7154e+00 -1.4381e-01 -8.7943e-02 -3.2852e-01 -1.5665e-01 -4.4610e-02 -6.7106e-02 -5.0727e-01 6.2417e-03 -6.1959e-01 -2.2986e-01
-2.5683e-01 -6.4692e+00 -1.2335e+00 1.2175e+01 -1.5051e+00 -7.5751e+00 1.4324e-01 3.7470e-01 2.3338e+00 -6.4395e-01 2.5523e+00 -4.5115e-01 8.3554e-01 -1.1037e+00 -2.3748e+00 -2.4444e-01 -5.0690e+00 1.1924e+01 -5.9960e-02 -1.0724e+00 -6.5697e+00 -5.0249e+00 -9.1245e+00 5.6679e+00 3.3600e+00 -1.6054e+01 -4.8779e-02 -1.2577e+01 -8.4358e-01 7.2892e+00 7.3175e+01 -8.9741e+00 6.1713e-03 -1.0230e+00 -2.4010e+00 -5.7100e-01 9.4704e-01 8.6030e-02 -1.3922e+00 -2.4787e+00 -2.3159e-02 4.8001e+00 -2.7706e-01 -5.2704e-01 -2.3771e+00 3.6800e+00 -1.8381e-01 -5.3252e-01 -2.3821e+00 -2.5352e-01 1.1417e+00 4.1804e-01
5.2045e+00 -2.4409e+01 7.5017e-01 -3.8086e-01 2.0831e+00 3.3383e-01 6.6591e+00 -3.0123e-01 3.1448e+00 1.4449e+00 -2.1564e+00 -6.4708e-01 -3.8216e-01 1.8813e+00 -2.7775e+01 2.8870e-01 7.4262e-01 -4.0115e-01 -3.2312e-01 2.5635e-02 -8.5745e+00 -8.8816e+00 2.4565e+00 -2.6748e+00 -4.4458e+01 -4.7726e-01 -2.4244e+00 -1.5904e+00 2.3968e+00 -4.9804e+00 -8.9741e+00 8.0463e+01 -2.2691e+00 9.2349e-01 -4.1835e-01 1.2709e-02 -8.0774e-02 6.7370e-01 -1.6947e+00 5.3586e+00 6.8582e-02 -9.7689e+00 -3.1749e-01 -4.5755e-01 -1.3996e-01 -3.9396e-01 -4.7453e-01 -4.8742e-01 -4.7650e-01 4.9310e-01 -2.4696e-01 -2.9733e-01
-1.4897e+00 3.3773e+00 -7.1163e+00 -4.6261e+00 -1.8870e+00 -7.9555e-02 -1.4136e+00 -2.1201e-02 7.2174e+00 -5.2150e+00 -1.3251e-01 -9.9921e-02 -1.1362e-01 7.1494e-01 1.1705e+00 4.0150e-01 -3.5904e-02 5.2436e+00 -5.8854e-02 -3.9331e-01 3.2267e+00 2.2395e+00 2.8126e+00 -6.0639e-01 1.6656e-01 -3.0185e+00 1.1515e-01 -2.9916e+00 -1.2302e-01 -4.8453e-02 6.1713e-03 -2.2691e+00 1.9263e+01 6.1301e+00 4.1446e-01 5.2622e-02 -1.1553e-01 -2.3467e-01 -3.2662e-01 -7.5016e-01 7.0873e-01 -3.8855e-01 -1.5345e-01 5.0149e-01 -1.6890e-01 -1.0321e-01 -1.5548e-01 -1.5782e-01 -1.5300e-01 -7.4287e-02 6.1259e-02 -5.7944e-02
-1.6996e+00 6.5565e+00 -6.8389e+00 -6.4564e+00 -1.9013e+00 -1.7971e+00 -1.1554e+00 4.2024e-02 9.4909e+00 -3.3966e+00 -3.9976e-01 2.7886e-02 -1.7878e-01 -4.3155e-01 -1.6666e+00 5.6195e-01 -5.2339e-01 9.7903e+00 -9.8688e-02 -2.7443e-01 2.5033e+00 -5.7887e-01 6.5885e-01 -6.5577e-01 1.0809e+00 -4.2301e-01 1.0823e-01 -1.6630e+00 -1.6740e-01 -3.9234e-01 -1.0230e+00 9.2349e-01 6.1301e+00 2.6840e+01 -4.1696e-01 4.2484e-01 -3.8453e-01 -4.6598e-01 -5.6328e-01 -9.7734e-01 3.4742e-01 -5.4908e-01 -1.8121e-01 5.0046e-01 -2.3057e-01 -3.5392e-01 -1.6822e-01 -1.0992e-01 5.9219e-01 -1.1831e-01 -2.1858e-01 2.5662e-02
-1.6465e-01 3.3727e+00 -3.6397e-01 -2.8604e+00 -5.0245e-01 -3.4175e+00 -6.2337e-02 2.6797e-01 3.4342e-02 -1.3611e+00 -4.9957e-01 1.1660e-02 -6.9523e-02 -6.3699e-02 5.0737e+00 -8.9293e-02 -6.8488e-01 3.8479e+00 1.5234e-01 3.3356e-02 -2.0612e+00 -6.1629e-02 -3.8688e+00 -4.4996e-01 6.4852e-02 -1.8079e+00 1.7582e-03 4.5621e+00 -1.6967e-01 -3.7516e-01 -2.4010e+00 -4.1835e-01 4.1446e-01 -4.1696e-01 1.3317e+01 2.2436e-02 -4.5299e-01 -2.0601e-01 -3.0443e-01 -1.2479e-01 -3.7453e-02 3.5915e-01 4.3766e-02 -7.8958e-03 -8.9552e-02 -5.5203e-01 -7.3689e-02 -5.1837e-02 5.2675e-01 -3.3045e-02 6.2038e-02 2.4904e-01
-4.2134e-01 7.1693e-01 1.8272e-01 -4.6019e-01 -4.7309e-01 -3.1967e-01 -3.1768e-01 -2.9627e-02 -1.2063e-01 -4.2788e-02 -1.3134e-01 -5.6729e-02 -3.4542e-03 9.1088e-03 -1.5805e-01 1.7138e-01 3.9406e-02 -1.1417e+00 -1.8545e-03 -6.0213e-02 2.3474e-01 -3.1339e-01 6.6133e-01 -1.6259e-01 -3.1139e-01 -6.2175e-01 1.5880e-02 -3.4638e-01 -7.6211e-02 -2.2428e-02 -5.7100e-01 1.2709e-02 5.2622e-02 4.2484e-01 2.2436e-02 8.0061e+00 -1.2413e-02 -6.1163e-02 -5.9657e-02 -6.3299e-02 1.7078e-01 -1.9240e-01 -1.7045e-02 3.7886e-01 -3.1012e-01 -9.4563e-03 4.8122e-03 -8.8141e-02 2.3159e+00 -1.4379e-02 -7.1779e-01 -3.8345e-02
-1.0639e-01 2.1426e+00 1.0723e+00 -6.2718e-03 -3.1024e-01 -2.5071e-01 -1.2131e-01 -3.5043e-01 -7.2229e-01 -1.2110e+00 -3.1186e-01 7.8547e-02 -4.6064e-02 1.2452e-01 -5.2487e-01 -1.5409e-01 -6.2039e-02 2.2334e-01 -2.7506e-02 -4.6421e-02 -2.1033e+00 -1.9917e-01 1.0964e+00 -3.7486e-01 -3.1677e-01 -2.2809e+00 7.3447e-01 1.5714e+00 -1.0368e-01 2.3041e+00 9.4704e-01 -8.0774e-02 -1.1553e-01 -3.8453e-01 -4.5299e-01 -1.2413e-02 1.1203e+01 -1.7420e-01 -2.4550e-01 -3.1080e-02 -4.1194e-02 3.4228e-01 -1.4048e-02 -4.0672e-02 -5.1696e-02 -3.4378e-01 -9.0737e-02 -2.9564e-02 -1.0032e-02 -2.1910e-02 2.1282e-02 -3.6615e-01
-1.1141e-01 -2.3926e+00 4.5300e-01 5.3638e-01 -3.8225e-01 -1.9797e+00 1.1435e-01 1.3585e-01 -4.8595e-01 2.7797e+00 -2.3328e-01 1.2037e+00 -5.8770e-02 -1.7040e-01 -1.5719e-01 -1.6911e-01 -3.0991e-01 -3.2935e-01 3.2085e-02 -2.1828e-01 -3.8978e-01 -4.0385e-01 -9.5030e-01 -2.8055e-01 -2.8214e-01 3.4064e-01 -5.9901e-02 3.1383e-01 4.3120e-02 -1.5284e-02 8.6030e-02 6.7370e-01 -2.3467e-01 -4.6598e-01 -2.0601e-01 -6.1163e-02 -1.7420e-01 1.2418e+01 3.8005e+00 7.1288e-01 -6.4324e-02 7.1285e-02 -4.0932e-02 3.9500e-01 -1.9590e-01 6.1637e-01 8.1615e-03 -3.4530e-02 1.2306e+00 2.4021e-01 -3.9507e-01 1.2095e-01
-1.7218e-01 -8.3622e-01 -2.5643e-01 -1.2142e+00 -2.9395e-01 -1.6016e+00 5.1951e-02 -4.3693e-02 -3.0872e-01 2.0214e+00 -8.8331e-02 7.5086e-01 -9.2187e-02 -7.3998e-02 1.0782e+00 -1.5685e-01 9.5963e-01 1.7579e+00 -4.2407e-02 -2.0108e-03 -1.4417e+00 -1.3043e+00 -2.3581e+00 -8.2306e-01 1.3645e+00 2.7132e+00 -4.0176e-02 2.8310e+00 -1.9722e-01 3.4077e-01 -1.3922e+00 -1.6947e+00 -3.2662e-01 -5.6328e-01 -3.0443e-01 -5.9657e-02 -2.4550e-01 3.8005e+00 1.5633e+01 1.1911e-01 -9.4159e-02 4.0908e+00 -7.1834e-02 3.4923e-02 -7.4886e-02 -2.6348e-01 1.2439e+00 -2.6994e-02 -4.8871e-01 1.8365e-01 1.0199e-02 -8.2770e-02
-9.4430e-01 -2.1964e+00 1.8523e+00 -5.9072e-01 -6.4965e-01 -1.0482e+00 -7.0649e-01 1.1199e-01 -2.4622e+00 2.2690e+00 -1.9415e-01 -2.9778e-01 2.5437e-01 -4.4973e-01 -1.8740e+00 -2.9025e-01 -8.8119e-02 -3.1777e+00 -1.3621e-01 1.8620e-01 2.1274e+00 -5.5929e-01 1.0471e+00 -1.3247e+00 -6.5457e+00 -2.4669e+00 -1.6373e-01 -2.6056e+00 -3.5883e-01 -9.6698e-01 -2.4787e+00 5.3586e+00 -7.5016e-01 -9.7734e-01 -1.2479e-01 -6.3299e-02 -3.1080e-02 7.1288e-01 1.1911e-01 3.1834e+01 3.7754e-01 -2.0119e+00 4.0521e-02 -6.6766e-02 -9.7128e-03 1.3449e+00 -1.2876e-01 -1.8674e-01 -1.2878e+00 6.6729e-01 8.8153e-02 3.2703e-02
7.7442e-03 5.7012e-02 -5.1665e-01 -1.0849e-01 -7.1013e-02 3.1806e-01 -7.8807e-02 -4.0840e-03 6.0360e-01 -4.7694e-01 -5.8628e-02 -1.9720e-02 -1.4164e-02 8.9751e-02 -1.7044e-01 -3.9118e-02 -7.9188e-02 7.9251e-02 -9.7175e-03 -8.0803e-02 6.0768e-01 -1.7351e-01 5.9694e-01 -7.4084e-02 -1.6543e-01 -5.8931e-01 -1.7660e-02 -5.2031e-01 -2.9072e-02 -6.9100e-02 -2.3159e-02 6.8582e-02 7.0873e-01 3.4742e-01 -3.7453e-02 1.7078e-01 -4.1194e-02 -6.4324e-02 -9.4159e-02 3.7754e-01 4.8596e+00 -7.0453e-02 -2.1007e-02 -2.0045e-02 -3.0858e-02 3.2189e-02 -3.0055e-02 -8.1953e-03 -4.7917e-02 -2.4884e-02 -1.7622e-02 -1.3029e-02
6.2866e-01 1.1640e-02 -8.9862e-01 -3.4015e-01 3.1573e-01 2.6532e-01 3.0055e+00 -3.2050e-01 2.5919e+00 -1.3489e+00 4.5753e-01 -3.2170e-01 -2.6894e-02 -4.2222e-01 1.1008e+00 -1.5859e-01 -1.8054e-01 2.0600e+00 -4.1574e-02 -6.7449e-02 1.5584e+00 -1.1294e+00 8.9249e-01 -1.0390e+00 -4.7254e-01 -1.5798e+00 -9.4506e-02 -1.4581e+00 1.7460e+00 6.7154e+00 4.8001e+00 -9.7689e+00 -3.8855e-01 -5.4908e-01 3.5915e-01 -1.9240e-01 3.4228e-01 7.1285e-02 4.0908e+00 -2.0119e+00 -7.0453e-02 2.8484e+01 -2.6546e-01 -1.3231e-01 -1.4552e-01 -6.2314e-02 -1.2869e-01 -2.3501e-01 1.6883e+00 -1.0053e-01 -1.5970e-01 -1.9897e-01
-2.9133e-01 -8.3263e-01 2.1492e-01 4.8293e-01 -3.2059e-02 -1.2438e-02 -1.8390e-01 3.5190e-02 -6.0780e-01 1.3549e-01 2.6947e-01 -7.7638e-02 -2.8204e-02 -7.6432e-02 -5.7569e-01 6.4880e-03 6.7313e-03 -3.8392e-01 -2.6242e-02 -5.8922e-03 1.9171e-01 -1.3908e-01 -1.2022e-01 7.8136e-02 1.3952e-01 7.6551e-02 -7.6221e-02 -4.3617e-01 -1.5425e-01 -1.4381e-01 -2.7706e-01 -3.1749e-01 -1.5345e-01 -1.8121e-01 4.3766e-02 -1.7045e-02 -1.4048e-02 -4.0932e-02 -7.1834e-02 4.0521e-02 -2.1007e-02 -2.6546e-01 6.6384e+00 -1.6644e-02 -4.9261e-02 3.6235e-02 8.8660e-01 -3.3691e-02 -1.4455e-01 8.2083e-03 -2.9681e-02 1.2749e-02
-7.3128e-01 6.1043e-02 2.2922e-02 1.7993e-01 -3.8534e-01 1.7418e-01 -6.0779e-01 7.2955e-02 1.2421e-01 -9.3368e-02 -9.8295e-02 -3.8448e-02 -2.5641e-02 -2.6057e-02 -9.3683e-02 -6.0005e-02 5.2436e-01 5.2509e-02 3.6805e-02 -1.3616e-01 2.9548e-01 -2.9814e-01 4.4690e-01 -4.4833e-02 -4.3587e-01 3.2095e-01 -2.7046e-02 5.3660e-01 -7.0177e-02 -8.7943e-02 -5.2704e-01 -4.5755e-01 5.0149e-01 5.0046e-01 -7.8958e-03 3.7886e-01 -4.0672e-02 3.9500e-01 3.4923e-02 -6.6766e-02 -2.0045e-02 -1.3231e-01 -1.6644e-02 7.0248e+00 -3.3039e-01 -3.1949e-02 -3.1131e-02 -5.4146e-02 1.0429e+00 -2.0824e-02 1.8550e-01 6.5082e-02
-8.8822e-02 3.5901e+00 5.4618e-01 -3.1906e+00 -3.2458e-01 9.2384e-02 -3.0542e-02 1.3086e-01 -6.1400e-01 -8.3013e-01 -1.1060e-01 -7.4344e-02 1.1749e-01 5.0280e+00 1.4766e-01 -1.8021e-01 2.0056e+00 -6.8519e+00 3.1521e-02 4.1941e+00 1.0605e-01 -1.7996e+00 -3.2134e+00 4.9897e-01 -2.5589e-01 9.5545e+00 1.3882e+00 -3.6210e+00 2.3990e-01 -3.2852e-01 -2.3771e+00 -1.3996e-01 -1.6890e-01 -2.3057e-01 -8.9552e-02 -3.1012e-01 -5.1696e-02 -1.9590e-01 -7.4886e-02 -9.7128e-03 -3.0858e-02 -1.4552e-01 -4.9261e-02 -3.3039e-01 1.9248e+01 -2.8077e-03 5.6464e-02 1.8531e-01 -1.7063e+00 -6.9248e-02 4.4120e+00 1.2008e-01
-1.6589e-01 -3.0472e+00 -3.5872e-01 3.5814e+00 -4.6704e-01 -2.9323e+00 -1.4133e-01 7.1350e-02 1.9861e-01 -1.5310e+00 4.5052e+00 -5.6996e-02 -5.6510e-02 8.1133e-02 -4.6123e-01 -1.4099e-01 -2.0369e-01 2.1336e+00 2.8219e-02 -5.9472e-02 -7.7556e-01 -4.7928e-01 -2.5324e+00 -3.5889e-01 -3.5558e-01 -2.6738e+00 -1.2850e-01 -3.3113e+00 3.4271e-01 -1.5665e-01 3.6800e+00 -3.9396e-01 -1.0321e-01 -3.5392e-01 -5.5203e-01 -9.4563e-03 -3.4378e-01 6.1637e-01 -2.6348e-01 1.3449e+00 3.2189e-02 -6.2314e-02 3.6235e-02 -3.1949e-02 -2.8077e-03 1.4550e+01 -2.7619e-02 -5.0302e-02 -7.6436e-02 -7.3681e-02 -2.7341e-02 4.7946e-02
-8.9550e-02 -6.5700e-02 -1.0732e-01 -1.6798e-01 -1.2975e-01 4.1034e-01 1.0301e-01 2.8809e-02 -5.2691e-01 -3.1375e-01 -3.9107e-02 -6.0651e-02 7.7715e-02 4.3343e-02 -1.7812e-01 2.1594e-02 1.1041e+00 7.1591e-01 -2.9873e-02 -7.0814e-02 -4.1163e-01 -1.7505e-01 -9.8423e-01 3.4055e-02 6.0982e-01 1.1386e+00 -5.2380e-02 4.7036e-01 -1.0738e-01 -4.4610e-02 -1.8381e-01 -4.7453e-01 -1.5548e-01 -1.6822e-01 -7.3689e-02 4.8122e-03 -9.0737e-02 8.1615e-03 1.2439e+00 -1.2876e-01 -3.0055e-02 -1.2869e-01 8.8660e-01 -3.1131e-02 5.6464e-02 -2.7619e-02 7.8600e+00 -4.7817e-02 -8.9793e-02 -1.9806e-02 1.6862e-02 1.8741e-02
1.4222e+00 9.7546e-01 -2.0974e+00 1.7965e-01 1.2061e+00 -4.2893e-01 -8.8763e-01 4.2028e-02 2.2235e+00 -2.3806e+00 -1.7167e-01 8.3513e-03 -5.0850e-02 3.1738e-01 -1.4338e-01 -5.5965e-02 4.8778e-02 2.7664e+00 -1.6092e-02 -5.1529e-02 5.0262e-01 1.3946e+00 -2.6320e-01 2.5765e+00 -7.1896e-01 -4.7128e-01 -1.0628e-01 -9.4146e-01 -3.1749e-02 -6.7106e-02 -5.3252e-01 -4.8742e-01 -1.5782e-01 -1.0992e-01 -5.1837e-02 -8.8141e-02 -2.9564e-02 -3.4530e-02 -2.6994e-02 -1.8674e-01 -8.1953e-03 -2.3501e-01 -3.3691e-02 -5.4146e-02 1.8531e-01 -5.0302e-02 -4.7817e-02 8.4780e+00 -1.8351e-01 -2.7997e-02 2.2165e-01 3.2562e-02
-8.1862e-02 6.3801e+00 -7.4934e-01 -2.0532e+00 -1.4091e-01 6.3929e-02 -2.5418e-02 8.3751e-01 -1.2292e+00 -1.3665e-01 -3.1568e-01 1.2065e+00 -7.9250e-02 -6.5925e-01 1.4668e+00 -3.1516e-01 5.9456e+00 -3.5424e+00 1.0698e-01 -5.2426e-01 8.8937e-01 -2.3359e+00 4.0142e+00 -5.4998e-01 1.2685e+00 -1.4586e+00 -3.5218e-01 -4.9213e-01 1.9726e+00 -5.0727e-01 -2.3821e+00 -4.7650e-01 -1.5300e-01 5.9219e-01 5.2675e-01 2.3159e+00 -1.0032e-02 1.2306e+00 -4.8871e-01 -1.2878e+00 -4.7917e-02 1.6883e+00 -1.4455e-01 1.0429e+00 -1.7063e+00 -7.6436e-02 -8.9793e-02 -1.8351e-01 2.9053e+01 -1.0102e-01 -2.6545e+00 7.6057e-01
-9.8612e-02 5.5034e-01 1.6345e-01 -5.7162e-02 1.8234e-01 -3.4782e-01 -2.1873e-01 -3.6522e-01 -4.0393e-01 3.2985e-01 5.4390e-03 -4.1521e-02 1.6517e-02 -5.3046e-02 4.0476e-01 -1.0034e-01 2.2831e-01 -7.2731e-01 -9.5380e-03 -4.9887e-02 1.3727e-01 -4.3586e-01 3.7263e-01 -1.7037e-01 -6.9681e-01 2.5632e-01 -5.3044e-02 2.4731e-01 -2.9829e-02 6.2417e-03 -2.5352e-01 4.9310e-01 -7.4287e-02 -1.1831e-01 -3.3045e-02 -1.4379e-02 -2.1910e-02 2.4021e-01 1.8365e-01 6.6729e-01 -2.4884e-02 -1.0053e-01 8.2083e-03 -2.0824e-02 -6.9248e-02 -7.3681e-02 -1.9806e-02 -2.7997e-02 -1.0102e-01 5.9305e+00 -4.6216e-02 2.0581e-01
-9.1356e-02 -2.7648e+00 2.3103e-01 -5.2771e-01 3.0248e-01 -6.3701e-02 2.2409e-01 -2.6814e+00 1.2409e-01 3.3407e-01 -1.4280e+00 -2.8414e-01 -1.1828e-03 -3.6352e-01 -1.5203e-01 -6.6466e-01 -3.1825e-01 1.2339e+01 -8.8335e-03 -3.6702e-01 4.8902e-02 1.8904e+00 6.0491e+00 -2.2918e-02 -9.0255e-01 4.5354e+00 -3.7324e-01 2.1604e+00 2.1551e-01 -6.1959e-01 1.1417e+00 -2.4696e-01 6.1259e-02 -2.1858e-01 6.2038e-02 -7.1779e-01 2.1282e-02 -3.9507e-01 1.0199e-02 8.8153e-02 -1.7622e-02 -1.5970e-01 -2.9681e-02 1.8550e-01 4.4120e+00 -2.7341e-02 1.6862e-02 2.2165e-01 -2.6545e+00 -4.6216e-02 2.2474e+01 -2.9191e+00
3.9013e-03 5.7777e+00 7.5448e-02 1.0635e+00 9.7649e-02 -1.9277e-02 9.3446e-02 1.6377e+01 -5.3767e-02 -1.7758e+00 1.1286e-01 5.1190e-03 -6.7328e-03 1.0425e-01 -6.5731e-02 -4.0703e-01 -1.5956e-02 -3.1434e+00 -2.0712e-02 -5.9638e-01 -6.0557e-03 1.0304e-01 -2.2703e-02 8.5634e-02 -2.3545e-01 -1.9823e-01 -2.3040e-01 -9.2560e-01 -9.2837e-02 -2.2986e-01 4.1804e-01 -2.9733e-01 -5.7944e-02 2.5662e-02 2.4904e-01 -3.8345e-02 -3.6615e-01 1.2095e-01 -8.2770e-02 3.2703e-02 -1.3029e-02 -1.9897e-01 1.2749e-02 6.5082e-02 1.2008e-01 4.7946e-02 1.8741e-02 3.2562e-02 7.6057e-01 2.0581e-01 -2.9191e+00 1.6703e+01
