1.7078e+02 -8.7103e+01 -7.7309e+01 3.1463e+01 -4.1898e+01 1.1957e+01 2.1468e+01 1.6720e+00 4.9768e+00 1.0343e+01 1.4262e+01 -6.8567e-01 -2.1273e+00 -8.8705e-01 3.1072e+01 3.3429e+00 5.4506e+00 1.9921e+01 -2.1211e-01 -1.2868e+00 -3.1376e+00 9.8809e-01 1.1029e+01 -3.7036e+00 -1.7709e+00 -2.2444e+01 1.0640e+00 -1.1647e+00 -1.6901e+01 -2.7407e-01 9.0309e+00 2.1695e+01 6.6407e-01 -8.2857e+00 1.1330e+01 -1.2717e+01 2.0700e+00 1.0624e+00 1.6969e+01 -2.3554e+00 -3.1984e-02 5.4246e-01 -7.9332e+00 3.3606e+00 -1.0749e+00 2.2330e+00 -3.1999e-01 4.1242e-01 -2.4534e+00 -1.5248e+00 7.7557e-01 1.4321e+00
-8.7103e+01 1.4377e+02 6.6931e+01 -3.6502e+01 5.2477e+01 5.2172e+00 -5.7206e+01 1.3902e+01 4.1402e-01 -2.7976e+00 -1.2268e+01 -1.5701e+00 -8.4463e+00 -1.6421e-01 -2.1028e+01 -3.7236e+00 1.2167e+00 -1.7361e+01 3.2344e-02 -3.4191e-01 -3.8272e+00 2.8474e-02 -1.7684e+01 -1.7224e-02 1.0020e+00 1.6465e+01 -2.1732e+00 -3.8627e-01 1.6197e+01 -1.2249e+00 -9.0921e+00 -2.3344e+01 1.1658e+00 1.0721e+00 4.8810e+00 1.2173e+01 -3.8764e-01 -3.9296e-01 -1.8220e+01 1.5912e+00 1.2103e-02 -1.3568e+00 -9.5273e-01 -2.0077e-01 1.0485e+00 8.3251e+00 6.1632e-01 -4.2004e-02 5.6877e+00 5.3734e+00 -6.9276e-01 -3.6633e-03
-7.7309e+01 6.6931e+01 1.2466e+02 -5.5661e+01 1.8156e+01 -7.2496e-01 -4.8610e+01 3.0216e+01 6.9071e+00 9.9804e-01 -2.7413e+01 1.4963e-01 1.1407e+01 9.7273e-01 -5.3874e+01 -3.3137e-01 -6.4825e-01 -3.6848e+01 -3.2713e+00 -2.7046e-02 -1.9804e+00 1.0267e-01 -1.6481e+01 2.0079e+00 -1.1660e+00 2.7174e+01 -2.9503e-01 6.7859e-01 -3.2362e-01 -1.2611e-01 -1.2823e+01 -2.2689e+01 -3.8391e+00 4.1438e+00 2.0238e+01 -3.5453e-01 -2.0735e-01 -3.8603e+00 -1.8389e+01 -7.9148e-01 1.6650e-01 -6.5433e-01 3.7479e-01 -5.0387e-01 7.3203e-01 -2.0985e+00 5.9037e-01 -3.6400e-01 2.0978e+00 1.3414e+01 -3.0260e-01 -4.1577e-02
3.1463e+01 -3.6502e+01 -5.5661e+01 1.2858e+02 -1.5368e+01 3.1311e-01 6.8711e+01 -3.8010e+01 -1.5845e+01 -9.5280e-01 4.6596e+01 -2.0574e+00 4.1127e+01 6.6241e-01 4.3701e+01 -3.6481e-01 -1.1411e-01 5.0899e+01 4.3709e-01 -7.2991e-01 1.5347e-01 -1.2374e+00 3.5875e+01 -2.2020e+00 -3.8878e-01 -1.1808e+01 -1.0780e+00 -6.4395e-01 -1.8786e+01 -7.7286e-01 -1.5640e+00 -2.9031e+00 1.5639e+00 -1.0246e+01 -1.9039e+01 -2.2270e+00 6.6382e-01 1.3173e+01 -4.2679e+00 -4.8781e-01 -9.5887e-02 1.1695e+00 1.5212e+00 1.2792e-01 -2.9983e-01 -3.3433e+00 -1.4913e-01 -6.8201e-01 3.5982e+00 -4.0151e+00 5.6664e-01 3.9945e-01
-4.1898e+01 5.2477e+01 1.8156e+01 -1.5368e+01 1.0314e+02 1.1859e+01 -1.9196e+01 2.6933e-01 -7.3963e-01 -1.7482e+01 -1.4818e+00 -5.3670e-01 -6.6475e+00 5.2888e-01 -1.0530e+01 -3.2629e+00 -9.6441e+00 3.2059e+00 -6.4127e-01 -2.7028e+00 -4.8326e+00 5.5207e-02 1.5657e+00 -5.3062e-01 6.7522e-01 1.1837e+01 -2.5036e+00 -6.7244e-01 2.7509e+01 1.2001e+00 2.6757e+00 -1.4128e-02 1.7077e+00 -4.5225e+00 5.7869e+00 1.0845e+01 1.4949e+00 9.3147e-01 1.2678e+00 1.9052e+00 -3.6803e-01 -5.3560e-03 1.9003e+00 3.2354e+00 2.3813e-01 4.1903e+00 5.5563e-01 -2.3569e-01 8.5586e-01 -6.5868e-01 -9.8406e-01 -2.3319e+00
1.1957e+01 5.2172e+00 -7.2496e-01 3.1311e-01 1.1859e+01 3.5994e+01 -1.4576e+00 6.6319e-01 1.6788e-01 -3.0309e+00 -5.5210e+00 1.0755e-02 -3.1713e-01 -2.8117e-01 -3.6837e-01 -7.6805e-02 -5.2042e-01 -1.7584e+00 1.7597e-01 -1.9399e+00 -5.7397e+00 6.8039e-02 7.2088e-02 1.5514e-01 -1.7911e-01 -3.9386e-02 -5.4309e-01 -7.4379e-01 1.4285e+00 -1.5117e+00 2.1738e+00 -5.6245e-01 2.6024e-01 5.1695e-01 2.2043e-01 2.7378e-01 1.0931e+00 -4.0625e-01 1.6190e-01 -1.9969e-01 -2.4879e-01 1.8302e-01 -2.2882e+00 5.1155e-02 -1.2513e-01 -5.1139e-01 4.6155e-01 6.6303e-02 3.3740e-01 5.1749e-01 -8.5108e-01 1.5175e+00
2.1468e+01 -5.7206e+01 -4.8610e+01 6.8711e+01 -1.9196e+01 -1.4576e+00 1.5413e+02 -7.0931e+01 -2.5054e+01 -3.3758e+00 2.3855e+01 -2.9293e+00 4.0923e+01 2.5132e-01 1.1881e+01 -1.8951e+00 -3.4414e+00 3.0793e+01 8.9875e-01 1.7136e+00 -6.7873e-01 -1.8973e+00 2.4658e+01 -4.1890e+00 -6.8892e-01 -1.8600e+01 -2.4436e-01 -8.4385e-01 -1.3488e+01 -1.1115e+00 4.7555e+00 1.3774e+01 3.7619e-01 1.5860e+00 -2.9382e+01 -4.5251e+00 -3.0353e+00 1.3447e+01 1.4291e+01 -1.7901e+00 -1.0608e-02 2.8278e-01 7.5523e-01 3.1703e-01 -2.0132e+00 -1.6259e+01 -2.0044e-01 -7.8919e-01 2.8807e+00 -1.5777e+01 -5.9701e-01 -3.5304e-02
1.6720e+00 1.3902e+01 3.0216e+01 -3.8010e+01 2.6933e-01 6.6319e-01 -7.0931e+01 8.8712e+01 2.2645e+01 -1.8345e-01 -2.0434e+01 3.3842e+00 1.7997e+00 -6.1314e-01 -1.9921e+01 -4.4594e-01 -3.4637e-01 -2.4812e+01 -1.1198e+00 6.9652e-01 2.7108e-01 1.4244e+00 -1.7188e+01 2.9871e+00 -1.2187e-01 -3.4581e+00 3.0820e-01 1.2262e+00 -5.6723e+00 7.6133e-01 -3.2009e+00 -7.1680e+00 -1.5244e+00 -4.8375e+00 2.9215e+01 -4.6223e-01 -1.6157e-01 -1.0689e+01 -7.9542e+00 -4.0490e-02 -6.6602e-02 -9.5786e-02 8.4242e-01 -8.2279e-01 2.4358e+00 6.2024e+00 1.0749e-01 1.5126e-01 -5.2591e+00 1.8233e+01 -2.2455e-01 -1.0236e-01
4.9768e+00 4.1402e-01 6.9071e+00 -1.5845e+01 -7.3963e-01 1.6788e-01 -2.5054e+01 2.2645e+01 3.7730e+01 -1.0900e+00 -1.3456e+01 1.2105e+00 -5.3282e-02 -2.2426e-01 -1.7034e+01 6.9192e-03 2.4558e-02 -1.6192e+01 -1.1092e+00 -1.9769e-01 -6.2269e-01 1.1354e+00 -1.0837e+01 -4.3910e-01 8.9592e-02 -1.5662e+00 -2.5726e-02 -3.0656e-01 -5.5747e-01 6.3903e-01 -6.0252e-01 -3.5079e-01 -3.0656e-02 -1.1387e-01 1.8415e+01 -2.2093e-01 6.9593e-02 -9.7023e+00 -3.4103e-01 1.1467e-01 5.0134e-02 8.6785e-02 1.2778e+00 -3.6199e-01 3.6673e-01 -1.3500e-01 3.0142e-03 5.8672e-01 -1.9835e+00 1.0137e+01 1.6469e-02 -4.1520e-02
1.0343e+01 -2.7976e+00 9.9804e-01 -9.5280e-01 -1.7482e+01 -3.0309e+00 -3.3758e+00 -1.8345e-01 -1.0900e+00 4.5382e+01 2.6004e+00 -1.2595e+00 -4.9444e-01 -8.0870e-01 1.8567e+01 1.0314e+00 1.4834e+01 -1.8238e+00 2.4792e-01 -3.8491e+00 2.7839e+00 2.8423e-02 -4.9767e-01 3.0540e-01 -8.2237e-01 1.7119e-01 -4.0446e-01 1.4743e-01 7.1075e-01 -2.0364e+00 -1.4632e+00 1.3976e-01 -2.4271e+00 1.6891e+00 -3.1815e+00 -9.0674e-01 5.6484e+00 -1.3008e+00 -1.1104e+00 -6.4380e-01 1.0360e-03 9.7145e-02 -1.5814e+00 7.1088e-01 4.2846e-01 -2.8908e-01 -2.6663e-01 1.6520e-01 6.1287e-02 -7.9965e-01 1.2375e+00 7.4277e+00
1.4262e+01 -1.2268e+01 -2.7413e+01 4.6596e+01 -1.4818e+00 -5.5210e+00 2.3855e+01 -2.0434e+01 -1.3456e+01 2.6004e+00 7.7995e+01 -1.3683e+00 9.9122e+00 -7.3488e-01 4.4783e+01 -5.7824e-01 9.1946e-01 5.1422e+01 -1.5403e+00 1.0736e+00 1.6523e-01 -1.1898e+00 4.4526e+01 -1.3468e+00 8.5982e-02 -2.5782e+00 7.7129e-01 -5.3410e-01 -4.2185e+00 -4.3499e-01 -4.2179e+00 -5.2793e+00 -1.4919e+00 -4.0086e+00 -1.8704e+01 1.6578e+00 9.9539e-01 1.4967e+01 -6.8694e+00 -4.6128e-01 3.0748e-01 -1.9244e-01 -1.2799e+00 3.2035e-01 -9.6067e-01 -1.2113e+00 -2.3541e-01 -3.6516e-01 1.5487e-01 -1.0033e+01 9.3486e-01 2.9901e-01
-6.8567e-01 -1.5701e+00 1.4963e-01 -2.0574e+00 -5.3670e-01 1.0755e-02 -2.9293e+00 3.3842e+00 1.2105e+00 -1.2595e+00 -1.3683e+00 1.0674e+01 -8.6235e-01 2.5450e-01 2.1792e+00 -7.2187e-02 -3.6378e-02 -1.4192e+00 -7.0473e-02 -1.4526e-01 1.5005e-01 -6.0841e-02 -9.6308e-01 -1.3333e-01 -5.0098e-02 7.2661e-02 -7.8536e-02 -7.1212e-02 -2.5610e-01 -1.4550e-02 -4.5898e-01 -8.0607e-01 -1.3963e-01 -3.9820e-01 -3.3326e-01 1.9481e-02 1.7457e-01 -3.5084e-01 -7.6735e-01 4.7159e-02 3.2703e-02 -5.4639e-02 4.4962e-02 5.8872e-02 -8.3318e-02 2.2399e+00 -2.3622e-02 -3.2481e-02 8.8746e-01 5.8291e-02 1.0743e-01 1.2514e-01
-2.1273e+00 -8.4463e+00 1.1407e+01 4.1127e+01 -6.6475e+00 -3.1713e-01 4.0923e+01 1.7997e+00 -5.3282e-02 -4.9444e-01 9.9122e+00 -8.6235e-01 1.0039e+02 -3.4900e-02 -2.9643e+01 -1.5917e+00 -2.1735e-01 9.8746e+00 -8.2012e-01 5.8470e-02 -2.4730e+00 -1.6208e-01 1.1646e+01 -4.9336e+00 -1.0072e+00 -1.7537e+01 -1.4825e+00 1.0847e-01 -4.0973e+01 -3.4482e-01 -1.6149e+01 -2.1687e+01 -4.6795e+00 -1.1257e+00 1.0274e+01 -3.6279e+00 2.1992e-01 1.2682e-02 -2.2203e+01 -1.3478e+00 7.7793e-02 1.7245e-01 2.5622e-01 -2.0646e-01 -1.6291e+00 -5.8165e+00 -2.4828e-01 -4.1353e-01 1.3719e+00 -3.3987e-01 2.0175e-01 -2.2127e-01
-8.8705e-01 -1.6421e-01 9.7273e-01 6.6241e-01 5.2888e-01 -2.8117e-01 2.5132e-01 -6.1314e-01 -2.2426e-01 -8.0870e-01 -7.3488e-01 2.5450e-01 -3.4900e-02 1.5506e+01 7.0352e-02 -7.6613e-02 1.3864e-01 -6.9678e-01 -9.1174e-02 -2.3183e-01 5.0384e-01 -1.5180e-02 -8.0805e-01 -1.4259e-01 -1.9017e-01 1.1146e+00 -9.9874e-02 9.5247e-02 1.7654e+00 4.7393e-02 1.2347e-01 -4.0745e-01 -1.4225e-01 -8.7358e-02 5.4256e-01 1.6296e-01 -2.2912e-01 -3.3592e-01 -6.7029e-01 8.5923e-02 -3.1389e-02 -7.6617e-04 -2.0666e-01 6.8445e-01 -1.6608e-01 -1.8084e-01 -3.8144e-02 -7.6040e-02 2.3963e-01 -4.0514e-01 -4.0568e-01 1.2885e-01
3.1072e+01 -2.1028e+01 -5.3874e+01 4.3701e+01 -1.0530e+01 -3.6837e-01 1.1881e+01 -1.9921e+01 -1.7034e+01 1.8567e+01 4.4783e+01 2.1792e+00 -2.9643e+01 7.0352e-02 1.3221e+02 -9.1531e-01 2.0414e+01 5.1560e+01 2.6333e+00 -3.0668e+00 7.3376e+00 -1.2441e+00 3.4042e+01 2.8449e+00 -9.0820e-01 6.5937e+00 -8.4409e-01 -5.8927e-01 1.6024e+01 -2.8877e+00 8.3317e+00 9.4660e+00 3.7239e+00 -7.9408e+00 -3.8267e+01 7.7395e-01 8.2136e+00 1.9507e+01 7.3016e+00 -2.9580e-01 -3.2146e-01 8.7669e-01 -6.0107e+00 -3.7054e-01 1.0316e+00 5.6280e+00 -2.8646e-02 -7.4623e-01 2.3122e+00 -9.6172e+00 4.0607e+00 7.7902e+00
3.3429e+00 -3.7236e+00 -3.3137e-01 -3.6481e-01 -3.2629e+00 -7.6805e-02 -1.8951e+00 -4.4594e-01 6.9192e-03 1.0314e+00 -5.7824e-01 -7.2187e-02 -1.5917e+00 -7.6613e-02 -9.1531e-01 2.0369e+01 1.6138e-01 -2.3354e-01 2.0221e-01 -1.1563e-01 -9.9445e-01 -5.3520e-03 -2.2308e-01 -2.9840e-01 -2.7076e-01 5.7764e-01 -1.8780e-01 -1.0351e-01 -1.5459e+00 -3.7751e-01 2.1354e+00 1.2814e-01 -6.4012e-01 -8.4098e-01 5.1554e-01 -1.6471e+00 -3.2070e-01 -2.1817e-02 -2.4018e-01 3.4721e-01 -1.0625e-01 7.6915e-02 -5.8804e-01 2.6054e-01 -1.3832e-01 8.1632e-01 -9.4592e-02 1.0056e+00 -7.1956e-02 -2.5380e-01 -4.7184e-01 -1.2619e-01
5.4506e+00 1.2167e+00 -6.4825e-01 -1.1411e-01 -9.6441e+00 -5.2042e-01 -3.4414e+00 -3.4637e-01 2.4558e-02 1.4834e+01 9.1946e-01 -3.6378e-02 -2.1735e-01 1.3864e-01 2.0414e+01 1.6138e-01 2.6656e+01 -2.6824e+00 1.5682e-01 -3.9744e+00 8.7450e+00 3.8846e-02 -9.2712e-01 1.0479e-01 -9.4785e-01 1.2898e-02 -5.6469e-01 4.0494e-02 2.6809e+00 -2.4923e+00 -2.1127e+00 3.5776e-01 3.3933e-04 -1.1125e-01 5.8289e-01 3.7924e-01 5.2359e+00 -1.3665e+00 -3.6959e-02 -5.2366e-01 -1.3792e-01 -2.5899e-02 -5.8563e+00 4.3762e-01 2.7011e-01 -6.3578e-03 -5.3364e-02 2.5448e-01 9.5350e-02 -1.3732e-01 1.1217e+00 1.2876e+01
1.9921e+01 -1.7361e+01 -3.6848e+01 5.0899e+01 3.2059e+00 -1.7584e+00 3.0793e+01 -2.4812e+01 -1.6192e+01 -1.8238e+00 5.1422e+01 -1.4192e+00 9.8746e+00 -6.9678e-01 5.1560e+01 -2.3354e-01 -2.6824e+00 7.9081e+01 2.3072e+00 -1.0335e-01 -9.8149e-01 -1.1724e+00 4.8692e+01 -1.6763e+00 2.6345e-03 -2.0081e+00 -6.5152e-01 -6.1340e-01 -5.4470e+00 2.4901e+00 -2.4061e+00 -4.9339e+00 -1.2756e+00 -5.8298e+00 -2.2412e+01 -5.9809e-01 5.4577e-01 2.2210e+01 -7.3408e+00 -4.1263e-01 2.7825e-02 -3.0507e-01 -9.2742e-01 3.8857e-01 -7.1424e-01 -3.7640e+00 9.0626e-02 -5.6397e-01 1.4883e+00 -1.1865e+01 4.0732e-01 3.4646e-01
-2.1211e-01 3.2344e-02 -3.2713e+00 4.3709e-01 -6.4127e-01 1.7597e-01 8.9875e-01 -1.1198e+00 -1.1092e+00 2.4792e-01 -1.5403e+00 -7.0473e-02 -8.2012e-01 -9.1174e-02 2.6333e+00 2.0221e-01 1.5682e-01 2.3072e+00 9.7332e+00 -1.0726e-01 -1.1366e-01 -1.4101e-01 -1.5998e+00 8.0713e-02 -1.3390e-01 -2.4033e-01 -1.1399e-01 -2.2559e-02 8.1548e-02 -1.2795e-01 -1.3646e-01 -2.8064e-01 -4.0798e-02 -5.5497e-01 -1.4134e+00 8.5273e-01 2.4161e-02 2.1994e+00 -4.9894e-01 -4.3382e-02 -3.5260e-02 1.0397e-02 -1.7985e-01 -9.0330e-02 -6.9519e-02 7.8708e-01 -2.5299e-02 -1.2456e-01 -3.8947e-01 -3.3388e-01 -1.1580e-02 3.9948e-02
-1.2868e+00 -3.4191e-01 -2.7046e-02 -7.2991e-01 -2.7028e+00 -1.9399e+00 1.7136e+00 6.9652e-01 -1.9769e-01 -3.8491e+00 1.0736e+00 -1.4526e-01 5.8470e-02 -2.3183e-01 -3.0668e+00 -1.1563e-01 -3.9744e+00 -1.0335e-01 -1.0726e-01 1.8144e+01 -1.6320e+00 6.6780e-02 4.0008e-02 -4.3764e-02 3.1406e-02 -6.6930e-02 -1.1397e-01 2.5985e-02 -7.0823e-01 -1.6993e-01 -3.7370e-01 -5.9036e-01 -8.2850e-02 -2.6891e-01 -1.7493e+00 -1.9667e-01 -6.0174e+00 2.6469e-01 -3.5995e-01 -1.3399e-01 1.8492e-02 5.3219e-02 6.7160e-01 -2.2328e-01 -1.7514e-01 1.0139e+00 2.2393e-01 -7.9494e-02 -2.0799e-01 2.8758e-01 4.3176e+00 -2.7273e+00
-3.1376e+00 -3.8272e+00 -1.9804e+00 1.5347e-01 -4.8326e+00 -5.7397e+00 -6.7873e-01 2.7108e-01 -6.2269e-01 2.7839e+00 1.6523e-01 1.5005e-01 -2.4730e+00 5.0384e-01 7.3376e+00 -9.9445e-01 8.7450e+00 -9.8149e-01 -1.1366e-01 -1.6320e+00 3.4629e+01 1.8881e-01 -1.2231e+00 -1.4327e-01 -5.5794e-01 -7.9515e-01 3.5481e-01 1.8464e-01 -1.0646e+00 -7.5144e-01 -1.0039e+00 2.3348e+00 1.1137e-01 -5.1169e-01 -1.6586e+00 -1.3914e+00 3.3118e+00 -3.7925e-01 3.3078e+00 -4.1525e-01 -4.6716e-02 -1.7485e-01 6.2344e+00 -6.1708e-01 -3.2641e-01 -1.0545e+00 -9.0010e-02 1.7282e-01 -5.1934e-01 -3.6161e-02 1.6402e+00 4.7152e+00
9.8809e-01 2.8474e-02 1.0267e-01 -1.2374e+00 5.5207e-02 6.8039e-02 -1.8973e+00 1.4244e+00 1.1354e+00 2.8423e-02 -1.1898e+00 -6.0841e-02 -1.6208e-01 -1.5180e-02 -1.2441e+00 -5.3520e-03 3.8846e-02 -1.1724e+00 -1.4101e-01 6.6780e-02 1.8881e-01 6.7484e+00 7.3597e-01 -9.3658e-02 -1.5898e-02 2.7451e-02 -6.4164e-02 -1.0569e-02 5.6224e-01 -4.2698e-02 4.3266e-02 9.5795e-02 -8.4106e-02 -5.5016e-01 1.4608e-01 6.8912e-02 5.8467e-02 1.0771e+00 -6.5436e-02 -2.9948e-02 -1.2033e-02 -1.7446e-02 -4.7953e-02 3.4410e-02 -3.9740e-02 -1.2046e-01 -3.9660e-02 -7.1891e-02 1.9953e-02 4.3986e-01 4.3947e-02 2.6458e-02
1.1029e+01 -1.7684e+01 -1.6481e+01 3.5875e+01 1.5657e+00 7.2088e-02 2.4658e+01 -1.7188e+01 -1.0837e+01 -4.9767e-01 4.4526e+01 -9.6308e-01 1.1646e+01 -8.0805e-01 3.4042e+01 -2.2308e-01 -9.2712e-01 4.8692e+01 -1.5998e+00 4.0008e-02 -1.2231e+00 7.3597e-01 7.3250e+01 -1.1746e+00 1.0154e+00 -2.0632e+00 -4.7887e-01 -3.8523e-01 -3.8012e+00 -5.2525e-01 -3.2785e+00 -5.4624e+00 -1.1054e+00 -3.1261e+00 -1.9359e+01 -1.2313e-01 3.3718e-01 1.7361e+01 -7.1467e+00 -3.8741e-01 -1.1807e-01 -4.3383e-01 2.0623e-01 2.6576e-01 -9.4382e-01 -4.3054e+00 -1.7749e-01 -5.6054e-01 -4.8419e+00 -1.0651e+01 2.3706e-01 -2.3511e-01
-3.7036e+00 -1.7224e-02 2.0079e+00 -2.2020e+00 -5.3062e-01 1.5514e-01 -4.1890e+00 2.9871e+00 -4.3910e-01 3.0540e-01 -1.3468e+00 -1.3333e-01 -4.9336e+00 -1.4259e-01 2.8449e+00 -2.9840e-01 1.0479e-01 -1.6763e+00 8.0713e-02 -4.3764e-02 -1.4327e-01 -9.3658e-02 -1.1746e+00 1.7412e+01 8.1426e-01 7.3881e-01 3.8161e-01 -1.1422e-01 -2.6622e+00 -2.9138e-01 -9.3140e-01 -9.4001e-01 -3.8483e-01 1.8061e-01 -1.8724e+00 -1.0337e-01 5.7658e-02 -3.6060e-01 -9.4091e-01 -2.2525e-01 7.7084e-02 3.3064e-01 5.6605e-03 -2.1058e-01 -6.5785e-02 -4.0633e-01 -1.2991e-01 -1.2216e-01 -8.6030e-01 3.9459e+00 2.5369e-02 6.6599e-02
-1.7709e+00 1.0020e+00 -1.1660e+00 -3.8878e-01 6.7522e-01 -1.7911e-01 -6.8892e-01 -1.2187e-01 8.9592e-02 -8.2237e-01 8.5982e-02 -5.0098e-02 -1.0072e+00 -1.9017e-01 -9.0820e-01 -2.7076e-01 -9.4785e-01 2.6345e-03 -1.3390e-01 3.1406e-02 -5.5794e-01 -1.5898e-02 1.0154e+00 8.1426e-01 1.2898e+01 -8.8588e-01 -2.8607e-01 -4.2819e-02 -2.1361e+00 -1.8850e-01 -2.5472e-01 -2.6637e-01 -1.0568e-01 6.0552e-01 1.0597e+00 -4.2959e-01 -1.2719e+00 -9.2958e-02 -3.1189e-01 4.8994e-01 5.1149e-02 -4.3224e-02 1.2017e-01 -1.9533e-02 -6.3378e-02 -2.8947e-01 -3.6951e-02 -1.4338e-01 -4.4566e-01 -3.3950e-01 4.4632e-01 -6.5239e-01
-2.2444e+01 1.6465e+01 2.7174e+01 -1.1808e+01 1.1837e+01 -3.9386e-02 -1.8600e+01 -3.4581e+00 -1.5662e+00 1.7119e-01 -2.5782e+00 7.2661e-02 -1.7537e+01 1.1146e+00 6.5937e+00 5.7764e-01 1.2898e-02 -2.0081e+00 -2.4033e-01 -6.6930e-02 -7.9515e-01 2.7451e-02 -2.0632e+00 7.3881e-01 -8.8588e-01 4.9764e+01 -2.5964e-01 -1.2496e-01 2.0718e+01 -5.8361e-02 9.5811e-02 -4.2553e+00 3.9631e-01 -1.5621e+00 5.1369e-01 -1.7898e+00 2.8300e-01 -1.3233e+00 -2.4049e-01 -7.2207e-01 -1.5779e-01 5.0342e-01 -1.4825e-01 2.6082e-02 -5.2179e-01 -8.0375e-01 7.5655e-02 -2.0829e-01 8.7999e+00 3.8134e+00 2.4152e-01 -3.1504e-02
1.0640e+00 -2.1732e+00 -2.9503e-01 -1.0780e+00 -2.5036e+00 -5.4309e-01 -2.4436e-01 3.0820e-01 -2.5726e-02 -4.0446e-01 7.7129e-01 -7.8536e-02 -1.4825e+00 -9.9874e-02 -8.4409e-01 -1.8780e-01 -5.6469e-01 -6.5152e-01 -1.1399e-01 -1.1397e-01 3.5481e-01 -6.4164e-02 -4.7887e-01 3.8161e-01 -2.8607e-01 -2.5964e-01 1.1333e+01 -3.9399e-02 1.0455e-01 -3.1579e-01 -2.1870e-01 -1.9474e-01 -9.8538e-02 1.1208e+00 -1.2168e-01 -2.8346e-01 1.6193e-01 -6.7473e-01 -2.7053e-01 4.3617e-04 -3.5344e-02 2.0826e-02 -4.6998e-01 -1.6212e-01 1.9092e-01 4.1458e-02 -3.4906e-02 -8.8572e-02 -3.8652e-01 -4.0578e-01 7.5364e-02 -8.1480e-01
-1.1647e+00 -3.8627e-01 6.7859e-01 -6.4395e-01 -6.7244e-01 -7.4379e-01 -8.4385e-01 1.2262e+00 -3.0656e-01 1.4743e-01 -5.3410e-01 -7.1212e-02 1.0847e-01 9.5247e-02 -5.8927e-01 -1.0351e-01 4.0494e-02 -6.1340e-01 -2.2559e-02 2.5985e-02 1.8464e-01 -1.0569e-02 -3.8523e-01 -1.1422e-01 -4.2819e-02 -1.2496e-01 -3.9399e-02 6.7668e+00 2.0763e-01 6.0016e-02 -1.8505e-01 1.1442e-01 -5.7021e-02 -4.2508e-01 -2.7793e-01 -3.8697e-02 -1.4791e-02 -5.7883e-04 1.2924e-01 1.0519e-01 4.3394e-02 -2.0697e-02 5.3292e-01 -6.3468e-02 -3.3657e-02 -2.3246e-01 -2.2927e-02 -3.5320e-02 2.1060e-02 -4.9671e-01 2.8483e-03 -4.0650e-02
-1.6901e+01 1.6197e+01 -3.2362e-01 -1.8786e+01 2.7509e+01 1.4285e+00 -1.3488e+01 -5.6723e+00 -5.5747e-01 7.1075e-01 -4.2185e+00 -2.5610e-01 -4.0973e+01 1.7654e+00 1.6024e+01 -1.5459e+00 2.6809e+00 -5.4470e+00 8.1548e-02 -7.0823e-01 -1.0646e+00 5.6224e-01 -3.8012e+00 -2.6622e+00 -2.1361e+00 2.0718e+01 1.0455e-01 2.0763e-01 1.1075e+02 1.7972e+00 1.7946e+01 3.3190e+01 5.9429e+00 -6.2395e+00 -6.6394e+00 1.7169e+01 4.8610e-01 7.6506e-01 3.2517e+01 2.6273e+00 -4.6627e-01 -1.5605e-01 -4.1918e+00 -1.9453e+00 -4.5254e-01 -1.1405e+01 7.3973e-01 -2.4509e-01 6.2786e+00 -4.8530e+00 -4.4849e-02 7.4936e-01
-2.7407e-01 -1.2249e+00 -1.2611e-01 -7.7286e-01 1.2001e+00 -1.5117e+00 -1.1115e+00 7.6133e-01 6.3903e-01 -2.0364e+00 -4.3499e-01 -1.4550e-02 -3.4482e-01 4.7393e-02 -2.8877e+00 -3.7751e-01 -2.4923e+00 2.4901e+00 -1.2795e-01 -1.6993e-01 -7.5144e-01 -4.2698e-02 -5.2525e-01 -2.9138e-01 -1.8850e-01 -5.8361e-02 -3.1579e-01 6.0016e-02 1.7972e+00 1.3805e+01 -4.1712e-01 -3.5583e-01 -1.3362e-01 3.9848e-01 3.9802e-01 -2.7502e-01 2.2272e-01 6.4601e-01 5.8872e-01 -2.2295e-01 1.6405e-01 -4.7479e-02 -8.5192e-01 -1.2090e-01 -4.7024e-02 1.7752e-01 -4.1267e-02 -8.4257e-02 -3.7848e-01 -5.2636e-01 1.0146e-01 4.0422e-01
9.0309e+00 -9.0921e+00 -1.2823e+01 -1.5640e+00 2.6757e+00 2.1738e+00 4.7555e+00 -3.2009e+00 -6.0252e-01 -1.4632e+00 -4.2179e+00 -4.5898e-01 -1.6149e+01 1.2347e-01 8.3317e+00 2.1354e+00 -2.1127e+00 -2.4061e+00 -1.3646e-01 -3.7370e-01 -1.0039e+00 4.3266e-02 -3.2785e+00 -9.3140e-01 -2.5472e-01 9.5811e-02 -2.1870e-01 -1.8505e-01 1.7946e+01 -4.1712e-01 3.4414e+01 1.9349e+01 6.1134e+00 -2.1977e+00 -3.6311e+00 -6.1292e-01 -2.7696e-02 -4.5450e-01 1.8861e+01 2.1854e-01 -9.6357e-02 4.1149e-02 1.9149e+00 8.7101e-01 -5.7904e-02 -2.2084e+00 1.8937e-01 1.1716e+00 -8.0599e-01 -2.9801e+00 -1.7209e-01 9.7309e-02
2.1695e+01 -2.3344e+01 -2.2689e+01 -2.9031e+00 -1.4128e-02 -5.6245e-01 1.3774e+01 -7.1680e+00 -3.5079e-01 1.3976e-01 -5.2793e+00 -8.0607e-01 -2.1687e+01 -4.0745e-01 9.4660e+00 1.2814e-01 3.5776e-01 -4.9339e+00 -2.8064e-01 -5.9036e-01 2.3348e+00 9.5795e-02 -5.4624e+00 -9.4001e-01 -2.6637e-01 -4.2553e+00 -1.9474e-01 1.1442e-01 3.3190e+01 -3.5583e-01 1.9349e+01 5.3235e+01 6.0704e+00 -2.3587e+00 -6.7645e+00 -5.4556e-01 -2.9178e-01 6.1673e-01 3.6811e+01 -5.3915e-01 -1.7802e-01 -1.6627e-01 2.1992e-01 5.7687e-01 -6.5561e-01 -2.5377e+00 1.6276e-01 -6.8685e-02 -1.9530e+00 -4.2891e+00 -3.3312e-01 1.3042e-01
6.6407e-01 1.1658e+00 -3.8391e+00 1.5639e+00 1.7077e+00 2.6024e-01 3.7619e-01 -1.5244e+00 -3.0656e-02 -2.4271e+00 -1.4919e+00 -1.3963e-01 -4.6795e+00 -1.4225e-01 3.7239e+00 -6.4012e-01 3.3933e-04 -1.2756e+00 -4.0798e-02 -8.2850e-02 1.1137e-01 -8.4106e-02 -1.1054e+00 -3.8483e-01 -1.0568e-01 3.9631e-01 -9.8538e-02 -5.7021e-02 5.9429e+00 -1.3362e-01 6.1134e+00 6.0704e+00 1.7577e+01 -1.4253e+00 -1.9833e+00 1.9380e-01 -1.3116e-01 8.7369e-02 5.7545e+00 -1.0991e-01 3.7452e-02 -3.1199e-02 1.5810e+00 -2.7393e-01 -1.8929e-02 4.5895e-02 -1.2181e-01 -6.9382e-02 -2.7449e-01 -1.4652e+00 -1.9468e-01 -2.9617e-03
-8.2857e+00 1.0721e+00 4.1438e+00 -1.0246e+01 -4.5225e+00 5.1695e-01 1.5860e+00 -4.8375e+00 -1.1387e-01 1.6891e+00 -4.0086e+00 -3.9820e-01 -1.1257e+00 -8.7358e-02 -7.9408e+00 -8.4098e-01 -1.1125e-01 -5.8298e+00 -5.5497e-01 -2.6891e-01 -5.1169e-01 -5.5016e-01 -3.1261e+00 1.8061e-01 6.0552e-01 -1.5621e+00 1.1208e+00 -4.2508e-01 -6.2395e+00 3.9848e-01 -2.1977e+00 -2.3587e+00 -1.4253e+00 5.4493e+01 -1.0307e+01 -9.5022e-01 -4.4515e-01 -5.8404e+00 -2.5053e+00 3.1878e-01 2.6273e-01 -4.8444e-02 -6.9665e-01 -2.4937e-01 2.0052e-01 -5.8885e-02 -3.3163e-01 -3.8654e-01 -3.7742e+00 -6.3136e+00 -5.9982e-01 -2.6027e-01
1.1330e+01 4.8810e+00 2.0238e+01 -1.9039e+01 5.7869e+00 2.2043e-01 -2.9382e+01 2.9215e+01 1.8415e+01 -3.1815e+00 -1.8704e+01 -3.3326e-01 1.0274e+01 5.4256e-01 -3.8267e+01 5.1554e-01 5.8289e-01 -2.2412e+01 -1.4134e+00 -1.7493e+00 -1.6586e+00 1.4608e-01 -1.9359e+01 -1.8724e+00 1.0597e+00 5.1369e-01 -1.2168e-01 -2.7793e-01 -6.6394e+00 3.9802e-01 -3.6311e+00 -6.7645e+00 -1.9833e+00 -1.0307e+01 9.2770e+01 -5.3983e-01 -4.3560e+00 -1.3928e+01 1.5489e+00 7.4417e-01 1.1718e-01 -3.6208e-02 8.3112e-01 2.4350e-02 -2.8906e-01 -3.2336e+00 4.2667e-01 8.9238e-01 -8.4410e+00 2.5859e+01 -4.0364e+00 3.0236e-01
-1.2717e+01 1.2173e+01 -3.5453e-01 -2.2270e+00 1.0845e+01 2.7378e-01 -4.5251e+00 -4.6223e-01 -2.2093e-01 -9.0674e-01 1.6578e+00 1.9481e-02 -3.6279e+00 1.6296e-01 7.7395e-01 -1.6471e+00 3.7924e-01 -5.9809e-01 8.5273e-01 -1.9667e-01 -1.3914e+00 6.8912e-02 -1.2313e-01 -1.0337e-01 -4.2959e-01 -1.7898e+00 -2.8346e-01 -3.8697e-02 1.7169e+01 -2.7502e-01 -6.1292e-01 -5.4556e-01 1.9380e-01 -9.5022e-01 -5.3983e-01 2.7490e+01 1.2281e-01 -1.9326e-01 -3.9446e-01 3.9313e+00 9.2489e-02 -1.4184e-01 -1.5475e+00 -7.2800e-01 8.6793e-02 -8.0300e-01 -3.0920e-03 -1.1247e-01 -2.0428e-01 -6.5314e-01 -4.0431e-02 1.0884e-02
2.0700e+00 -3.8764e-01 -2.0735e-01 6.6382e-01 1.4949e+00 1.0931e+00 -3.0353e+00 -1.6157e-01 6.9593e-02 5.6484e+00 9.9539e-01 1.7457e-01 2.1992e-01 -2.2912e-01 8.2136e+00 -3.2070e-01 5.2359e+00 5.4577e-01 2.4161e-02 -6.0174e+00 3.3118e+00 5.8467e-02 3.3718e-01 5.7658e-02 -1.2719e+00 2.8300e-01 1.6193e-01 -1.4791e-02 4.8610e-01 2.2272e-01 -2.7696e-02 -2.9178e-01 -1.3116e-01 -4.4515e-01 -4.3560e+00 1.2281e-01 2.4036e+01 -4.1024e-01 -8.1689e-01 -5.8902e-01 3.2595e-03 -9.3650e-02 -2.5507e+00 -8.5834e-02 2.2070e-01 1.8359e-01 -2.9893e-01 2.6327e-02 8.5391e-02 -2.8354e-02 1.5342e+01 1.8246e+00
1.0624e+00 -3.9296e-01 -3.8603e+00 1.3173e+01 9.3147e-01 -4.0625e-01 1.3447e+01 -1.0689e+01 -9.7023e+00 -1.3008e+00 1.4967e+01 -3.5084e-01 1.2682e-02 -3.3592e-01 1.9507e+01 -2.1817e-02 -1.3665e+00 2.2210e+01 2.1994e+00 2.6469e-01 -3.7925e-01 1.0771e+00 1.7361e+01 -3.6060e-01 -9.2958e-02 -1.3233e+00 -6.7473e-01 -5.7883e-04 7.6506e-01 6.4601e-01 -4.5450e-01 6.1673e-01 8.7369e-02 -5.8404e+00 -1.3928e+01 -1.9326e-01 -4.1024e-01 3.7972e+01 -1.8157e+00 -1.7614e-01 8.1125e-02 -6.8823e-02 -8.6320e-01 -3.0404e-01 -3.5240e-01 -9.0269e-02 4.6581e-01 -6.0735e-01 -3.1085e+00 -4.9779e+00 -6.1740e-01 -8.6905e-02
1.6969e+01 -1.8220e+01 -1.8389e+01 -4.2679e+00 1.2678e+00 1.6190e-01 1.4291e+01 -7.9542e+00 -3.4103e-01 -1.1104e+00 -6.8694e+00 -7.6735e-01 -2.2203e+01 -6.7029e-01 7.3016e+00 -2.4018e-01 -3.6959e-02 -7.3408e+00 -4.9894e-01 -3.5995e-01 3.3078e+00 -6.5436e-02 -7.1467e+00 -9.4091e-01 -3.1189e-01 -2.4049e-01 -2.7053e-01 1.2924e-01 3.2517e+01 5.8872e-01 1.8861e+01 3.6811e+01 5.7545e+00 -2.5053e+00 1.5489e+00 -3.9446e-01 -8.1689e-01 -1.8157e+00 5.6952e+01 -5.2985e-01 -9.0088e-02 -1.3925e-01 1.3903e+00 5.0890e-01 -6.1038e-01 -7.2790e+00 -1.2460e-01 -4.3502e-03 -3.1904e+00 3.6270e+00 -6.5371e-01 -1.6535e-01
-2.3554e+00 1.5912e+00 -7.9148e-01 -4.8781e-01 1.9052e+00 -1.9969e-01 -1.7901e+00 -4.0490e-02 1.1467e-01 -6.4380e-01 -4.6128e-01 4.7159e-02 -1.3478e+00 8.5923e-02 -2.9580e-01 3.4721e-01 -5.2366e-01 -4.1263e-01 -4.3382e-02 -1.3399e-01 -4.1525e-01 -2.9948e-02 -3.8741e-01 -2.2525e-01 4.8994e-01 -7.2207e-01 4.3617e-04 1.0519e-01 2.6273e+00 -2.2295e-01 2.1854e-01 -5.3915e-01 -1.0991e-01 3.1878e-01 7.4417e-01 3.9313e+00 -5.8902e-01 -1.7614e-01 -5.2985e-01 1.1073e+01 -2.4642e-02 -3.5096e-02 -1.3807e-01 -2.7661e-02 -8.2010e-02 2.4084e-01 -3.5635e-02 2.5473e-01 -4.7971e-01 6.2320e-02 7.9358e-02 -5.2999e-01
-3.1984e-02 1.2103e-02 1.6650e-01 -9.5887e-02 -3.6803e-01 -2.4879e-01 -1.0608e-02 -6.6602e-02 5.0134e-02 1.0360e-03 3.0748e-01 3.2703e-02 7.7793e-02 -3.1389e-02 -3.2146e-01 -1.0625e-01 -1.3792e-01 2.7825e-02 -3.5260e-02 1.8492e-02 -4.6716e-02 -1.2033e-02 -1.1807e-01 7.7084e-02 5.1149e-02 -1.5779e-01 -3.5344e-02 4.3394e-02 -4.6627e-01 1.6405e-01 -9.6357e-02 -1.7802e-01 3.7452e-02 2.6273e-01 1.1718e-01 9.2489e-02 3.2595e-03 8.1125e-02 -9.0088e-02 -2.4642e-02 4.1417e+00 1.7312e-02 -1.2547e-01 -4.5060e-02 -4.5858e-02 -2.3550e-01 -1.8729e-02 8.6115e-03 -9.2940e-02 -3.9158e-02 4.0507e-02 -3.1623e-02
5.4246e-01 -1.3568e+00 -6.5433e-01 1.1695e+00 -5.3560e-03 1.8302e-01 2.8278e-01 -9.5786e-02 8.6785e-02 9.7145e-02 -1.9244e-01 -5.4639e-02 1.7245e-01 -7.6617e-04 8.7669e-01 7.6915e-02 -2.5899e-02 -3.0507e-01 1.0397e-02 5.3219e-02 -1.7485e-01 -1.7446e-02 -4.3383e-01 3.3064e-01 -4.3224e-02 5.0342e-01 2.0826e-02 -2.0697e-02 -1.5605e-01 -4.7479e-02 4.1149e-02 -1.6627e-01 -3.1199e-02 -4.8444e-02 -3.6208e-02 -1.4184e-01 -9.3650e-02 -6.8823e-02 -1.3925e-01 -3.5096e-02 1.7312e-02 6.1608e+00 -1.0017e-01 3.7621e-02 -8.6502e-02 -4.9693e-01 -1.4911e-02 -5.3565e-02 -1.4163e-01 4.9019e-01 -9.5473e-03 -8.3204e-02
-7.9332e+00 -9.5273e-01 3.7479e-01 1.5212e+00 1.9003e+00 -2.2882e+00 7.5523e-01 8.4242e-01 1.2778e+00 -1.5814e+00 -1.2799e+00 4.4962e-02 2.5622e-01 -2.0666e-01 -6.0107e+00 -5.8804e-01 -5.8563e+00 -9.2742e-01 -1.7985e-01 6.7160e-01 6.2344e+00 -4.7953e-02 2.0623e-01 5.6605e-03 1.2017e-01 -1.4825e-01 -4.6998e-01 5.3292e-01 -4.1918e+00 -8.5192e-01 1.9149e+00 2.1992e-01 1.5810e+00 -6.9665e-01 8.3112e-01 -1.5475e+00 -2.5507e+00 -8.6320e-01 1.3903e+00 -1.3807e-01 -1.2547e-01 -1.0017e-01 3.4953e+01 -7.2264e-01 -1.6857e-01 9.6822e-02 -1.4371e-01 -1.3014e-02 -1.0481e-01 2.1427e+00 -1.9154e+00 8.8673e+00
3.3606e+00 -2.0077e-01 -5.0387e-01 1.2792e-01 3.2354e+00 5.1155e-02 3.1703e-01 -8.2279e-01 -3.6199e-01 7.1088e-01 3.2035e-01 5.8872e-02 -2.0646e-01 6.8445e-01 -3.7054e-01 2.6054e-01 4.3762e-01 3.8857e-01 -9.0330e-02 -2.2328e-01 -6.1708e-01 3.4410e-02 2.6576e-01 -2.1058e-01 -1.9533e-02 2.6082e-02 -1.6212e-01 -6.3468e-02 -1.9453e+00 -1.2090e-01 8.7101e-01 5.7687e-01 -2.7393e-01 -2.4937e-01 2.4350e-02 -7.2800e-01 -8.5834e-02 -3.0404e-01 5.0890e-01 -2.7661e-02 -4.5060e-02 3.7621e-02 -7.2264e-01 1.3993e+01 3.9283e-01 -1.6549e-01 -7.7976e-02 1.7663e-01 -4.3302e-01 -1.6671e-01 -2.9641e-01 8.7388e-02
-1.0749e+00 1.0485e+00 7.3203e-01 -2.9983e-01 2.3813e-01 -1.2513e-01 -2.0132e+00 2.4358e+00 3.6673e-01 4.2846e-01 -9.6067e-01 -8.3318e-02 -1.6291e+00 -1.6608e-01 1.0316e+00 -1.3832e-01 2.7011e-01 -7.1424e-01 -6.9519e-02 -1.7514e-01 -3.2641e-01 -3.9740e-02 -9.4382e-01 -6.5785e-02 -6.3378e-02 -5.2179e-01 1.9092e-01 -3.3657e-02 -4.5254e-01 -4.7024e-02 -5.7904e-02 -6.5561e-01 -1.8929e-02 2.0052e-01 -2.8906e-01 8.6793e-02 2.2070e-01 -3.5240e-01 -6.1038e-01 -8.2010e-02 -4.5858e-02 -8.6502e-02 -1.6857e-01 3.9283e-01 1.0964e+01 9.2282e-02 -2.2926e-02 4.8690e-02 -2.4814e-01 -2.5375e-01 7.1727e-02 1.1024e-01
2.2330e+00 8.3251e+00 -2.0985e+00 -3.3433e+00 4.1903e+00 -5.1139e-01 -1.6259e+01 6.2024e+00 -1.3500e-01 -2.8908e-01 -1.2113e+00 2.2399e+00 -5.8165e+00 -1.8084e-01 5.6280e+00 8.1632e-01 -6.3578e-03 -3.7640e+00 7.8708e-01 1.0139e+00 -1.0545e+00 -1.2046e-01 -4.3054e+00 -4.0633e-01 -2.8947e-01 -8.0375e-01 4.1458e-02 -2.3246e-01 -1.1405e+01 1.7752e-01 -2.2084e+00 -2.5377e+00 4.5895e-02 -5.8885e-02 -3.2336e+00 -8.0300e-01 1.8359e-01 -9.0269e-02 -7.2790e+00 2.4084e-01 -2.3550e-01 -4.9693e-01 9.6822e-02 -1.6549e-01 9.2282e-02 4.6969e+01 -3.6435e-03 3.4038e-01 -1.1240e+00 -2.0490e+00 1.4647e-01 1.6624e-02
-3.1999e-01 6.1632e-01 5.9037e-01 -1.4913e-01 5.5563e-01 4.6155e-01 -2.0044e-01 1.0749e-01 3.0142e-03 -2.6663e-01 -2.3541e-01 -2.3622e-02 -2.4828e-01 -3.8144e-02 -2.8646e-02 -9.4592e-02 -5.3364e-02 9.0626e-02 -2.5299e-02 2.2393e-01 -9.0010e-02 -3.9660e-02 -1.7749e-01 -1.2991e-01 -3.6951e-02 7.5655e-02 -3.4906e-02 -2.2927e-02 7.3973e-01 -4.1267e-02 1.8937e-01 1.6276e-01 -1.2181e-01 -3.3163e-01 4.2667e-01 -3.0920e-03 -2.9893e-01 4.6581e-01 -1.2460e-01 -3.5635e-02 -1.8729e-02 -1.4911e-02 -1.4371e-01 -7.7976e-02 -2.2926e-02 -3.6435e-03 6.7719e+00 -2.3690e-02 4.5125e-01 -4.2637e-01 -5.1705e-02 -1.6698e-01
4.1242e-01 -4.2004e-02 -3.6400e-01 -6.8201e-01 -2.3569e-01 6.6303e-02 -7.8919e-01 1.5126e-01 5.8672e-01 1.6520e-01 -3.6516e-01 -3.2481e-02 -4.1353e-01 -7.6040e-02 -7.4623e-01 1.0056e+00 2.5448e-01 -5.6397e-01 -1.2456e-01 -7.9494e-02 1.7282e-01 -7.1891e-02 -5.6054e-01 -1.2216e-01 -1.4338e-01 -2.0829e-01 -8.8572e-02 -3.5320e-02 -2.4509e-01 -8.4257e-02 1.1716e+00 -6.8685e-02 -6.9382e-02 -3.8654e-01 8.9238e-01 -1.1247e-01 2.6327e-02 -6.0735e-01 -4.3502e-03 2.5473e-01 8.6115e-03 -5.3565e-02 -1.3014e-02 1.7663e-01 4.8690e-02 3.4038e-01 -2.3690e-02 7.3657e+00 -1.6949e-01 -1.9835e-01 -2.9808e-02 1.9114e-01
-2.4534e+00 5.6877e+00 2.0978e+00 3.5982e+00 8.5586e-01 3.3740e-01 2.8807e+00 -5.2591e+00 -1.9835e+00 6.1287e-02 1.5487e-01 8.8746e-01 1.3719e+00 2.3963e-01 2.3122e+00 -7.1956e-02 9.5350e-02 1.4883e+00 -3.8947e-01 -2.0799e-01 -5.1934e-01 1.9953e-02 -4.8419e+00 -8.6030e-01 -4.4566e-01 8.7999e+00 -3.8652e-01 2.1060e-02 6.2786e+00 -3.7848e-01 -8.0599e-01 -1.9530e+00 -2.7449e-01 -3.7742e+00 -8.4410e+00 -2.0428e-01 8.5391e-02 -3.1085e+00 -3.1904e+00 -4.7971e-01 -9.2940e-02 -1.4163e-01 -1.0481e-01 -4.3302e-01 -2.4814e-01 -1.1240e+00 4.5125e-01 -1.6949e-01 4.3760e+01 -3.9273e+00 4.7612e-02 6.9524e-02
-1.5248e+00 5.3734e+00 1.3414e+01 -4.0151e+00 -6.5868e-01 5.1749e-01 -1.5777e+01 1.8233e+01 1.0137e+01 -7.9965e-01 -1.0033e+01 5.8291e-02 -3.3987e-01 -4.0514e-01 -9.6172e+00 -2.5380e-01 -1.3732e-01 -1.1865e+01 -3.3388e-01 2.8758e-01 -3.6161e-02 4.3986e-01 -1.0651e+01 3.9459e+00 -3.3950e-01 3.8134e+00 -4.0578e-01 -4.9671e-01 -4.8530e+00 -5.2636e-01 -2.9801e+00 -4.2891e+00 -1.4652e+00 -6.3136e+00 2.5859e+01 -6.5314e-01 -2.8354e-02 -4.9779e+00 3.6270e+00 6.2320e-02 -3.9158e-02 4.9019e-01 2.1427e+00 -1.6671e-01 -2.5375e-01 -2.0490e+00 -4.2637e-01 -1.9835e-01 -3.9273e+00 5.7368e+01 1.9228e-02 1.5997e-01
7.7557e-01 -6.9276e-01 -3.0260e-01 5.6664e-01 -9.8406e-01 -8.5108e-01 -5.9701e-01 -2.2455e-01 1.6469e-02 1.2375e+00 9.3486e-01 1.0743e-01 2.0175e-01 -4.0568e-01 4.0607e+00 -4.7184e-01 1.1217e+00 4.0732e-01 -1.1580e-02 4.3176e+00 1.6402e+00 4.3947e-02 2.3706e-01 2.5369e-02 4.4632e-01 2.4152e-01 7.5364e-02 2.8483e-03 -4.4849e-02 1.0146e-01 -1.7209e-01 -3.3312e-01 -1.9468e-01 -5.9982e-01 -4.0364e+00 -4.0431e-02 1.5342e+01 -6.1740e-01 -6.5371e-01 7.9358e-02 4.0507e-02 -9.5473e-03 -1.9154e+00 -2.9641e-01 7.1727e-02 1.4647e-01 -5.1705e-02 -2.9808e-02 4.7612e-02 1.9228e-02 1.9783e+01 -1.1188e+00
1.4321e+00 -3.6633e-03 -4.1577e-02 3.9945e-01 -2.3319e+00 1.5175e+00 -3.5304e-02 -1.0236e-01 -4.1520e-02 7.4277e+00 2.9901e-01 1.2514e-01 -2.2127e-01 1.2885e-01 7.7902e+00 -1.2619e-01 1.2876e+01 3.4646e-01 3.9948e-02 -2.7273e+00 4.7152e+00 2.6458e-02 -2.3511e-01 6.6599e-02 -6.5239e-01 -3.1504e-02 -8.1480e-01 -4.0650e-02 7.4936e-01 4.0422e-01 9.7309e-02 1.3042e-01 -2.9617e-03 -2.6027e-01 3.0236e-01 1.0884e-02 1.8246e+00 -8.6905e-02 -1.6535e-01 -5.2999e-01 -3.1623e-02 -8.3204e-02 8.8673e+00 8.7388e-02 1.1024e-01 1.6624e-02 -1.6698e-01 1.9114e-01 6.9524e-02 1.5997e-01 -1.1188e+00 2.0439e+01
