7.2841e+01 -1.1095e+00 -2.6727e-01 -3.3167e+01 1.1429e+00 -4.6099e-01 -8.0517e+00 4.7937e-01 -1.0114e+00 1.3822e+00 -2.3725e-01 -1.4499e-01 -5.1033e+00 -4.8705e-01 3.2628e+00 2.9826e+01 3.2261e+00 2.3249e-01 -4.5859e+00 2.5882e+00 6.2662e-02 -1.4442e+00 -5.9602e+00 -4.5253e-01 1.0309e+00 -3.7611e-02 -1.6009e+01 -2.8427e-01 -4.4426e+00 -1.5090e+00 3.4884e+00 1.0509e+00 1.7688e+00 4.0440e+00 1.2672e-01 -4.5263e-01 -4.5055e-01 -1.8578e+00 -8.4720e+00 -5.2949e-01 1.0754e-01 2.4523e+00 2.2465e-01 2.2032e-01 -2.2969e+00 -1.4967e+00 -7.3614e-01 1.5316e+00 -1.5911e-01 -1.4818e-01 1.0130e+00 3.8878e-01
-1.1095e+00 3.5248e+01 1.3012e-01 -2.0274e-01 1.7480e+00 9.7976e-01 1.5704e-01 6.7852e-01 2.1729e+01 -1.9532e+00 -4.2076e-02 8.2729e-01 -8.8099e-01 9.7913e-02 -4.1145e+00 1.4375e-01 -2.0042e-01 -3.3559e+00 1.4963e+00 2.6324e+00 1.4854e+00 -2.1994e+00 -2.3072e-01 4.5606e-02 -2.2068e+00 -4.5817e-02 -6.3559e-01 -1.0089e-01 -1.6441e+01 1.8256e+00 1.0866e-01 4.1207e-01 -2.1325e-01 1.0881e+00 -1.5728e+00 -1.3854e-02 6.4761e-02 -1.8904e-02 1.2502e+00 1.4407e-01 -3.4180e-01 -1.7246e-01 -4.9678e-01 5.5839e-02 -1.1300e+00 -9.5525e-01 -9.6130e-02 -2.6780e-02 4.8066e-02 4.3897e-01 -2.2725e+00 5.3693e+00
-2.6727e-01 1.3012e-01 3.5349e+01 4.1033e-01 6.5032e+00 2.6277e+01 -5.7449e+00 -1.1583e+00 -6.6492e-02 -1.9438e-01 4.6911e-01 -7.8465e+00 -7.0396e-01 -2.0874e-01 -4.2857e-01 1.4444e-01 7.8975e-01 -1.5336e-01 5.1992e-03 1.8036e+00 -1.3691e+00 -1.5101e+00 -4.6247e-01 -6.6132e-02 -9.6996e-01 1.0285e-02 -1.7738e+00 4.1968e-01 -7.6419e+00 -1.3792e+00 6.4171e+00 6.7054e-01 -1.1791e+00 -5.7476e-01 -7.2943e+00 -2.4261e-02 -3.8895e-01 -2.2995e+00 4.4989e-02 6.3729e-01 -3.2673e-01 6.7926e-01 1.4353e-01 -5.1307e-01 1.0346e-02 2.1925e-01 -3.5670e-01 7.7935e-01 -2.7277e-02 -1.0491e+00 -1.0152e+00 6.0337e-01
-3.3167e+01 -2.0274e-01 4.1033e-01 5.5487e+01 1.5600e-02 1.0896e+00 -4.9422e+00 5.7265e-01 -3.8395e-01 -9.7246e-01 -3.5784e-01 -6.2378e-01 -6.5453e+00 1.3132e+00 -1.7749e+00 -2.0831e+01 -1.4033e+00 3.0315e-01 5.0743e+00 -1.1978e+00 -1.2952e+00 -6.0454e-01 5.5900e+00 3.4829e-01 -4.2983e-01 -8.7254e-02 5.9924e+00 2.2654e-01 -3.6194e-01 5.2825e-01 -1.0361e+01 -2.9599e-01 -3.1881e+00 -4.7311e+00 -1.2402e+00 1.5644e-01 6.8882e-01 -6.5642e-01 5.6818e+00 -5.4553e-01 -1.4262e-01 -1.5576e+00 -2.7641e-01 -3.3937e-02 2.9917e+00 3.3294e+00 -1.6723e-01 -1.2034e+00 -5.9355e-02 2.9141e-01 1.3320e-01 -1.8472e+00
1.1429e+00 1.7480e+00 6.5032e+00 1.5600e-02 4.8741e+01 8.1222e+00 -3.0322e-01 -9.7349e+00 1.0081e-01 -9.2550e-02 5.8606e-01 3.9573e+00 -1.8213e-02 -2.9731e-01 -1.7887e+00 -5.0312e+00 -3.1073e+00 -9.6587e-01 -3.2556e-01 2.5951e-01 -1.7988e+00 -2.0047e+00 -2.5132e+00 -4.9694e-01 3.6920e-01 -1.9509e-01 -5.5284e+00 -4.5438e-03 -9.0972e+00 -3.1610e+00 1.8307e+00 -3.2354e-01 1.4674e-01 -2.1222e+00 -2.3371e+00 -5.7054e-01 3.3323e-01 -1.3402e-01 -4.3484e-01 -6.6801e-01 -3.7368e-01 -1.1846e-01 4.3786e-01 6.7092e-02 6.2119e-01 9.1698e-02 7.9910e-01 -2.0781e-01 -2.1131e-01 8.7016e-01 3.4562e-01 -3.6439e-01
-4.6099e-01 9.7976e-01 2.6277e+01 1.0896e+00 8.1222e+00 4.9769e+01 -4.9991e+00 -2.3350e+00 7.9785e-01 -2.4043e-01 6.0959e-01 -5.3608e+00 7.1917e-01 -3.5392e-01 1.0432e+00 -1.5134e+00 1.2455e+00 -4.2473e-01 8.5813e-02 3.7003e+00 -1.5077e+00 -2.4351e+00 -4.2010e-01 -1.4537e-01 -7.1256e-01 -5.9643e-02 -2.2405e+00 4.0270e-01 -4.7684e+00 -9.0467e-01 8.6070e+00 8.5479e-01 -2.4571e+00 -3.3067e-01 -7.9582e+00 1.5669e+00 -4.1719e-01 -2.7707e+00 -3.0714e-01 5.5368e-01 -2.6026e-01 5.9780e-02 -6.4374e-02 -6.0450e-01 -2.2314e-02 1.6674e+00 -6.4018e-01 6.7151e-01 -8.8694e-02 -1.2926e+00 -7.6925e-01 -2.9424e-01
-8.0517e+00 1.5704e-01 -5.7449e+00 -4.9422e+00 -3.0322e-01 -4.9991e+00 3.6131e+01 -3.8479e+00 1.2074e-01 -4.3433e-02 -5.4701e-01 5.0978e+00 1.3056e+01 -4.5943e-01 -3.6515e-01 -5.2680e+00 1.4350e+00 -1.5100e-01 -4.5934e-01 -9.2200e-01 6.7216e-01 -4.5854e-01 4.9626e-01 -6.8585e-02 2.6927e-01 -2.5663e-01 1.2120e+01 6.0288e-01 5.3063e+00 -1.5279e+00 4.1562e-02 -3.1687e-01 -4.8610e-01 2.5705e+00 9.6719e+00 -2.0972e-01 1.0119e-01 -9.2471e-01 4.5620e+00 -1.0695e+00 -2.0687e-01 -5.3941e-01 -6.9138e-02 -7.2805e-02 -3.4876e-01 -9.2372e-01 -2.8257e-01 -6.7287e-01 -3.7611e-01 -3.0663e-02 2.1866e-01 -1.7743e-01
4.7937e-01 6.7852e-01 -1.1583e+00 5.7265e-01 -9.7349e+00 -2.3350e+00 -3.8479e+00 5.9155e+01 3.4307e-01 -1.0881e+00 -5.2282e+00 -5.6717e+00 1.4251e+01 -5.4052e-01 -7.5730e-01 7.6625e+00 -1.9273e+00 -1.1325e-01 -1.0188e-02 -4.8555e+00 -7.1491e+00 4.0389e+00 7.5085e-01 -5.4894e-01 -3.4971e-02 3.5428e-03 -3.8528e-01 1.5953e-01 -1.1522e+01 -9.3611e+00 -2.2292e+00 -7.4774e-01 -2.3200e-01 7.7469e-01 -4.1570e+00 -1.1817e+00 -1.5527e+00 -6.7947e-01 -3.8407e+00 -5.7738e+00 1.4367e-01 5.7729e-01 -1.3539e-01 -1.6094e-01 -1.3300e-01 9.4053e-01 -3.1306e-01 4.5545e-01 6.2300e-01 -6.4024e-01 -6.1838e-02 -4.1549e-02
-1.0114e+00 2.1729e+01 -6.6492e-02 -3.8395e-01 1.0081e-01 7.9785e-01 1.2074e-01 3.4307e-01 3.4742e+01 -2.2696e+00 -1.2483e-01 8.5125e-01 -1.2163e+00 1.4449e-02 -2.6197e+00 2.9363e-01 -1.7948e-01 -3.6154e+00 -6.2822e-01 1.9300e+00 6.9282e-02 -2.0966e+00 -2.7405e-01 -7.9565e-02 -1.5999e+00 -1.1524e-01 -2.4605e-01 -8.4853e-02 -1.0947e+01 -1.0934e+00 5.7175e-01 -6.0704e-01 -2.0739e-01 1.2917e+00 -1.6730e+00 -9.5540e-02 5.5324e-02 -2.9826e-01 1.3091e+00 1.8114e-01 -4.4745e-01 -2.1019e-01 -4.1896e-01 7.4292e-02 -1.9999e+00 -7.5346e-01 -1.5362e-01 5.6509e-02 4.0135e-02 5.2861e-01 -1.6632e+00 2.4542e+00
1.3822e+00 -1.9532e+00 -1.9438e-01 -9.7246e-01 -9.2550e-02 -2.4043e-01 -4.3433e-02 -1.0881e+00 -2.2696e+00 2.3719e+01 2.0531e-01 2.3881e-01 -3.0549e-01 6.4721e-02 -1.8792e-01 -7.0966e-01 -1.0780e-01 -3.5455e-01 -2.6600e-01 1.1178e+01 -2.9682e-01 -7.0682e-01 -1.1363e+00 -9.6623e-02 5.3958e+00 -3.8251e-01 -8.0588e-01 -3.4712e-02 -5.9675e+00 -3.2320e-01 -7.8802e-01 -4.0126e-01 -4.1768e-01 5.8961e-01 -1.8850e-01 2.3999e-02 4.2126e-02 -1.1036e-01 -5.3877e-01 -5.9693e-02 -2.5209e-01 -6.3251e-02 -1.3347e-02 -3.2139e-02 -1.0253e-01 -5.6613e-01 2.3756e-01 -1.6122e-01 -9.2393e-03 -2.7198e-01 4.9573e+00 -6.3499e+00
-2.3725e-01 -4.2076e-02 4.6911e-01 -3.5784e-01 5.8606e-01 6.0959e-01 -5.4701e-01 -5.2282e+00 -1.2483e-01 2.0531e-01 1.4410e+01 -9.3089e-01 -2.3358e+00 -1.2646e-01 -1.4353e-02 1.2995e+00 -5.4722e-01 1.2285e-01 -8.7155e-02 8.8906e+00 -1.1188e+00 -8.7801e-02 -1.3982e-01 -5.9909e-02 4.9362e-02 4.6948e-02 -1.3267e+00 4.0999e-02 6.0718e-01 9.2959e+00 5.0886e+00 -1.4093e-01 3.3868e-03 -1.8242e+00 -2.1663e+00 1.1633e-01 -3.3417e-01 -5.0715e-02 5.4719e+00 -5.9948e-01 -4.1620e-02 -2.0554e-01 -2.0816e-02 -3.0994e-02 9.0215e-02 5.8475e-02 -1.6193e-03 -6.6589e-02 7.6089e-01 6.2574e-02 2.5653e-02 -2.1745e-02
-1.4499e-01 8.2729e-01 -7.8465e+00 -6.2378e-01 3.9573e+00 -5.3608e+00 5.0978e+00 -5.6717e+00 8.5125e-01 2.3881e-01 -9.3089e-01 3.6981e+01 -1.8601e+00 -3.4862e-01 -6.4284e-01 -2.1183e+00 -9.4429e-01 -4.8246e-01 -9.0205e-02 -1.8188e+00 6.0289e+00 -1.0010e+00 -5.4514e-01 -1.2490e-01 2.8952e-01 -1.5357e-01 4.3438e+00 -1.1882e-01 1.3226e+01 -3.2681e+00 -6.9818e+00 -4.6163e-01 -4.3290e-03 3.6263e+00 1.1391e+01 3.4385e-01 6.2772e-02 -6.2358e-01 -4.7808e-01 -1.5579e+00 3.8626e-02 -2.3125e-01 -7.8319e-02 1.7218e-01 1.0130e-01 3.8025e-01 -1.1960e-01 -3.9567e-04 -6.3630e-01 -3.7097e-02 1.1787e-01 -4.8676e-01
-5.1033e+00 -8.8099e-01 -7.0396e-01 -6.5453e+00 -1.8213e-02 7.1917e-01 1.3056e+01 1.4251e+01 -1.2163e+00 -3.0549e-01 -2.3358e+00 -1.8601e+00 6.7449e+01 -3.8908e-01 3.7931e-01 -1.2613e+01 1.9225e+00 2.7479e-01 -2.6050e-01 -3.4752e+00 -3.7751e+00 -1.1562e+00 -9.6804e-01 -3.2414e-01 5.6527e-02 2.5850e-01 5.9162e+00 8.4271e-01 -4.8872e+00 -5.2899e+00 3.1075e+01 -8.4316e-01 -1.5519e+00 5.8978e+00 7.1974e+00 -3.7112e-01 -1.0005e+00 -4.3719e-01 3.0728e+00 -2.0504e+00 3.0569e-01 -1.0678e+00 -1.3930e-01 -2.5188e-02 -4.4033e-01 -2.1432e+00 -2.2649e-01 -2.8771e-01 -5.6324e-01 -3.6794e-01 1.2555e-02 4.2723e-01
-4.8705e-01 9.7913e-02 -2.0874e-01 1.3132e+00 -2.9731e-01 -3.5392e-01 -4.5943e-01 -5.4052e-01 1.4449e-02 6.4721e-02 -1.2646e-01 -3.4862e-01 -3.8908e-01 1.1705e+01 -1.7404e-01 -3.4453e-01 -1.4184e-01 -1.6610e-01 -1.9097e-01 1.3116e-01 -2.2870e-01 -4.9022e-02 -2.6483e-01 1.3642e-02 9.2761e-02 1.6880e-02 -7.1047e-01 3.0495e-03 -4.7278e-01 2.3146e-01 -5.5416e-02 -1.8714e-02 -3.4165e-01 -4.8708e-01 -1.6679e-01 4.3178e-01 -8.8271e-02 -2.3887e-01 -1.6112e-01 4.1387e-02 4.6813e-01 -1.7676e-01 -3.5210e-02 9.1023e-03 -1.8784e-01 1.7831e+00 -6.4240e-02 -1.6903e-01 7.5022e-01 -1.1283e-01 2.1125e-02 -1.7299e-01
3.2628e+00 -4.1145e+00 -4.2857e-01 -1.7749e+00 -1.7887e+00 1.0432e+00 -3.6515e-01 -7.5730e-01 -2.6197e+00 -1.8792e-01 -1.4353e-02 -6.4284e-01 3.7931e-01 -1.7404e-01 2.3135e+01 -2.0336e+00 -3.1957e-02 -1.6512e-01 -6.3845e-01 -1.2809e+00 -7.4185e-01 -9.6844e-01 -4.9136e-01 -1.7506e-01 1.1166e+00 -4.7886e-02 6.6100e-01 -9.1652e-02 6.5683e+00 1.0575e-01 -4.6633e-01 -1.5849e-01 -3.4593e-01 1.9889e+00 -7.4423e-02 1.7491e+00 -7.2577e-02 -4.7198e-01 2.4831e-01 -2.0718e-01 2.8143e-01 1.2461e+00 -1.9991e-01 -9.4437e-02 -2.2656e-01 -5.2055e-01 -1.4016e-01 -4.5058e-01 -4.5273e-02 -2.9760e-01 1.0539e+00 7.6231e-01
2.9826e+01 1.4375e-01 1.4444e-01 -2.0831e+01 -5.0312e+00 -1.5134e+00 -5.2680e+00 7.6625e+00 2.9363e-01 -7.0966e-01 1.2995e+00 -2.1183e+00 -1.2613e+01 -3.4453e-01 -2.0336e+00 8.0026e+01 -1.9834e+00 1.1236e-01 -3.0166e+00 -5.5337e+00 3.7189e-01 2.1958e+00 -1.5198e+00 -5.9649e-01 7.0206e-01 -2.5594e-01 -1.2391e+01 -3.7873e-01 2.8579e+00 -1.7911e-01 -9.3338e+00 -5.6977e-01 7.3207e+00 -8.3877e+00 -3.0961e+00 -3.6077e-01 -2.0008e-01 2.1918e+00 -7.4345e+00 -7.2725e-01 -6.1585e-01 -3.0852e+00 1.0204e-01 8.7880e-02 -1.4933e+00 -4.9909e-01 7.5965e-01 1.9181e+00 2.1200e-01 -3.6813e-01 6.8377e-01 3.1710e-01
3.2261e+00 -2.0042e-01 7.8975e-01 -1.4033e+00 -3.1073e+00 1.2455e+00 1.4350e+00 -1.9273e+00 -1.7948e-01 -1.0780e-01 -5.4722e-01 -9.4429e-01 1.9225e+00 -1.4184e-01 -3.1957e-02 -1.9834e+00 1.7218e+01 1.5404e-01 -6.1842e-02 -1.2940e+00 -1.3648e+00 -2.4057e-01 1.2951e-01 -4.1481e-02 1.3554e-01 -1.4513e-02 4.5875e+00 -6.5390e-02 5.0542e+00 -1.6261e+00 -1.4781e+00 2.1877e-01 -3.0074e-01 5.2105e+00 4.8157e+00 -8.6833e-02 -3.1081e-01 -3.4756e-01 -4.4227e-01 -6.6753e-01 -4.5480e-02 -1.5180e-01 -1.7801e-02 1.0853e-03 -6.3786e-02 -1.2154e-01 -1.5372e-01 -1.6818e-01 -9.5502e-03 1.4930e+00 2.2415e-01 1.1290e-02
2.3249e-01 -3.3559e+00 -1.5336e-01 3.0315e-01 -9.6587e-01 -4.2473e-01 -1.5100e-01 -1.1325e-01 -3.6154e+00 -3.5455e-01 1.2285e-01 -4.8246e-01 2.7479e-01 -1.6610e-01 -1.6512e-01 1.1236e-01 1.5404e-01 1.2971e+01 -4.8801e-02 -1.1455e+00 -2.9341e-01 -2.5330e-01 -2.4637e-01 -5.1980e-02 -1.8675e+00 3.2807e+00 -5.3606e-01 9.5058e-02 5.3428e-01 -4.6103e-01 -1.5689e-01 -3.6159e-01 -1.6650e-01 -1.9484e-01 -2.0185e-01 -1.2969e-01 4.6004e-02 -7.4327e-02 -2.2601e-01 -8.0938e-02 -1.1002e-02 -3.4326e-02 -7.4397e-02 1.1335e-02 -7.2146e-02 -9.3512e-02 6.1155e-02 1.2470e-01 9.5924e-02 1.2539e+00 -5.1499e-01 -2.0778e+00
-4.5859e+00 1.4963e+00 5.1992e-03 5.0743e+00 -3.2556e-01 8.5813e-02 -4.5934e-01 -1.0188e-02 -6.2822e-01 -2.6600e-01 -8.7155e-02 -9.0205e-02 -2.6050e-01 -1.9097e-01 -6.3845e-01 -3.0166e+00 -6.1842e-02 -4.8801e-02 1.3098e+01 -5.8962e-01 2.0685e-01 -1.1555e-01 5.4689e+00 -1.0871e-01 -1.6421e+00 1.1663e-03 -2.4392e+00 -2.7530e-02 2.7099e+00 3.2461e+00 -1.1998e+00 -7.5672e-02 -3.3397e-01 -7.4450e-01 3.3377e-01 -1.0851e-02 -1.2733e-01 -6.8806e-01 -1.7713e+00 -9.9146e-02 8.2013e-02 -8.4962e-02 -1.0779e-01 -1.5146e-02 1.7678e-01 -3.6200e-01 1.8768e-02 -1.9645e-01 -5.0756e-02 -1.2384e-01 -1.6689e+00 3.9529e-01
2.5882e+00 2.6324e+00 1.8036e+00 -1.1978e+00 2.5951e-01 3.7003e+00 -9.2200e-01 -4.8555e+00 1.9300e+00 1.1178e+01 8.8906e+00 -1.8188e+00 -3.4752e+00 1.3116e-01 -1.2809e+00 -5.5337e+00 -1.2940e+00 -1.1455e+00 -5.8962e-01 6.4489e+01 -1.6231e+00 -1.0938e+00 -2.3457e+00 -1.4145e-01 7.7572e+00 -9.1600e-01 -3.0418e+00 -2.2572e-01 -1.5624e+01 9.2637e+00 8.5690e+00 1.2065e+00 -1.7869e+00 5.4790e+00 -3.3275e+00 -2.6080e-01 -5.6963e-01 -1.0599e+00 6.3077e+00 6.6042e-01 1.1303e+00 -5.3000e-01 -1.1607e-01 6.7194e-01 -4.4323e-01 -6.6238e-01 -2.6382e-01 6.2312e-01 5.1582e-01 3.5796e-02 6.6044e+00 -1.1524e+01
6.2662e-02 1.4854e+00 -1.3691e+00 -1.2952e+00 -1.7988e+00 -1.5077e+00 6.7216e-01 -7.1491e+00 6.9282e-02 -2.9682e-01 -1.1188e+00 6.0289e+00 -3.7751e+00 -2.2870e-01 -7.4185e-01 3.7189e-01 -1.3648e+00 -2.9341e-01 2.0685e-01 -1.6231e+00 3.8976e+01 -6.9502e-01 -1.5107e-01 -2.7019e-01 3.8328e-01 -2.3811e-01 1.4495e+01 6.1551e-01 8.9703e+00 -1.1087e+00 9.6309e-01 -2.7916e-01 -3.4786e-01 1.1361e+01 1.0112e+01 4.3060e-01 -5.4017e-01 -8.3150e-01 1.5289e-01 -1.6644e+00 -5.8044e-02 -3.7152e-01 -7.3207e-02 4.3456e-01 -1.6543e-01 -3.3793e-02 -8.5458e-02 -8.9565e-01 -4.4508e-01 2.2910e-01 3.8215e-01 -1.3523e-02
-1.4442e+00 -2.1994e+00 -1.5101e+00 -6.0454e-01 -2.0047e+00 -2.4351e+00 -4.5854e-01 4.0389e+00 -2.0966e+00 -7.0682e-01 -8.7801e-02 -1.0010e+00 -1.1562e+00 -4.9022e-02 -9.6844e-01 2.1958e+00 -2.4057e-01 -2.5330e-01 -1.1555e-01 -1.0938e+00 -6.9502e-01 2.3498e+01 7.1075e-01 -1.6408e-01 4.3143e-01 -1.3335e-01 1.3254e+00 -1.1521e-01 -3.9505e-01 -1.2452e+00 -1.6723e+00 -2.2789e-01 7.0547e-01 -1.0837e+00 -1.3427e+00 -1.4146e-01 3.1691e-02 -3.7026e-01 -4.5685e-01 -3.7625e-01 3.6027e-01 -4.1219e-01 -1.3393e-01 -1.2324e-01 -1.8667e-01 -2.8258e-01 -3.2280e-01 -4.3099e-01 -1.2426e-01 -3.5102e-01 3.9935e-01 -1.9063e-01
-5.9602e+00 -2.3072e-01 -4.6247e-01 5.5900e+00 -2.5132e+00 -4.2010e-01 4.9626e-01 7.5085e-01 -2.7405e-01 -1.1363e+00 -1.3982e-01 -5.4514e-01 -9.6804e-01 -2.6483e-01 -4.9136e-01 -1.5198e+00 1.2951e-01 -2.4637e-01 5.4689e+00 -2.3457e+00 -1.5107e-01 7.1075e-01 2.3764e+01 -2.1337e-01 -3.3651e+00 -3.7771e-02 -1.4006e+00 -1.1537e-01 8.7355e+00 2.0158e+00 3.8908e+00 -4.1878e-01 -6.5253e-01 -2.1867e-02 5.3521e-01 -1.0863e-01 -2.1179e-01 1.0925e-01 -8.6727e-01 -2.1003e-01 -1.9833e-04 -2.4264e-01 6.1089e-01 -4.5224e-02 9.0750e-02 -4.9346e-01 -2.7848e-02 7.0544e-02 -1.3911e-01 -4.2968e-01 -3.5978e+00 3.3666e+00
-4.5253e-01 4.5606e-02 -6.6132e-02 3.4829e-01 -4.9694e-01 -1.4537e-01 -6.8585e-02 -5.4894e-01 -7.9565e-02 -9.6623e-02 -5.9909e-02 -1.2490e-01 -3.2414e-01 1.3642e-02 -1.7506e-01 -5.9649e-01 -4.1481e-02 -5.1980e-02 -1.0871e-01 -1.4145e-01 -2.7019e-01 -1.6408e-01 -2.1337e-01 6.8140e+00 -7.3127e-01 -2.2816e-02 2.4875e-01 -3.4061e-02 7.4429e-01 -2.7192e-01 -5.7659e-01 -8.9995e-02 -8.5256e-02 -4.2066e-01 -3.3323e-01 -1.9116e-02 -7.4674e-02 -1.3112e-01 4.5860e-01 -5.2855e-02 -3.2052e-02 -8.8662e-02 -5.4963e-02 9.0301e-02 -4.3375e-02 -5.8764e-02 -5.7798e-02 -1.0188e-01 -2.2404e-02 6.7449e-02 -7.6404e-01 4.6214e-02
1.0309e+00 -2.2068e+00 -9.6996e-01 -4.2983e-01 3.6920e-01 -7.1256e-01 2.6927e-01 -3.4971e-02 -1.5999e+00 5.3958e+00 4.9362e-02 2.8952e-01 5.6527e-02 9.2761e-02 1.1166e+00 7.0206e-01 1.3554e-01 -1.8675e+00 -1.6421e+00 7.7572e+00 3.8328e-01 4.3143e-01 -3.3651e+00 -7.3127e-01 3.0578e+01 -7.3877e-01 -7.3425e-01 1.9292e-03 -8.5800e+00 -3.0671e+00 -3.1311e+00 -1.0453e+00 -2.6509e+00 6.7692e-01 3.9534e-01 -5.8331e-02 2.9705e-02 1.3520e-01 -1.0464e+00 -1.3770e-01 1.5549e-01 1.2119e-01 2.1226e-01 -8.7518e-02 -8.0715e-03 -1.1175e-01 8.5435e-03 6.0562e-02 -2.4527e-02 -1.0038e+00 2.8096e+01 -9.2420e+00
-3.7611e-02 -4.5817e-02 1.0285e-02 -8.7254e-02 -1.9509e-01 -5.9643e-02 -2.5663e-01 3.5428e-03 -1.1524e-01 -3.8251e-01 4.6948e-02 -1.5357e-01 2.5850e-01 1.6880e-02 -4.7886e-02 -2.5594e-01 -1.4513e-02 3.2807e+00 1.1663e-03 -9.1600e-01 -2.3811e-01 -1.3335e-01 -3.7771e-02 -2.2816e-02 -7.3877e-01 1.0048e+01 2.3643e-01 -5.7118e-02 -8.2799e-01 -3.3321e-01 -6.6654e-01 -6.0191e-02 -2.9859e-01 3.7272e-01 5.4582e-01 -2.9164e-02 -6.2615e-02 5.3757e-02 -1.5024e-01 -1.5402e-01 -5.0446e-02 -1.1991e-01 -1.9413e-02 -3.6296e-02 4.9436e-01 -1.1226e-01 -3.2552e-02 5.3787e-01 -2.7546e-02 -2.8331e-01 -9.3558e-01 -1.2245e+00
-1.6009e+01 -6.3559e-01 -1.7738e+00 5.9924e+00 -5.5284e+00 -2.2405e+00 1.2120e+01 -3.8528e-01 -2.4605e-01 -8.0588e-01 -1.3267e+00 4.3438e+00 5.9162e+00 -7.1047e-01 6.6100e-01 -1.2391e+01 4.5875e+00 -5.3606e-01 -2.4392e+00 -3.0418e+00 1.4495e+01 1.3254e+00 -1.4006e+00 2.4875e-01 -7.3425e-01 2.3643e-01 7.7686e+01 -4.4050e-02 2.3682e+01 -3.2535e+00 -8.8434e+00 1.1513e-01 -2.1289e+00 2.4569e+01 2.4822e+01 5.5589e-01 1.7989e-01 -3.1095e+00 1.6515e+01 -3.0865e-01 -2.2374e-01 2.1723e-03 8.3456e-02 4.3963e-01 -3.9592e-01 1.7316e+00 -4.7575e-01 -1.9969e+00 -6.2252e-01 7.9662e-01 -8.4708e-01 2.1251e-01
-2.8427e-01 -1.0089e-01 4.1968e-01 2.2654e-01 -4.5438e-03 4.0270e-01 6.0288e-01 1.5953e-01 -8.4853e-02 -3.4712e-02 4.0999e-02 -1.1882e-01 8.4271e-01 3.0495e-03 -9.1652e-02 -3.7873e-01 -6.5390e-02 9.5058e-02 -2.7530e-02 -2.2572e-01 6.1551e-01 -1.1521e-01 -1.1537e-01 -3.4061e-02 1.9292e-03 -5.7118e-02 -4.4050e-02 7.5075e+00 -1.3208e-01 -3.4859e-01 2.8319e-01 -1.0256e-01 -4.5215e-02 1.5066e+00 1.3204e+00 -2.4125e-02 -6.0384e-02 3.5072e-01 -1.6068e-01 -1.0779e-01 1.3954e-01 -1.2631e-01 -1.5845e-02 -2.4870e-02 1.7972e-01 -1.6292e-01 1.4795e-03 -7.3163e-02 -4.4778e-02 -5.2097e-02 -4.5882e-03 -8.2465e-02
-4.4426e+00 -1.6441e+01 -7.6419e+00 -3.6194e-01 -9.0972e+00 -4.7684e+00 5.3063e+00 -1.1522e+01 -1.0947e+01 -5.9675e+00 6.0718e-01 1.3226e+01 -4.8872e+00 -4.7278e-01 6.5683e+00 2.8579e+00 5.0542e+00 5.3428e-01 2.7099e+00 -1.5624e+01 8.9703e+00 -3.9505e-01 8.7355e+00 7.4429e-01 -8.5800e+00 -8.2799e-01 2.3682e+01 -1.3208e-01 1.3075e+02 1.7081e+00 -9.1235e+00 -1.8240e+00 1.5197e+00 2.3146e+01 3.5955e+01 2.5589e+00 3.1100e+00 -1.5664e+00 5.0517e-01 -1.6658e+00 -1.7385e-01 -1.1902e+00 3.2111e-01 1.0339e+00 -5.7485e-02 4.8283e-01 -4.7929e-01 -7.8020e-01 -1.4419e-01 -5.1263e-01 -1.0013e+01 2.6583e+01
-1.5090e+00 1.8256e+00 -1.3792e+00 5.2825e-01 -3.1610e+00 -9.0467e-01 -1.5279e+00 -9.3611e+00 -1.0934e+00 -3.2320e-01 9.2959e+00 -3.2681e+00 -5.2899e+00 2.3146e-01 1.0575e-01 -1.7911e-01 -1.6261e+00 -4.6103e-01 3.2461e+00 9.2637e+00 -1.1087e+00 -1.2452e+00 2.0158e+00 -2.7192e-01 -3.0671e+00 -3.3321e-01 -3.2535e+00 -3.4859e-01 1.7081e+00 5.2158e+01 8.6017e+00 -4.4844e-01 -6.0840e-01 -3.7230e+00 -4.9731e+00 1.9174e+00 -9.0453e-01 1.5456e+00 5.7624e+00 5.0083e+00 4.7828e-01 -7.2747e-01 -5.3490e-02 2.5679e-01 1.1217e-01 -6.6207e-01 -3.1498e-01 4.8472e-01 1.6210e+00 -7.0456e-01 -3.1179e+00 1.5802e+00
3.4884e+00 1.0866e-01 6.4171e+00 -1.0361e+01 1.8307e+00 8.6070e+00 4.1562e-02 -2.2292e+00 5.7175e-01 -7.8802e-01 5.0886e+00 -6.9818e+00 3.1075e+01 -5.5416e-02 -4.6633e-01 -9.3338e+00 -1.4781e+00 -1.5689e-01 -1.1998e+00 8.5690e+00 9.6309e-01 -1.6723e+00 3.8908e+00 -5.7659e-01 -3.1311e+00 -6.6654e-01 -8.8434e+00 2.8319e-01 -9.1235e+00 8.6017e+00 1.0516e+02 -1.6809e+00 -2.6915e+00 -1.1160e+00 -4.6877e+00 -3.3037e-01 1.2936e+00 -1.7502e+00 -3.8147e-01 7.5986e-01 1.2272e+00 8.4980e+00 -1.8667e-02 -3.2237e-01 -6.6088e-01 -2.0962e+00 -4.8286e-01 4.5108e-01 3.0557e-01 -1.2851e+00 -3.2706e+00 4.1453e+00
1.0509e+00 4.1207e-01 6.7054e-01 -2.9599e-01 -3.2354e-01 8.5479e-01 -3.1687e-01 -7.4774e-01 -6.0704e-01 -4.0126e-01 -1.4093e-01 -4.6163e-01 -8.4316e-01 -1.8714e-02 -1.5849e-01 -5.6977e-01 2.1877e-01 -3.6159e-01 -7.5672e-02 1.2065e+00 -2.7916e-01 -2.2789e-01 -4.1878e-01 -8.9995e-02 -1.0453e+00 -6.0191e-02 1.1513e-01 -1.0256e-01 -1.8240e+00 -4.4844e-01 -1.6809e+00 1.8398e+01 -4.4353e-01 -4.2874e-01 -2.4305e-01 7.2019e-02 1.6251e-01 3.9989e-02 -3.8778e-01 -1.9722e-01 -1.0957e-01 2.7043e-01 -3.2958e-02 -8.1645e-02 -1.8577e-01 -2.4767e-01 -4.5468e-02 -1.1930e-01 -7.0035e-02 1.2319e+00 2.6894e-01 -9.2279e-01
1.7688e+00 -2.1325e-01 -1.1791e+00 -3.1881e+00 1.4674e-01 -2.4571e+00 -4.8610e-01 -2.3200e-01 -2.0739e-01 -4.1768e-01 3.3868e-03 -4.3290e-03 -1.5519e+00 -3.4165e-01 -3.4593e-01 7.3207e+00 -3.0074e-01 -1.6650e-01 -3.3397e-01 -1.7869e+00 -3.4786e-01 7.0547e-01 -6.5253e-01 -8.5256e-02 -2.6509e+00 -2.9859e-01 -2.1289e+00 -4.5215e-02 1.5197e+00 -6.0840e-01 -2.6915e+00 -4.4353e-01 2.3480e+01 -1.2047e+00 -2.2975e-01 -9.3114e-02 -5.3582e-02 2.8686e+00 -9.7691e-01 -1.4995e-01 -1.4610e-01 -7.1764e-01 -1.2253e-01 -7.3136e-02 -3.8334e-01 8.0611e-02 1.4236e+00 3.2155e+00 2.1922e-01 -2.6842e-01 -2.8180e+00 2.3846e+00
4.0440e+00 1.0881e+00 -5.7476e-01 -4.7311e+00 -2.1222e+00 -3.3067e-01 2.5705e+00 7.7469e-01 1.2917e+00 5.8961e-01 -1.8242e+00 3.6263e+00 5.8978e+00 -4.8708e-01 1.9889e+00 -8.3877e+00 5.2105e+00 -1.9484e-01 -7.4450e-01 5.4790e+00 1.1361e+01 -1.0837e+00 -2.1867e-02 -4.2066e-01 6.7692e-01 3.7272e-01 2.4569e+01 1.5066e+00 2.3146e+01 -3.7230e+00 -1.1160e+00 -4.2874e-01 -1.2047e+00 6.6578e+01 3.8893e+01 3.9021e-01 -7.6028e-01 -9.3063e-01 2.3523e-01 -7.8834e-01 1.6195e+00 -1.0700e+00 9.4667e-02 4.3415e-01 -5.0471e-01 -3.0874e-01 8.2939e-01 3.4896e+00 -7.6261e-01 2.5166e+00 6.7178e-01 1.9274e-01
1.2672e-01 -1.5728e+00 -7.2943e+00 -1.2402e+00 -2.3371e+00 -7.9582e+00 9.6719e+00 -4.1570e+00 -1.6730e+00 -1.8850e-01 -2.1663e+00 1.1391e+01 7.1974e+00 -1.6679e-01 -7.4423e-02 -3.0961e+00 4.8157e+00 -2.0185e-01 3.3377e-01 -3.3275e+00 1.0112e+01 -1.3427e+00 5.3521e-01 -3.3323e-01 3.9534e-01 5.4582e-01 2.4822e+01 1.3204e+00 3.5955e+01 -4.9731e+00 -4.6877e+00 -2.4305e-01 -2.2975e-01 3.8893e+01 6.3331e+01 7.9648e-01 -4.0315e-01 3.9668e-01 -1.2356e+00 -1.5783e+00 9.7105e-01 -9.6068e-01 -2.5359e-02 1.9475e-01 -3.3463e-01 3.6100e-01 -3.1281e-01 -1.4497e+00 -1.1097e+00 1.7169e+00 5.9670e-01 3.3851e-02
-4.5263e-01 -1.3854e-02 -2.4261e-02 1.5644e-01 -5.7054e-01 1.5669e+00 -2.0972e-01 -1.1817e+00 -9.5540e-02 2.3999e-02 1.1633e-01 3.4385e-01 -3.7112e-01 4.3178e-01 1.7491e+00 -3.6077e-01 -8.6833e-02 -1.2969e-01 -1.0851e-02 -2.6080e-01 4.3060e-01 -1.4146e-01 -1.0863e-01 -1.9116e-02 -5.8331e-02 -2.9164e-02 5.5589e-01 -2.4125e-02 2.5589e+00 1.9174e+00 -3.3037e-01 7.2019e-02 -9.3114e-02 3.9021e-01 7.9648e-01 7.8469e+00 -6.9012e-02 -4.8809e-02 -5.9441e-02 8.3242e-01 2.0383e-02 -6.5262e-02 -1.5992e-02 -3.2961e-02 -5.9453e-02 -8.2338e-02 -2.3659e-02 -1.1352e-01 2.1970e-01 -5.8561e-02 -9.3768e-02 1.7524e-01
-4.5055e-01 6.4761e-02 -3.8895e-01 6.8882e-01 3.3323e-01 -4.1719e-01 1.0119e-01 -1.5527e+00 5.5324e-02 4.2126e-02 -3.3417e-01 6.2772e-02 -1.0005e+00 -8.8271e-02 -7.2577e-02 -2.0008e-01 -3.1081e-01 4.6004e-02 -1.2733e-01 -5.6963e-01 -5.4017e-01 3.1691e-02 -2.1179e-01 -7.4674e-02 2.9705e-02 -6.2615e-02 1.7989e-01 -6.0384e-02 3.1100e+00 -9.0453e-01 1.2936e+00 1.6251e-01 -5.3582e-02 -7.6028e-01 -4.0315e-01 -6.9012e-02 1.1185e+01 2.3538e-02 -5.0448e-01 -4.2820e-01 -2.6385e-02 -1.0040e-01 -8.1948e-03 -1.2353e-02 -7.1703e-02 -2.5573e-01 7.9078e-02 1.4426e-02 -6.5981e-02 -4.6367e-02 2.9144e-02 6.8754e-02
-1.8578e+00 -1.8904e-02 -2.2995e+00 -6.5642e-01 -1.3402e-01 -2.7707e+00 -9.2471e-01 -6.7947e-01 -2.9826e-01 -1.1036e-01 -5.0715e-02 -6.2358e-01 -4.3719e-01 -2.3887e-01 -4.7198e-01 2.1918e+00 -3.4756e-01 -7.4327e-02 -6.8806e-01 -1.0599e+00 -8.3150e-01 -3.7026e-01 1.0925e-01 -1.3112e-01 1.3520e-01 5.3757e-02 -3.1095e+00 3.5072e-01 -1.5664e+00 1.5456e+00 -1.7502e+00 3.9989e-02 2.8686e+00 -9.3063e-01 3.9668e-01 -4.8809e-02 2.3538e-02 2.1886e+01 -5.7323e-01 -2.2868e-01 -2.2361e-01 -2.4591e-01 -7.4043e-03 -4.4358e-02 1.1993e-01 2.4832e-01 1.3483e+00 -4.4414e-01 9.3139e-02 2.8875e+00 1.2021e-01 1.1456e-01
-8.4720e+00 1.2502e+00 4.4989e-02 5.6818e+00 -4.3484e-01 -3.0714e-01 4.5620e+00 -3.8407e+00 1.3091e+00 -5.3877e-01 5.4719e+00 -4.7808e-01 3.0728e+00 -1.6112e-01 2.4831e-01 -7.4345e+00 -4.4227e-01 -2.2601e-01 -1.7713e+00 6.3077e+00 1.5289e-01 -4.5685e-01 -8.6727e-01 4.5860e-01 -1.0464e+00 -1.5024e-01 1.6515e+01 -1.6068e-01 5.0517e-01 5.7624e+00 -3.8147e-01 -3.8778e-01 -9.7691e-01 2.3523e-01 -1.2356e+00 -5.9441e-02 -5.0448e-01 -5.7323e-01 3.7039e+01 -5.6445e-01 -2.4124e-01 -3.8534e-01 -1.6268e-01 -5.7984e-02 5.7840e-02 2.0289e+00 -2.5168e-01 3.2012e+00 1.1229e-01 1.4296e+00 -9.6490e-01 1.6236e-01
-5.2949e-01 1.4407e-01 6.3729e-01 -5.4553e-01 -6.6801e-01 5.5368e-01 -1.0695e+00 -5.7738e+00 1.8114e-01 -5.9693e-02 -5.9948e-01 -1.5579e+00 -2.0504e+00 4.1387e-02 -2.0718e-01 -7.2725e-01 -6.6753e-01 -8.0938e-02 -9.9146e-02 6.6042e-01 -1.6644e+00 -3.7625e-01 -2.1003e-01 -5.2855e-02 -1.3770e-01 -1.5402e-01 -3.0865e-01 -1.0779e-01 -1.6658e+00 5.0083e+00 7.5986e-01 -1.9722e-01 -1.4995e-01 -7.8834e-01 -1.5783e+00 8.3242e-01 -4.2820e-01 -2.2868e-01 -5.6445e-01 1.9777e+01 -9.3935e-02 -2.4681e-01 -4.4341e-02 -6.0546e-02 -3.6388e-02 2.7234e-01 -1.2627e-01 -3.6404e-01 -2.8392e-01 -1.8094e-01 -1.4549e-01 1.4323e-02
1.0754e-01 -3.4180e-01 -3.2673e-01 -1.4262e-01 -3.7368e-01 -2.6026e-01 -2.0687e-01 1.4367e-01 -4.4745e-01 -2.5209e-01 -4.1620e-02 3.8626e-02 3.0569e-01 4.6813e-01 2.8143e-01 -6.1585e-01 -4.5480e-02 -1.1002e-02 8.2013e-02 1.1303e+00 -5.8044e-02 3.6027e-01 -1.9833e-04 -3.2052e-02 1.5549e-01 -5.0446e-02 -2.2374e-01 1.3954e-01 -1.7385e-01 4.7828e-01 1.2272e+00 -1.0957e-01 -1.4610e-01 1.6195e+00 9.7105e-01 2.0383e-02 -2.6385e-02 -2.2361e-01 -2.4124e-01 -9.3935e-02 7.8296e+00 -3.3765e-02 -2.3845e-02 3.2595e-02 -5.1584e-02 -1.7295e-01 -2.3542e-02 1.1260e-02 -2.8863e-02 -1.1127e-01 1.4655e-01 -3.2508e-01
2.4523e+00 -1.7246e-01 6.7926e-01 -1.5576e+00 -1.1846e-01 5.9780e-02 -5.3941e-01 5.7729e-01 -2.1019e-01 -6.3251e-02 -2.0554e-01 -2.3125e-01 -1.0678e+00 -1.7676e-01 1.2461e+00 -3.0852e+00 -1.5180e-01 -3.4326e-02 -8.4962e-02 -5.3000e-01 -3.7152e-01 -4.1219e-01 -2.4264e-01 -8.8662e-02 1.2119e-01 -1.1991e-01 2.1723e-03 -1.2631e-01 -1.1902e+00 -7.2747e-01 8.4980e+00 2.7043e-01 -7.1764e-01 -1.0700e+00 -9.6068e-01 -6.5262e-02 -1.0040e-01 -2.4591e-01 -3.8534e-01 -2.4681e-01 -3.3765e-02 1.7772e+01 -3.6485e-02 -5.8776e-02 -1.2321e-01 -7.5453e-01 -7.2219e-02 -3.0902e-01 1.4015e-01 4.1389e-01 6.1699e-01 6.4167e-01
2.2465e-01 -4.9678e-01 1.4353e-01 -2.7641e-01 4.3786e-01 -6.4374e-02 -6.9138e-02 -1.3539e-01 -4.1896e-01 -1.3347e-02 -2.0816e-02 -7.8319e-02 -1.3930e-01 -3.5210e-02 -1.9991e-01 1.0204e-01 -1.7801e-02 -7.4397e-02 -1.0779e-01 -1.1607e-01 -7.3207e-02 -1.3393e-01 6.1089e-01 -5.4963e-02 2.1226e-01 -1.9413e-02 8.3456e-02 -1.5845e-02 3.2111e-01 -5.3490e-02 -1.8667e-02 -3.2958e-02 -1.2253e-01 9.4667e-02 -2.5359e-02 -1.5992e-02 -8.1948e-03 -7.4043e-03 -1.6268e-01 -4.4341e-02 -2.3845e-02 -3.6485e-02 5.1865e+00 -3.2044e-02 -3.3202e-02 -4.5750e-02 -3.8742e-02 -6.7024e-02 -1.5547e-02 -1.0946e-01 1.7075e-01 2.4180e-01
2.2032e-01 5.5839e-02 -5.1307e-01 -3.3937e-02 6.7092e-02 -6.0450e-01 -7.2805e-02 -1.6094e-01 7.4292e-02 -3.2139e-02 -3.0994e-02 1.7218e-01 -2.5188e-02 9.1023e-03 -9.4437e-02 8.7880e-02 1.0853e-03 1.1335e-02 -1.5146e-02 6.7194e-01 4.3456e-01 -1.2324e-01 -4.5224e-02 9.0301e-02 -8.7518e-02 -3.6296e-02 4.3963e-01 -2.4870e-02 1.0339e+00 2.5679e-01 -3.2237e-01 -8.1645e-02 -7.3136e-02 4.3415e-01 1.9475e-01 -3.2961e-02 -1.2353e-02 -4.4358e-02 -5.7984e-02 -6.0546e-02 3.2595e-02 -5.8776e-02 -3.2044e-02 5.7571e+00 -7.8864e-02 -8.7039e-02 2.1919e-01 -2.3031e-02 -3.8411e-02 -1.1821e-02 -2.0084e-02 -6.6835e-02
-2.2969e+00 -1.1300e+00 1.0346e-02 2.9917e+00 6.2119e-01 -2.2314e-02 -3.4876e-01 -1.3300e-01 -1.9999e+00 -1.0253e-01 9.0215e-02 1.0130e-01 -4.4033e-01 -1.8784e-01 -2.2656e-01 -1.4933e+00 -6.3786e-02 -7.2146e-02 1.7678e-01 -4.4323e-01 -1.6543e-01 -1.8667e-01 9.0750e-02 -4.3375e-02 -8.0715e-03 4.9436e-01 -3.9592e-01 1.7972e-01 -5.7485e-02 1.1217e-01 -6.6088e-01 -1.8577e-01 -3.8334e-01 -5.0471e-01 -3.3463e-01 -5.9453e-02 -7.1703e-02 1.1993e-01 5.7840e-02 -3.6388e-02 -5.1584e-02 -1.2321e-01 -3.3202e-02 -7.8864e-02 1.0918e+01 -1.9456e-01 -9.5676e-02 -2.2965e-01 -7.9278e-02 -6.4729e-02 -8.9458e-03 3.1099e-02
-1.4967e+00 -9.5525e-01 2.1925e-01 3.3294e+00 9.1698e-02 1.6674e+00 -9.2372e-01 9.4053e-01 -7.5346e-01 -5.6613e-01 5.8475e-02 3.8025e-01 -2.1432e+00 1.7831e+00 -5.2055e-01 -4.9909e-01 -1.2154e-01 -9.3512e-02 -3.6200e-01 -6.6238e-01 -3.3793e-02 -2.8258e-01 -4.9346e-01 -5.8764e-02 -1.1175e-01 -1.1226e-01 1.7316e+00 -1.6292e-01 4.8283e-01 -6.6207e-01 -2.0962e+00 -2.4767e-01 8.0611e-02 -3.0874e-01 3.6100e-01 -8.2338e-02 -2.5573e-01 2.4832e-01 2.0289e+00 2.7234e-01 -1.7295e-01 -7.5453e-01 -4.5750e-02 -8.7039e-02 -1.9456e-01 2.1427e+01 -1.6125e-01 -3.8331e-01 -2.3328e-02 -1.5341e-01 -1.2854e-01 2.2466e-01
-7.3614e-01 -9.6130e-02 -3.5670e-01 -1.6723e-01 7.9910e-01 -6.4018e-01 -2.8257e-01 -3.1306e-01 -1.5362e-01 2.3756e-01 -1.6193e-03 -1.1960e-01 -2.2649e-01 -6.4240e-02 -1.4016e-01 7.5965e-01 -1.5372e-01 6.1155e-02 1.8768e-02 -2.6382e-01 -8.5458e-02 -3.2280e-01 -2.7848e-02 -5.7798e-02 8.5435e-03 -3.2552e-02 -4.7575e-01 1.4795e-03 -4.7929e-01 -3.1498e-01 -4.8286e-01 -4.5468e-02 1.4236e+00 8.2939e-01 -3.1281e-01 -2.3659e-02 7.9078e-02 1.3483e+00 -2.5168e-01 -1.2627e-01 -2.3542e-02 -7.2219e-02 -3.8742e-02 2.1919e-01 -9.5676e-02 -1.6125e-01 8.4571e+00 -1.9181e-01 -8.3243e-03 1.8200e-03 9.7438e-03 -6.1195e-03
1.5316e+00 -2.6780e-02 7.7935e-01 -1.2034e+00 -2.0781e-01 6.7151e-01 -6.7287e-01 4.5545e-01 5.6509e-02 -1.6122e-01 -6.6589e-02 -3.9567e-04 -2.8771e-01 -1.6903e-01 -4.5058e-01 1.9181e+00 -1.6818e-01 1.2470e-01 -1.9645e-01 6.2312e-01 -8.9565e-01 -4.3099e-01 7.0544e-02 -1.0188e-01 6.0562e-02 5.3787e-01 -1.9969e+00 -7.3163e-02 -7.8020e-01 4.8472e-01 4.5108e-01 -1.1930e-01 3.2155e+00 3.4896e+00 -1.4497e+00 -1.1352e-01 1.4426e-02 -4.4414e-01 3.2012e+00 -3.6404e-01 1.1260e-02 -3.0902e-01 -6.7024e-02 -2.3031e-02 -2.2965e-01 -3.8331e-01 -1.9181e-01 2.0761e+01 -2.0076e-01 1.1635e+00 4.1517e-02 1.7814e-01
-1.5911e-01 4.8066e-02 -2.7277e-02 -5.9355e-02 -2.1131e-01 -8.8694e-02 -3.7611e-01 6.2300e-01 4.0135e-02 -9.2393e-03 7.6089e-01 -6.3630e-01 -5.6324e-01 7.5022e-01 -4.5273e-02 2.1200e-01 -9.5502e-03 9.5924e-02 -5.0756e-02 5.1582e-01 -4.4508e-01 -1.2426e-01 -1.3911e-01 -2.2404e-02 -2.4527e-02 -2.7546e-02 -6.2252e-01 -4.4778e-02 -1.4419e-01 1.6210e+00 3.0557e-01 -7.0035e-02 2.1922e-01 -7.6261e-01 -1.1097e+00 2.1970e-01 -6.5981e-02 9.3139e-02 1.1229e-01 -2.8392e-01 -2.8863e-02 1.4015e-01 -1.5547e-02 -3.8411e-02 -7.9278e-02 -2.3328e-02 -8.3243e-03 -2.0076e-01 9.5084e+00 -1.3946e-01 -4.2947e-02 5.2215e-01
-1.4818e-01 4.3897e-01 -1.0491e+00 2.9141e-01 8.7016e-01 -1.2926e+00 -3.0663e-02 -6.4024e-01 5.2861e-01 -2.7198e-01 6.2574e-02 -3.7097e-02 -3.6794e-01 -1.1283e-01 -2.9760e-01 -3.6813e-01 1.4930e+00 1.2539e+00 -1.2384e-01 3.5796e-02 2.2910e-01 -3.5102e-01 -4.2968e-01 6.7449e-02 -1.0038e+00 -2.8331e-01 7.9662e-01 -5.2097e-02 -5.1263e-01 -7.0456e-01 -1.2851e+00 1.2319e+00 -2.6842e-01 2.5166e+00 1.7169e+00 -5.8561e-02 -4.6367e-02 2.8875e+00 1.4296e+00 -1.8094e-01 -1.1127e-01 4.1389e-01 -1.0946e-01 -1.1821e-02 -6.4729e-02 -1.5341e-01 1.8200e-03 1.1635e+00 -1.3946e-01 1.7086e+01 4.5095e+00 -1.3239e+00
1.0130e+00 -2.2725e+00 -1.0152e+00 1.3320e-01 3.4562e-01 -7.6925e-01 2.1866e-01 -6.1838e-02 -1.6632e+00 4.9573e+00 2.5653e-02 1.1787e-01 1.2555e-02 2.1125e-02 1.0539e+00 6.8377e-01 2.2415e-01 -5.1499e-01 -1.6689e+00 6.6044e+00 3.8215e-01 3.9935e-01 -3.5978e+00 -7.6404e-01 2.8096e+01 -9.3558e-01 -8.4708e-01 -4.5882e-03 -1.0013e+01 -3.1179e+00 -3.2706e+00 2.6894e-01 -2.8180e+00 6.7178e-01 5.9670e-01 -9.3768e-02 2.9144e-02 1.2021e-01 -9.6490e-01 -1.4549e-01 1.4655e-01 6.1699e-01 1.7075e-01 -2.0084e-02 -8.9458e-03 -1.2854e-01 9.7438e-03 4.1517e-02 -4.2947e-02 4.5095e+00 3.2351e+01 -1.0183e+01
3.8878e-01 5.3693e+00 6.0337e-01 -1.8472e+00 -3.6439e-01 -2.9424e-01 -1.7743e-01 -4.1549e-02 2.4542e+00 -6.3499e+00 -2.1745e-02 -4.8676e-01 4.2723e-01 -1.7299e-01 7.6231e-01 3.1710e-01 1.1290e-02 -2.0778e+00 3.9529e-01 -1.1524e+01 -1.3523e-02 -1.9063e-01 3.3666e+00 4.6214e-02 -9.2420e+00 -1.2245e+00 2.1251e-01 -8.2465e-02 2.6583e+01 1.5802e+00 4.1453e+00 -9.2279e-01 2.3846e+00 1.9274e-01 3.3851e-02 1.7524e-01 6.8754e-02 1.1456e-01 1.6236e-01 1.4323e-02 -3.2508e-01 6.4167e-01 2.4180e-01 -6.6835e-02 3.1099e-02 2.2466e-01 -6.1195e-03 1.7814e-01 5.2215e-01 -1.3239e+00 -1.0183e+01 3.0888e+01
