8.2395e+01 -3.3248e+00 1.7326e+00 2.1122e+01 -1.1620e+01 7.9517e+00 3.1301e+00 1.2495e+00 -3.6925e+01 4.2149e-01 2.1512e+00 -3.9155e+00 2.8892e-02 3.6747e+00 -1.2523e+00 -1.6191e+00 -4.1553e-02 3.1531e+01 9.6443e-01 1.2609e+00 -2.1261e+01 4.4850e+00 -8.5420e-01 -7.7532e-01 -3.0708e+01 2.3698e+01 2.5485e-01 3.0449e+01 4.2856e-01 -6.1566e-01 1.0736e+00 -1.3245e+00 3.0762e-01 -1.5109e+00 -4.4258e+00 1.4799e-01 8.6793e-01 1.1320e+00 -2.8831e-01 -5.0504e-01 5.6063e-01 4.7457e-02 3.1246e-01 -2.1275e-01 1.3919e-01 -1.1733e+00 1.1936e-01 -2.0040e+00 2.4907e+00 -2.1807e+00 1.1754e+00 8.6923e+00
-3.3248e+00 8.5863e+01 -1.2017e+01 1.7040e+01 2.4546e+01 8.1609e+00 -1.1135e+01 -1.6642e+01 -2.1964e+01 -4.9645e-01 1.0262e+00 -9.5604e-01 -1.0693e+00 -2.6118e+00 -4.2595e+00 5.3146e-01 -6.8408e-01 3.8452e+00 -3.8888e+00 -3.1003e-01 -9.2373e+00 -3.2332e-01 -1.0331e-01 -3.7223e-01 -6.2151e+00 3.9211e+00 1.4301e-02 3.7350e+00 2.0963e+00 -3.7097e+00 -6.9953e+00 -2.6872e-01 1.7472e-01 1.1231e-02 -9.5628e+00 -3.9908e-02 -1.9619e+00 -4.4616e-01 1.1837e+00 3.7346e-01 2.7682e-02 -3.9010e-01 2.8818e-01 -3.4700e-01 3.5016e-02 4.4148e-02 -1.6908e-01 4.7043e-02 6.9617e-01 2.2185e+00 -4.9051e+00 -5.2863e+00
1.7326e+00 -1.2017e+01 3.7938e+01 -2.5557e+01 -1.9517e+01 -3.2664e+00 1.8098e+01 1.3504e+01 1.6823e+01 -9.5248e-01 -9.2539e-01 -6.0614e-02 1.6203e+00 3.5699e+00 -2.4174e+00 2.7196e+00 -3.2546e-01 3.5427e-01 4.0623e-01 1.3899e-01 -1.2646e+00 -7.4574e-01 8.2605e-01 9.9568e-02 -3.5232e+00 3.5219e+00 -3.2114e-01 5.5911e+00 -1.4406e+00 -4.8113e-01 2.8270e-01 2.9781e+00 -3.2229e-01 8.8646e-01 -5.2848e+00 -2.2763e-01 5.1380e-01 -5.0935e-01 -8.9700e-01 -3.2670e-01 -1.4322e-01 -1.4811e-01 3.3607e+00 4.5202e-03 1.2946e-01 -2.0416e-01 9.0223e-01 4.5542e-02 -2.1927e-01 -7.2578e-01 -1.5115e-01 -8.2517e-01
2.1122e+01 1.7040e+01 -2.5557e+01 8.3367e+01 2.6197e+01 2.4245e+01 -3.7937e+01 -3.3708e+01 -5.2603e+01 6.8283e-02 1.3276e+00 -2.9800e+00 -8.3634e-01 -7.1741e+00 2.9585e+00 4.2017e-01 5.5232e-01 -4.4355e+00 -4.8219e+00 2.7860e-01 4.4229e+00 3.3768e-01 -1.0725e+00 -1.3259e+00 6.6984e+00 -5.7136e+00 7.6685e-01 -6.8283e+00 1.3260e+00 2.2242e+00 5.5935e-01 -3.0988e+00 6.8033e-01 -3.7362e-01 4.2638e+00 3.6284e-01 3.9785e-01 4.3752e-01 2.0301e+00 7.3717e-01 -1.0469e-01 4.6315e-02 -2.0669e+00 5.6730e-02 -3.2347e-01 -7.1764e-01 -6.2413e-01 -1.0386e+00 -7.1689e-02 1.0651e+00 6.3110e-01 2.2373e-01
-1.1620e+01 2.4546e+01 -1.9517e+01 2.6197e+01 7.4165e+01 -5.2589e+00 -3.2393e+01 -2.6825e+01 -1.8463e+01 -8.9236e-01 1.2370e+00 -2.7798e+00 -1.2336e+00 -8.8193e+00 3.0070e+00 -3.3490e+00 9.0230e-01 1.6527e+00 -1.5678e+00 1.9489e-01 -2.5854e+00 -4.2810e-01 -9.2251e-01 -4.6308e-01 4.7965e+00 -4.4306e+00 8.6540e-01 -7.5948e+00 1.0262e+00 -1.4981e+00 -8.7984e-01 -2.0509e+00 -1.3108e-01 -2.3389e-01 2.5971e+00 -1.3559e-01 -4.4228e-01 -1.5828e-02 -1.6443e-01 1.1507e-01 -2.8304e-01 -1.0795e-01 -1.2815e+00 -9.5415e-02 -3.0453e-01 7.3007e-01 -8.3562e-01 -1.6204e-01 -4.5560e-01 1.1785e+00 6.6108e-02 -8.8768e-01
7.9517e+00 8.1609e+00 -3.2664e+00 2.4245e+01 -5.2589e+00 7.0093e+01 -5.2435e+00 -1.8086e+00 -2.9248e+01 6.6052e-02 4.1376e-01 -7.9541e-02 1.6019e-01 1.0505e+00 -7.2454e-01 -2.0984e+00 6.3683e-01 -9.5572e+00 -2.9633e+00 -3.2932e-01 -2.4939e-01 -1.2222e+00 1.7168e+00 -7.8801e-01 1.0480e+01 -6.4996e+00 -4.0724e-02 -1.1808e+01 -6.5140e-01 -1.3648e+00 -1.2748e+00 -3.2810e+00 3.7306e-01 -3.3926e-01 3.4104e-01 -3.8451e-01 -1.4760e+00 -2.0385e-01 1.3195e+00 1.4093e+00 1.7076e-02 -1.7701e-01 -1.8706e+00 -3.3862e-01 -1.7099e-01 -3.8967e-01 7.8985e-02 -8.3585e-01 9.9155e-01 1.4448e-01 2.8472e+00 -9.3846e+00
3.1301e+00 -1.1135e+01 1.8098e+01 -3.7937e+01 -3.2393e+01 -5.2435e+00 6.9395e+01 4.6402e+01 4.6611e+01 9.0382e-01 -3.8196e+00 4.9152e-01 1.2805e+00 2.7666e+01 -4.0219e+00 4.7143e+00 -8.4740e-01 1.0418e+01 5.0789e+00 -4.4483e-01 -1.0736e+01 9.1872e-01 1.8292e+00 2.2007e+00 -1.9353e+01 1.7105e+01 -5.0113e-02 2.1631e+01 -1.9045e+00 -5.0163e+00 -3.4917e+00 4.1129e+00 -2.8958e-01 3.7829e-01 -9.7590e+00 -3.4086e-02 -1.5244e-01 -6.5863e-01 9.3157e-01 -7.8754e-01 -1.7847e-01 -3.7149e-02 3.1131e+00 -1.4516e-02 1.8228e-01 -5.8301e-01 9.3772e-02 -2.7390e-01 1.6044e-01 -4.3895e-01 -5.3640e-01 -1.1286e-01
1.2495e+00 -1.6642e+01 1.3504e+01 -3.3708e+01 -2.6825e+01 -1.8086e+00 4.6402e+01 6.6901e+01 4.4434e+01 4.2567e-01 -3.8109e+00 1.4404e+00 1.1589e+00 2.7532e+01 -3.8525e+00 -1.2467e+00 -7.7192e-01 1.5640e+01 7.2062e+00 -4.8121e-01 -1.5828e+01 -6.8840e-02 1.3999e+00 3.5547e-01 -1.8661e+01 1.2360e+01 -7.6266e-01 1.2982e+01 1.7627e-01 -5.5046e+00 4.3953e+00 -3.8851e-01 -5.8590e-02 2.9420e-01 -2.9921e+00 -1.1607e-01 7.1388e-01 -4.4000e-01 1.0587e+00 -8.1479e-01 5.7120e-03 -1.4583e-01 -6.3942e-01 -6.1561e-01 6.3798e-03 -2.8257e-02 -8.0425e-02 -2.9348e-01 -1.9742e-01 -1.7691e+00 -5.2835e-01 -2.5872e-03
-3.6925e+01 -2.1964e+01 1.6823e+01 -5.2603e+01 -1.8463e+01 -2.9248e+01 4.6611e+01 4.4434e+01 1.1370e+02 1.4118e+00 -3.2432e+00 3.1206e+00 7.8229e-01 2.1548e+01 -2.4246e+00 8.5894e-01 -8.8256e-01 -1.5184e+01 3.0008e+00 -1.3032e+00 1.6475e+01 -2.3084e+00 1.2014e+00 -5.6038e-01 1.1353e+01 -1.2169e+01 -1.1369e-01 -9.9413e+00 -3.7487e+00 -3.9908e+00 3.7029e+00 4.5338e+00 -4.6755e-01 2.4644e+00 1.6552e+00 -1.7956e-01 -1.2527e-01 -1.3103e+00 1.1781e+00 -9.8895e-01 -3.0681e-01 2.0221e-01 2.7958e+00 5.7700e-02 2.6265e-03 1.1083e+00 -1.1931e-01 1.7545e+00 -1.5204e+00 -1.7298e+00 -1.1737e-01 2.6130e+00
4.2149e-01 -4.9645e-01 -9.5248e-01 6.8283e-02 -8.9236e-01 6.6052e-02 9.0382e-01 4.2567e-01 1.4118e+00 5.0638e+01 -1.2210e-01 4.4440e-01 5.1550e-01 2.9742e+00 -1.7117e+01 2.4042e+01 -8.0000e-01 1.6408e-01 -1.5832e+00 -2.5978e-01 -3.0795e-01 -2.3122e+00 2.5905e-01 2.6663e-01 -7.0857e+00 8.8942e+00 -1.9280e+00 4.9954e-01 2.3921e-01 -1.1968e+00 -1.0590e-01 4.7215e+00 1.7939e-01 2.6553e+00 3.8617e-01 -9.6682e-02 8.2254e-01 -5.5979e-01 -1.1132e+01 2.5894e-01 6.6950e-01 1.8612e-02 1.9783e-01 2.6137e-02 -3.2475e-01 -1.2337e-01 5.4767e-01 -4.4840e-03 2.3257e+00 -5.3273e-01 -3.5873e-01 5.3928e-02
2.1512e+00 1.0262e+00 -9.2539e-01 1.3276e+00 1.2370e+00 4.1376e-01 -3.8196e+00 -3.8109e+00 -3.2432e+00 -1.2210e-01 1.5030e+01 -5.6042e-01 -7.5799e-02 -2.9371e+00 -4.8143e-01 -8.6128e-01 2.3503e-01 3.7415e+00 2.0123e-02 -1.2514e-01 -3.7175e+00 -2.4277e-01 -1.8397e-01 -3.0645e-01 -2.9915e-02 -3.9253e+00 -1.6713e-01 -6.4247e-01 -1.8844e-01 -8.9576e-02 -4.3914e-01 -2.1756e-01 -5.1812e-02 -1.6531e-01 -2.4304e+00 3.4968e-02 3.0759e+00 -2.6777e-01 4.9940e-02 -1.6375e-01 -2.9526e-02 4.5159e-02 -2.2570e-01 -4.2948e-02 1.3100e-02 -8.0640e-02 8.6349e-01 -1.3483e-01 -3.1145e-02 7.0877e-01 2.7002e-02 1.1929e-01
-3.9155e+00 -9.5604e-01 -6.0614e-02 -2.9800e+00 -2.7798e+00 -7.9541e-02 4.9152e-01 1.4404e+00 3.1206e+00 4.4440e-01 -5.6042e-01 2.3365e+01 8.6989e-01 -4.0281e-01 6.6000e-01 8.2679e-02 -6.8377e-02 -8.2480e-01 1.0744e-01 -2.0568e-01 8.6723e-01 -6.9336e-01 6.2125e-02 -1.9531e-01 1.7195e-01 -9.9477e-02 5.9822e-01 1.4635e-01 6.5904e-01 -6.4232e-01 -1.4048e-02 -4.1474e-01 4.2380e-01 -3.8946e-01 1.8389e+00 -7.7403e-02 -6.2469e-01 1.0175e-01 -1.7444e-01 -6.5549e-02 7.3199e-01 3.9551e-01 -4.8895e-01 -5.6288e-02 -9.4276e-02 -3.6672e-01 3.1044e-02 -5.4594e-01 8.1586e-01 -1.7383e-01 -5.9725e-02 -1.6158e-01
2.8892e-02 -1.0693e+00 1.6203e+00 -8.3634e-01 -1.2336e+00 1.6019e-01 1.2805e+00 1.1589e+00 7.8229e-01 5.1550e-01 -7.5799e-02 8.6989e-01 1.1644e+01 3.2821e-02 2.6701e-01 7.1894e-01 -1.0760e-01 -4.6766e-01 -4.4268e-01 7.7843e-02 3.6907e-01 -1.6950e-01 8.4087e-02 3.6839e-01 -7.8659e-01 -3.3417e-01 4.5256e-01 -5.7277e-02 -4.1996e-01 -2.5653e-01 3.8535e-01 -2.0071e-01 -3.7115e-02 -3.2418e-01 3.8488e-02 -1.7906e-01 -2.7179e-01 -9.9921e-02 -2.7579e-02 -1.2595e-02 4.4987e-02 -1.7749e-02 1.4205e-01 -5.6347e-02 -1.6200e-02 5.4576e-02 -1.3021e-01 8.9446e-02 -2.1296e-01 -3.1198e-01 -5.2629e-01 -7.1465e-02
3.6747e+00 -2.6118e+00 3.5699e+00 -7.1741e+00 -8.8193e+00 1.0505e+00 2.7666e+01 2.7532e+01 2.1548e+01 2.9742e+00 -2.9371e+00 -4.0281e-01 3.2821e-02 7.9268e+01 -1.5111e+01 5.3273e+00 -9.9730e-01 8.6046e+00 8.2346e+00 -4.2398e-01 -9.8998e+00 -1.2779e+01 1.6906e+00 -5.8487e-01 -1.8314e+01 1.1923e+01 1.3367e+00 1.5353e+01 2.4211e-02 2.3425e+00 -2.9589e+00 -1.9425e+00 7.4636e-01 3.0332e-01 -4.7767e+00 -3.1632e+00 1.8098e+00 1.5047e+00 4.5501e+00 -4.7114e-01 -1.3550e-02 5.4339e-01 -8.5305e-02 4.4319e-01 9.8511e-02 -5.7258e-01 5.9366e-01 -3.9485e-01 -6.1859e-01 -1.6348e+00 2.2168e-01 -1.0526e+00
-1.2523e+00 -4.2595e+00 -2.4174e+00 2.9585e+00 3.0070e+00 -7.2454e-01 -4.0219e+00 -3.8525e+00 -2.4246e+00 -1.7117e+01 -4.8143e-01 6.6000e-01 2.6701e-01 -1.5111e+01 5.6691e+01 -2.2043e+01 4.7655e-01 -9.4462e+00 -1.3706e+00 -3.2489e-01 9.8036e+00 1.2617e+01 -3.8534e-01 8.8921e-01 4.2427e+00 -3.2559e+00 -1.8928e+00 -7.0743e+00 -1.5964e+00 -4.1888e-01 -5.6296e-01 -1.5245e+00 -1.8567e+00 -3.9949e+00 7.5772e+00 2.6015e+00 -1.0850e+00 -1.1890e-02 1.2653e+01 2.5795e-01 -3.2714e-01 -1.7167e-01 -3.3670e-01 -3.7828e-01 -1.3418e-01 -1.3211e-01 -4.9755e-01 -1.2103e-01 -1.0030e-01 -5.1209e-01 3.4736e-02 2.2710e-01
-1.6191e+00 5.3146e-01 2.7196e+00 4.2017e-01 -3.3490e+00 -2.0984e+00 4.7143e+00 -1.2467e+00 8.5894e-01 2.4042e+01 -8.6128e-01 8.2679e-02 7.1894e-01 5.3273e+00 -2.2043e+01 8.2990e+01 -1.4154e+00 -7.4029e+00 -2.4062e-01 -2.4624e-01 7.7776e+00 -5.2316e+00 -9.8751e-01 4.2646e-01 4.4562e+00 -8.1661e+00 -4.3710e+00 5.2084e+00 3.9440e+00 -3.3702e+00 -9.8776e-01 7.1324e+00 4.4065e+00 6.6784e+00 -5.7045e+00 -1.6304e+00 7.6898e-01 -2.4282e+00 -1.7409e+01 8.6483e-01 1.0933e+00 -6.7603e-02 2.7048e+00 -2.8890e-01 -2.0895e-01 -5.0260e-01 4.0992e-01 -1.9685e-01 -7.0070e+00 1.0788e+00 -6.0743e-01 4.8400e-01
-4.1553e-02 -6.8408e-01 -3.2546e-01 5.5232e-01 9.0230e-01 6.3683e-01 -8.4740e-01 -7.7192e-01 -8.8256e-01 -8.0000e-01 2.3503e-01 -6.8377e-02 -1.0760e-01 -9.9730e-01 4.7655e-01 -1.4154e+00 9.8520e+00 3.2730e-01 -8.3046e-02 2.0739e-02 -7.4673e-01 7.5090e-01 8.1184e-01 -1.2968e-01 -8.7196e-01 9.5399e-01 -4.4752e-02 2.1560e-01 -3.0334e-01 -2.2794e-01 -4.7767e-02 -7.2615e-02 1.5720e-02 1.3216e-01 -6.9676e-01 -1.8408e-01 -1.8241e-01 -2.2381e-01 -5.9953e-01 -3.7188e-02 -1.0471e-01 -3.3611e-02 -2.3011e-02 -5.3924e-02 -4.1294e-02 -5.5841e-02 -2.3048e-02 -5.0879e-02 -1.6596e-01 -8.6542e-02 5.7428e-03 -3.8735e-01
3.1531e+01 3.8452e+00 3.5427e-01 -4.4355e+00 1.6527e+00 -9.5572e+00 1.0418e+01 1.5640e+01 -1.5184e+01 1.6408e-01 3.7415e+00 -8.2480e-01 -4.6766e-01 8.6046e+00 -9.4462e+00 -7.4029e+00 3.2730e-01 1.0295e+02 4.7930e+00 1.7419e+00 -7.7065e+01 3.7372e+00 -4.2416e-01 -3.3545e-01 -7.8362e+01 6.9859e+01 -1.1112e+00 6.6708e+01 8.5239e-01 9.0659e-01 -4.9502e-01 -4.7867e+00 1.6840e-01 -3.5693e+00 -2.9158e+01 -5.0305e-01 3.4895e-01 1.0154e+00 8.8351e-01 -1.5916e+00 -1.6721e-02 3.4156e-01 -3.0912e+00 -1.9424e-01 4.2481e-02 6.4618e-01 1.2441e-01 -2.6489e+00 1.9749e+00 7.6237e-01 -2.4453e+00 2.2636e+01
9.6443e-01 -3.8888e+00 4.0623e-01 -4.8219e+00 -1.5678e+00 -2.9633e+00 5.0789e+00 7.2062e+00 3.0008e+00 -1.5832e+00 2.0123e-02 1.0744e-01 -4.4268e-01 8.2346e+00 -1.3706e+00 -2.4062e-01 -8.3046e-02 4.7930e+00 2.6997e+01 -1.5061e-01 -5.6923e+00 2.0275e-01 -4.8631e-01 -6.6298e-01 -5.9308e+00 6.4103e+00 -1.9975e-01 4.2026e+00 6.1393e-01 -4.0066e-01 3.7217e-01 -7.4773e-01 -4.7625e-01 1.6865e+00 1.0414e+00 -3.9356e-01 2.9639e-01 -6.6875e-02 -1.2308e+00 -1.5831e-01 -1.1471e-01 4.5796e-01 -4.9549e-01 -9.4488e-02 -1.3694e-01 -2.9312e-01 3.7275e-01 -1.0293e-01 -6.4729e-01 4.6894e-01 -2.8530e-03 -8.5427e-01
1.2609e+00 -3.1003e-01 1.3899e-01 2.7860e-01 1.9489e-01 -3.2932e-01 -4.4483e-01 -4.8121e-01 -1.3032e+00 -2.5978e-01 -1.2514e-01 -2.0568e-01 7.7843e-02 -4.2398e-01 -3.2489e-01 -2.4624e-01 2.0739e-02 1.7419e+00 -1.5061e-01 9.9498e+00 -9.8546e-01 -2.6400e-01 -1.4873e-01 -1.9164e-01 -1.0553e+00 9.0687e-01 -1.3298e-01 1.8686e+00 4.3233e-01 -8.7778e-02 -1.5487e-01 -2.0322e-01 -1.4787e-01 2.2272e-01 -5.3956e-01 -7.3852e-02 -3.5120e-01 5.0997e-02 -4.5662e-01 -9.6402e-02 4.6237e-01 -3.5577e-02 -1.5531e-02 -3.4828e-02 -5.1821e-02 -5.3894e-02 -6.6302e-02 1.1965e-01 -2.6472e-01 -6.9815e-02 -4.1317e-04 8.1823e-01
-2.1261e+01 -9.2373e+00 -1.2646e+00 4.4229e+00 -2.5854e+00 -2.4939e-01 -1.0736e+01 -1.5828e+01 1.6475e+01 -3.0795e-01 -3.7175e+00 8.6723e-01 3.6907e-01 -9.8998e+00 9.8036e+00 7.7776e+00 -7.4673e-01 -7.7065e+01 -5.6923e+00 -9.8546e-01 8.6265e+01 -3.5153e+00 -5.6284e-01 -1.0175e+00 7.1727e+01 -6.1405e+01 8.5078e-01 -6.1166e+01 -7.2429e-01 -1.1426e+00 4.2010e-01 4.8734e+00 -3.3696e-01 5.1709e-01 3.2176e+01 1.6193e-01 2.4858e-01 -4.6961e-01 -5.1454e-01 9.5497e-01 1.6045e-02 -3.3259e-01 2.7335e+00 1.4929e-02 -5.2019e-02 -8.0542e-01 -1.1918e-01 1.9557e+00 -1.3434e+00 -1.9946e-01 4.9074e-01 4.4276e+00
4.4850e+00 -3.2332e-01 -7.4574e-01 3.3768e-01 -4.2810e-01 -1.2222e+00 9.1872e-01 -6.8840e-02 -2.3084e+00 -2.3122e+00 -2.4277e-01 -6.9336e-01 -1.6950e-01 -1.2779e+01 1.2617e+01 -5.2316e+00 7.5090e-01 3.7372e+00 2.0275e-01 -2.6400e-01 -3.5153e+00 2.9886e+01 -2.6666e-01 -1.6227e-01 -5.3714e+00 7.2255e+00 -5.4415e-01 3.7560e+00 -1.0794e+00 -8.8262e-01 -8.6973e-02 -8.7474e-01 -7.1122e-01 -1.1758e+00 -2.6924e+00 3.1746e+00 -1.2725e+00 -7.8802e-01 -3.0261e+00 -1.4164e-01 -3.3308e-01 4.2306e-02 -2.4066e-01 2.7004e-01 -2.4961e-01 -1.2279e-01 -1.9360e-01 2.8623e-01 1.2380e+00 -4.9213e-02 1.1571e-01 3.9985e-01
-8.5420e-01 -1.0331e-01 8.2605e-01 -1.0725e+00 -9.2251e-01 1.7168e+00 1.8292e+00 1.3999e+00 1.2014e+00 2.5905e-01 -1.8397e-01 6.2125e-02 8.4087e-02 1.6906e+00 -3.8534e-01 -9.8751e-01 8.1184e-01 -4.2416e-01 -4.8631e-01 -1.4873e-01 -5.6284e-01 -2.6666e-01 1.6058e+01 1.0270e-01 -2.6513e+00 9.2168e-01 2.2602e-02 1.9527e+00 -5.6131e-02 -3.2755e-01 -4.6586e-01 -1.6142e-01 -2.3354e-01 -1.5716e-01 -2.9543e-01 -2.5792e-01 -1.6346e-01 -3.4905e-01 -8.5112e-01 -1.0862e-01 -7.7898e-02 -1.1666e-01 3.5992e-01 2.4400e-02 -1.2882e-02 -2.6616e-02 -2.7037e-02 -1.3577e-02 4.9995e-01 -5.5337e-02 -9.8992e-02 -9.4618e-01
-7.7532e-01 -3.7223e-01 9.9568e-02 -1.3259e+00 -4.6308e-01 -7.8801e-01 2.2007e+00 3.5547e-01 -5.6038e-01 2.6663e-01 -3.0645e-01 -1.9531e-01 3.6839e-01 -5.8487e-01 8.8921e-01 4.2646e-01 -1.2968e-01 -3.3545e-01 -6.6298e-01 -1.9164e-01 -1.0175e+00 -1.6227e-01 1.0270e-01 2.1778e+01 1.5396e+00 3.6839e-01 -1.7767e-01 -2.9154e-01 -1.3972e-02 -5.1637e-01 -4.6963e-01 6.6480e-01 1.1879e-01 2.6266e-01 -1.0546e+00 2.3718e-01 5.5894e-01 -2.7130e-01 2.5532e-01 -1.7109e-01 3.8086e-02 -1.8759e-02 3.1008e-01 3.5670e-01 1.7937e-01 -1.8455e-01 -7.5337e-02 -1.7114e-01 1.2316e-01 -2.0236e-01 1.5594e+00 -1.2745e+00
-3.0708e+01 -6.2151e+00 -3.5232e+00 6.6984e+00 4.7965e+00 1.0480e+01 -1.9353e+01 -1.8661e+01 1.1353e+01 -7.0857e+00 -2.9915e-02 1.7195e-01 -7.8659e-01 -1.8314e+01 4.2427e+00 4.4562e+00 -8.7196e-01 -7.8362e+01 -5.9308e+00 -1.0553e+00 7.1727e+01 -5.3714e+00 -2.6513e+00 1.5396e+00 1.5833e+02 -1.0543e+02 1.0611e-02 -9.7640e+01 -4.5991e+00 -3.5059e+00 9.0237e+00 5.6035e+00 -2.5375e-03 3.2106e+00 4.3500e+01 3.5215e-02 -1.1977e+00 -1.0058e+00 -4.5535e+00 1.1954e+00 -4.9188e-01 -6.1184e-01 2.1711e+00 -3.8092e-01 -1.2489e-01 1.3739e+00 5.0905e-02 1.4476e+00 2.7781e+00 4.3763e+00 1.7019e+01 -8.7703e+00
2.3698e+01 3.9211e+00 3.5219e+00 -5.7136e+00 -4.4306e+00 -6.4996e+00 1.7105e+01 1.2360e+01 -1.2169e+01 8.8942e+00 -3.9253e+00 -9.9477e-02 -3.3417e-01 1.1923e+01 -3.2559e+00 -8.1661e+00 9.5399e-01 6.9859e+01 6.4103e+00 9.0687e-01 -6.1405e+01 7.2255e+00 9.2168e-01 3.6839e-01 -1.0543e+02 1.5805e+02 6.6301e-01 9.3315e+01 7.7295e+00 3.9812e+00 -1.0181e+01 -2.0838e+00 1.7154e+00 -2.5140e-01 -4.5397e+01 -2.2376e+00 -3.1832e+00 2.3852e+00 8.0640e+00 -4.9836e-01 4.6197e-01 3.1692e-01 -1.6643e+00 1.2049e-01 -3.4202e-02 -1.4700e+00 2.7033e-01 -1.8939e+00 -1.3527e-01 -2.6920e+00 1.4478e+00 1.0188e+01
2.5485e-01 1.4301e-02 -3.2114e-01 7.6685e-01 8.6540e-01 -4.0724e-02 -5.0113e-02 -7.6266e-01 -1.1369e-01 -1.9280e+00 -1.6713e-01 5.9822e-01 4.5256e-01 1.3367e+00 -1.8928e+00 -4.3710e+00 -4.4752e-02 -1.1112e+00 -1.9975e-01 -1.3298e-01 8.5078e-01 -5.4415e-01 2.2602e-02 -1.7767e-01 1.0611e-02 6.6301e-01 1.7773e+01 -7.3266e-01 -9.4503e-02 8.8566e+00 -2.3802e-01 -3.1887e-01 -3.1242e-01 -9.6597e-01 -8.9959e-01 -3.8445e-01 -3.9636e-01 8.4773e+00 -2.4381e+00 -7.1637e-02 -2.0708e-01 -5.8131e-02 -9.6325e-02 9.1764e-01 -7.8677e-02 -1.1384e-01 7.4235e-01 -4.2009e-02 -2.5741e-01 -2.1931e-01 1.3069e-01 -2.5884e-01
3.0449e+01 3.7350e+00 5.5911e+00 -6.8283e+00 -7.5948e+00 -1.1808e+01 2.1631e+01 1.2982e+01 -9.9413e+00 4.9954e-01 -6.4247e-01 1.4635e-01 -5.7277e-02 1.5353e+01 -7.0743e+00 5.2084e+00 2.1560e-01 6.6708e+01 4.2026e+00 1.8686e+00 -6.1166e+01 3.7560e+00 1.9527e+00 -2.9154e-01 -9.7640e+01 9.3315e+01 -7.3266e-01 1.2000e+02 1.6586e+00 3.0425e+00 -9.9258e+00 3.2446e+00 5.4220e-01 -1.4546e+00 -5.0859e+01 -8.8431e-01 4.5440e-01 1.1351e+00 8.4829e-01 -1.2011e+00 7.7746e-02 2.9459e-01 3.1761e+00 -2.9268e-01 1.1251e-01 -1.7650e+00 -7.0933e-01 -1.7002e+00 -2.8938e+00 -3.6076e+00 8.8170e+00 7.6063e+00
4.2856e-01 2.0963e+00 -1.4406e+00 1.3260e+00 1.0262e+00 -6.5140e-01 -1.9045e+00 1.7627e-01 -3.7487e+00 2.3921e-01 -1.8844e-01 6.5904e-01 -4.1996e-01 2.4211e-02 -1.5964e+00 3.9440e+00 -3.0334e-01 8.5239e-01 6.1393e-01 4.3233e-01 -7.2429e-01 -1.0794e+00 -5.6131e-02 -1.3972e-02 -4.5991e+00 7.7295e+00 -9.4503e-02 1.6586e+00 4.1143e+01 -2.9321e-01 -3.3872e-01 -8.7721e-02 9.8003e+00 -3.0703e+00 -1.8041e+00 -1.0882e+00 5.0456e+00 2.3592e-01 -9.1692e-01 -4.1344e-01 -2.6572e-01 -1.8556e-01 -1.1816e-01 -2.6505e-01 -1.4427e-01 5.4254e-01 -6.8390e-01 -2.0467e-01 -1.2750e+00 -5.6056e-01 2.1851e-01 2.1418e-01
-6.1566e-01 -3.7097e+00 -4.8113e-01 2.2242e+00 -1.4981e+00 -1.3648e+00 -5.0163e+00 -5.5046e+00 -3.9908e+00 -1.1968e+00 -8.9576e-02 -6.4232e-01 -2.5653e-01 2.3425e+00 -4.1888e-01 -3.3702e+00 -2.2794e-01 9.0659e-01 -4.0066e-01 -8.7778e-02 -1.1426e+00 -8.8262e-01 -3.2755e-01 -5.1637e-01 -3.5059e+00 3.9812e+00 8.8566e+00 3.0425e+00 -2.9321e-01 3.1064e+01 -1.0128e+00 -3.8637e-01 -1.0889e-01 -5.9677e-01 -4.2736e+00 -4.3943e-01 8.1734e-01 1.0244e+01 -2.3004e+00 -3.6921e-01 -2.6343e-01 -2.7863e-02 -3.5302e-01 3.6164e-02 -8.6207e-02 -2.7374e-01 6.8963e-01 -1.5771e-01 -7.0147e-02 -5.1006e-01 6.8664e-02 -2.0020e-01
1.0736e+00 -6.9953e+00 2.8270e-01 5.5935e-01 -8.7984e-01 -1.2748e+00 -3.4917e+00 4.3953e+00 3.7029e+00 -1.0590e-01 -4.3914e-01 -1.4048e-02 3.8535e-01 -2.9589e+00 -5.6296e-01 -9.8776e-01 -4.7767e-02 -4.9502e-01 3.7217e-01 -1.5487e-01 4.2010e-01 -8.6973e-02 -4.6586e-01 -4.6963e-01 9.0237e+00 -1.0181e+01 -2.3802e-01 -9.9258e+00 -3.3872e-01 -1.0128e+00 1.9452e+01 -4.1419e-02 -9.8846e-02 -2.9499e-01 1.0767e+01 -4.7590e-02 -1.4614e-01 -1.2881e-01 -5.1355e-01 -2.5004e-01 -8.5058e-02 2.6660e-02 -1.7635e-01 -4.7782e-02 -5.1378e-02 -1.0045e-01 -1.5921e-01 -3.5157e-02 9.8674e-02 -2.0095e-01 -1.6352e-01 -9.0569e-02
-1.3245e+00 -2.6872e-01 2.9781e+00 -3.0988e+00 -2.0509e+00 -3.2810e+00 4.1129e+00 -3.8851e-01 4.5338e+00 4.7215e+00 -2.1756e-01 -4.1474e-01 -2.0071e-01 -1.9425e+00 -1.5245e+00 7.1324e+00 -7.2615e-02 -4.7867e+00 -7.4773e-01 -2.0322e-01 4.8734e+00 -8.7474e-01 -1.6142e-01 6.6480e-01 5.6035e+00 -2.0838e+00 -3.1887e-01 3.2446e+00 -8.7721e-02 -3.8637e-01 -4.1419e-02 2.2387e+01 6.4517e-01 5.6743e+00 -1.6744e+00 -3.2412e-01 1.0927e+00 -7.1330e-02 -1.7398e+00 -1.3610e-01 8.0070e-02 -4.9699e-02 5.0307e+00 -1.0102e-03 6.8167e-02 -3.4248e-01 4.9107e-01 -2.2418e-01 -9.6588e-01 1.4339e-01 9.1151e-02 2.2945e-01
3.0762e-01 1.7472e-01 -3.2229e-01 6.8033e-01 -1.3108e-01 3.7306e-01 -2.8958e-01 -5.8590e-02 -4.6755e-01 1.7939e-01 -5.1812e-02 4.2380e-01 -3.7115e-02 7.4636e-01 -1.8567e+00 4.4065e+00 1.5720e-02 1.6840e-01 -4.7625e-01 -1.4787e-01 -3.3696e-01 -7.1122e-01 -2.3354e-01 1.1879e-01 -2.5375e-03 1.7154e+00 -3.1242e-01 5.4220e-01 9.8003e+00 -1.0889e-01 -9.8846e-02 6.4517e-01 1.5810e+01 -1.2686e+00 -6.5587e-01 7.0085e-01 6.1038e+00 -2.3937e-01 -1.7949e+00 -9.0509e-02 -1.5682e-01 1.0068e-01 -1.1841e-01 -1.0293e-01 -7.3089e-02 2.9392e-01 -2.2789e-01 1.0173e-01 -7.8979e-01 -4.4643e-02 7.8273e-02 -1.4335e-01
-1.5109e+00 1.1231e-02 8.8646e-01 -3.7362e-01 -2.3389e-01 -3.3926e-01 3.7829e-01 2.9420e-01 2.4644e+00 2.6553e+00 -1.6531e-01 -3.8946e-01 -3.2418e-01 3.0332e-01 -3.9949e+00 6.6784e+00 1.3216e-01 -3.5693e+00 1.6865e+00 2.2272e-01 5.1709e-01 -1.1758e+00 -1.5716e-01 2.6266e-01 3.2106e+00 -2.5140e-01 -9.6597e-01 -1.4546e+00 -3.0703e+00 -5.9677e-01 -2.9499e-01 5.6743e+00 -1.2686e+00 3.6078e+01 -5.8791e-01 -8.8773e-01 -8.6805e-01 -5.5835e-01 -4.3727e+00 4.8257e-01 4.0837e-01 1.7818e-01 -1.2604e-01 -2.2909e-01 -2.0535e-01 3.0905e-02 2.1159e-01 -2.5916e-01 -1.7178e+00 2.0668e-02 1.4950e-01 -3.0480e+00
-4.4258e+00 -9.5628e+00 -5.2848e+00 4.2638e+00 2.5971e+00 3.4104e-01 -9.7590e+00 -2.9921e+00 1.6552e+00 3.8617e-01 -2.4304e+00 1.8389e+00 3.8488e-02 -4.7767e+00 7.5772e+00 -5.7045e+00 -6.9676e-01 -2.9158e+01 1.0414e+00 -5.3956e-01 3.2176e+01 -2.6924e+00 -2.9543e-01 -1.0546e+00 4.3500e+01 -4.5397e+01 -8.9959e-01 -5.0859e+01 -1.8041e+00 -4.2736e+00 1.0767e+01 -1.6744e+00 -6.5587e-01 -5.8791e-01 9.7959e+01 8.0196e-01 -2.6762e+00 -3.0318e-01 -2.3099e+00 1.6711e+00 -1.0737e+00 -3.1637e-01 -3.0337e+00 3.1812e-03 -1.6777e-01 2.1795e+00 5.8052e-01 -1.6094e+00 2.8404e+00 5.3178e+00 -2.3265e+00 3.8012e-01
1.4799e-01 -3.9908e-02 -2.2763e-01 3.6284e-01 -1.3559e-01 -3.8451e-01 -3.4086e-02 -1.1607e-01 -1.7956e-01 -9.6682e-02 3.4968e-02 -7.7403e-02 -1.7906e-01 -3.1632e+00 2.6015e+00 -1.6304e+00 -1.8408e-01 -5.0305e-01 -3.9356e-01 -7.3852e-02 1.6193e-01 3.1746e+00 -2.5792e-01 2.3718e-01 3.5215e-02 -2.2376e+00 -3.8445e-01 -8.8431e-01 -1.0882e+00 -4.3943e-01 -4.7590e-02 -3.2412e-01 7.0085e-01 -8.8773e-01 8.0196e-01 1.4829e+01 2.6012e-01 -3.4650e-01 -8.0744e-01 9.9218e-03 -8.4614e-02 -2.8533e-02 -9.0247e-02 -1.8372e-01 -5.8722e-02 -3.6706e-02 -1.2482e-01 -4.8934e-02 1.7851e+00 -5.9474e-02 -1.1408e+00 -3.2827e-01
8.6793e-01 -1.9619e+00 5.1380e-01 3.9785e-01 -4.4228e-01 -1.4760e+00 -1.5244e-01 7.1388e-01 -1.2527e-01 8.2254e-01 3.0759e+00 -6.2469e-01 -2.7179e-01 1.8098e+00 -1.0850e+00 7.6898e-01 -1.8241e-01 3.4895e-01 2.9639e-01 -3.5120e-01 2.4858e-01 -1.2725e+00 -1.6346e-01 5.5894e-01 -1.1977e+00 -3.1832e+00 -3.9636e-01 4.5440e-01 5.0456e+00 8.1734e-01 -1.4614e-01 1.0927e+00 6.1038e+00 -8.6805e-01 -2.6762e+00 2.6012e-01 3.0229e+01 -3.5777e-01 1.0503e+00 5.0945e-01 -2.0314e-01 -1.1715e-01 -4.9257e-02 2.3474e+00 -1.4998e-01 1.3704e-02 -2.3493e-01 -3.4462e-01 -1.2649e+00 -2.9893e-01 2.4300e+00 4.6528e-01
1.1320e+00 -4.4616e-01 -5.0935e-01 4.3752e-01 -1.5828e-02 -2.0385e-01 -6.5863e-01 -4.4000e-01 -1.3103e+00 -5.5979e-01 -2.6777e-01 1.0175e-01 -9.9921e-02 1.5047e+00 -1.1890e-02 -2.4282e+00 -2.2381e-01 1.0154e+00 -6.6875e-02 5.0997e-02 -4.6961e-01 -7.8802e-01 -3.4905e-01 -2.7130e-01 -1.0058e+00 2.3852e+00 8.4773e+00 1.1351e+00 2.3592e-01 1.0244e+01 -1.2881e-01 -7.1330e-02 -2.3937e-01 -5.5835e-01 -3.0318e-01 -3.4650e-01 -3.5777e-01 1.7897e+01 -2.0093e+00 -1.9429e-01 1.0198e-01 -8.5905e-02 -9.9875e-02 -8.6848e-03 4.9209e-01 1.6249e-01 7.4240e-01 -4.9375e-02 -6.3517e-02 -2.5361e-01 -3.4367e-02 5.9378e-01
-2.8831e-01 1.1837e+00 -8.9700e-01 2.0301e+00 -1.6443e-01 1.3195e+00 9.3157e-01 1.0587e+00 1.1781e+00 -1.1132e+01 4.9940e-02 -1.7444e-01 -2.7579e-02 4.5501e+00 1.2653e+01 -1.7409e+01 -5.9953e-01 8.8351e-01 -1.2308e+00 -4.5662e-01 -5.1454e-01 -3.0261e+00 -8.5112e-01 2.5532e-01 -4.5535e+00 8.0640e+00 -2.4381e+00 8.4829e-01 -9.1692e-01 -2.3004e+00 -5.1355e-01 -1.7398e+00 -1.7949e+00 -4.3727e+00 -2.3099e+00 -8.0744e-01 1.0503e+00 -2.0093e+00 5.1562e+01 2.0836e-01 1.3602e-02 -1.7959e-01 -1.5718e-01 1.3397e-01 -1.5205e-01 -8.6573e-02 -5.8072e-01 -1.1476e-01 -1.7237e+00 -4.1103e-01 -6.0592e-02 3.0707e-01
-5.0504e-01 3.7346e-01 -3.2670e-01 7.3717e-01 1.1507e-01 1.4093e+00 -7.8754e-01 -8.1479e-01 -9.8895e-01 2.5894e-01 -1.6375e-01 -6.5549e-02 -1.2595e-02 -4.7114e-01 2.5795e-01 8.6483e-01 -3.7188e-02 -1.5916e+00 -1.5831e-01 -9.6402e-02 9.5497e-01 -1.4164e-01 -1.0862e-01 -1.7109e-01 1.1954e+00 -4.9836e-01 -7.1637e-02 -1.2011e+00 -4.1344e-01 -3.6921e-01 -2.5004e-01 -1.3610e-01 -9.0509e-02 4.8257e-01 1.6711e+00 9.9218e-03 5.0945e-01 -1.9429e-01 2.0836e-01 9.5343e+00 -6.7919e-02 -4.8158e-02 -1.1625e-01 -2.8999e-02 -3.0935e-02 -6.8214e-02 -1.9000e-02 -8.1979e-02 -1.7223e-01 -9.7577e-02 6.7493e-02 -6.6507e-01
5.6063e-01 2.7682e-02 -1.4322e-01 -1.0469e-01 -2.8304e-01 1.7076e-02 -1.7847e-01 5.7120e-03 -3.0681e-01 6.6950e-01 -2.9526e-02 7.3199e-01 4.4987e-02 -1.3550e-02 -3.2714e-01 1.0933e+00 -1.0471e-01 -1.6721e-02 -1.1471e-01 4.6237e-01 1.6045e-02 -3.3308e-01 -7.7898e-02 3.8086e-02 -4.9188e-01 4.6197e-01 -2.0708e-01 7.7746e-02 -2.6572e-01 -2.6343e-01 -8.5058e-02 8.0070e-02 -1.5682e-01 4.0837e-01 -1.0737e+00 -8.4614e-02 -2.0314e-01 1.0198e-01 1.3602e-02 -6.7919e-02 8.5746e+00 -1.1840e-02 -5.7747e-02 -3.4933e-02 -7.8015e-03 1.6671e-02 -5.1370e-02 -1.0722e-01 -9.8329e-02 -7.7617e-02 3.9475e-02 3.5698e-02
4.7457e-02 -3.9010e-01 -1.4811e-01 4.6315e-02 -1.0795e-01 -1.7701e-01 -3.7149e-02 -1.4583e-01 2.0221e-01 1.8612e-02 4.5159e-02 3.9551e-01 -1.7749e-02 5.4339e-01 -1.7167e-01 -6.7603e-02 -3.3611e-02 3.4156e-01 4.5796e-01 -3.5577e-02 -3.3259e-01 4.2306e-02 -1.1666e-01 -1.8759e-02 -6.1184e-01 3.1692e-01 -5.8131e-02 2.9459e-01 -1.8556e-01 -2.7863e-02 2.6660e-02 -4.9699e-02 1.0068e-01 1.7818e-01 -3.1637e-01 -2.8533e-02 -1.1715e-01 -8.5905e-02 -1.7959e-01 -4.8158e-02 -1.1840e-02 6.0854e+00 -3.2943e-02 -4.3024e-02 -1.3544e-02 3.3650e-03 -2.4225e-02 -9.9400e-04 -6.1136e-02 1.2224e-01 -1.3959e-01 2.0465e-01
3.1246e-01 2.8818e-01 3.3607e+00 -2.0669e+00 -1.2815e+00 -1.8706e+00 3.1131e+00 -6.3942e-01 2.7958e+00 1.9783e-01 -2.2570e-01 -4.8895e-01 1.4205e-01 -8.5305e-02 -3.3670e-01 2.7048e+00 -2.3011e-02 -3.0912e+00 -4.9549e-01 -1.5531e-02 2.7335e+00 -2.4066e-01 3.5992e-01 3.1008e-01 2.1711e+00 -1.6643e+00 -9.6325e-02 3.1761e+00 -1.1816e-01 -3.5302e-01 -1.7635e-01 5.0307e+00 -1.1841e-01 -1.2604e-01 -3.0337e+00 -9.0247e-02 -4.9257e-02 -9.9875e-02 -1.5718e-01 -1.1625e-01 -5.7747e-02 -3.2943e-02 1.2737e+01 3.5948e-02 3.4211e-01 -2.4345e-01 9.6317e-04 -1.3464e-01 -1.0231e-01 -8.7471e-02 4.8582e-02 -2.7264e-01
-2.1275e-01 -3.4700e-01 4.5202e-03 5.6730e-02 -9.5415e-02 -3.3862e-01 -1.4516e-02 -6.1561e-01 5.7700e-02 2.6137e-02 -4.2948e-02 -5.6288e-02 -5.6347e-02 4.4319e-01 -3.7828e-01 -2.8890e-01 -5.3924e-02 -1.9424e-01 -9.4488e-02 -3.4828e-02 1.4929e-02 2.7004e-01 2.4400e-02 3.5670e-01 -3.8092e-01 1.2049e-01 9.1764e-01 -2.9268e-01 -2.6505e-01 3.6164e-02 -4.7782e-02 -1.0102e-03 -1.0293e-01 -2.2909e-01 3.1812e-03 -1.8372e-01 2.3474e+00 -8.6848e-03 1.3397e-01 -2.8999e-02 -3.4933e-02 -4.3024e-02 3.5948e-02 8.7319e+00 6.8497e-03 -5.2735e-02 -4.7081e-02 -2.9497e-02 -2.1183e-01 -6.4821e-02 2.3497e+00 -1.9160e-01
1.3919e-01 3.5016e-02 1.2946e-01 -3.2347e-01 -3.0453e-01 -1.7099e-01 1.8228e-01 6.3798e-03 2.6265e-03 -3.2475e-01 1.3100e-02 -9.4276e-02 -1.6200e-02 9.8511e-02 -1.3418e-01 -2.0895e-01 -4.1294e-02 4.2481e-02 -1.3694e-01 -5.1821e-02 -5.2019e-02 -2.4961e-01 -1.2882e-02 1.7937e-01 -1.2489e-01 -3.4202e-02 -7.8677e-02 1.1251e-01 -1.4427e-01 -8.6207e-02 -5.1378e-02 6.8167e-02 -7.3089e-02 -2.0535e-01 -1.6777e-01 -5.8722e-02 -1.4998e-01 4.9209e-01 -1.5205e-01 -3.0935e-02 -7.8015e-03 -1.3544e-02 3.4211e-01 6.8497e-03 5.1498e+00 -1.7509e-02 -3.6285e-02 5.6322e-03 5.0421e-02 9.7536e-02 1.0019e-02 3.0834e-02
-1.1733e+00 4.4148e-02 -2.0416e-01 -7.1764e-01 7.3007e-01 -3.8967e-01 -5.8301e-01 -2.8257e-02 1.1083e+00 -1.2337e-01 -8.0640e-02 -3.6672e-01 5.4576e-02 -5.7258e-01 -1.3211e-01 -5.0260e-01 -5.5841e-02 6.4618e-01 -2.9312e-01 -5.3894e-02 -8.0542e-01 -1.2279e-01 -2.6616e-02 -1.8455e-01 1.3739e+00 -1.4700e+00 -1.1384e-01 -1.7650e+00 5.4254e-01 -2.7374e-01 -1.0045e-01 -3.4248e-01 2.9392e-01 3.0905e-02 2.1795e+00 -3.6706e-02 1.3704e-02 1.6249e-01 -8.6573e-02 -6.8214e-02 1.6671e-02 3.3650e-03 -2.4345e-01 -5.2735e-02 -1.7509e-02 9.5408e+00 -3.0396e-02 -1.3309e-01 -5.3680e-03 -5.2921e-02 -7.7072e-02 -1.2495e-01
1.1936e-01 -1.6908e-01 9.0223e-01 -6.2413e-01 -8.3562e-01 7.8985e-02 9.3772e-02 -8.0425e-02 -1.1931e-01 5.4767e-01 8.6349e-01 3.1044e-02 -1.3021e-01 5.9366e-01 -4.9755e-01 4.0992e-01 -2.3048e-02 1.2441e-01 3.7275e-01 -6.6302e-02 -1.1918e-01 -1.9360e-01 -2.7037e-02 -7.5337e-02 5.0905e-02 2.7033e-01 7.4235e-01 -7.0933e-01 -6.8390e-01 6.8963e-01 -1.5921e-01 4.9107e-01 -2.2789e-01 2.1159e-01 5.8052e-01 -1.2482e-01 -2.3493e-01 7.4240e-01 -5.8072e-01 -1.9000e-02 -5.1370e-02 -2.4225e-02 9.6317e-04 -4.7081e-02 -3.6285e-02 -3.0396e-02 8.7082e+00 9.1127e-03 -3.2124e-01 7.5467e-01 -1.5594e-01 2.7799e-02
-2.0040e+00 4.7043e-02 4.5542e-02 -1.0386e+00 -1.6204e-01 -8.3585e-01 -2.7390e-01 -2.9348e-01 1.7545e+00 -4.4840e-03 -1.3483e-01 -5.4594e-01 8.9446e-02 -3.9485e-01 -1.2103e-01 -1.9685e-01 -5.0879e-02 -2.6489e+00 -1.0293e-01 1.1965e-01 1.9557e+00 2.8623e-01 -1.3577e-02 -1.7114e-01 1.4476e+00 -1.8939e+00 -4.2009e-02 -1.7002e+00 -2.0467e-01 -1.5771e-01 -3.5157e-02 -2.2418e-01 1.0173e-01 -2.5916e-01 -1.6094e+00 -4.8934e-02 -3.4462e-01 -4.9375e-02 -1.1476e-01 -8.1979e-02 -1.0722e-01 -9.9400e-04 -1.3464e-01 -2.9497e-02 5.6322e-03 -1.3309e-01 9.1127e-03 8.8626e+00 -1.0831e-01 -5.4706e-02 3.6211e-02 -5.7608e-01
2.4907e+00 6.9617e-01 -2.1927e-01 -7.1689e-02 -4.5560e-01 9.9155e-01 1.6044e-01 -1.9742e-01 -1.5204e+00 2.3257e+00 -3.1145e-02 8.1586e-01 -2.1296e-01 -6.1859e-01 -1.0030e-01 -7.0070e+00 -1.6596e-01 1.9749e+00 -6.4729e-01 -2.6472e-01 -1.3434e+00 1.2380e+00 4.9995e-01 1.2316e-01 2.7781e+00 -1.3527e-01 -2.5741e-01 -2.8938e+00 -1.2750e+00 -7.0147e-02 9.8674e-02 -9.6588e-01 -7.8979e-01 -1.7178e+00 2.8404e+00 1.7851e+00 -1.2649e+00 -6.3517e-02 -1.7237e+00 -1.7223e-01 -9.8329e-02 -6.1136e-02 -1.0231e-01 -2.1183e-01 5.0421e-02 -5.3680e-03 -3.2124e-01 -1.0831e-01 2.5622e+01 -1.8379e-01 5.8677e-01 7.3805e-01
-2.1807e+00 2.2185e+00 -7.2578e-01 1.0651e+00 1.1785e+00 1.4448e-01 -4.3895e-01 -1.7691e+00 -1.7298e+00 -5.3273e-01 7.0877e-01 -1.7383e-01 -3.1198e-01 -1.6348e+00 -5.1209e-01 1.0788e+00 -8.6542e-02 7.6237e-01 4.6894e-01 -6.9815e-02 -1.9946e-01 -4.9213e-02 -5.5337e-02 -2.0236e-01 4.3763e+00 -2.6920e+00 -2.1931e-01 -3.6076e+00 -5.6056e-01 -5.1006e-01 -2.0095e-01 1.4339e-01 -4.4643e-02 2.0668e-02 5.3178e+00 -5.9474e-02 -2.9893e-01 -2.5361e-01 -4.1103e-01 -9.7577e-02 -7.7617e-02 1.2224e-01 -8.7471e-02 -6.4821e-02 9.7536e-02 -5.2921e-02 7.5467e-01 -5.4706e-02 -1.8379e-01 1.4185e+01 -2.0485e-02 1.6789e+00
1.1754e+00 -4.9051e+00 -1.5115e-01 6.3110e-01 6.6108e-02 2.8472e+00 -5.3640e-01 -5.2835e-01 -1.1737e-01 -3.5873e-01 2.7002e-02 -5.9725e-02 -5.2629e-01 2.2168e-01 3.4736e-02 -6.0743e-01 5.7428e-03 -2.4453e+00 -2.8530e-03 -4.1317e-04 4.9074e-01 1.1571e-01 -9.8992e-02 1.5594e+00 1.7019e+01 1.4478e+00 1.3069e-01 8.8170e+00 2.1851e-01 6.8664e-02 -1.6352e-01 9.1151e-02 7.8273e-02 1.4950e-01 -2.3265e+00 -1.1408e+00 2.4300e+00 -3.4367e-02 -6.0592e-02 6.7493e-02 3.9475e-02 -1.3959e-01 4.8582e-02 2.3497e+00 1.0019e-02 -7.7072e-02 -1.5594e-01 3.6211e-02 5.8677e-01 -2.0485e-02 2.7520e+01 -2.0700e+00
8.6923e+00 -5.2863e+00 -8.2517e-01 2.2373e-01 -8.8768e-01 -9.3846e+00 -1.1286e-01 -2.5872e-03 2.6130e+00 5.3928e-02 1.1929e-01 -1.6158e-01 -7.1465e-02 -1.0526e+00 2.2710e-01 4.8400e-01 -3.8735e-01 2.2636e+01 -8.5427e-01 8.1823e-01 4.4276e+00 3.9985e-01 -9.4618e-01 -1.2745e+00 -8.7703e+00 1.0188e+01 -2.5884e-01 7.6063e+00 2.1418e-01 -2.0020e-01 -9.0569e-02 2.2945e-01 -1.4335e-01 -3.0480e+00 3.8012e-01 -3.2827e-01 4.6528e-01 5.9378e-01 3.0707e-01 -6.6507e-01 3.5698e-02 2.0465e-01 -2.7264e-01 -1.9160e-01 3.0834e-02 -1.2495e-01 2.7799e-02 -5.7608e-01 7.3805e-01 1.6789e+00 -2.0700e+00 2.7902e+01
