7.9633e+01 -2.3793e+01 -2.6023e+01 6.0384e+00 4.2047e+00 9.7215e+00 8.9672e+00 -5.2203e+00 -3.7429e-02 -7.2446e-01 -1.1386e-01 2.8873e-01 -3.0035e-01 -2.8310e+00 -1.9920e+00 7.2569e-02 3.3894e-01 3.4276e-01 4.4305e+00 -1.6136e+00 -4.0283e+00 5.5298e-01 -7.7610e-01 4.1167e-01 1.1902e-01 -1.0739e+00 2.4215e-01 4.5298e+00 1.9813e-01 1.7804e+00 -2.4406e+00 3.0974e-01 7.2053e+00 1.7830e+00 -1.1434e+01 3.3190e-02 2.1438e+00 -1.1372e+00 1.0856e-01 1.3172e+00 5.3343e-02 -3.1194e-01 4.2297e-02 -8.1287e-02 1.3071e-01 7.8157e+00 4.6736e-02 -1.4333e+00 3.0559e-01 -4.3705e-01 7.9694e-02 2.7047e-01
-2.3793e+01 6.7486e+01 -2.4246e-01 4.1124e+00 1.6562e+00 -6.6745e+00 9.5596e-01 4.6108e+00 -1.4746e+00 1.5738e+00 -6.4343e-01 -1.5747e+00 -2.4605e+00 3.9759e-01 -5.2957e-01 3.0847e-02 -8.9926e-01 1.3191e+01 -5.5842e+00 -4.8595e+00 -7.0228e-01 -1.0510e-01 -2.5900e+00 -2.3343e+00 1.9858e+00 3.6527e-01 5.9000e-01 -4.0795e+00 1.8116e+00 -2.5874e-02 1.8421e+00 5.6335e-01 -1.5482e+00 -5.1539e+00 9.4461e+00 -8.8836e-01 -1.0031e+01 -1.8871e-01 4.6040e+00 -1.1497e+01 2.6482e-01 1.3434e-01 6.7708e-01 -3.8933e-02 5.4813e-02 -1.2801e+00 1.4110e-01 7.4873e-01 1.6977e-01 1.4993e-01 2.4890e-02 -9.1003e-02
-2.6023e+01 -2.4246e-01 1.2076e+02 -4.9117e+00 1.3362e+01 -4.3262e+00 -3.2144e+01 -1.2983e+01 -1.3637e+00 -2.6490e+00 -1.8951e+00 -1.3351e+00 2.5720e+00 -4.6422e+00 -1.7430e+00 -1.3153e+00 4.1609e-01 -2.2485e+01 -6.9738e+00 4.1127e+00 -2.1898e+00 -5.4653e-02 4.0211e-01 7.0559e-01 -6.1177e+00 7.4738e-02 -2.9774e+00 -1.3466e+01 -2.2778e+00 5.7669e-01 -1.9544e+00 5.4903e-01 -1.2591e+01 3.9016e+00 9.4584e+00 -4.5095e-01 1.0782e+01 -4.7640e+00 8.2912e+00 1.1556e+01 -2.9277e-01 -1.5134e-01 -3.4603e-01 2.4843e-01 1.1654e-01 -2.4443e+00 -8.3354e-01 -2.1922e-01 -9.4459e-01 -1.9645e-01 -1.4966e+00 -1.6315e+00
6.0384e+00 4.1124e+00 -4.9117e+00 4.3109e+01 -3.3062e+00 3.6260e+00 2.8498e+00 -1.6509e+00 -6.0049e-01 8.9036e+00 -5.1519e-01 -5.7766e-01 4.8897e-02 -4.9340e+00 -9.1494e-01 -3.0669e-02 -1.0490e+00 -4.8016e+00 -2.2512e-01 -4.5203e+00 8.5237e-01 -1.1055e-01 -3.8067e-01 1.2875e-01 1.1404e+00 -9.6689e-01 -1.6698e-01 6.2141e+00 1.1910e+00 -7.3637e-01 -5.8853e-01 9.2632e-01 -6.3213e+00 4.0942e-01 -3.7428e+00 1.0378e+00 2.0044e+00 -9.9671e-01 5.5887e+00 6.1096e+00 1.0952e-01 1.4957e-01 4.8128e-01 4.6757e-02 1.2936e-01 6.1251e-01 -6.1873e-03 -1.3938e-01 -4.8899e-01 -3.1221e-01 -3.7363e-02 -6.3450e-01
4.2047e+00 1.6562e+00 1.3362e+01 -3.3062e+00 5.5173e+01 6.0620e+00 2.0545e+00 -1.0877e+00 -6.5115e-01 -1.0291e+01 -4.8689e-01 -2.2623e+00 1.3201e-01 -7.1087e-01 -1.2342e+00 -1.0067e+00 1.2224e+00 -5.5174e+00 5.2829e+00 -2.4604e+00 -1.4442e+00 1.0938e+00 -8.6424e-01 -1.1907e-01 5.3759e-01 -7.2257e-01 -6.3496e-02 -2.3575e+00 -1.2030e-01 -7.7130e-01 -1.8218e+00 6.0963e-02 -9.8768e+00 3.4446e-01 3.4642e+00 -1.3774e+00 1.6313e+00 -1.8424e-01 1.0045e+00 -2.2147e+00 3.8417e-03 9.0034e-01 -1.4678e-02 -4.6026e-01 6.8317e-02 -2.5222e+00 -5.6507e-01 -6.8770e-02 -6.2913e-01 -4.8288e-01 -1.0014e+00 -1.2411e+00
9.7215e+00 -6.6745e+00 -4.3262e+00 3.6260e+00 6.0620e+00 3.1282e+01 1.6053e+01 -5.8596e+00 -1.2444e-01 1.6005e+00 -1.4207e+00 -1.5831e+00 -1.9317e+00 5.6646e-01 7.6843e-02 -2.9459e-02 -7.1590e-01 4.3587e+00 -2.8516e+00 9.7653e-01 -2.0710e+00 -9.9828e-01 2.8894e-01 -4.6956e-01 -1.2300e-01 3.2343e-01 -7.3913e-01 1.7898e+00 2.9165e-01 -2.2446e-01 1.4294e-01 4.4550e-01 -2.1276e+00 8.5284e-01 -6.2446e+00 1.3411e-02 2.8920e+00 -1.1852e+00 2.0400e+00 4.1578e+00 1.7481e-02 5.4030e-03 6.0460e-02 -1.6967e-01 1.4650e-01 -3.0350e-02 8.4044e-02 -6.9470e-02 1.5219e-02 5.5421e-02 -3.0103e-02 1.4922e-01
8.9672e+00 9.5596e-01 -3.2144e+01 2.8498e+00 2.0545e+00 1.6053e+01 6.9569e+01 -4.7661e+00 -1.8287e+00 -4.7490e+00 -1.4457e+00 -1.3701e+00 5.1315e-01 2.6475e+00 2.2525e+00 -1.4819e+00 6.7293e-01 2.1732e+01 -1.2172e+00 1.3659e+00 -1.3318e+00 -2.3794e+00 -1.9735e+00 6.7267e-02 1.9887e+00 2.5504e-01 1.1046e+00 4.6045e+00 1.3119e+00 2.7597e+00 -5.4939e-01 6.2130e-01 1.1785e+00 -3.9947e+00 -6.8381e+00 -4.5955e-01 -9.8924e+00 3.0786e+00 -2.3379e+00 -1.0460e+01 1.5732e-01 3.5281e-02 4.2858e-01 -2.6879e-01 1.3671e-02 3.8393e-01 1.7582e-01 5.1041e-01 1.5081e+00 -7.0918e-01 -1.4886e+00 1.1852e+00
-5.2203e+00 4.6108e+00 -1.2983e+01 -1.6509e+00 -1.0877e+00 -5.8596e+00 -4.7661e+00 8.9039e+01 1.5798e+00 -2.1579e+00 -4.1882e-01 -4.1257e+00 -1.6722e+00 -1.6823e+00 -1.9606e-01 2.4516e-01 1.1177e+00 -2.0089e-01 -3.6723e+00 -9.9350e-02 6.8334e+00 -2.0327e+00 -7.4257e-01 3.4462e-01 -3.2920e+00 -2.8531e+00 5.5048e+00 6.7230e+00 1.4553e-01 -4.6091e+00 -5.0954e-01 4.9771e-01 2.4205e+00 4.5254e-02 5.1962e+00 -3.2897e-01 -3.8587e+00 -6.2820e-02 -2.3841e+01 -2.5418e+00 -3.4498e-01 -5.8240e-01 2.0200e-01 4.9278e-01 2.3660e-01 1.5009e-02 -8.1715e-01 1.2588e+00 -4.5923e-01 -3.4249e-01 1.5743e-01 -5.2672e-01
-3.7429e-02 -1.4746e+00 -1.3637e+00 -6.0049e-01 -6.5115e-01 -1.2444e-01 -1.8287e+00 1.5798e+00 2.5762e+01 -1.2420e+00 -3.8924e+00 9.7395e-02 -5.1186e-01 -7.0761e-02 5.0735e-02 7.9741e+00 -6.2983e-02 -7.3354e-01 3.7745e-02 1.8373e-01 -5.8693e-01 -5.9081e-02 1.8950e-01 -1.7234e-01 5.4491e-01 5.2612e-01 3.1037e-02 -2.5615e+00 9.1083e-02 -1.8907e+00 -1.7105e+00 -2.7125e-01 3.4647e-01 1.1415e-01 -1.4629e+00 2.1057e-01 6.8195e-01 1.6441e-01 -4.6869e-01 -1.3187e+00 8.7204e-02 -2.3572e+00 1.2419e-02 1.1768e-01 2.6795e-02 1.0094e-01 8.8854e-02 -1.0149e-01 8.6499e+00 -1.5601e+00 7.8061e+00 4.4824e+00
-7.2446e-01 1.5738e+00 -2.6490e+00 8.9036e+00 -1.0291e+01 1.6005e+00 -4.7490e+00 -2.1579e+00 -1.2420e+00 6.1755e+01 -1.3030e+00 1.4148e+00 -3.5746e-02 4.2932e-01 -1.4991e+00 -5.0922e-01 -1.2265e+00 2.7173e+01 -5.0382e+00 -2.0479e+00 5.2657e+00 -2.4627e-01 1.8112e+00 4.8617e-01 3.8540e-01 -6.7635e-01 -3.2797e-01 -6.7639e+00 3.6804e-01 -6.0394e-01 -1.6071e+00 -3.6450e-01 5.5838e+00 -6.8928e-02 -8.8405e+00 -6.8783e-01 7.2827e+00 -1.9824e+00 1.7338e+01 6.4017e+00 2.2125e-02 -8.0706e-02 4.6529e-01 1.7633e-01 1.5241e-01 1.4602e+00 -4.9986e-02 9.7846e-02 -5.3007e-01 -2.1938e-01 -5.2353e-01 -9.3395e-01
-1.1386e-01 -6.4343e-01 -1.8951e+00 -5.1519e-01 -4.8689e-01 -1.4207e+00 -1.4457e+00 -4.1882e-01 -3.8924e+00 -1.3030e+00 2.6279e+01 1.8344e+00 3.0411e-01 -6.0741e-01 -7.2157e-02 -1.5058e+00 1.1860e+00 -4.2784e-01 4.4716e-01 -6.3247e-01 1.3007e+00 -1.0988e-02 -2.7844e-01 4.7428e-01 -4.2133e-01 2.9799e+00 -1.6217e-01 -7.6331e-01 -6.0459e-01 -1.0404e+00 4.5590e+00 -1.0126e-01 6.4764e-01 -2.2082e-01 -8.9765e-01 -4.7833e-01 -6.1722e-01 -4.6625e-01 -9.2225e-01 -1.0354e+00 -6.6595e-02 -2.9844e-01 -3.5806e-02 1.3285e-01 3.5732e-01 -5.3174e-01 -1.3245e-01 -6.0062e-02 -3.8348e+00 -4.6535e-03 -1.2670e+00 7.5018e+00
2.8873e-01 -1.5747e+00 -1.3351e+00 -5.7766e-01 -2.2623e+00 -1.5831e+00 -1.3701e+00 -4.1257e+00 9.7395e-02 1.4148e+00 1.8344e+00 2.6550e+01 1.5085e+00 3.8010e+00 -4.3832e-01 -1.0688e-01 -7.8742e-01 -9.7095e-01 -8.3378e-01 1.0750e-01 5.6880e-02 -2.5772e-01 -2.6430e-01 -9.3379e-01 -1.4559e+00 3.9341e-01 -1.2778e-01 8.0717e-01 9.2183e-01 7.5646e-02 -4.4061e-01 -1.1013e-01 2.0522e+00 3.9069e-01 -1.2910e+00 -2.8881e-01 -8.5860e-01 -9.1819e-01 -7.3388e-01 2.5775e+00 -1.2359e-01 -2.1499e-01 7.2353e-02 -1.0119e-01 -7.0920e-02 1.3480e+00 1.5626e+00 -5.2909e-01 -4.9338e-02 -1.7350e-01 -8.3072e-02 -1.4717e-01
-3.0035e-01 -2.4605e+00 2.5720e+00 4.8897e-02 1.3201e-01 -1.9317e+00 5.1315e-01 -1.6722e+00 -5.1186e-01 -3.5746e-02 3.0411e-01 1.5085e+00 2.0609e+01 -4.1024e-01 -2.1308e-02 -1.2312e-01 -2.5310e-01 2.4952e-01 4.1772e-02 -5.6812e-01 -7.5028e-02 6.0952e-02 -7.1480e-02 -2.7602e-01 -1.4202e+00 -8.0003e-01 9.5609e-01 -1.6925e+00 8.8312e-01 1.5990e+00 5.5619e-01 7.0812e-01 8.4598e-01 -1.0045e-01 1.7631e-01 -7.6028e-02 -8.3191e-01 -2.6857e-01 1.4312e+00 8.3747e-01 -4.5558e-02 -1.7740e-01 -2.2509e-02 -8.4583e-02 -1.4730e-01 -6.9709e-02 -1.3392e-01 2.6540e-02 -8.4432e-01 -1.6148e-01 -9.1192e-02 -4.5480e-01
-2.8310e+00 3.9759e-01 -4.6422e+00 -4.9340e+00 -7.1087e-01 5.6646e-01 2.6475e+00 -1.6823e+00 -7.0761e-02 4.2932e-01 -6.0741e-01 3.8010e+00 -4.1024e-01 3.5088e+01 2.8015e-01 -5.2545e-01 -1.3834e-01 5.6799e+00 3.2061e-01 3.6983e+00 -7.4465e-01 -2.3692e-01 -3.8549e-01 -4.4715e-01 -1.0286e+00 5.7687e-01 -5.6731e-01 -2.1126e+00 6.4921e+00 3.3883e-01 -6.8554e-01 -2.2911e-01 2.1983e+00 -4.1760e-01 -2.9255e+00 -2.7233e-01 7.0651e+00 -5.6508e-01 -1.5607e+00 9.0732e+00 -2.1197e-01 -1.8142e-01 -5.9589e-02 -1.3919e-01 -1.5287e-01 -4.4902e-01 -1.2046e-01 -1.0998e-01 5.6206e-01 -8.1025e-03 -5.3699e-01 -4.9568e-02
-1.9920e+00 -5.2957e-01 -1.7430e+00 -9.1494e-01 -1.2342e+00 7.6843e-02 2.2525e+00 -1.9606e-01 5.0735e-02 -1.4991e+00 -7.2157e-02 -4.3832e-01 -2.1308e-02 2.8015e-01 1.7104e+01 -2.9403e-01 -2.6749e-01 -1.1923e+00 1.8230e+00 1.4856e+00 -6.6691e-01 -1.6765e-01 -3.5210e-01 3.3408e-02 -3.0601e-01 -1.0272e-02 -8.5145e-02 -7.3934e-01 2.6346e-01 -1.9851e-01 -4.0183e-01 -7.1415e-02 -1.2204e+00 1.4378e+00 -4.9434e-01 3.9143e+00 4.6185e-01 7.7430e-01 3.4235e-01 1.0523e+00 1.3477e-01 -7.8948e-02 -6.6174e-02 -9.5573e-02 -2.5647e-02 -5.3835e-01 -1.6833e-01 -6.8075e-02 4.3647e-03 -8.3788e-02 3.2458e-01 1.7960e-01
7.2569e-02 3.0847e-02 -1.3153e+00 -3.0669e-02 -1.0067e+00 -2.9459e-02 -1.4819e+00 2.4516e-01 7.9741e+00 -5.0922e-01 -1.5058e+00 -1.0688e-01 -1.2312e-01 -5.2545e-01 -2.9403e-01 1.7022e+01 -1.1148e-01 3.6907e-01 -1.2166e-01 2.0894e-01 -5.3319e-01 -2.1961e-01 -2.3505e-03 -1.2921e-01 2.1544e-01 1.2583e-01 9.4662e-03 -3.9159e-01 -2.3316e-01 -1.8052e+00 3.4642e-01 -2.6878e-01 9.4835e-02 -1.6246e-02 -8.1441e-01 7.7585e-02 -1.5522e-02 7.4128e-02 3.0501e-01 -2.1561e+00 3.4667e-03 -5.8206e-01 -1.7613e-02 1.6836e-02 -2.8474e-02 4.5090e-02 3.2899e-01 -6.4802e-02 4.0380e+00 2.4684e+00 1.5549e+01 2.0944e+00
3.3894e-01 -8.9926e-01 4.1609e-01 -1.0490e+00 1.2224e+00 -7.1590e-01 6.7293e-01 1.1177e+00 -6.2983e-02 -1.2265e+00 1.1860e+00 -7.8742e-01 -2.5310e-01 -1.3834e-01 -2.6749e-01 -1.1148e-01 1.9888e+01 1.1801e+00 2.2182e-01 -2.4058e-01 -1.1865e+00 -7.3586e-01 -2.1670e-01 1.1089e+01 1.0983e+01 -2.1080e-01 -7.7051e-02 -9.1214e-01 -2.1697e-01 -8.9894e-01 3.1515e-01 -1.5251e-01 3.4554e-01 -1.1619e-01 -1.6029e-01 -8.6922e-02 -9.8258e-01 3.2410e-02 2.3511e+00 -8.8505e-01 -9.9768e-02 -1.3795e-01 -5.9342e-02 -4.4726e-02 -1.9397e-02 -3.1452e-01 -2.0118e-01 -2.1637e-01 -1.6010e-01 -1.0628e-01 -1.0545e-01 1.4988e-01
3.4276e-01 1.3191e+01 -2.2485e+01 -4.8016e+00 -5.5174e+00 4.3587e+00 2.1732e+01 -2.0089e-01 -7.3354e-01 2.7173e+01 -4.2784e-01 -9.7095e-01 2.4952e-01 5.6799e+00 -1.1923e+00 3.6907e-01 1.1801e+00 7.3795e+01 -3.3930e+00 -1.1305e+00 6.8739e+00 -3.5706e-02 -1.4904e+00 2.3201e-01 1.3427e+00 2.9101e-01 1.3490e-01 -8.0319e+00 2.0559e+00 -2.4788e-01 -8.9024e-01 -4.9711e-01 2.1506e+01 -6.5346e+00 -8.9008e+00 -1.1761e+00 -1.3473e+01 -3.3766e+00 6.1889e+00 -1.8145e+01 2.2227e-01 3.4252e-03 6.8042e-01 1.2135e-01 -4.7048e-01 3.0581e+00 1.9098e-01 7.6833e-01 1.0138e-01 -4.9390e-01 3.7219e-01 -2.9457e-02
4.4305e+00 -5.5842e+00 -6.9738e+00 -2.2512e-01 5.2829e+00 -2.8516e+00 -1.2172e+00 -3.6723e+00 3.7745e-02 -5.0382e+00 4.4716e-01 -8.3378e-01 4.1772e-02 3.2061e-01 1.8230e+00 -1.2166e-01 2.2182e-01 -3.3930e+00 3.8194e+01 -6.1872e-01 -2.1007e+00 -1.0271e+00 -9.6881e-01 1.4463e+00 -1.3226e+00 -1.7098e-01 -5.0435e-01 -1.0944e+00 -8.1423e-01 -6.6845e-01 -9.0613e-01 -2.2655e-01 -2.1548e+00 -7.6668e-01 3.4640e+00 1.7753e+00 1.6074e+00 -5.8547e-01 -4.8284e+00 -4.1911e+00 1.2236e-01 2.3268e-01 -1.3465e-01 -1.6037e-01 3.3298e-02 8.6384e-01 3.2707e-01 -3.8756e-01 -2.6522e-01 1.0214e-01 -1.3188e-01 -2.9544e-01
-1.6136e+00 -4.8595e+00 4.1127e+00 -4.5203e+00 -2.4604e+00 9.7653e-01 1.3659e+00 -9.9350e-02 1.8373e-01 -2.0479e+00 -6.3247e-01 1.0750e-01 -5.6812e-01 3.6983e+00 1.4856e+00 2.0894e-01 -2.4058e-01 -1.1305e+00 -6.1872e-01 2.9390e+01 -7.5079e-01 -2.7018e-01 -2.7991e-01 -6.4604e-02 -1.0565e+00 -8.2642e-01 1.7237e+00 2.9528e-01 -7.3279e-01 9.7052e-02 -8.1043e-01 4.0626e-01 5.4924e-01 -9.9812e-02 1.1699e+00 -4.6621e-01 2.2057e+00 -1.3914e-01 4.3746e+00 -1.1173e+00 8.1098e-03 -1.3220e-01 -7.7691e-02 -1.4963e-01 3.7747e-01 -9.4259e-01 -1.8630e-01 1.0152e-01 2.5351e-01 -1.9185e-01 2.0564e-01 1.8413e-01
-4.0283e+00 -7.0228e-01 -2.1898e+00 8.5237e-01 -1.4442e+00 -2.0710e+00 -1.3318e+00 6.8334e+00 -5.8693e-01 5.2657e+00 1.3007e+00 5.6880e-02 -7.5028e-02 -7.4465e-01 -6.6691e-01 -5.3319e-01 -1.1865e+00 6.8739e+00 -2.1007e+00 -7.5079e-01 3.3552e+01 -9.9891e-01 -1.1775e-02 -1.2125e+00 -2.6071e-02 -3.2561e-01 -7.2146e-02 -6.2799e-01 2.6360e+00 1.1313e-01 -5.2555e-01 -2.9287e-01 5.2013e+00 -2.8305e-01 -1.2982e+00 -4.3729e-01 -1.9864e+00 2.4358e+00 -7.0007e+00 -1.8501e+00 -1.1376e-01 1.3250e+00 -8.4292e-02 1.6394e-01 -4.7589e-02 -8.5096e-01 -4.1836e-01 2.0603e+00 -1.2117e+00 -3.1790e-01 -5.5053e-01 -1.8080e+00
5.5298e-01 -1.0510e-01 -5.4653e-02 -1.1055e-01 1.0938e+00 -9.9828e-01 -2.3794e+00 -2.0327e+00 -5.9081e-02 -2.4627e-01 -1.0988e-02 -2.5772e-01 6.0952e-02 -2.3692e-01 -1.6765e-01 -2.1961e-01 -7.3586e-01 -3.5706e-02 -1.0271e+00 -2.7018e-01 -9.9891e-01 1.4429e+01 -1.7530e-01 -6.7174e-01 -7.6756e-01 -7.8290e-02 -4.7202e-02 2.9562e-01 3.4184e-02 -4.3504e-01 -2.7120e-01 2.1583e-02 -5.2658e-01 -8.9273e-02 -3.1371e-01 -7.3218e-02 -8.3202e-01 2.1685e+00 -2.6384e+00 -7.0525e-01 -1.0071e-01 -1.2065e-01 -2.9625e-02 -3.8908e-02 -3.7818e-02 -2.5235e-01 -3.5538e-01 -3.0181e-01 -2.7583e-01 -9.8073e-02 -2.3936e-01 -2.8800e-01
-7.7610e-01 -2.5900e+00 4.0211e-01 -3.8067e-01 -8.6424e-01 2.8894e-01 -1.9735e+00 -7.4257e-01 1.8950e-01 1.8112e+00 -2.7844e-01 -2.6430e-01 -7.1480e-02 -3.8549e-01 -3.5210e-01 -2.3505e-03 -2.1670e-01 -1.4904e+00 -9.6881e-01 -2.7991e-01 -1.1775e-02 -1.7530e-01 1.8499e+01 1.1245e-01 -2.1719e-01 -4.0561e-01 -2.5132e-01 -1.0176e+00 -7.5828e-01 -3.0005e-01 -3.5985e-01 -4.4648e-02 -4.8001e-01 3.3937e+00 -1.1679e+00 1.6640e+00 -9.6363e-01 1.8917e-01 2.0501e+00 1.9293e+00 4.2503e-02 2.3078e-01 3.2750e-01 4.7201e-01 -2.1987e-02 -1.9406e-01 -1.1433e-01 -6.7215e-03 -3.2978e-03 -1.0198e-01 -7.4152e-03 -1.8774e-02
4.1167e-01 -2.3343e+00 7.0559e-01 1.2875e-01 -1.1907e-01 -4.6956e-01 6.7267e-02 3.4462e-01 -1.7234e-01 4.8617e-01 4.7428e-01 -9.3379e-01 -2.7602e-01 -4.4715e-01 3.3408e-02 -1.2921e-01 1.1089e+01 2.3201e-01 1.4463e+00 -6.4604e-02 -1.2125e+00 -6.7174e-01 1.1245e-01 2.0114e+01 1.1081e+01 -1.9118e-01 -1.9860e-01 -8.3847e-01 -4.7977e-01 -7.2877e-01 -2.2055e-01 -1.1859e-01 -6.7177e-01 3.8871e-01 1.2794e+00 -1.3221e-02 -5.9883e-01 -1.3874e-01 4.6982e+00 -4.3799e-01 -1.4582e-01 -1.7793e-01 -3.5544e-02 -4.9086e-02 -4.3487e-02 -2.7664e-02 -1.0414e-01 -2.1048e-01 8.9045e-03 2.4706e-01 -1.5328e-01 2.6469e-01
1.1902e-01 1.9858e+00 -6.1177e+00 1.1404e+00 5.3759e-01 -1.2300e-01 1.9887e+00 -3.2920e+00 5.4491e-01 3.8540e-01 -4.2133e-01 -1.4559e+00 -1.4202e+00 -1.0286e+00 -3.0601e-01 2.1544e-01 1.0983e+01 1.3427e+00 -1.3226e+00 -1.0565e+00 -2.6071e-02 -7.6756e-01 -2.1719e-01 1.1081e+01 4.1030e+01 -1.0228e+00 -7.2463e-01 -2.9144e+00 -7.4973e-01 -2.0817e+00 1.3420e-01 -2.6764e-01 -1.0554e+00 -1.7011e-01 2.2848e+00 -1.4072e-01 -1.3533e+00 -5.5133e-01 8.2476e+00 -2.0257e-01 -1.4460e-01 2.0841e-01 -5.7417e-02 -1.5137e-01 -4.1934e-01 -6.5793e-02 -4.1627e-01 -3.8164e-01 -3.2683e-01 -2.3325e-01 1.9230e-01 -4.2153e-01
-1.0739e+00 3.6527e-01 7.4738e-02 -9.6689e-01 -7.2257e-01 3.2343e-01 2.5504e-01 -2.8531e+00 5.2612e-01 -6.7635e-01 2.9799e+00 3.9341e-01 -8.0003e-01 5.7687e-01 -1.0272e-02 1.2583e-01 -2.1080e-01 2.9101e-01 -1.7098e-01 -8.2642e-01 -3.2561e-01 -7.8290e-02 -4.0561e-01 -1.9118e-01 -1.0228e+00 2.2751e+01 -3.7694e-01 2.3578e+00 -4.3016e-01 3.7006e+00 7.2051e-01 8.9267e-03 1.9330e-01 2.3378e-01 -1.0394e+00 5.8716e-01 -1.0754e+00 -6.9738e-01 -1.3942e+00 -1.4022e+00 -9.4141e-02 1.4637e-01 -7.0469e-02 3.1482e-02 4.0710e-03 -3.8666e-01 -1.7553e-01 -8.8811e-02 -5.1745e-01 4.6590e-02 1.0541e-01 -7.1739e-01
2.4215e-01 5.9000e-01 -2.9774e+00 -1.6698e-01 -6.3496e-02 -7.3913e-01 1.1046e+00 5.5048e+00 3.1037e-02 -3.2797e-01 -1.6217e-01 -1.2778e-01 9.5609e-01 -5.6731e-01 -8.5145e-02 9.4662e-03 -7.7051e-02 1.3490e-01 -5.0435e-01 1.7237e+00 -7.2146e-02 -4.7202e-02 -2.5132e-01 -1.9860e-01 -7.2463e-01 -3.7694e-01 1.1948e+01 -9.3731e-01 -3.2177e-01 -1.3172e-01 -1.3607e-01 1.9547e-01 8.2797e-01 -2.4122e-02 3.3174e+00 2.4220e-02 4.4939e-01 -1.6347e-01 1.3130e+00 4.8379e-01 1.8553e-02 -3.3845e-02 -1.7949e-02 -7.9337e-02 3.4123e-01 1.7679e-02 -1.2379e-01 1.1347e-01 2.8541e-02 -1.0676e-01 8.0787e-03 1.5523e-02
4.5298e+00 -4.0795e+00 -1.3466e+01 6.2141e+00 -2.3575e+00 1.7898e+00 4.6045e+00 6.7230e+00 -2.5615e+00 -6.7639e+00 -7.6331e-01 8.0717e-01 -1.6925e+00 -2.1126e+00 -7.3934e-01 -3.9159e-01 -9.1214e-01 -8.0319e+00 -1.0944e+00 2.9528e-01 -6.2799e-01 2.9562e-01 -1.0176e+00 -8.3847e-01 -2.9144e+00 2.3578e+00 -9.3731e-01 5.0908e+01 5.7575e-01 -1.1017e+00 -5.7648e-01 5.0523e-02 2.2215e+00 -6.5385e-01 -3.2489e+00 -3.2960e-01 -5.0975e+00 -5.4777e-01 -6.7565e+00 -4.0836e+00 -2.4519e-01 7.6600e-01 -2.5945e-01 -2.1576e-01 -3.2111e-01 -3.9802e-01 3.6994e-01 -1.2326e-01 -7.5422e-01 1.1083e-01 -4.1054e-01 1.9161e+00
1.9813e-01 1.8116e+00 -2.2778e+00 1.1910e+00 -1.2030e-01 2.9165e-01 1.3119e+00 1.4553e-01 9.1083e-02 3.6804e-01 -6.0459e-01 9.2183e-01 8.8312e-01 6.4921e+00 2.6346e-01 -2.3316e-01 -2.1697e-01 2.0559e+00 -8.1423e-01 -7.3279e-01 2.6360e+00 3.4184e-02 -7.5828e-01 -4.7977e-01 -7.4973e-01 -4.3016e-01 -3.2177e-01 5.7575e-01 2.3353e+01 -5.8648e-01 -6.5309e-01 8.2898e-01 -8.4899e-01 1.9722e-01 -1.4791e+00 2.8824e-02 5.8870e+00 4.1748e+00 2.2727e+00 6.0532e+00 -1.6470e-01 -2.1489e-01 4.0495e-02 -1.6687e-01 -8.7953e-02 -2.3592e-01 -1.5139e-01 -3.5414e-01 -2.2046e-01 -2.5203e-01 -2.4654e-01 -5.0536e-01
1.7804e+00 -2.5874e-02 5.7669e-01 -7.3637e-01 -7.7130e-01 -2.2446e-01 2.7597e+00 -4.6091e+00 -1.8907e+00 -6.0394e-01 -1.0404e+00 7.5646e-02 1.5990e+00 3.3883e-01 -1.9851e-01 -1.8052e+00 -8.9894e-01 -2.4788e-01 -6.6845e-01 9.7052e-02 1.1313e-01 -4.3504e-01 -3.0005e-01 -7.2877e-01 -2.0817e+00 3.7006e+00 -1.3172e-01 -1.1017e+00 -5.8648e-01 3.6371e+01 -6.9627e-01 -5.3952e-02 4.6573e-01 -1.9352e-01 -1.3319e+00 8.8359e-01 -1.2107e+00 -8.2479e-01 1.1608e-01 3.3489e+00 -1.8138e-01 -5.6100e-01 -1.0194e-01 -1.7500e-01 -1.1047e-01 -2.5371e-01 -2.4666e-01 -3.8973e-02 1.2826e+00 -5.2183e-01 -1.8455e+00 4.0981e-01
-2.4406e+00 1.8421e+00 -1.9544e+00 -5.8853e-01 -1.8218e+00 1.4294e-01 -5.4939e-01 -5.0954e-01 -1.7105e+00 -1.6071e+00 4.5590e+00 -4.4061e-01 5.5619e-01 -6.8554e-01 -4.0183e-01 3.4642e-01 3.1515e-01 -8.9024e-01 -9.0613e-01 -8.1043e-01 -5.2555e-01 -2.7120e-01 -3.5985e-01 -2.2055e-01 1.3420e-01 7.2051e-01 -1.3607e-01 -5.7648e-01 -6.5309e-01 -6.9627e-01 2.6652e+01 -1.5583e-01 -1.7409e+00 -9.1258e-02 -4.6937e-01 -6.0300e-01 -4.8201e-01 -9.9838e-01 2.3246e+00 7.0402e+00 -1.3886e-02 -2.5108e-01 -1.2713e-02 1.3868e+00 3.8663e-02 -9.0344e-01 -2.4199e-01 -1.3583e-01 -3.2421e+00 1.5281e-01 5.0662e-01 1.6044e+00
3.0974e-01 5.6335e-01 5.4903e-01 9.2632e-01 6.0963e-02 4.4550e-01 6.2130e-01 4.9771e-01 -2.7125e-01 -3.6450e-01 -1.0126e-01 -1.1013e-01 7.0812e-01 -2.2911e-01 -7.1415e-02 -2.6878e-01 -1.5251e-01 -4.9711e-01 -2.2655e-01 4.0626e-01 -2.9287e-01 2.1583e-02 -4.4648e-02 -1.1859e-01 -2.6764e-01 8.9267e-03 1.9547e-01 5.0523e-02 8.2898e-01 -5.3952e-02 -1.5583e-01 8.5211e+00 6.9204e-01 -4.5549e-02 1.0777e+00 2.0536e-01 -5.1321e-01 -1.6287e-01 6.9483e-01 -4.5931e-01 -4.4150e-03 -2.4628e-02 -2.2369e-02 -3.1635e-02 1.0590e-01 -7.5899e-02 -4.9090e-02 6.9592e-01 -2.9655e-01 9.2988e-03 -2.6266e-01 -2.4178e-01
7.2053e+00 -1.5482e+00 -1.2591e+01 -6.3213e+00 -9.8768e+00 -2.1276e+00 1.1785e+00 2.4205e+00 3.4647e-01 5.5838e+00 6.4764e-01 2.0522e+00 8.4598e-01 2.1983e+00 -1.2204e+00 9.4835e-02 3.4554e-01 2.1506e+01 -2.1548e+00 5.4924e-01 5.2013e+00 -5.2658e-01 -4.8001e-01 -6.7177e-01 -1.0554e+00 1.9330e-01 8.2797e-01 2.2215e+00 -8.4899e-01 4.6573e-01 -1.7409e+00 6.9204e-01 6.1915e+01 -1.1619e+00 -4.4473e+00 -3.9816e-02 -6.6186e+00 -3.6814e+00 -9.8592e+00 -7.6894e+00 3.4417e-01 -1.8893e-01 -1.4814e-01 5.1314e-02 1.0362e-01 2.5005e+00 -2.1163e-01 -5.2720e-02 2.0763e-01 3.0433e-01 1.0416e-01 1.4106e-01
1.7830e+00 -5.1539e+00 3.9016e+00 4.0942e-01 3.4446e-01 8.5284e-01 -3.9947e+00 4.5254e-02 1.1415e-01 -6.8928e-02 -2.2082e-01 3.9069e-01 -1.0045e-01 -4.1760e-01 1.4378e+00 -1.6246e-02 -1.1619e-01 -6.5346e+00 -7.6668e-01 -9.9812e-02 -2.8305e-01 -8.9273e-02 3.3937e+00 3.8871e-01 -1.7011e-01 2.3378e-01 -2.4122e-02 -6.5385e-01 1.9722e-01 -1.9352e-01 -9.1258e-02 -4.5549e-02 -1.1619e+00 1.6726e+01 -1.7467e+00 1.3082e+00 -1.1569e+00 -1.4685e-01 1.0327e+00 7.3809e+00 -1.1199e-01 1.0092e-01 -1.4171e-01 6.9178e-02 1.0317e-02 1.0163e-01 -1.3442e-02 -2.5100e-01 -2.1101e-02 -1.1651e-01 -1.9481e-02 -1.2875e-01
-1.1434e+01 9.4461e+00 9.4584e+00 -3.7428e+00 3.4642e+00 -6.2446e+00 -6.8381e+00 5.1962e+00 -1.4629e+00 -8.8405e+00 -8.9765e-01 -1.2910e+00 1.7631e-01 -2.9255e+00 -4.9434e-01 -8.1441e-01 -1.6029e-01 -8.9008e+00 3.4640e+00 1.1699e+00 -1.2982e+00 -3.1371e-01 -1.1679e+00 1.2794e+00 2.2848e+00 -1.0394e+00 3.3174e+00 -3.2489e+00 -1.4791e+00 -1.3319e+00 -4.6937e-01 1.0777e+00 -4.4473e+00 -1.7467e+00 5.1311e+01 -1.1977e-02 -2.7651e+00 -1.0919e+00 -1.8190e+00 -7.9476e+00 -1.4621e-01 2.1163e+00 -1.6268e-01 -2.1125e-01 1.8190e-01 -3.4754e-02 -1.8417e-01 -3.5585e-02 1.4044e+00 -3.8973e-01 -7.7691e-01 1.0383e+00
3.3190e-02 -8.8836e-01 -4.5095e-01 1.0378e+00 -1.3774e+00 1.3411e-02 -4.5955e-01 -3.2897e-01 2.1057e-01 -6.8783e-01 -4.7833e-01 -2.8881e-01 -7.6028e-02 -2.7233e-01 3.9143e+00 7.7585e-02 -8.6922e-02 -1.1761e+00 1.7753e+00 -4.6621e-01 -4.3729e-01 -7.3218e-02 1.6640e+00 -1.3221e-02 -1.4072e-01 5.8716e-01 2.4220e-02 -3.2960e-01 2.8824e-02 8.8359e-01 -6.0300e-01 2.0536e-01 -3.9816e-02 1.3082e+00 -1.1977e-02 1.4261e+01 3.2179e-01 -6.8759e-01 -4.2761e-01 6.0403e-01 -4.5595e-02 1.3223e-01 5.6709e-02 -8.8236e-02 3.2675e-03 3.2252e-01 -8.8165e-02 -8.4169e-02 -3.4836e-02 -5.4750e-02 7.2671e-02 -2.2750e-01
2.1438e+00 -1.0031e+01 1.0782e+01 2.0044e+00 1.6313e+00 2.8920e+00 -9.8924e+00 -3.8587e+00 6.8195e-01 7.2827e+00 -6.1722e-01 -8.5860e-01 -8.3191e-01 7.0651e+00 4.6185e-01 -1.5522e-02 -9.8258e-01 -1.3473e+01 1.6074e+00 2.2057e+00 -1.9864e+00 -8.3202e-01 -9.6363e-01 -5.9883e-01 -1.3533e+00 -1.0754e+00 4.4939e-01 -5.0975e+00 5.8870e+00 -1.2107e+00 -4.8201e-01 -5.1321e-01 -6.6186e+00 -1.1569e+00 -2.7651e+00 3.2179e-01 6.2004e+01 -2.6942e+00 1.4865e+01 3.2040e+01 -1.5085e-01 1.3342e-01 -2.9924e-01 -2.5168e-01 -3.9864e-01 -2.0074e+00 -4.4026e-02 -4.0285e-01 2.4235e-02 -1.9780e-01 -1.9910e-02 -3.4572e-02
-1.1372e+00 -1.8871e-01 -4.7640e+00 -9.9671e-01 -1.8424e-01 -1.1852e+00 3.0786e+00 -6.2820e-02 1.6441e-01 -1.9824e+00 -4.6625e-01 -9.1819e-01 -2.6857e-01 -5.6508e-01 7.7430e-01 7.4128e-02 3.2410e-02 -3.3766e+00 -5.8547e-01 -1.3914e-01 2.4358e+00 2.1685e+00 1.8917e-01 -1.3874e-01 -5.5133e-01 -6.9738e-01 -1.6347e-01 -5.4777e-01 4.1748e+00 -8.2479e-01 -9.9838e-01 -1.6287e-01 -3.6814e+00 -1.4685e-01 -1.0919e+00 -6.8759e-01 -2.6942e+00 3.0042e+01 -2.6421e+00 -2.2126e+00 -8.2125e-02 -1.3918e-01 -9.1142e-02 -1.4192e-01 1.0835e-01 -1.6570e+00 2.9415e-01 -1.0700e-01 1.1241e-01 -1.3931e-01 7.6107e-02 6.4746e-02
1.0856e-01 4.6040e+00 8.2912e+00 5.5887e+00 1.0045e+00 2.0400e+00 -2.3379e+00 -2.3841e+01 -4.6869e-01 1.7338e+01 -9.2225e-01 -7.3388e-01 1.4312e+00 -1.5607e+00 3.4235e-01 3.0501e-01 2.3511e+00 6.1889e+00 -4.8284e+00 4.3746e+00 -7.0007e+00 -2.6384e+00 2.0501e+00 4.6982e+00 8.2476e+00 -1.3942e+00 1.3130e+00 -6.7565e+00 2.2727e+00 1.1608e-01 2.3246e+00 6.9483e-01 -9.8592e+00 1.0327e+00 -1.8190e+00 -4.2761e-01 1.4865e+01 -2.6421e+00 1.1407e+02 2.3261e+01 3.3625e-01 9.4689e-01 1.4056e-01 -5.4770e-01 1.8319e-01 -2.9522e+00 1.8887e+00 -5.7376e-01 5.7414e-02 -8.3439e-01 2.2651e-01 -1.9722e-01
1.3172e+00 -1.1497e+01 1.1556e+01 6.1096e+00 -2.2147e+00 4.1578e+00 -1.0460e+01 -2.5418e+00 -1.3187e+00 6.4017e+00 -1.0354e+00 2.5775e+00 8.3747e-01 9.0732e+00 1.0523e+00 -2.1561e+00 -8.8505e-01 -1.8145e+01 -4.1911e+00 -1.1173e+00 -1.8501e+00 -7.0525e-01 1.9293e+00 -4.3799e-01 -2.0257e-01 -1.4022e+00 4.8379e-01 -4.0836e+00 6.0532e+00 3.3489e+00 7.0402e+00 -4.5931e-01 -7.6894e+00 7.3809e+00 -7.9476e+00 6.0403e-01 3.2040e+01 -2.2126e+00 2.3261e+01 7.2400e+01 -1.0917e-01 -4.0288e-01 -2.1711e-01 -1.6940e-01 -2.9641e-01 -1.9943e+00 4.2620e-02 -8.0235e-01 1.3851e+00 -7.4829e-01 -2.0119e+00 1.0299e+00
5.3343e-02 2.6482e-01 -2.9277e-01 1.0952e-01 3.8417e-03 1.7481e-02 1.5732e-01 -3.4498e-01 8.7204e-02 2.2125e-02 -6.6595e-02 -1.2359e-01 -4.5558e-02 -2.1197e-01 1.3477e-01 3.4667e-03 -9.9768e-02 2.2227e-01 1.2236e-01 8.1098e-03 -1.1376e-01 -1.0071e-01 4.2503e-02 -1.4582e-01 -1.4460e-01 -9.4141e-02 1.8553e-02 -2.4519e-01 -1.6470e-01 -1.8138e-01 -1.3886e-02 -4.4150e-03 3.4417e-01 -1.1199e-01 -1.4621e-01 -4.5595e-02 -1.5085e-01 -8.2125e-02 3.3625e-01 -1.0917e-01 6.7010e+00 -2.3439e-02 -2.0653e-02 2.0953e-01 -4.9505e-03 -6.7646e-02 -5.0583e-02 8.1533e-02 -1.7809e-01 -1.6159e-02 -1.9617e-03 -2.8230e-01
-3.1194e-01 1.3434e-01 -1.5134e-01 1.4957e-01 9.0034e-01 5.4030e-03 3.5281e-02 -5.8240e-01 -2.3572e+00 -8.0706e-02 -2.9844e-01 -2.1499e-01 -1.7740e-01 -1.8142e-01 -7.8948e-02 -5.8206e-01 -1.3795e-01 3.4252e-03 2.3268e-01 -1.3220e-01 1.3250e+00 -1.2065e-01 2.3078e-01 -1.7793e-01 2.0841e-01 1.4637e-01 -3.3845e-02 7.6600e-01 -2.1489e-01 -5.6100e-01 -2.5108e-01 -2.4628e-02 -1.8893e-01 1.0092e-01 2.1163e+00 1.3223e-01 1.3342e-01 -1.3918e-01 9.4689e-01 -4.0288e-01 -2.3439e-02 9.1405e+00 -1.6535e-02 -1.1364e-02 -3.3116e-02 2.8501e-02 -5.3497e-02 5.5535e-02 -8.4725e-01 -2.1311e-01 -5.6776e-01 -2.7409e-01
4.2297e-02 6.7708e-01 -3.4603e-01 4.8128e-01 -1.4678e-02 6.0460e-02 4.2858e-01 2.0200e-01 1.2419e-02 4.6529e-01 -3.5806e-02 7.2353e-02 -2.2509e-02 -5.9589e-02 -6.6174e-02 -1.7613e-02 -5.9342e-02 6.8042e-01 -1.3465e-01 -7.7691e-02 -8.4292e-02 -2.9625e-02 3.2750e-01 -3.5544e-02 -5.7417e-02 -7.0469e-02 -1.7949e-02 -2.5945e-01 4.0495e-02 -1.0194e-01 -1.2713e-02 -2.2369e-02 -1.4814e-01 -1.4171e-01 -1.6268e-01 5.6709e-02 -2.9924e-01 -9.1142e-02 1.4056e-01 -2.1711e-01 -2.0653e-02 -1.6535e-02 5.5539e+00 -1.7182e-02 5.4303e-03 -6.9886e-02 -1.4814e-02 -7.1941e-02 -3.6873e-02 -3.9285e-02 -2.0494e-02 -7.1844e-02
-8.1287e-02 -3.8933e-02 2.4843e-01 4.6757e-02 -4.6026e-01 -1.6967e-01 -2.6879e-01 4.9278e-01 1.1768e-01 1.7633e-01 1.3285e-01 -1.0119e-01 -8.4583e-02 -1.3919e-01 -9.5573e-02 1.6836e-02 -4.4726e-02 1.2135e-01 -1.6037e-01 -1.4963e-01 1.6394e-01 -3.8908e-02 4.7201e-01 -4.9086e-02 -1.5137e-01 3.1482e-02 -7.9337e-02 -2.1576e-01 -1.6687e-01 -1.7500e-01 1.3868e+00 -3.1635e-02 5.1314e-02 6.9178e-02 -2.1125e-01 -8.8236e-02 -2.5168e-01 -1.4192e-01 -5.4770e-01 -1.6940e-01 2.0953e-01 -1.1364e-02 -1.7182e-02 6.5725e+00 6.9998e-01 -8.2755e-02 -5.6893e-02 -1.0295e-02 6.6877e-02 -4.4016e-02 1.4213e-02 2.2415e-02
1.3071e-01 5.4813e-02 1.1654e-01 1.2936e-01 6.8317e-02 1.4650e-01 1.3671e-02 2.3660e-01 2.6795e-02 1.5241e-01 3.5732e-01 -7.0920e-02 -1.4730e-01 -1.5287e-01 -2.5647e-02 -2.8474e-02 -1.9397e-02 -4.7048e-01 3.3298e-02 3.7747e-01 -4.7589e-02 -3.7818e-02 -2.1987e-02 -4.3487e-02 -4.1934e-01 4.0710e-03 3.4123e-01 -3.2111e-01 -8.7953e-02 -1.1047e-01 3.8663e-02 1.0590e-01 1.0362e-01 1.0317e-02 1.8190e-01 3.2675e-03 -3.9864e-01 1.0835e-01 1.8319e-01 -2.9641e-01 -4.9505e-03 -3.3116e-02 5.4303e-03 6.9998e-01 5.6136e+00 1.5615e-01 -3.2510e-02 1.4057e-02 1.2893e-02 -5.3676e-02 -2.9705e-02 -5.1214e-02
7.8157e+00 -1.2801e+00 -2.4443e+00 6.1251e-01 -2.5222e+00 -3.0350e-02 3.8393e-01 1.5009e-02 1.0094e-01 1.4602e+00 -5.3174e-01 1.3480e+00 -6.9709e-02 -4.4902e-01 -5.3835e-01 4.5090e-02 -3.1452e-01 3.0581e+00 8.6384e-01 -9.4259e-01 -8.5096e-01 -2.5235e-01 -1.9406e-01 -2.7664e-02 -6.5793e-02 -3.8666e-01 1.7679e-02 -3.9802e-01 -2.3592e-01 -2.5371e-01 -9.0344e-01 -7.5899e-02 2.5005e+00 1.0163e-01 -3.4754e-02 3.2252e-01 -2.0074e+00 -1.6570e+00 -2.9522e+00 -1.9943e+00 -6.7646e-02 2.8501e-02 -6.9886e-02 -8.2755e-02 1.5615e-01 2.0195e+01 -4.7579e-02 3.9554e-02 -3.5130e-03 -1.0075e-01 2.7730e-01 -5.5365e-02
4.6736e-02 1.4110e-01 -8.3354e-01 -6.1873e-03 -5.6507e-01 8.4044e-02 1.7582e-01 -8.1715e-01 8.8854e-02 -4.9986e-02 -1.3245e-01 1.5626e+00 -1.3392e-01 -1.2046e-01 -1.6833e-01 3.2899e-01 -2.0118e-01 1.9098e-01 3.2707e-01 -1.8630e-01 -4.1836e-01 -3.5538e-01 -1.1433e-01 -1.0414e-01 -4.1627e-01 -1.7553e-01 -1.2379e-01 3.6994e-01 -1.5139e-01 -2.4666e-01 -2.4199e-01 -4.9090e-02 -2.1163e-01 -1.3442e-02 -1.8417e-01 -8.8165e-02 -4.4026e-02 2.9415e-01 1.8887e+00 4.2620e-02 -5.0583e-02 -5.3497e-02 -1.4814e-02 -5.6893e-02 -3.2510e-02 -4.7579e-02 9.5949e+00 -1.8689e-01 1.1718e-01 -8.6017e-02 3.1907e-01 3.1273e-02
-1.4333e+00 7.4873e-01 -2.1922e-01 -1.3938e-01 -6.8770e-02 -6.9470e-02 5.1041e-01 1.2588e+00 -1.0149e-01 9.7846e-02 -6.0062e-02 -5.2909e-01 2.6540e-02 -1.0998e-01 -6.8075e-02 -6.4802e-02 -2.1637e-01 7.6833e-01 -3.8756e-01 1.0152e-01 2.0603e+00 -3.0181e-01 -6.7215e-03 -2.1048e-01 -3.8164e-01 -8.8811e-02 1.1347e-01 -1.2326e-01 -3.5414e-01 -3.8973e-02 -1.3583e-01 6.9592e-01 -5.2720e-02 -2.5100e-01 -3.5585e-02 -8.4169e-02 -4.0285e-01 -1.0700e-01 -5.7376e-01 -8.0235e-01 8.1533e-02 5.5535e-02 -7.1941e-02 -1.0295e-02 1.4057e-02 3.9554e-02 -1.8689e-01 1.0312e+01 -1.0674e-01 -6.4855e-02 -5.3686e-02 -1.9434e-01
3.0559e-01 1.6977e-01 -9.4459e-01 -4.8899e-01 -6.2913e-01 1.5219e-02 1.5081e+00 -4.5923e-01 8.6499e+00 -5.3007e-01 -3.8348e+00 -4.9338e-02 -8.4432e-01 5.6206e-01 4.3647e-03 4.0380e+00 -1.6010e-01 1.0138e-01 -2.6522e-01 2.5351e-01 -1.2117e+00 -2.7583e-01 -3.2978e-03 8.9045e-03 -3.2683e-01 -5.1745e-01 2.8541e-02 -7.5422e-01 -2.2046e-01 1.2826e+00 -3.2421e+00 -2.9655e-01 2.0763e-01 -2.1101e-02 1.4044e+00 -3.4836e-02 2.4235e-02 1.1241e-01 5.7414e-02 1.3851e+00 -1.7809e-01 -8.4725e-01 -3.6873e-02 6.6877e-02 1.2893e-02 -3.5130e-03 1.1718e-01 -1.0674e-01 2.2188e+01 -2.2649e+00 3.7953e+00 1.5728e+01
-4.3705e-01 1.4993e-01 -1.9645e-01 -3.1221e-01 -4.8288e-01 5.5421e-02 -7.0918e-01 -3.4249e-01 -1.5601e+00 -2.1938e-01 -4.6535e-03 -1.7350e-01 -1.6148e-01 -8.1025e-03 -8.3788e-02 2.4684e+00 -1.0628e-01 -4.9390e-01 1.0214e-01 -1.9185e-01 -3.1790e-01 -9.8073e-02 -1.0198e-01 2.4706e-01 -2.3325e-01 4.6590e-02 -1.0676e-01 1.1083e-01 -2.5203e-01 -5.2183e-01 1.5281e-01 9.2988e-03 3.0433e-01 -1.1651e-01 -3.8973e-01 -5.4750e-02 -1.9780e-01 -1.3931e-01 -8.3439e-01 -7.4829e-01 -1.6159e-02 -2.1311e-01 -3.9285e-02 -4.4016e-02 -5.3676e-02 -1.0075e-01 -8.6017e-02 -6.4855e-02 -2.2649e+00 1.1845e+01 2.4637e+00 -2.3384e+00
7.9694e-02 2.4890e-02 -1.4966e+00 -3.7363e-02 -1.0014e+00 -3.0103e-02 -1.4886e+00 1.5743e-01 7.8061e+00 -5.2353e-01 -1.2670e+00 -8.3072e-02 -9.1192e-02 -5.3699e-01 3.2458e-01 1.5549e+01 -1.0545e-01 3.7219e-01 -1.3188e-01 2.0564e-01 -5.5053e-01 -2.3936e-01 -7.4152e-03 -1.5328e-01 1.9230e-01 1.0541e-01 8.0787e-03 -4.1054e-01 -2.4654e-01 -1.8455e+00 5.0662e-01 -2.6266e-01 1.0416e-01 -1.9481e-02 -7.7691e-01 7.2671e-02 -1.9910e-02 7.6107e-02 2.2651e-01 -2.0119e+00 -1.9617e-03 -5.6776e-01 -2.0494e-02 1.4213e-02 -2.9705e-02 2.7730e-01 3.1907e-01 -5.3686e-02 3.7953e+00 2.4637e+00 1.6037e+01 2.0856e+00
2.7047e-01 -9.1003e-02 -1.6315e+00 -6.3450e-01 -1.2411e+00 1.4922e-01 1.1852e+00 -5.2672e-01 4.4824e+00 -9.3395e-01 7.5018e+00 -1.4717e-01 -4.5480e-01 -4.9568e-02 1.7960e-01 2.0944e+00 1.4988e-01 -2.9457e-02 -2.9544e-01 1.8413e-01 -1.8080e+00 -2.8800e-01 -1.8774e-02 2.6469e-01 -4.2153e-01 -7.1739e-01 1.5523e-02 1.9161e+00 -5.0536e-01 4.0981e-01 1.6044e+00 -2.4178e-01 1.4106e-01 -1.2875e-01 1.0383e+00 -2.2750e-01 -3.4572e-02 6.4746e-02 -1.9722e-01 1.0299e+00 -2.8230e-01 -2.7409e-01 -7.1844e-02 2.2415e-02 -5.1214e-02 -5.5365e-02 3.1273e-02 -1.9434e-01 1.5728e+01 -2.3384e+00 2.0856e+00 2.4600e+01
