6.1389e+01 8.3073e-01 1.3398e+01 -2.6148e+00 9.0646e+00 7.9244e+00 -8.7321e+00 -1.8759e+01 3.6507e+00 -1.9147e+00 -4.8825e-01 6.4167e-01 5.6522e-01 1.4438e+00 4.5939e+00 2.5916e+00 3.1669e+00 2.7404e+00 1.4735e+00 -1.5190e+00 -1.6456e+00 -5.6266e+00 1.8188e-01 1.0910e+01 -2.1653e-01 5.9056e-01 6.2575e-01 -4.0923e+00 -5.3669e-01 7.8374e+00 1.0470e+00 1.1537e-01 -6.9813e+00 -2.6630e+00 -8.2628e-01 5.4461e-02 1.1689e+00 -1.9741e+00 -4.3088e+00 -3.3998e+00 -5.0310e-01 4.9467e-02 5.7981e-01 5.9752e-01 1.9732e+00 -8.2917e-02 -8.6044e-02 9.4735e-03 -8.4432e-02 -6.1970e-02 1.0832e-01 1.2264e-01
8.3073e-01 4.2015e+01 -3.7681e+00 -7.1682e+00 2.0519e+00 1.6556e+00 2.1505e+01 -1.5671e+00 4.3808e+00 5.8090e+00 -1.5033e+00 -3.3974e-02 -3.8554e-01 -1.7061e-01 -1.0256e+01 3.8569e+00 -1.5040e+00 -1.8254e+00 -4.3101e+00 1.1741e-01 2.3794e+00 -8.3949e-01 -1.9491e-01 1.8892e+00 8.2123e+00 -2.3736e-01 -8.6743e-01 1.0774e+00 -1.0709e-01 2.7725e+00 8.7442e-01 6.9095e-01 -2.7984e+00 -1.6211e+00 -1.1255e+00 -2.6151e+00 5.0362e+00 4.7046e-01 -2.2369e+00 -1.4927e+00 -2.5160e-01 -1.7157e-01 8.6881e-01 -2.8595e-01 -9.0288e-02 1.1503e+00 1.7051e-01 -9.6313e-01 -1.0808e-01 -3.6844e-01 3.8351e-01 -8.0774e-01
1.3398e+01 -3.7681e+00 4.4988e+01 -6.9628e-01 1.5135e+00 1.8414e+00 -1.0259e+00 -1.2983e+01 3.9126e+00 -6.1903e+00 -1.4887e+00 -6.2829e-01 -6.4731e-02 -1.0948e+01 5.1933e+00 -4.3798e+00 1.3072e+01 -1.2568e+00 -4.5846e-01 -1.2959e+00 -2.2182e-01 1.2052e+00 9.2791e-01 3.5789e+00 1.7209e-01 3.9503e-01 4.1687e-02 -1.7332e+00 -2.6466e+00 -1.5816e+01 -2.1786e+00 3.9886e-01 -1.1151e+01 -4.9491e-01 9.9350e-03 7.1691e+00 2.1951e+00 -9.5126e-02 -4.7386e+00 -1.0254e+01 -8.5399e-01 -8.7129e-02 -3.8057e+00 -1.0063e+00 -2.6691e-01 -1.5889e+00 -4.5213e-01 1.0789e-01 -9.7033e-02 2.5257e-02 -2.8177e-01 -8.7933e-02
-2.6148e+00 -7.1682e+00 -6.9628e-01 5.1530e+01 -1.8849e+00 -2.2035e+00 -5.9788e+00 -1.2714e+00 4.3359e+00 -1.6700e+01 1.7598e+00 -3.4698e-01 -2.4487e-01 1.3877e+00 1.5041e+01 -6.1558e-01 -5.4312e+00 4.4909e-01 2.2269e+01 -2.4454e-01 -5.4037e+00 -2.8584e+00 -1.0413e-01 2.9981e+00 -1.2780e+01 -2.8719e-01 -1.0861e+00 1.3081e+00 -5.0586e-01 -1.7901e+00 -2.3392e+00 -9.8763e-01 -2.8669e+00 -3.6118e+00 -5.7520e+00 1.8307e+00 -1.7044e+01 -8.3806e-01 -6.1121e-02 1.1163e-01 -2.2623e-01 -2.7185e-01 -1.3183e+00 5.5217e-01 -1.3562e-01 -9.9886e-02 2.5066e-01 7.3922e-03 -1.2625e-01 1.4082e+00 7.4417e-03 -1.0979e-01
9.0646e+00 2.0519e+00 1.5135e+00 -1.8849e+00 1.2260e+02 8.2879e+01 -8.3251e+01 -4.8504e+01 -2.2424e+01 -1.4270e+01 -1.8106e+00 9.5115e-01 -2.6548e-01 -1.9102e+01 -3.9082e+01 5.7332e+00 -6.2214e+00 1.7023e+00 3.9151e+00 2.0794e+00 -1.0300e+00 8.2573e+00 1.9606e+00 -2.9289e+01 -2.8756e-01 -9.3849e-01 1.2348e+00 4.4438e+01 -1.9481e+00 1.3826e+01 -2.7926e+00 6.4610e-01 6.7209e+00 5.0860e+00 -1.5775e+00 -3.7785e+01 -1.1482e+00 -4.0195e-01 -3.5735e+00 2.1555e+00 9.9958e-02 -1.0310e-01 1.4057e+00 -3.9213e-01 2.1875e+00 -1.6300e-01 -1.2439e-01 -2.0859e+00 5.2583e-02 3.2956e-01 -3.8310e-01 2.5243e-01
7.9244e+00 1.6556e+00 1.8414e+00 -2.2035e+00 8.2879e+01 1.2600e+02 -8.9125e+01 -5.0736e+01 -4.7061e+01 -1.1719e+01 -1.7138e+00 4.0941e-01 -1.8649e+00 -1.7092e+01 -4.9722e+01 6.3935e+00 -7.7767e+00 1.9995e+00 4.3349e+00 1.6336e+00 -4.6807e+00 3.3856e+00 1.4690e+00 -4.1002e+01 1.7677e+00 1.5127e+00 5.5753e-01 5.7774e+01 -2.0777e+00 1.7909e+01 -2.5256e+00 6.0818e-01 8.2793e+00 1.2370e+00 -2.7546e+00 -4.5548e+01 -4.6953e-01 -5.5910e+00 -3.9905e+00 3.7573e+00 1.4149e+00 -3.9530e-01 1.4349e+00 -4.3799e-02 1.7605e+00 5.6397e-02 1.0935e-02 -5.5761e-01 -1.5111e-01 -6.7469e-02 1.7742e+00 1.0841e+01
-8.7321e+00 2.1505e+01 -1.0259e+00 -5.9788e+00 -8.3251e+01 -8.9125e+01 1.3197e+02 4.6430e+01 3.3688e+01 1.8291e+01 6.6751e-02 -4.1576e-01 1.0429e+00 1.6501e+01 2.6254e+01 -4.3250e+00 7.8931e+00 -7.4321e+00 -9.5639e+00 -1.6528e+00 -3.4349e-01 -7.2334e+00 -2.3013e+00 3.0297e+01 4.8654e+00 7.4169e-01 -1.5361e+00 -4.3618e+01 -1.1306e-01 -1.2865e+01 1.3931e+00 -8.2674e-01 -9.1290e+00 -2.6132e+00 -7.1043e-01 3.2404e+01 7.0034e+00 6.8369e+00 1.1080e+00 1.8887e-01 -6.3405e-01 -1.7896e-01 -1.8818e+00 8.6290e-02 -1.6887e+00 3.4779e-01 -3.1333e-01 -6.9142e-01 -1.1739e-01 -7.7855e-01 -6.0807e-01 -1.3838e+00
-1.8759e+01 -1.5671e+00 -1.2983e+01 -1.2714e+00 -4.8504e+01 -5.0736e+01 4.6430e+01 7.2447e+01 4.1267e+00 2.0138e+01 1.8765e+00 1.8773e-01 1.6989e+00 2.5146e+01 1.9404e+01 -4.1697e+00 -1.2785e+01 -5.9817e-01 -2.4177e+00 -6.8157e-01 -3.8541e-02 -2.3115e+00 -1.4360e+00 1.1301e+01 -1.1897e+00 -1.2008e+00 -5.8002e-01 -1.2881e+01 -1.4915e+00 -7.2416e+00 1.1089e+00 -1.1016e+00 -1.6994e+00 -9.1510e-01 5.2155e+00 1.6242e+01 -2.0270e+00 7.2539e-01 8.5396e+00 -2.3806e+00 -3.1014e-01 3.5535e-01 2.1201e+00 6.7155e-01 -3.0275e-01 2.4229e-01 9.7634e-02 -4.9389e-02 4.1078e-02 1.3491e-01 1.9117e+00 -1.0463e+00
3.6507e+00 4.3808e+00 3.9126e+00 4.3359e+00 -2.2424e+01 -4.7061e+01 3.3688e+01 4.1267e+00 1.2228e+02 -2.0858e+01 4.4969e-01 -2.3650e+00 -1.2449e+00 -6.9395e+00 7.9905e+01 2.7393e+00 1.0560e+01 2.7211e+00 2.1467e+00 -2.5135e+00 6.9185e+00 -8.1057e+00 -1.5014e+00 6.0477e+01 2.3676e+00 9.5569e-01 -5.7461e-01 -5.2888e+01 1.8606e+00 -4.6346e+00 1.9760e+00 2.6779e+00 -1.7437e+01 1.8339e+00 -1.5632e+01 4.6640e+01 2.9210e+00 2.4679e+00 -1.0281e+01 7.3517e+00 -1.6108e+00 -6.7129e-01 1.6570e+00 -4.4521e-01 1.1442e+00 2.0322e-01 3.9336e-01 -5.6169e-01 -1.1237e-01 -4.5345e-01 4.0801e-01 -2.1268e+00
-1.9147e+00 5.8090e+00 -6.1903e+00 -1.6700e+01 -1.4270e+01 -1.1719e+01 1.8291e+01 2.0138e+01 -2.0858e+01 8.3248e+01 8.1749e-01 6.5183e-01 1.1310e+00 2.2120e+01 -1.2012e+01 -2.6431e+00 -2.8002e+01 -3.9861e+00 -2.0332e+01 7.3633e-01 9.6733e-02 -8.1274e+00 4.6324e-01 -1.1318e+01 2.2301e+01 -2.2343e+00 1.9998e+00 9.3331e+00 -1.1380e+00 5.8941e-02 -1.0847e+00 2.7327e+00 1.0054e+01 -8.8649e-01 2.9599e-01 2.9981e+00 1.9571e+01 -6.3728e+00 8.0963e+00 1.9056e+00 -2.3014e-01 2.0801e-01 6.4708e+00 2.4259e-02 -2.0113e-01 1.8317e-02 3.3691e-01 8.8078e-01 2.3441e-01 1.6703e+00 1.2976e-01 -4.7815e-01
-4.8825e-01 -1.5033e+00 -1.4887e+00 1.7598e+00 -1.8106e+00 -1.7138e+00 6.6751e-02 1.8765e+00 4.4969e-01 8.1749e-01 1.0885e+01 -8.8065e-02 -8.6006e-02 8.1951e-01 1.2102e+00 -1.8377e-01 -6.8567e-01 -1.4968e-01 -4.7243e-01 9.0738e-01 -3.7689e-01 -2.5847e-01 -7.8732e-02 1.8711e-01 -5.8723e-01 -7.9490e-02 5.4815e-01 -7.0432e-01 4.0453e-03 6.9089e-01 -4.9497e-02 -1.7017e-03 8.1241e-01 -2.8545e-01 1.4361e-01 3.3321e-01 -2.0000e-01 -2.4829e-01 -3.5533e-01 9.1156e-01 -6.4583e-02 -4.6284e-02 -2.6205e-01 -1.3955e-01 1.8713e-02 -3.6035e-02 5.5781e-02 -6.5902e-02 4.1647e-02 1.2597e+00 -2.6011e-01 -2.6684e-01
6.4167e-01 -3.3974e-02 -6.2829e-01 -3.4698e-01 9.5115e-01 4.0941e-01 -4.1576e-01 1.8773e-01 -2.3650e+00 6.5183e-01 -8.8065e-02 9.3233e+00 9.2960e-02 3.1532e-01 -2.7505e+00 -2.1751e-01 -5.8426e-01 -2.0521e-01 -2.7123e-01 -3.7205e-02 5.4452e-02 -5.3813e-01 -1.0505e-01 -1.9955e-02 1.1171e-01 -9.2545e-02 -1.1454e-01 1.9545e+00 -2.8599e-01 1.8629e+00 -1.8050e-01 -1.5529e-01 -3.0320e-02 6.9770e-01 8.2123e-01 1.6456e-01 -1.3887e-01 -1.4975e-01 -3.6206e-01 4.0422e-01 8.0061e-01 5.1568e-01 -2.4176e-01 -3.3195e-02 -4.2876e-02 -2.9393e-02 -4.1380e-02 -2.5825e-02 -1.4992e-02 -5.5240e-02 -3.8386e-01 -2.7745e-01
5.6522e-01 -3.8554e-01 -6.4731e-02 -2.4487e-01 -2.6548e-01 -1.8649e+00 1.0429e+00 1.6989e+00 -1.2449e+00 1.1310e+00 -8.6006e-02 9.2960e-02 9.1257e+00 1.4374e+00 -2.8638e-01 -1.1538e-01 -7.8013e-01 -2.6128e-01 -1.8895e-01 -1.6539e-01 2.0110e-02 -6.8451e-01 -1.4458e-01 3.5526e-01 -3.6925e-01 -5.6286e-02 -8.4659e-02 7.2640e-01 -1.1569e-01 6.2055e-01 -4.1603e-02 -1.5098e-01 1.0153e-01 1.1109e+00 1.1482e+00 -4.8562e-01 -3.0510e-01 1.5046e-01 -3.4115e-02 4.8980e-02 4.9623e-01 1.0156e-01 -2.1138e-01 1.1447e-02 -1.2056e-01 -4.2440e-02 1.5742e-02 -4.1271e-02 1.6010e-02 -1.0777e-01 -9.5668e-01 -7.0937e-01
1.4438e+00 -1.7061e-01 -1.0948e+01 1.3877e+00 -1.9102e+01 -1.7092e+01 1.6501e+01 2.5146e+01 -6.9395e+00 2.2120e+01 8.1951e-01 3.1532e-01 1.4374e+00 6.4036e+01 8.3573e+00 1.2697e+01 -1.5014e+01 -1.0071e+00 1.5056e+00 6.0657e-01 -1.8827e-01 -3.9015e+00 -7.4958e-01 4.2016e+00 -7.6401e+00 -1.3134e+00 -2.5386e-02 7.2156e+00 -1.5061e+00 1.4490e+01 -1.4472e+00 -1.7097e+00 -1.3026e+00 3.5557e+00 6.3835e+00 -1.1055e+01 -8.2246e+00 -4.6357e+00 5.9670e+00 1.4998e+00 -5.1738e-01 2.5920e-01 -5.3513e-01 1.0312e+00 -3.5153e-02 2.4758e-01 -6.0548e-02 -3.2799e-01 -2.0291e-01 5.1055e-01 2.3434e-01 -4.5349e-01
4.5939e+00 -1.0256e+01 5.1933e+00 1.5041e+01 -3.9082e+01 -4.9722e+01 2.6254e+01 1.9404e+01 7.9905e+01 -1.2012e+01 1.2102e+00 -2.7505e+00 -2.8638e-01 8.3573e+00 1.6175e+02 1.8268e+00 1.3173e+00 2.9976e+00 -5.6918e+00 -3.3223e+00 -1.5852e+01 -8.1488e+00 -2.5504e+00 6.2319e+01 -1.8538e+01 8.9255e-01 5.5096e-02 -4.5573e+01 1.3211e+00 -8.2191e+00 3.8814e+00 2.3501e+00 -1.6919e+01 -7.1715e+00 -1.0336e+01 5.1507e+01 -1.9989e+01 2.2144e+00 -4.7856e+00 8.1218e+00 -1.6067e+00 3.2257e-01 4.8351e-01 -7.3248e-01 7.5217e-01 3.3272e-01 -2.0966e+00 6.0549e-01 -4.5839e-01 1.6187e+00 2.9222e+00 1.9157e+00
2.5916e+00 3.8569e+00 -4.3798e+00 -6.1558e-01 5.7332e+00 6.3935e+00 -4.3250e+00 -4.1697e+00 2.7393e+00 -2.6431e+00 -1.8377e-01 -2.1751e-01 -1.1538e-01 1.2697e+01 1.8268e+00 2.1318e+01 -4.2735e+00 -6.5350e-01 5.2583e-01 -9.5786e-02 -5.2682e-01 -1.1707e+00 -1.2403e-01 1.2974e+00 1.1130e-01 -3.5176e-01 2.3017e-01 9.0006e+00 -7.0881e-01 1.3064e+01 -6.7581e-01 -5.1165e-01 -2.5856e+00 4.1551e+00 1.5639e-01 -1.4895e+01 -3.6930e-01 -1.4030e+00 -1.3377e+00 -2.1007e+00 -1.4622e-01 3.4474e-01 -1.1969e+00 -1.7673e-01 -4.7532e-02 -1.5413e-01 2.5908e-01 -2.0229e-02 -1.0492e-01 -4.5672e-02 5.9986e-02 2.2875e-01
3.1669e+00 -1.5040e+00 1.3072e+01 -5.4312e+00 -6.2214e+00 -7.7767e+00 7.8931e+00 -1.2785e+01 1.0560e+01 -2.8002e+01 -6.8567e-01 -5.8426e-01 -7.8013e-01 -1.5014e+01 1.3173e+00 -4.2735e+00 8.1229e+01 3.0772e+00 -7.1537e+00 2.9803e+00 -7.5363e-01 1.4791e+01 -1.4842e+00 3.5346e+00 -8.1482e+00 1.3436e+00 -8.1031e-01 -3.1755e+01 2.5446e+00 -8.0731e+00 1.2705e-01 -6.4040e-01 -6.6848e+00 1.0502e+00 1.1446e+00 3.2481e+00 -4.6197e+00 4.7950e+00 -5.9540e+00 -4.4950e+00 -3.3709e-01 -1.1110e-01 -4.9579e+00 -2.8930e-01 -2.6716e-01 1.0304e+00 1.9964e-01 -2.2675e-01 -2.9025e-01 -9.6083e-01 -1.0621e+00 5.0614e-01
2.7404e+00 -1.8254e+00 -1.2568e+00 4.4909e-01 1.7023e+00 1.9995e+00 -7.4321e+00 -5.9817e-01 2.7211e+00 -3.9861e+00 -1.4968e-01 -2.0521e-01 -2.6128e-01 -1.0071e+00 2.9976e+00 -6.5350e-01 3.0772e+00 2.8264e+01 2.8193e-01 -1.6770e-01 3.8831e+00 -6.1999e-01 5.3550e-01 2.5367e+00 -5.9642e-01 -2.2553e-01 1.2142e-01 -5.3394e+00 -3.9598e-01 7.8818e-01 -1.5231e-01 -6.0668e-01 7.9260e-01 1.3397e+00 -1.8425e+00 4.7488e+00 -2.7596e-02 -5.2734e-01 -9.9022e-01 2.0817e+00 1.4778e-01 3.3522e-01 1.9937e+00 1.0902e+00 -8.6343e-02 -1.1567e-01 -3.1460e-02 -1.2567e-01 1.2300e-01 -3.1180e-01 3.2692e-02 -7.9366e-02
1.4735e+00 -4.3101e+00 -4.5846e-01 2.2269e+01 3.9151e+00 4.3349e+00 -9.5639e+00 -2.4177e+00 2.1467e+00 -2.0332e+01 -4.7243e-01 -2.7123e-01 -1.8895e-01 1.5056e+00 -5.6918e+00 5.2583e-01 -7.1537e+00 2.8193e-01 6.1590e+01 -2.4835e-01 -6.9117e+00 9.6580e-02 7.0925e-01 7.7165e-01 -5.3403e+00 -4.8437e-01 -9.6125e-01 7.9499e+00 -2.6282e-02 -1.5178e+00 3.6496e+00 -1.3071e+00 -3.2206e+00 6.3830e+00 -5.1470e+00 -2.2697e+00 -3.7595e+00 -1.6523e+00 -6.8192e-01 -1.5713e+00 6.2714e-02 2.2064e-01 -1.0798e+00 8.6497e-01 2.5173e-01 -2.8549e-01 -4.5197e-01 -6.2901e-01 1.0121e+00 -1.0215e+00 -3.2462e-01 -1.3022e-01
-1.5190e+00 1.1741e-01 -1.2959e+00 -2.4454e-01 2.0794e+00 1.6336e+00 -1.6528e+00 -6.8157e-01 -2.5135e+00 7.3633e-01 9.0738e-01 -3.7205e-02 -1.6539e-01 6.0657e-01 -3.3223e+00 -9.5786e-02 2.9803e+00 -1.6770e-01 -2.4835e-01 1.2060e+01 -9.6740e-02 2.9549e+00 -2.8491e-01 -4.0232e+00 2.0802e-01 -6.1312e-02 -2.3629e-02 2.5519e+00 -2.6887e-01 -1.1396e-01 -2.0851e-01 -4.6626e-02 5.4311e-01 3.3832e+00 -2.2672e-01 -3.0175e+00 4.3418e-01 -1.3846e-01 2.0245e-01 -2.4852e-01 1.7331e-01 2.2116e-02 4.1324e-02 -2.1653e-01 -2.4033e-01 2.5923e-01 -9.0154e-02 -3.7042e-02 -2.9901e-02 1.2610e+00 5.1947e-01 -6.4321e-02
-1.6456e+00 2.3794e+00 -2.2182e-01 -5.4037e+00 -1.0300e+00 -4.6807e+00 -3.4349e-01 -3.8541e-02 6.9185e+00 9.6733e-02 -3.7689e-01 5.4452e-02 2.0110e-02 -1.8827e-01 -1.5852e+01 -5.2682e-01 -7.5363e-01 3.8831e+00 -6.9117e+00 -9.6740e-02 5.9806e+01 -3.0346e+00 -2.2725e-01 6.2519e+00 1.0727e+01 2.7214e-02 -4.7001e-01 -9.7437e+00 2.2248e-01 2.4295e+00 -3.3697e+00 -6.0672e-02 -9.5095e-01 3.0125e+00 -1.6463e+00 6.2167e+00 9.4452e+00 8.9365e-02 -1.5555e+00 -3.6981e-01 2.3787e-02 -3.5154e-01 6.5996e-02 1.5775e+00 8.8261e-02 -1.0537e-01 4.4667e-02 -1.4541e-01 -2.4604e-01 -7.6398e-01 -1.2600e-01 -1.5020e+00
-5.6266e+00 -8.3949e-01 1.2052e+00 -2.8584e+00 8.2573e+00 3.3856e+00 -7.2334e+00 -2.3115e+00 -8.1057e+00 -8.1274e+00 -2.5847e-01 -5.3813e-01 -6.8451e-01 -3.9015e+00 -8.1488e+00 -1.1707e+00 1.4791e+01 -6.1999e-01 9.6580e-02 2.9549e+00 -3.0346e+00 5.7543e+01 1.3621e+00 -9.1978e+00 -4.3504e+00 2.0475e+00 -5.6748e-01 -7.2615e+00 -9.7902e-01 -6.2378e+00 1.3877e+00 -1.0466e+00 -3.7875e+00 1.3691e+00 -4.4391e+00 -7.8501e+00 -2.2891e+00 -1.7198e+00 -1.4038e+00 -1.5421e+00 -2.5766e-01 -2.4187e-01 -1.1971e+00 1.3713e+00 -8.7386e-02 3.2170e-01 -2.7044e-01 -2.7198e-01 -1.9429e-01 -3.7618e-01 -1.7761e+00 -7.0411e-01
1.8188e-01 -1.9491e-01 9.2791e-01 -1.0413e-01 1.9606e+00 1.4690e+00 -2.3013e+00 -1.4360e+00 -1.5014e+00 4.6324e-01 -7.8732e-02 -1.0505e-01 -1.4458e-01 -7.4958e-01 -2.5504e+00 -1.2403e-01 -1.4842e+00 5.3550e-01 7.0925e-01 -2.8491e-01 -2.2725e-01 1.3621e+00 1.3174e+01 -4.6226e-01 1.1919e+00 -9.9031e-02 -1.1603e-01 2.6675e+00 -1.5403e-01 1.2590e+00 2.7440e-01 1.0430e-01 -1.0522e+00 2.2088e-01 -6.1419e-01 -3.1133e+00 1.1725e+00 -1.6685e-01 -5.5820e-01 -4.1585e-01 -1.5045e-01 -8.2217e-02 7.5915e-01 -1.4025e-01 -3.1161e-01 -4.2169e-02 -1.0149e-01 4.4218e-03 -4.1807e-02 -3.3417e-02 -2.2148e-01 -1.0089e-01
1.0910e+01 1.8892e+00 3.5789e+00 2.9981e+00 -2.9289e+01 -4.1002e+01 3.0297e+01 1.1301e+01 6.0477e+01 -1.1318e+01 1.8711e-01 -1.9955e-02 3.5526e-01 4.2016e+00 6.2319e+01 1.2974e+00 3.5346e+00 2.5367e+00 7.7165e-01 -4.0232e+00 6.2519e+00 -9.1978e+00 -4.6226e-01 8.0739e+01 5.1958e+00 5.3020e-01 4.1733e-01 -4.2491e+01 1.7335e+00 7.7252e+00 2.1237e-01 1.5884e+00 -2.1315e+01 -1.8892e+00 -8.6328e+00 4.1550e+01 4.6225e+00 1.5264e+00 -9.6033e+00 7.6696e+00 -7.1673e-01 1.4028e-01 1.1063e+00 -7.0839e-01 7.8517e-01 -2.3365e-02 8.1102e-02 1.8623e-01 2.1955e-01 2.4880e-01 1.6692e+00 5.2554e+00
-2.1653e-01 8.2123e+00 1.7209e-01 -1.2780e+01 -2.8756e-01 1.7677e+00 4.8654e+00 -1.1897e+00 2.3676e+00 2.2301e+01 -5.8723e-01 1.1171e-01 -3.6925e-01 -7.6401e+00 -1.8538e+01 1.1130e-01 -8.1482e+00 -5.9642e-01 -5.3403e+00 2.0802e-01 1.0727e+01 -4.3504e+00 1.1919e+00 5.1958e+00 8.6440e+01 -3.8740e-01 9.9218e-01 4.4739e+00 9.3611e-02 -2.4963e-01 7.6108e-01 -2.2224e+00 -6.2746e+00 5.1092e+00 -1.4703e+01 2.7113e+00 6.0274e+01 -5.7864e-01 -4.3951e+00 -9.4687e-01 1.7652e-01 1.9138e-01 -6.9782e-01 -1.9900e-01 8.2394e-02 -4.7888e-01 -2.4069e+00 1.5774e+00 2.9590e-01 2.1972e+00 1.3268e+00 -4.1329e-01
5.9056e-01 -2.3736e-01 3.9503e-01 -2.8719e-01 -9.3849e-01 1.5127e+00 7.4169e-01 -1.2008e+00 9.5569e-01 -2.2343e+00 -7.9490e-02 -9.2545e-02 -5.6286e-02 -1.3134e+00 8.9255e-01 -3.5176e-01 1.3436e+00 -2.2553e-01 -4.8437e-01 -6.1312e-02 2.7214e-02 2.0475e+00 -9.9031e-02 5.3020e-01 -3.8740e-01 9.1319e+00 -9.3912e-02 -3.6130e+00 -1.9433e-01 -1.6257e-01 6.7963e-02 -2.7570e-01 -1.3017e-01 2.6734e-02 -8.3401e-01 5.4058e-01 -4.4161e-01 -4.5331e-01 -6.7847e-01 1.1819e+00 -5.6261e-02 -5.3730e-02 -4.7091e-01 6.6518e-02 6.2758e-01 -7.5451e-02 -8.1657e-02 2.6673e-02 -3.1670e-02 -5.8689e-02 1.5710e-02 4.2214e-02
6.2575e-01 -8.6743e-01 4.1687e-02 -1.0861e+00 1.2348e+00 5.5753e-01 -1.5361e+00 -5.8002e-01 -5.7461e-01 1.9998e+00 5.4815e-01 -1.1454e-01 -8.4659e-02 -2.5386e-02 5.5096e-02 2.3017e-01 -8.1031e-01 1.2142e-01 -9.6125e-01 -2.3629e-02 -4.7001e-01 -5.6748e-01 -1.1603e-01 4.1733e-01 9.9218e-01 -9.3912e-02 1.5214e+01 1.4703e+00 -1.5416e-01 6.6656e-01 -3.2102e-01 -4.7118e-02 -5.7095e-01 -4.8889e-01 -9.8246e-01 -1.3928e+00 8.8482e-01 -1.3071e-01 -2.1378e-01 -3.9971e-01 -7.0739e-02 2.6792e-01 -2.2590e-01 -8.8087e-02 8.5093e-03 -7.2983e-02 -3.0491e-01 -1.6902e-01 -8.2364e-02 -5.4768e-02 -6.1828e-01 -2.7420e-01
-4.0923e+00 1.0774e+00 -1.7332e+00 1.3081e+00 4.4438e+01 5.7774e+01 -4.3618e+01 -1.2881e+01 -5.2888e+01 9.3331e+00 -7.0432e-01 1.9545e+00 7.2640e-01 7.2156e+00 -4.5573e+01 9.0006e+00 -3.1755e+01 -5.3394e+00 7.9499e+00 2.5519e+00 -9.7437e+00 -7.2615e+00 2.6675e+00 -4.2491e+01 4.4739e+00 -3.6130e+00 1.4703e+00 1.4456e+02 -4.5391e+00 6.7090e+00 -3.2910e+00 -2.8203e-01 -4.1821e+00 1.4400e+00 7.5166e+00 -6.7158e+01 3.0202e+00 -7.7935e+00 -2.8780e+00 -1.7939e+01 2.5950e-01 4.0928e-01 9.4030e-01 -1.0383e+00 -1.9421e+00 -9.6836e-01 -1.5933e+00 -1.6335e-01 3.3133e-02 5.3469e-01 7.1136e+00 3.5888e+00
-5.3669e-01 -1.0709e-01 -2.6466e+00 -5.0586e-01 -1.9481e+00 -2.0777e+00 -1.1306e-01 -1.4915e+00 1.8606e+00 -1.1380e+00 4.0453e-03 -2.8599e-01 -1.1569e-01 -1.5061e+00 1.3211e+00 -7.0881e-01 2.5446e+00 -3.9598e-01 -2.6282e-02 -2.6887e-01 2.2248e-01 -9.7902e-01 -1.5403e-01 1.7335e+00 9.3611e-02 -1.9433e-01 -1.5416e-01 -4.5391e+00 1.9029e+01 2.2321e+00 3.6027e+00 -1.0354e-01 2.9058e+00 6.2271e-01 -6.3755e-01 1.6530e+00 -6.2777e-03 -6.8694e-01 -1.1812e+00 2.4397e+00 -3.6464e-01 3.7116e-01 -4.1709e-01 8.1799e-02 -2.6896e-01 -3.5979e-02 2.9420e-03 8.4748e-02 -5.2619e-02 -6.0084e-02 -2.4657e-03 -7.3159e-02
7.8374e+00 2.7725e+00 -1.5816e+01 -1.7901e+00 1.3826e+01 1.7909e+01 -1.2865e+01 -7.2416e+00 -4.6346e+00 5.8941e-02 6.9089e-01 1.8629e+00 6.2055e-01 1.4490e+01 -8.2191e+00 1.3064e+01 -8.0731e+00 7.8818e-01 -1.5178e+00 -1.1396e-01 2.4295e+00 -6.2378e+00 1.2590e+00 7.7252e+00 -2.4963e-01 -1.6257e-01 6.6656e-01 6.7090e+00 2.2321e+00 6.9803e+01 -3.2161e+00 -8.6354e-01 1.5209e+01 2.9203e+00 -4.1793e-01 -1.9749e+01 -1.8189e+00 -2.4050e+00 -4.6728e+00 2.1680e+01 7.8054e-01 1.4438e-01 4.5059e+00 -9.0694e-01 -1.2905e+00 2.6789e-01 6.9509e-02 -9.9932e-02 -1.9452e-01 -7.0278e-02 -5.2314e-01 -2.4684e-01
1.0470e+00 8.7442e-01 -2.1786e+00 -2.3392e+00 -2.7926e+00 -2.5256e+00 1.3931e+00 1.1089e+00 1.9760e+00 -1.0847e+00 -4.9497e-02 -1.8050e-01 -4.1603e-02 -1.4472e+00 3.8814e+00 -6.7581e-01 1.2705e-01 -1.5231e-01 3.6496e+00 -2.0851e-01 -3.3697e+00 1.3877e+00 2.7440e-01 2.1237e-01 7.6108e-01 6.7963e-02 -3.2102e-01 -3.2910e+00 3.6027e+00 -3.2161e+00 2.7825e+01 -5.3730e-02 -1.1897e+00 1.8981e+00 -1.0887e+00 1.1953e+00 2.8494e+00 3.7787e-01 -5.3694e-01 -1.9124e+00 -2.1667e-01 -1.5342e-01 5.8085e-01 -1.8740e-01 -4.5125e-01 8.9072e-01 -7.5621e-01 -2.6088e-02 -1.9381e-01 -9.9615e-02 -5.2101e-01 6.4265e-01
1.1537e-01 6.9095e-01 3.9886e-01 -9.8763e-01 6.4610e-01 6.0818e-01 -8.2674e-01 -1.1016e+00 2.6779e+00 2.7327e+00 -1.7017e-03 -1.5529e-01 -1.5098e-01 -1.7097e+00 2.3501e+00 -5.1165e-01 -6.4040e-01 -6.0668e-01 -1.3071e+00 -4.6626e-02 -6.0672e-02 -1.0466e+00 1.0430e-01 1.5884e+00 -2.2224e+00 -2.7570e-01 -4.7118e-02 -2.8203e-01 -1.0354e-01 -8.6354e-01 -5.3730e-02 1.5990e+01 -1.6199e+00 -4.8275e-01 -2.0726e+00 1.2439e+00 -1.8441e+00 -2.0478e-01 -1.0147e+00 -5.9160e-01 -2.2931e-02 -1.1021e-01 7.0352e+00 -8.7687e-02 -4.3536e-02 -4.8875e-02 3.4120e-01 -1.7989e-02 4.3513e-01 -1.2526e-01 -4.0824e-01 -5.9097e-02
-6.9813e+00 -2.7984e+00 -1.1151e+01 -2.8669e+00 6.7209e+00 8.2793e+00 -9.1290e+00 -1.6994e+00 -1.7437e+01 1.0054e+01 8.1241e-01 -3.0320e-02 1.0153e-01 -1.3026e+00 -1.6919e+01 -2.5856e+00 -6.6848e+00 7.9260e-01 -3.2206e+00 5.4311e-01 -9.5095e-01 -3.7875e+00 -1.0522e+00 -2.1315e+01 -6.2746e+00 -1.3017e-01 -5.7095e-01 -4.1821e+00 2.9058e+00 1.5209e+01 -1.1897e+00 -1.6199e+00 5.8428e+01 -1.0469e+00 4.0784e+00 -1.5084e+00 -6.0319e+00 6.6171e-01 1.0029e+01 2.0590e+01 3.0407e-01 -8.2577e-02 3.6486e+00 -5.3663e-01 -5.2249e-01 3.2300e-01 -2.5167e-01 -2.9839e-01 -9.8299e-02 -6.5044e-01 3.1367e-01 -1.5627e-01
-2.6630e+00 -1.6211e+00 -4.9491e-01 -3.6118e+00 5.0860e+00 1.2370e+00 -2.6132e+00 -9.1510e-01 1.8339e+00 -8.8649e-01 -2.8545e-01 6.9770e-01 1.1109e+00 3.5557e+00 -7.1715e+00 4.1551e+00 1.0502e+00 1.3397e+00 6.3830e+00 3.3832e+00 3.0125e+00 1.3691e+00 2.2088e-01 -1.8892e+00 5.1092e+00 2.6734e-02 -4.8889e-01 1.4400e+00 6.2271e-01 2.9203e+00 1.8981e+00 -4.8275e-01 -1.0469e+00 4.6475e+01 -1.9027e+00 -7.8014e+00 7.1207e+00 7.1648e-02 -5.1807e-01 -1.2582e+00 -2.3169e-01 8.5800e-01 5.2850e-02 1.7916e-01 5.2282e-01 1.5026e-01 -1.3010e+00 -1.9592e-01 -4.0367e-01 -4.2180e-01 -1.7858e+00 -9.9837e-01
-8.2628e-01 -1.1255e+00 9.9350e-03 -5.7520e+00 -1.5775e+00 -2.7546e+00 -7.1043e-01 5.2155e+00 -1.5632e+01 2.9599e-01 1.4361e-01 8.2123e-01 1.1482e+00 6.3835e+00 -1.0336e+01 1.5639e-01 1.1446e+00 -1.8425e+00 -5.1470e+00 -2.2672e-01 -1.6463e+00 -4.4391e+00 -6.1419e-01 -8.6328e+00 -1.4703e+01 -8.3401e-01 -9.8246e-01 7.5166e+00 -6.3755e-01 -4.1793e-01 -1.0887e+00 -2.0726e+00 4.0784e+00 -1.9027e+00 5.5505e+01 -4.7686e+00 -1.5956e+01 -1.8718e+00 9.4327e+00 -2.8589e+00 -9.6812e-03 1.7380e-01 -2.1545e+00 -3.6273e-01 3.5925e-01 -1.4670e-01 5.7339e+00 -5.0225e-01 -1.2638e-01 -7.4301e-01 -2.9965e-02 6.5053e-03
5.4461e-02 -2.6151e+00 7.1691e+00 1.8307e+00 -3.7785e+01 -4.5548e+01 3.2404e+01 1.6242e+01 4.6640e+01 2.9981e+00 3.3321e-01 1.6456e-01 -4.8562e-01 -1.1055e+01 5.1507e+01 -1.4895e+01 3.2481e+00 4.7488e+00 -2.2697e+00 -3.0175e+00 6.2167e+00 -7.8501e+00 -3.1133e+00 4.1550e+01 2.7113e+00 5.4058e-01 -1.3928e+00 -6.7158e+01 1.6530e+00 -1.9749e+01 1.1953e+00 1.2439e+00 -1.5084e+00 -7.8014e+00 -4.7686e+00 9.5294e+01 7.3892e-01 2.0986e+00 2.8464e+00 1.2677e+01 2.8393e-01 -2.3490e-01 -2.8516e-01 7.8445e-01 1.1097e+00 -4.7202e-02 -2.8639e-01 2.3314e-01 5.3747e-02 -1.3843e-01 1.0883e+01 -6.6815e-02
1.1689e+00 5.0362e+00 2.1951e+00 -1.7044e+01 -1.1482e+00 -4.6953e-01 7.0034e+00 -2.0270e+00 2.9210e+00 1.9571e+01 -2.0000e-01 -1.3887e-01 -3.0510e-01 -8.2246e+00 -1.9989e+01 -3.6930e-01 -4.6197e+00 -2.7596e-02 -3.7595e+00 4.3418e-01 9.4452e+00 -2.2891e+00 1.1725e+00 4.6225e+00 6.0274e+01 -4.4161e-01 8.8482e-01 3.0202e+00 -6.2777e-03 -1.8189e+00 2.8494e+00 -1.8441e+00 -6.0319e+00 7.1207e+00 -1.5956e+01 7.3892e-01 8.1101e+01 -8.6658e-01 -6.1283e+00 -1.4080e+00 1.4123e-01 1.7775e-01 -7.0433e-01 -9.0849e-01 1.5955e-02 -4.3998e-01 -6.1127e+00 1.4273e+00 2.1926e-01 2.4567e+00 -1.3665e-01 -2.0186e-02
-1.9741e+00 4.7046e-01 -9.5126e-02 -8.3806e-01 -4.0195e-01 -5.5910e+00 6.8369e+00 7.2539e-01 2.4679e+00 -6.3728e+00 -2.4829e-01 -1.4975e-01 1.5046e-01 -4.6357e+00 2.2144e+00 -1.4030e+00 4.7950e+00 -5.2734e-01 -1.6523e+00 -1.3846e-01 8.9365e-02 -1.7198e+00 -1.6685e-01 1.5264e+00 -5.7864e-01 -4.5331e-01 -1.3071e-01 -7.7935e+00 -6.8694e-01 -2.4050e+00 3.7787e-01 -2.0478e-01 6.6171e-01 7.1648e-02 -1.8718e+00 2.0986e+00 -8.6658e-01 2.5042e+01 9.5216e+00 -4.1718e-01 -1.6208e-01 1.8353e-02 -1.5928e+00 -7.4562e-02 -1.4499e-01 1.1540e+00 2.6964e-01 7.6914e-01 1.4259e-01 4.9253e-01 1.7404e-02 -1.7533e-01
-4.3088e+00 -2.2369e+00 -4.7386e+00 -6.1121e-02 -3.5735e+00 -3.9905e+00 1.1080e+00 8.5396e+00 -1.0281e+01 8.0963e+00 -3.5533e-01 -3.6206e-01 -3.4115e-02 5.9670e+00 -4.7856e+00 -1.3377e+00 -5.9540e+00 -9.9022e-01 -6.8192e-01 2.0245e-01 -1.5555e+00 -1.4038e+00 -5.5820e-01 -9.6033e+00 -4.3951e+00 -6.7847e-01 -2.1378e-01 -2.8780e+00 -1.1812e+00 -4.6728e+00 -5.3694e-01 -1.0147e+00 1.0029e+01 -5.1807e-01 9.4327e+00 2.8464e+00 -6.1283e+00 9.5216e+00 4.5599e+01 -3.6966e+00 -5.0214e-01 -3.6965e-01 -2.2047e+00 2.2437e+00 1.7074e-02 1.0774e+00 -1.6820e-01 -2.3764e-01 3.6037e-02 -3.2765e-01 2.7576e-01 -1.7272e-01
-3.3998e+00 -1.4927e+00 -1.0254e+01 1.1163e-01 2.1555e+00 3.7573e+00 1.8887e-01 -2.3806e+00 7.3517e+00 1.9056e+00 9.1156e-01 4.0422e-01 4.8980e-02 1.4998e+00 8.1218e+00 -2.1007e+00 -4.4950e+00 2.0817e+00 -1.5713e+00 -2.4852e-01 -3.6981e-01 -1.5421e+00 -4.1585e-01 7.6696e+00 -9.4687e-01 1.1819e+00 -3.9971e-01 -1.7939e+01 2.4397e+00 2.1680e+01 -1.9124e+00 -5.9160e-01 2.0590e+01 -1.2582e+00 -2.8589e+00 1.2677e+01 -1.4080e+00 -4.1718e-01 -3.6966e+00 5.7778e+01 1.9427e+00 -1.7837e-01 5.9024e+00 -5.9273e-01 3.8866e+00 4.7676e-01 -2.7463e-01 -1.1484e-01 -6.4400e-02 -2.8109e-01 2.6100e-01 2.5221e-01
-5.0310e-01 -2.5160e-01 -8.5399e-01 -2.2623e-01 9.9958e-02 1.4149e+00 -6.3405e-01 -3.1014e-01 -1.6108e+00 -2.3014e-01 -6.4583e-02 8.0061e-01 4.9623e-01 -5.1738e-01 -1.6067e+00 -1.4622e-01 -3.3709e-01 1.4778e-01 6.2714e-02 1.7331e-01 2.3787e-02 -2.5766e-01 -1.5045e-01 -7.1673e-01 1.7652e-01 -5.6261e-02 -7.0739e-02 2.5950e-01 -3.6464e-01 7.8054e-01 -2.1667e-01 -2.2931e-02 3.0407e-01 -2.3169e-01 -9.6812e-03 2.8393e-01 1.4123e-01 -1.6208e-01 -5.0214e-01 1.9427e+00 9.8573e+00 -4.5485e-02 -1.5559e-02 -6.0671e-02 6.8269e-01 -5.9112e-03 -8.3649e-02 -3.1217e-02 9.8314e-02 -9.5559e-02 4.4914e-02 -2.2747e-01
4.9467e-02 -1.7157e-01 -8.7129e-02 -2.7185e-01 -1.0310e-01 -3.9530e-01 -1.7896e-01 3.5535e-01 -6.7129e-01 2.0801e-01 -4.6284e-02 5.1568e-01 1.0156e-01 2.5920e-01 3.2257e-01 3.4474e-01 -1.1110e-01 3.3522e-01 2.2064e-01 2.2116e-02 -3.5154e-01 -2.4187e-01 -8.2217e-02 1.4028e-01 1.9138e-01 -5.3730e-02 2.6792e-01 4.0928e-01 3.7116e-01 1.4438e-01 -1.5342e-01 -1.1021e-01 -8.2577e-02 8.5800e-01 1.7380e-01 -2.3490e-01 1.7775e-01 1.8353e-02 -3.6965e-01 -1.7837e-01 -4.5485e-02 7.2973e+00 -1.2724e-01 -4.3177e-02 -2.9543e-02 5.2492e-03 3.7906e-01 -3.8661e-02 6.0200e-02 -2.1106e-02 -1.9308e-02 -4.6382e-03
5.7981e-01 8.6881e-01 -3.8057e+00 -1.3183e+00 1.4057e+00 1.4349e+00 -1.8818e+00 2.1201e+00 1.6570e+00 6.4708e+00 -2.6205e-01 -2.4176e-01 -2.1138e-01 -5.3513e-01 4.8351e-01 -1.1969e+00 -4.9579e+00 1.9937e+00 -1.0798e+00 4.1324e-02 6.5996e-02 -1.1971e+00 7.5915e-01 1.1063e+00 -6.9782e-01 -4.7091e-01 -2.2590e-01 9.4030e-01 -4.1709e-01 4.5059e+00 5.8085e-01 7.0352e+00 3.6486e+00 5.2850e-02 -2.1545e+00 -2.8516e-01 -7.0433e-01 -1.5928e+00 -2.2047e+00 5.9024e+00 -1.5559e-02 -1.2724e-01 3.0105e+01 -4.1990e-02 -1.1445e-01 5.1110e-01 -1.0336e-01 3.4631e-02 3.9140e-01 -2.4864e-01 3.0575e+00 -6.7919e-01
5.9752e-01 -2.8595e-01 -1.0063e+00 5.5217e-01 -3.9213e-01 -4.3799e-02 8.6290e-02 6.7155e-01 -4.4521e-01 2.4259e-02 -1.3955e-01 -3.3195e-02 1.1447e-02 1.0312e+00 -7.3248e-01 -1.7673e-01 -2.8930e-01 1.0902e+00 8.6497e-01 -2.1653e-01 1.5775e+00 1.3713e+00 -1.4025e-01 -7.0839e-01 -1.9900e-01 6.6518e-02 -8.8087e-02 -1.0383e+00 8.1799e-02 -9.0694e-01 -1.8740e-01 -8.7687e-02 -5.3663e-01 1.7916e-01 -3.6273e-01 7.8445e-01 -9.0849e-01 -7.4562e-02 2.2437e+00 -5.9273e-01 -6.0671e-02 -4.3177e-02 -4.1990e-02 9.9677e+00 -1.1605e-01 -7.0425e-02 -1.2781e-01 -4.4765e-02 -2.8502e-02 -1.5457e-01 2.3724e-02 4.9565e-03
1.9732e+00 -9.0288e-02 -2.6691e-01 -1.3562e-01 2.1875e+00 1.7605e+00 -1.6887e+00 -3.0275e-01 1.1442e+00 -2.0113e-01 1.8713e-02 -4.2876e-02 -1.2056e-01 -3.5153e-02 7.5217e-01 -4.7532e-02 -2.6716e-01 -8.6343e-02 2.5173e-01 -2.4033e-01 8.8261e-02 -8.7386e-02 -3.1161e-01 7.8517e-01 8.2394e-02 6.2758e-01 8.5093e-03 -1.9421e+00 -2.6896e-01 -1.2905e+00 -4.5125e-01 -4.3536e-02 -5.2249e-01 5.2282e-01 3.5925e-01 1.1097e+00 1.5955e-02 -1.4499e-01 1.7074e-02 3.8866e+00 6.8269e-01 -2.9543e-02 -1.1445e-01 -1.1605e-01 1.0461e+01 5.5388e-02 -9.0134e-02 -3.5196e-02 -2.2948e-02 -4.9092e-02 2.2498e-02 -1.4137e-02
-8.2917e-02 1.1503e+00 -1.5889e+00 -9.9886e-02 -1.6300e-01 5.6397e-02 3.4779e-01 2.4229e-01 2.0322e-01 1.8317e-02 -3.6035e-02 -2.9393e-02 -4.2440e-02 2.4758e-01 3.3272e-01 -1.5413e-01 1.0304e+00 -1.1567e-01 -2.8549e-01 2.5923e-01 -1.0537e-01 3.2170e-01 -4.2169e-02 -2.3365e-02 -4.7888e-01 -7.5451e-02 -7.2983e-02 -9.6836e-01 -3.5979e-02 2.6789e-01 8.9072e-01 -4.8875e-02 3.2300e-01 1.5026e-01 -1.4670e-01 -4.7202e-02 -4.3998e-01 1.1540e+00 1.0774e+00 4.7676e-01 -5.9112e-03 5.2492e-03 5.1110e-01 -7.0425e-02 5.5388e-02 5.6913e+00 -6.6058e-03 -1.7375e-02 -3.4331e-02 -6.3305e-02 -5.9412e-02 1.6394e-02
-8.6044e-02 1.7051e-01 -4.5213e-01 2.5066e-01 -1.2439e-01 1.0935e-02 -3.1333e-01 9.7634e-02 3.9336e-01 3.3691e-01 5.5781e-02 -4.1380e-02 1.5742e-02 -6.0548e-02 -2.0966e+00 2.5908e-01 1.9964e-01 -3.1460e-02 -4.5197e-01 -9.0154e-02 4.4667e-02 -2.7044e-01 -1.0149e-01 8.1102e-02 -2.4069e+00 -8.1657e-02 -3.0491e-01 -1.5933e+00 2.9420e-03 6.9509e-02 -7.5621e-01 3.4120e-01 -2.5167e-01 -1.3010e+00 5.7339e+00 -2.8639e-01 -6.1127e+00 2.6964e-01 -1.6820e-01 -2.7463e-01 -8.3649e-02 3.7906e-01 -1.0336e-01 -1.2781e-01 -9.0134e-02 -6.6058e-03 1.4210e+01 -5.7540e-02 3.2086e-01 -1.9059e-01 2.9182e-02 -7.3578e-02
9.4735e-03 -9.6313e-01 1.0789e-01 7.3922e-03 -2.0859e+00 -5.5761e-01 -6.9142e-01 -4.9389e-02 -5.6169e-01 8.8078e-01 -6.5902e-02 -2.5825e-02 -4.1271e-02 -3.2799e-01 6.0549e-01 -2.0229e-02 -2.2675e-01 -1.2567e-01 -6.2901e-01 -3.7042e-02 -1.4541e-01 -2.7198e-01 4.4218e-03 1.8623e-01 1.5774e+00 2.6673e-02 -1.6902e-01 -1.6335e-01 8.4748e-02 -9.9932e-02 -2.6088e-02 -1.7989e-02 -2.9839e-01 -1.9592e-01 -5.0225e-01 2.3314e-01 1.4273e+00 7.6914e-01 -2.3764e-01 -1.1484e-01 -3.1217e-02 -3.8661e-02 3.4631e-02 -4.4765e-02 -3.5196e-02 -1.7375e-02 -5.7540e-02 6.4450e+00 2.1280e-02 1.5884e+00 5.5668e-02 -1.5565e-01
-8.4432e-02 -1.0808e-01 -9.7033e-02 -1.2625e-01 5.2583e-02 -1.5111e-01 -1.1739e-01 4.1078e-02 -1.1237e-01 2.3441e-01 4.1647e-02 -1.4992e-02 1.6010e-02 -2.0291e-01 -4.5839e-01 -1.0492e-01 -2.9025e-01 1.2300e-01 1.0121e+00 -2.9901e-02 -2.4604e-01 -1.9429e-01 -4.1807e-02 2.1955e-01 2.9590e-01 -3.1670e-02 -8.2364e-02 3.3133e-02 -5.2619e-02 -1.9452e-01 -1.9381e-01 4.3513e-01 -9.8299e-02 -4.0367e-01 -1.2638e-01 5.3747e-02 2.1926e-01 1.4259e-01 3.6037e-02 -6.4400e-02 9.8314e-02 6.0200e-02 3.9140e-01 -2.8502e-02 -2.2948e-02 -3.4331e-02 3.2086e-01 2.1280e-02 6.2596e+00 -6.6662e-02 -9.7680e-02 -4.1883e-02
-6.1970e-02 -3.6844e-01 2.5257e-02 1.4082e+00 3.2956e-01 -6.7469e-02 -7.7855e-01 1.3491e-01 -4.5345e-01 1.6703e+00 1.2597e+00 -5.5240e-02 -1.0777e-01 5.1055e-01 1.6187e+00 -4.5672e-02 -9.6083e-01 -3.1180e-01 -1.0215e+00 1.2610e+00 -7.6398e-01 -3.7618e-01 -3.3417e-02 2.4880e-01 2.1972e+00 -5.8689e-02 -5.4768e-02 5.3469e-01 -6.0084e-02 -7.0278e-02 -9.9615e-02 -1.2526e-01 -6.5044e-01 -4.2180e-01 -7.4301e-01 -1.3843e-01 2.4567e+00 4.9253e-01 -3.2765e-01 -2.8109e-01 -9.5559e-02 -2.1106e-02 -2.4864e-01 -1.5457e-01 -4.9092e-02 -6.3305e-02 -1.9059e-01 1.5884e+00 -6.6662e-02 1.4253e+01 -2.4911e-02 1.9755e-02
1.0832e-01 3.8351e-01 -2.8177e-01 7.4417e-03 -3.8310e-01 1.7742e+00 -6.0807e-01 1.9117e+00 4.0801e-01 1.2976e-01 -2.6011e-01 -3.8386e-01 -9.5668e-01 2.3434e-01 2.9222e+00 5.9986e-02 -1.0621e+00 3.2692e-02 -3.2462e-01 5.1947e-01 -1.2600e-01 -1.7761e+00 -2.2148e-01 1.6692e+00 1.3268e+00 1.5710e-02 -6.1828e-01 7.1136e+00 -2.4657e-03 -5.2314e-01 -5.2101e-01 -4.0824e-01 3.1367e-01 -1.7858e+00 -2.9965e-02 1.0883e+01 -1.3665e-01 1.7404e-02 2.7576e-01 2.6100e-01 4.4914e-02 -1.9308e-02 3.0575e+00 2.3724e-02 2.2498e-02 -5.9412e-02 2.9182e-02 5.5668e-02 -9.7680e-02 -2.4911e-02 2.0120e+01 3.0212e+00
1.2264e-01 -8.0774e-01 -8.7933e-02 -1.0979e-01 2.5243e-01 1.0841e+01 -1.3838e+00 -1.0463e+00 -2.1268e+00 -4.7815e-01 -2.6684e-01 -2.7745e-01 -7.0937e-01 -4.5349e-01 1.9157e+00 2.2875e-01 5.0614e-01 -7.9366e-02 -1.3022e-01 -6.4321e-02 -1.5020e+00 -7.0411e-01 -1.0089e-01 5.2554e+00 -4.1329e-01 4.2214e-02 -2.7420e-01 3.5888e+00 -7.3159e-02 -2.4684e-01 6.4265e-01 -5.9097e-02 -1.5627e-01 -9.9837e-01 6.5053e-03 -6.6815e-02 -2.0186e-02 -1.7533e-01 -1.7272e-01 2.5221e-01 -2.2747e-01 -4.6382e-03 -6.7919e-01 4.9565e-03 -1.4137e-02 1.6394e-02 -7.3578e-02 -1.5565e-01 -4.1883e-02 1.9755e-02 3.0212e+00 1.5703e+01
