1.1316e+02 -4.3878e+01 -6.7845e+00 2.2479e-01 -1.7603e+00 -3.9674e+01 -1.5253e+01 5.0928e+00 -1.0170e+01 2.3840e-01 1.5615e+01 -5.1984e+00 1.1718e+01 -3.7334e+00 4.1402e+01 -2.1796e+00 6.2062e-01 -9.5050e+00 8.3145e+00 -1.2411e+00 -3.8394e+00 4.9173e+00 -7.8868e+00 1.3181e+00 1.9625e+00 1.5852e+00 -1.0166e+01 -1.6136e-01 -2.2862e-01 -2.8640e+00 -6.9771e+00 -1.6955e+00 -4.3033e+00 2.1853e+00 -3.0072e-01 -2.2512e+01 1.6802e+00 -3.1570e+00 -8.2856e-01 -9.7168e-01 -5.7752e-01 4.2858e-02 -2.6675e+00 -2.1460e+00 9.6379e-02 1.4860e+00 -1.1157e-01 1.0908e+00 1.2191e+00 -9.2635e-01 1.2773e+00 1.8476e-01
-4.3878e+01 1.1068e+02 2.4358e+00 -1.8409e+00 -1.6321e+00 1.7964e+01 -1.5179e+01 -7.1106e+00 6.5042e+00 -3.6965e+00 -1.0357e+01 9.1006e-01 -7.9977e+00 -1.8619e+00 -1.5936e+01 -2.6396e+00 -3.3401e+00 -1.0400e+00 -3.4025e+00 1.0553e+00 1.1267e+01 -6.3457e+00 6.3435e+00 -1.3858e+00 -5.5691e+00 -1.8568e+01 -6.2269e-01 8.7208e-03 5.2456e-01 7.9209e-01 2.5683e+00 -7.6925e-02 -1.7595e+01 -2.5646e-01 -3.1428e+00 8.7208e+00 -2.2015e+00 -1.2301e+00 4.5236e+00 -7.5474e-01 2.0338e+00 6.9796e-02 1.0675e+00 -1.2147e+00 -1.1913e-01 -1.0943e+00 -3.2710e-01 6.6878e-01 -8.5578e-01 2.7633e+00 -1.4756e+00 -4.3292e+00
-6.7845e+00 2.4358e+00 4.4461e+01 3.1727e-01 3.6881e+00 1.3058e+01 7.3979e-01 4.5392e+00 -7.1091e-01 -1.5893e-01 -1.3696e+00 1.6489e+00 -4.9335e-01 6.7860e+00 -7.8734e+00 -9.8219e-01 -1.1205e+00 1.5214e+01 -1.2186e-01 -1.2645e+00 -4.7445e+00 -1.0992e+00 -6.2288e+00 1.4612e-03 -1.5636e+00 5.6786e+00 6.4451e-01 4.1654e-02 5.6918e-02 -9.8778e+00 -1.9307e+00 2.5769e-02 3.6321e+00 3.7348e-01 1.9206e+01 1.7943e+01 1.7813e+01 1.2881e-01 -7.1400e-04 4.7458e-01 4.7652e-01 -4.5383e-01 -2.3419e+00 -1.5749e-01 -4.9325e-01 3.7993e-02 2.9183e-01 -3.0030e-01 -4.3645e-01 9.2990e-03 -9.0680e-03 -1.3277e-01
2.2479e-01 -1.8409e+00 3.1727e-01 4.2166e+01 -2.9570e+00 5.0268e+00 -4.2932e-01 3.3924e+00 8.3657e-01 -2.0846e+00 -3.1341e-01 -4.2337e-01 1.2245e-01 -1.8846e+00 -2.9424e+00 9.2800e-02 1.5308e-01 1.3032e+00 -1.9630e+00 2.7543e-01 5.2479e-01 6.2438e-01 6.2443e-01 6.7946e+00 -2.0912e+00 3.7531e+00 1.1726e+00 -1.0126e+00 -1.7899e+00 4.8310e-01 2.2709e-02 1.2589e+00 8.4650e+00 -2.5330e+00 1.1914e+00 2.4179e+00 3.8246e-01 -2.0358e-01 1.0567e+00 1.5336e+00 -2.8679e-01 1.6172e-01 4.9652e-01 1.7019e-01 2.7702e-02 -7.3264e-02 -7.7185e-02 1.2465e-01 9.2744e-01 4.6937e-02 6.9494e+00 -3.8302e+00
-1.7603e+00 -1.6321e+00 3.6881e+00 -2.9570e+00 4.5982e+01 2.6290e-02 -1.7257e+00 9.5657e+00 -1.8542e+00 -1.3483e+00 1.5757e+00 5.8518e+00 3.7065e-01 -2.0881e+00 -1.6505e+00 6.4278e-01 9.9264e-02 1.8300e+01 3.9413e+00 1.3520e-01 -3.0183e+00 -2.2685e+00 7.1869e-01 -1.6013e+00 -7.4992e-01 1.0103e+00 -1.3397e+01 -2.1049e-01 -3.7904e+00 -2.1469e+00 -8.0569e-01 -9.2663e+00 -5.1975e-01 -4.0121e-01 1.0757e+01 2.5511e+00 1.4129e+01 3.7799e-02 1.8111e+01 -3.7801e-01 -1.2884e+00 -1.1242e-01 -3.6908e-01 -7.4341e-01 -4.8685e-01 1.4251e-01 -2.7780e-01 2.3997e-02 -1.0833e+00 -2.3727e-01 -1.4249e+00 8.1585e-01
-3.9674e+01 1.7964e+01 1.3058e+01 5.0268e+00 2.6290e-02 8.9868e+01 -1.1688e+00 -3.9962e+00 -5.8524e+00 -2.5274e-01 -5.3945e+00 1.2355e-01 -2.9491e+00 8.2976e-01 -3.0211e+01 2.6045e+00 -2.8368e+00 8.4556e+00 -1.5498e+00 9.3356e-01 9.3732e-01 -5.6769e+00 5.3475e+00 7.6090e-01 -7.6291e+00 1.5858e+01 7.4393e+00 -6.1093e-03 -4.6637e-03 4.1776e+00 9.3282e+00 -1.0703e+00 2.5427e+01 -1.8220e+00 3.7509e+00 2.3262e+01 2.4632e+00 -1.3450e+00 3.1119e+00 -8.6004e-01 -3.0150e-01 3.2357e-02 3.4715e+00 9.4920e-01 4.2288e-01 8.8731e-01 -3.5410e-02 -1.5363e-01 -1.1328e+00 2.7715e+00 6.7977e-01 -2.7930e-01
-1.5253e+01 -1.5179e+01 7.3979e-01 -4.2932e-01 -1.7257e+00 -1.1688e+00 9.1946e+01 -2.0261e+01 2.9868e+01 3.1667e-01 -7.9284e+00 5.6013e-01 -2.4296e+00 1.5276e+00 -3.2100e+00 6.5483e+00 -9.8793e-01 6.1139e+00 -1.3225e+01 3.7963e-01 -5.9408e+00 1.8374e+00 1.6576e+00 -4.9883e-01 4.7097e+00 2.1623e+01 4.0392e+00 -1.4334e-01 -3.1159e+00 7.3909e-01 9.4766e-01 -1.5366e-01 1.2337e+01 -2.8526e+00 4.1949e+00 2.3241e+01 2.9191e+00 2.6511e+00 -2.3529e+00 2.9192e-01 -1.1408e+00 3.8065e-01 6.2578e-02 -1.4634e+00 -9.3396e-02 1.5205e+00 2.2441e-01 -1.8054e+00 7.6343e-01 -1.2372e+00 -3.0556e-01 8.6605e-02
5.0928e+00 -7.1106e+00 4.5392e+00 3.3924e+00 9.5657e+00 -3.9962e+00 -2.0261e+01 8.4208e+01 -2.9267e+01 2.1323e-01 -2.3904e+00 1.2501e+00 -2.7157e+00 -8.6241e+00 9.7936e+00 -3.1072e+00 4.1909e+00 6.0945e+00 1.5994e+01 -6.0042e-01 -6.5363e+00 -1.5219e+00 -6.0187e+00 5.7428e-01 2.7670e+00 1.8742e+00 1.1482e+00 1.1717e+00 -7.1736e+00 -1.0700e+00 1.8029e+00 4.2542e+00 1.6219e+01 -1.8973e-01 -5.7757e+00 -9.5828e+00 -5.3909e+00 -1.6351e-01 2.2557e+00 3.6531e-01 -2.2217e-01 9.1899e-02 9.1293e-01 -5.5819e-01 1.3179e-01 -4.1923e-01 -1.9639e-01 8.6929e-01 1.7283e+00 -1.0004e+00 6.6852e-01 1.8909e-01
-1.0170e+01 6.5042e+00 -7.1091e-01 8.3657e-01 -1.8542e+00 -5.8524e+00 2.9868e+01 -2.9267e+01 7.2832e+01 -2.4308e-01 5.1941e+00 1.8038e-01 2.8453e+00 5.1940e-01 -1.5182e+01 3.8441e+00 -2.0785e+00 2.2635e+00 -1.5623e+01 -1.9773e-01 -5.8206e+00 7.8906e-01 7.9157e-01 -1.1728e-01 5.1995e-01 -3.5154e+00 2.2327e+00 -9.9654e-01 -2.5327e-01 -3.8468e-01 -1.5088e+00 1.2792e-01 -7.6615e+00 -3.2736e-02 1.4211e+00 9.3191e+00 7.6521e-01 1.3768e+00 -1.5061e+00 1.2551e-01 9.9223e-01 2.0428e-01 4.3010e-01 7.8721e-01 -3.1410e-01 8.0955e-01 2.5773e-01 -1.7373e+00 -2.4654e+00 1.3704e+00 -1.5220e-01 -3.0465e-01
2.3840e-01 -3.6965e+00 -1.5893e-01 -2.0846e+00 -1.3483e+00 -2.5274e-01 3.1667e-01 2.1323e-01 -2.4308e-01 1.9951e+01 2.8630e-01 3.5823e-01 -6.7655e-03 -1.6220e+00 2.2595e-01 -1.0626e-02 4.1908e-01 -1.5902e-01 -7.1815e-01 -2.1500e-02 1.5638e-01 -3.3082e-01 -1.1345e+00 1.8390e-01 1.4912e+00 -6.8544e-02 2.4009e-02 -2.1150e+00 1.0851e-02 -2.0797e-02 -8.9978e-02 -9.3767e-02 4.7140e-01 1.7501e+00 -5.2883e-01 1.7166e-02 6.1188e-01 -2.7409e-01 -1.9900e-01 -3.7089e-01 -1.6734e-01 -1.1315e-01 5.8045e-03 1.7478e-01 2.4889e-02 4.1324e-02 -2.6053e-01 -1.0500e-01 2.1080e-01 4.0980e-03 -2.0980e-02 1.5171e+01
1.5615e+01 -1.0357e+01 -1.3696e+00 -3.1341e-01 1.5757e+00 -5.3945e+00 -7.9284e+00 -2.3904e+00 5.1941e+00 2.8630e-01 3.9587e+01 6.6783e-02 1.5421e+01 -1.4089e+00 -9.9641e+00 -1.4567e+00 3.2898e+00 -5.2309e+00 -1.5298e+00 -4.4405e-01 -1.3394e+00 -1.6985e+00 -2.4964e+00 -1.1857e+00 4.9676e+00 -1.5982e+01 -1.4307e+00 -1.6855e-01 -4.3155e-01 -2.9597e-01 -2.3344e+00 -2.3164e-01 2.2803e+00 1.6692e-01 -3.5800e+00 -1.1195e+01 -4.2864e+00 -1.3502e+00 -1.2473e+00 -2.3251e-01 -6.8819e-02 1.7174e-02 -5.9201e-01 -5.0008e-01 -3.5654e-01 -3.5641e-01 4.8932e-02 -5.0538e-01 -3.5766e-01 -4.4334e-01 -1.1979e+00 1.6923e-01
-5.1984e+00 9.1006e-01 1.6489e+00 -4.2337e-01 5.8518e+00 1.2355e-01 5.6013e-01 1.2501e+00 1.8038e-01 3.5823e-01 6.6783e-02 5.2332e+01 9.6802e-02 -1.9089e+00 9.4457e+00 -1.8240e+00 -1.1415e+00 4.4813e+00 -1.7091e+00 -2.1322e+00 -1.2477e+00 2.0599e+00 -1.0524e+01 1.1750e+00 4.9216e+00 -4.9850e-01 -1.2187e+01 -5.2089e-01 -3.5638e+00 -7.0277e-01 2.5432e-01 -3.8499e+00 -5.3155e-01 -2.1996e+00 9.6174e+00 1.9636e+00 1.2193e+01 4.2690e-01 5.3458e+00 4.3511e-01 -4.7916e-01 -1.8932e-01 -1.4581e+00 -1.0242e+00 8.5277e-02 -1.0222e+00 -2.0207e-01 1.7459e-01 1.9076e-01 -6.8502e-01 1.1712e+00 2.8133e-01
1.1718e+01 -7.9977e+00 -4.9335e-01 1.2245e-01 3.7065e-01 -2.9491e+00 -2.4296e+00 -2.7157e+00 2.8453e+00 -6.7655e-03 1.5421e+01 9.6802e-02 2.1977e+01 -2.9745e-01 -4.6101e+00 -9.0639e-01 3.4573e+00 -2.5628e+00 -1.5648e+00 6.1489e-02 -9.0036e-01 -7.7653e-01 -1.1822e+00 1.8316e-01 -2.3484e+00 -1.1131e+01 -1.3174e+00 -1.6721e-01 -1.2522e-01 -3.7540e-01 -1.0106e+00 -1.0575e-01 1.8197e+00 -2.4154e-01 -1.5943e+00 -5.7878e+00 -2.0936e+00 -7.8699e-01 -6.2333e-01 -1.1230e-01 -4.2898e-02 -9.2902e-02 -5.7488e-02 -3.4446e-01 -2.2125e-02 -1.5221e-01 4.2538e-02 -2.9779e-01 -1.5335e-01 -5.9444e-02 1.7862e-01 -2.6018e-02
-3.7334e+00 -1.8619e+00 6.7860e+00 -1.8846e+00 -2.0881e+00 8.2976e-01 1.5276e+00 -8.6241e+00 5.1940e-01 -1.6220e+00 -1.4089e+00 -1.9089e+00 -2.9745e-01 3.5464e+01 -6.7272e+00 -1.0870e-02 -5.0774e-01 -8.9813e+00 1.5513e+00 -4.4129e-01 -1.1862e+00 -1.0910e+00 -2.1490e+00 -1.6992e-01 8.4289e-01 1.7934e+00 1.8484e+00 2.3855e-02 7.5331e+00 -3.0774e+00 -1.1819e+00 8.9988e-01 4.1041e+00 -7.2421e-01 6.9085e+00 7.7187e+00 6.9385e+00 5.1483e+00 -1.9265e+00 -1.0105e-01 1.8154e-01 -1.0074e-01 -1.2015e+00 -4.4428e-01 -2.6663e-01 9.0703e-01 1.7352e-01 -1.6523e-01 -6.8500e-02 -2.5401e-01 -1.7487e-01 7.4674e-01
4.1402e+01 -1.5936e+01 -7.8734e+00 -2.9424e+00 -1.6505e+00 -3.0211e+01 -3.2100e+00 9.7936e+00 -1.5182e+01 2.2595e-01 -9.9641e+00 9.4457e+00 -4.6101e+00 -6.7272e+00 9.6810e+01 -1.6427e+00 -2.6697e+00 -1.7247e+01 1.1965e+01 -1.2826e+00 -1.7431e+00 -3.1419e+00 -1.1163e+01 6.5821e-01 8.3022e+00 2.3847e+01 -1.3553e+01 -5.4561e-01 -2.4854e+00 -2.6564e+00 -2.1739e-01 -1.9000e+00 -1.5432e+01 1.3738e+00 -2.9312e+00 -2.3025e+01 3.5554e-01 -2.5159e+00 4.7320e-01 -8.7452e-01 -4.0545e-01 -8.9240e-02 -1.9165e+00 -1.8621e+00 -3.0667e-04 -1.1126e+00 -1.9204e-01 1.6284e+00 -6.0463e-01 -2.0043e+00 6.5368e-01 2.6835e-01
-2.1796e+00 -2.6396e+00 -9.8219e-01 9.2800e-02 6.4278e-01 2.6045e+00 6.5483e+00 -3.1072e+00 3.8441e+00 -1.0626e-02 -1.4567e+00 -1.8240e+00 -9.0639e-01 -1.0870e-02 -1.6427e+00 2.7455e+01 -2.5290e-01 -1.9318e-01 -1.3505e+00 -4.2526e-01 3.9870e+00 -4.3663e-01 -9.6618e-01 1.2785e-01 -7.3736e-01 5.8285e+00 7.0006e-01 -4.8333e-01 6.9593e-01 2.2998e+00 7.2359e-02 -3.3231e-02 2.5187e+00 1.4536e+00 1.1417e+00 4.3973e-02 1.5103e+00 -2.8113e-01 1.0493e+00 1.7616e-01 -2.9151e-01 4.0678e-03 2.4905e-01 -9.9320e-01 -1.6331e-01 4.3837e+00 -9.4416e-02 -3.8114e-01 -6.4275e-01 -4.0095e-01 1.2733e-01 2.6404e-02
6.2062e-01 -3.3401e+00 -1.1205e+00 1.5308e-01 9.9264e-02 -2.8368e+00 -9.8793e-01 4.1909e+00 -2.0785e+00 4.1908e-01 3.2898e+00 -1.1415e+00 3.4573e+00 -5.0774e-01 -2.6697e+00 -2.5290e-01 2.1096e+01 -7.9849e-01 1.4032e+00 -3.8825e-01 -1.0345e+00 -4.1054e-01 1.6507e+00 -7.5897e-01 5.8318e-01 -2.0268e+00 1.8455e+00 -2.0836e-01 -1.7128e-01 3.2403e-02 1.7976e+00 -3.1897e-01 -5.5618e-01 -1.5579e-01 -3.6279e+00 -3.1641e+00 -3.5445e+00 -1.9366e-01 4.1202e-01 -5.0738e-01 5.3816e-02 6.2561e-01 7.7893e-01 -5.5418e-01 -1.2900e-01 -1.4800e-01 -5.1494e-02 -1.2353e-01 -6.2495e-01 -2.0423e-01 -5.4885e-01 3.1941e-01
-9.5050e+00 -1.0400e+00 1.5214e+01 1.3032e+00 1.8300e+01 8.4556e+00 6.1139e+00 6.0945e+00 2.2635e+00 -1.5902e-01 -5.2309e+00 4.4813e+00 -2.5628e+00 -8.9813e+00 -1.7247e+01 -1.9318e-01 -7.9849e-01 8.0170e+01 -3.4745e+00 -5.8621e+00 -4.7950e+00 9.5334e+00 -4.1151e+00 3.9437e+00 -4.9309e+00 1.4901e+01 -1.7887e+01 4.3582e-02 -5.1714e+00 -6.0216e+00 5.4504e+00 -6.0471e+00 8.2189e+00 8.5674e-01 3.8670e+01 2.6731e+01 3.7834e+01 -1.5259e+00 1.6723e+01 -1.6177e+00 8.6211e-01 -2.2866e-02 -2.4714e+00 -1.8563e+00 2.4366e-01 -9.1667e-05 2.0919e-01 -1.8434e-01 -8.2402e-01 -5.2035e-01 3.9363e+00 -1.9487e-01
8.3145e+00 -3.4025e+00 -1.2186e-01 -1.9630e+00 3.9413e+00 -1.5498e+00 -1.3225e+01 1.5994e+01 -1.5623e+01 -7.1815e-01 -1.5298e+00 -1.7091e+00 -1.5648e+00 1.5513e+00 1.1965e+01 -1.3505e+00 1.4032e+00 -3.4745e+00 3.8141e+01 1.4520e+00 -1.0977e+00 -8.8516e-01 -3.4633e+00 -3.8858e+00 -2.0517e-01 7.7864e+00 -3.0632e+00 -6.9784e-01 4.5621e+00 -2.7801e-01 -1.7458e-01 7.9058e-01 3.8095e+00 -1.4060e+00 9.6346e-01 -9.5636e+00 -3.3765e-01 -8.2574e-01 4.5294e-01 1.1650e+00 -1.4465e-01 8.2134e-02 -2.4206e-01 -1.2283e+00 3.3355e-01 -1.9045e-01 -1.7586e-01 1.3338e+00 -8.2108e-01 -5.6640e-01 -3.6965e+00 1.5360e+00
-1.2411e+00 1.0553e+00 -1.2645e+00 2.7543e-01 1.3520e-01 9.3356e-01 3.7963e-01 -6.0042e-01 -1.9773e-01 -2.1500e-02 -4.4405e-01 -2.1322e+00 6.1489e-02 -4.4129e-01 -1.2826e+00 -4.2526e-01 -3.8825e-01 -5.8621e+00 1.4520e+00 2.0228e+01 1.0377e+00 3.5311e-01 -3.5929e+00 -4.7940e+00 -1.1464e+00 1.2863e+00 -3.9216e+00 -1.3641e-01 -8.0627e-01 -6.1786e-01 4.3135e+00 -7.8958e-01 2.4093e-01 -4.6151e-01 3.6986e-01 2.3291e+00 -2.3742e+00 2.5343e+00 -3.7905e+00 1.4258e+00 -7.5332e-02 -1.5164e-01 4.4052e+00 8.4223e-01 -1.6357e-01 -2.9046e-01 -1.2257e-01 -1.0889e-01 -1.9337e-01 -2.5095e-01 -4.7979e+00 -3.3393e-02
-3.8394e+00 1.1267e+01 -4.7445e+00 5.2479e-01 -3.0183e+00 9.3732e-01 -5.9408e+00 -6.5363e+00 -5.8206e+00 1.5638e-01 -1.3394e+00 -1.2477e+00 -9.0036e-01 -1.1862e+00 -1.7431e+00 3.9870e+00 -1.0345e+00 -4.7950e+00 -1.0977e+00 1.0377e+00 4.3499e+01 -5.3840e-01 1.0853e+01 -6.4598e-03 -1.3111e+00 -3.6421e+00 3.9462e-01 1.8494e+00 8.4949e-01 -5.9268e-01 -2.1649e+00 2.5341e+00 -1.1512e+00 1.3858e-01 -4.8191e+00 -5.9090e+00 -4.4459e+00 -1.0457e+00 2.6488e+00 -2.4657e-01 -4.6580e-01 -2.6195e-01 -1.3979e+00 2.1908e-01 3.2546e-01 -1.7060e-01 -1.3007e-01 2.5178e-01 -1.5106e+00 -4.9973e-01 -4.3770e-02 1.2440e-01
4.9173e+00 -6.3457e+00 -1.0992e+00 6.2438e-01 -2.2685e+00 -5.6769e+00 1.8374e+00 -1.5219e+00 7.8906e-01 -3.3082e-01 -1.6985e+00 2.0599e+00 -7.7653e-01 -1.0910e+00 -3.1419e+00 -4.3663e-01 -4.1054e-01 9.5334e+00 -8.8516e-01 3.5311e-01 -5.3840e-01 2.0820e+01 -2.1740e+00 1.6170e-01 4.5588e-01 2.1137e+00 -2.5402e+00 6.9802e-02 -2.5187e-01 -3.3045e-01 -2.2953e+00 -4.3213e-01 3.3381e+00 -6.4921e-01 7.5338e+00 7.8155e+00 5.8013e+00 -6.8134e-01 -2.4427e+00 -1.4236e-01 -3.1633e-03 -5.0199e-02 -6.1820e-01 3.3826e-01 4.2148e-01 -1.9422e-01 1.7270e-01 7.6606e-01 1.0571e-01 -3.4656e-01 2.4724e-01 -4.2153e-01
-7.8868e+00 6.3435e+00 -6.2288e+00 6.2443e-01 7.1869e-01 5.3475e+00 1.6576e+00 -6.0187e+00 7.9157e-01 -1.1345e+00 -2.4964e+00 -1.0524e+01 -1.1822e+00 -2.1490e+00 -1.1163e+01 -9.6618e-01 1.6507e+00 -4.1151e+00 -3.4633e+00 -3.5929e+00 1.0853e+01 -2.1740e+00 9.1484e+01 4.0259e+00 -6.1029e+00 1.2257e+00 2.4888e+01 1.3259e+00 -2.8717e+00 -7.0750e-01 -4.4993e+00 -4.4598e-01 8.6500e+00 1.4533e+00 -2.7221e+01 -9.0974e+00 -2.4206e+01 -1.4034e+00 1.4535e+01 -1.4916e-01 -4.1460e-01 3.4887e-01 -3.7843e-01 -4.2408e+00 -2.1109e-01 -7.1012e-01 -5.5835e-01 8.0613e-01 8.3050e+00 3.2553e-01 3.9476e+00 -1.5022e+00
1.3181e+00 -1.3858e+00 1.4612e-03 6.7946e+00 -1.6013e+00 7.6090e-01 -4.9883e-01 5.7428e-01 -1.1728e-01 1.8390e-01 -1.1857e+00 1.1750e+00 1.8316e-01 -1.6992e-01 6.5821e-01 1.2785e-01 -7.5897e-01 3.9437e+00 -3.8858e+00 -4.7940e+00 -6.4598e-03 1.6170e-01 4.0259e+00 2.2262e+01 -4.8144e-01 4.2246e+00 1.8875e+00 -1.5067e-01 1.8487e-01 9.9452e-02 -3.9741e-01 -1.1991e-01 7.3208e+00 -1.5452e+00 -5.7684e-01 -6.9630e-02 1.6850e+00 -1.6103e-01 3.6743e+00 -2.2624e+00 -1.5322e-01 -7.7422e-02 1.5316e-01 -1.3577e+00 1.0600e-01 7.2799e-02 -2.2425e-01 -1.1921e-01 2.3517e+00 1.9094e-01 2.0845e+01 -4.7994e-01
1.9625e+00 -5.5691e+00 -1.5636e+00 -2.0912e+00 -7.4992e-01 -7.6291e+00 4.7097e+00 2.7670e+00 5.1995e-01 1.4912e+00 4.9676e+00 4.9216e+00 -2.3484e+00 8.4289e-01 8.3022e+00 -7.3736e-01 5.8318e-01 -4.9309e+00 -2.0517e-01 -1.1464e+00 -1.3111e+00 4.5588e-01 -6.1029e+00 -4.8144e-01 5.3952e+01 6.6986e+00 -6.3303e+00 -1.3018e-01 -1.7599e+00 -8.8813e-01 -1.6180e+00 3.7427e+00 5.5750e+00 -2.2848e+00 -1.0230e+01 -1.2169e+01 -8.8292e+00 -1.8638e+00 -7.3821e+00 -3.2685e-01 -1.6104e-01 1.6943e-01 -6.2186e-01 3.7746e+00 -9.4151e-02 -6.9422e-01 -2.3917e-01 -2.8272e-01 6.8097e-01 -1.0871e+00 -3.6843e-01 1.1093e+00
1.5852e+00 -1.8568e+01 5.6786e+00 3.7531e+00 1.0103e+00 1.5858e+01 2.1623e+01 1.8742e+00 -3.5154e+00 -6.8544e-02 -1.5982e+01 -4.9850e-01 -1.1131e+01 1.7934e+00 2.3847e+01 5.8285e+00 -2.0268e+00 1.4901e+01 7.7864e+00 1.2863e+00 -3.6421e+00 2.1137e+00 1.2257e+00 4.2246e+00 6.6986e+00 1.2838e+02 4.2372e-01 2.3936e-01 1.0643e+00 -4.9214e+00 3.4398e+00 -2.8106e+00 4.2708e+01 -7.4873e-01 1.5046e+01 3.2426e+01 1.6212e+01 1.7704e+00 8.3978e+00 9.3587e-01 -1.0724e+00 -5.3121e-01 -2.0851e+00 -5.9714e-01 9.1678e-01 1.8542e+00 7.6773e-02 -7.2743e-01 -4.4608e+00 -7.2098e-01 3.9910e+00 -2.3698e-01
-1.0166e+01 -6.2269e-01 6.4451e-01 1.1726e+00 -1.3397e+01 7.4393e+00 4.0392e+00 1.1482e+00 2.2327e+00 2.4009e-02 -1.4307e+00 -1.2187e+01 -1.3174e+00 1.8484e+00 -1.3553e+01 7.0006e-01 1.8455e+00 -1.7887e+01 -3.0632e+00 -3.9216e+00 3.9462e-01 -2.5402e+00 2.4888e+01 1.8875e+00 -6.3303e+00 4.2372e-01 9.3522e+01 -6.4239e-01 -4.3554e+00 5.7610e+00 -4.0750e+00 1.7530e+01 5.9213e+00 1.9154e+00 -4.3183e+01 1.7233e+01 -5.0462e+01 4.0658e+00 -1.4887e+01 8.8158e-01 1.3699e+00 5.6418e-01 -2.3781e+00 -3.6893e+00 -7.9747e-02 2.1392e-02 -1.8878e-01 1.5840e-01 3.8857e-01 1.0546e+00 1.8834e+00 9.8095e-03
-1.6136e-01 8.7208e-03 4.1654e-02 -1.0126e+00 -2.1049e-01 -6.1093e-03 -1.4334e-01 1.1717e+00 -9.9654e-01 -2.1150e+00 -1.6855e-01 -5.2089e-01 -1.6721e-01 2.3855e-02 -5.4561e-01 -4.8333e-01 -2.0836e-01 4.3582e-02 -6.9784e-01 -1.3641e-01 1.8494e+00 6.9802e-02 1.3259e+00 -1.5067e-01 -1.3018e-01 2.3936e-01 -6.4239e-01 1.4662e+01 -1.9455e-01 -4.4442e-02 -1.9267e-01 -2.2203e-01 1.4471e+00 -4.3033e-01 -9.8637e-02 1.9038e+00 1.8660e-01 -4.2320e-01 5.0562e-01 -2.8178e-01 -1.6119e-01 1.9343e-01 -2.7517e-02 1.4858e-01 -3.2715e-02 -1.3154e-01 -6.9417e-02 -1.5209e-01 5.3990e-01 -3.1342e-01 2.4665e-02 2.0399e+00
-2.2862e-01 5.2456e-01 5.6918e-02 -1.7899e+00 -3.7904e+00 -4.6637e-03 -3.1159e+00 -7.1736e+00 -2.5327e-01 1.0851e-02 -4.3155e-01 -3.5638e+00 -1.2522e-01 7.5331e+00 -2.4854e+00 6.9593e-01 -1.7128e-01 -5.1714e+00 4.5621e+00 -8.0627e-01 8.4949e-01 -2.5187e-01 -2.8717e+00 1.8487e-01 -1.7599e+00 1.0643e+00 -4.3554e+00 -1.9455e-01 2.8650e+01 8.6852e-01 3.9564e-01 -1.7260e+00 -9.8757e-01 -5.7292e-01 5.5758e+00 -5.9353e+00 6.8272e+00 -7.7244e-01 2.8031e+00 6.2418e-01 -3.1709e-01 -2.2197e-01 1.4183e-01 -6.1039e-01 -6.2279e-02 -7.5815e-02 -1.8812e-01 -1.6635e-01 -1.4873e-01 -1.1490e-01 1.7714e-01 7.1733e-02
-2.8640e+00 7.9209e-01 -9.8778e+00 4.8310e-01 -2.1469e+00 4.1776e+00 7.3909e-01 -1.0700e+00 -3.8468e-01 -2.0797e-02 -2.9597e-01 -7.0277e-01 -3.7540e-01 -3.0774e+00 -2.6564e+00 2.2998e+00 3.2403e-02 -6.0216e+00 -2.7801e-01 -6.1786e-01 -5.9268e-01 -3.3045e-01 -7.0750e-01 9.9452e-02 -8.8813e-01 -4.9214e+00 5.7610e+00 -4.4442e-02 8.6852e-01 2.8801e+01 -1.0182e+00 -7.4647e-01 1.6818e+00 -4.2938e-01 -1.1525e+01 -5.7349e+00 -1.0948e+01 -2.8052e-01 -6.1303e+00 -4.9100e-01 -2.8752e-01 7.8324e-01 -1.1258e+00 3.5188e+00 -1.6228e-01 -7.1028e-02 -1.5802e-01 -1.4901e-01 8.5523e-02 1.6757e+00 2.1763e-01 7.0232e-02
-6.9771e+00 2.5683e+00 -1.9307e+00 2.2709e-02 -8.0569e-01 9.3282e+00 9.4766e-01 1.8029e+00 -1.5088e+00 -8.9978e-02 -2.3344e+00 2.5432e-01 -1.0106e+00 -1.1819e+00 -2.1739e-01 7.2359e-02 1.7976e+00 5.4504e+00 -1.7458e-01 4.3135e+00 -2.1649e+00 -2.2953e+00 -4.4993e+00 -3.9741e-01 -1.6180e+00 3.4398e+00 -4.0750e+00 -1.9267e-01 3.9564e-01 -1.0182e+00 4.0937e+01 6.8466e-01 6.9437e+00 -1.4667e+00 -4.0230e+00 1.2853e+01 -5.0678e+00 -4.0941e-01 -2.1143e+00 -8.7913e-02 7.4647e-02 1.0575e-01 9.8762e+00 -3.0282e-01 -2.5189e-01 -2.2720e-01 2.0692e-02 -3.3659e-01 -5.2467e-01 -6.2847e-01 -4.1189e-01 -2.4628e-01
-1.6955e+00 -7.6925e-02 2.5769e-02 1.2589e+00 -9.2663e+00 -1.0703e+00 -1.5366e-01 4.2542e+00 1.2792e-01 -9.3767e-02 -2.3164e-01 -3.8499e+00 -1.0575e-01 8.9988e-01 -1.9000e+00 -3.3231e-02 -3.1897e-01 -6.0471e+00 7.9058e-01 -7.8958e-01 2.5341e+00 -4.3213e-01 -4.4598e-01 -1.1991e-01 3.7427e+00 -2.8106e+00 1.7530e+01 -2.2203e-01 -1.7260e+00 -7.4647e-01 6.8466e-01 3.5763e+01 8.7853e-01 -6.8181e-01 -9.5626e+00 8.1008e-01 -1.5691e+01 1.7790e-01 -1.0447e+01 -4.5569e-01 -3.8309e-01 -8.7519e-02 -4.0384e-01 7.5528e-01 4.3319e-02 -7.7836e-02 -6.4499e-02 -1.4441e-01 -4.8058e-01 8.4490e-01 -1.5068e-01 -2.5303e-01
-4.3033e+00 -1.7595e+01 3.6321e+00 8.4650e+00 -5.1975e-01 2.5427e+01 1.2337e+01 1.6219e+01 -7.6615e+00 4.7140e-01 2.2803e+00 -5.3155e-01 1.8197e+00 4.1041e+00 -1.5432e+01 2.5187e+00 -5.5618e-01 8.2189e+00 3.8095e+00 2.4093e-01 -1.1512e+00 3.3381e+00 8.6500e+00 7.3208e+00 5.5750e+00 4.2708e+01 5.9213e+00 1.4471e+00 -9.8757e-01 1.6818e+00 6.9437e+00 8.7853e-01 1.0993e+02 -5.9198e+00 1.1534e+01 3.1067e+01 1.1838e+01 1.7347e+00 -5.6272e-02 -4.9908e-01 -1.6017e+00 -2.7837e-01 1.4992e+00 1.1676e+00 7.5351e-01 1.1105e+00 5.5346e-02 7.2061e-02 5.2240e+00 -2.5243e-01 7.0331e+00 1.2421e-01
2.1853e+00 -2.5646e-01 3.7348e-01 -2.5330e+00 -4.0121e-01 -1.8220e+00 -2.8526e+00 -1.8973e-01 -3.2736e-02 1.7501e+00 1.6692e-01 -2.1996e+00 -2.4154e-01 -7.2421e-01 1.3738e+00 1.4536e+00 -1.5579e-01 8.5674e-01 -1.4060e+00 -4.6151e-01 1.3858e-01 -6.4921e-01 1.4533e+00 -1.5452e+00 -2.2848e+00 -7.4873e-01 1.9154e+00 -4.3033e-01 -5.7292e-01 -4.2938e-01 -1.4667e+00 -6.8181e-01 -5.9198e+00 2.4792e+01 -3.1653e+00 -5.4928e-01 -2.9721e+00 -4.3223e-01 1.0825e+00 -7.0189e-01 1.0877e-01 -3.6958e-02 -9.0646e-02 -8.4575e-01 -2.0616e-01 1.6039e+00 -1.9561e-01 -4.4683e-02 -6.5489e-01 1.5894e+00 -1.5692e+00 1.1872e+00
-3.0072e-01 -3.1428e+00 1.9206e+01 1.1914e+00 1.0757e+01 3.7509e+00 4.1949e+00 -5.7757e+00 1.4211e+00 -5.2883e-01 -3.5800e+00 9.6174e+00 -1.5943e+00 6.9085e+00 -2.9312e+00 1.1417e+00 -3.6279e+00 3.8670e+01 9.6346e-01 3.6986e-01 -4.8191e+00 7.5338e+00 -2.7221e+01 -5.7684e-01 -1.0230e+01 1.5046e+01 -4.3183e+01 -9.8637e-02 5.5758e+00 -1.1525e+01 -4.0230e+00 -9.5626e+00 1.1534e+01 -3.1653e+00 1.1002e+02 3.4218e+01 9.0386e+01 4.5827e-01 1.5571e+01 -8.0401e-02 7.0997e-01 -1.1742e+00 -2.6827e+00 -7.9750e+00 7.4328e-01 1.1397e+00 6.0075e-01 -7.4362e-01 -1.5521e+00 -2.0663e+00 -6.0401e-01 -6.4187e-01
-2.2512e+01 8.7208e+00 1.7943e+01 2.4179e+00 2.5511e+00 2.3262e+01 2.3241e+01 -9.5828e+00 9.3191e+00 1.7166e-02 -1.1195e+01 1.9636e+00 -5.7878e+00 7.7187e+00 -2.3025e+01 4.3973e-02 -3.1641e+00 2.6731e+01 -9.5636e+00 2.3291e+00 -5.9090e+00 7.8155e+00 -9.0974e+00 -6.9630e-02 -1.2169e+01 3.2426e+01 1.7233e+01 1.9038e+00 -5.9353e+00 -5.7349e+00 1.2853e+01 8.1008e-01 3.1067e+01 -5.4928e-01 3.4218e+01 1.0601e+02 2.7958e+01 4.4031e+00 -9.1133e+00 4.3154e-01 3.9926e-01 -1.0563e-01 2.0661e+00 -2.2124e-01 4.7840e-01 4.5592e-01 5.7428e-01 -5.4854e-01 -9.1816e-01 2.1917e+00 -8.5074e-02 -1.3749e-02
1.6802e+00 -2.2015e+00 1.7813e+01 3.8246e-01 1.4129e+01 2.4632e+00 2.9191e+00 -5.3909e+00 7.6521e-01 6.1188e-01 -4.2864e+00 1.2193e+01 -2.0936e+00 6.9385e+00 3.5554e-01 1.5103e+00 -3.5445e+00 3.7834e+01 -3.3765e-01 -2.3742e+00 -4.4459e+00 5.8013e+00 -2.4206e+01 1.6850e+00 -8.8292e+00 1.6212e+01 -5.0462e+01 1.8660e-01 6.8272e+00 -1.0948e+01 -5.0678e+00 -1.5691e+01 1.1838e+01 -2.9721e+00 9.0386e+01 2.7958e+01 1.2057e+02 5.9484e-01 2.7402e+01 -2.3846e+00 8.9239e-01 -1.2945e+00 -3.0412e+00 -6.2293e+00 1.2635e+00 1.5475e+00 7.0227e-01 -6.6949e-01 3.3034e-01 -1.7564e+00 1.6670e+00 4.3240e-01
-3.1570e+00 -1.2301e+00 1.2881e-01 -2.0358e-01 3.7799e-02 -1.3450e+00 2.6511e+00 -1.6351e-01 1.3768e+00 -2.7409e-01 -1.3502e+00 4.2690e-01 -7.8699e-01 5.1483e+00 -2.5159e+00 -2.8113e-01 -1.9366e-01 -1.5259e+00 -8.2574e-01 2.5343e+00 -1.0457e+00 -6.8134e-01 -1.4034e+00 -1.6103e-01 -1.8638e+00 1.7704e+00 4.0658e+00 -4.2320e-01 -7.7244e-01 -2.8052e-01 -4.0941e-01 1.7790e-01 1.7347e+00 -4.3223e-01 4.5827e-01 4.4031e+00 5.9484e-01 2.3937e+01 8.5230e-01 9.4198e-02 9.3927e-02 -8.8917e-02 -1.9025e-01 -9.1661e-01 -1.9203e-01 7.1412e-01 -1.3850e-01 -2.3169e-01 -2.1881e-01 1.4819e+00 -1.9527e-01 -3.8875e-01
-8.2856e-01 4.5236e+00 -7.1400e-04 1.0567e+00 1.8111e+01 3.1119e+00 -2.3529e+00 2.2557e+00 -1.5061e+00 -1.9900e-01 -1.2473e+00 5.3458e+00 -6.2333e-01 -1.9265e+00 4.7320e-01 1.0493e+00 4.1202e-01 1.6723e+01 4.5294e-01 -3.7905e+00 2.6488e+00 -2.4427e+00 1.4535e+01 3.6743e+00 -7.3821e+00 8.3978e+00 -1.4887e+01 5.0562e-01 2.8031e+00 -6.1303e+00 -2.1143e+00 -1.0447e+01 -5.6272e-02 1.0825e+00 1.5571e+01 -9.1133e+00 2.7402e+01 8.5230e-01 7.8481e+01 -2.7807e+00 -1.2427e+00 -1.1949e+00 -4.9367e-01 -9.0494e+00 1.3576e+00 1.3273e+00 -7.9684e-01 -4.9997e-02 -1.0467e+00 2.2844e-02 3.6728e+00 -1.3459e-01
-9.7168e-01 -7.5474e-01 4.7458e-01 1.5336e+00 -3.7801e-01 -8.6004e-01 2.9192e-01 3.6531e-01 1.2551e-01 -3.7089e-01 -2.3251e-01 4.3511e-01 -1.1230e-01 -1.0105e-01 -8.7452e-01 1.7616e-01 -5.0738e-01 -1.6177e+00 1.1650e+00 1.4258e+00 -2.4657e-01 -1.4236e-01 -1.4916e-01 -2.2624e+00 -3.2685e-01 9.3587e-01 8.8158e-01 -2.8178e-01 6.2418e-01 -4.9100e-01 -8.7913e-02 -4.5569e-01 -4.9908e-01 -7.0189e-01 -8.0401e-02 4.3154e-01 -2.3846e+00 9.4198e-02 -2.7807e+00 1.8067e+01 -1.9724e-01 -1.4929e-02 -9.7510e-02 2.4374e-01 -6.1018e-02 -1.3761e-01 2.6476e-01 -9.8659e-02 -3.1947e-01 -2.2362e-01 -2.3227e+00 -6.9515e-01
-5.7752e-01 2.0338e+00 4.7652e-01 -2.8679e-01 -1.2884e+00 -3.0150e-01 -1.1408e+00 -2.2217e-01 9.9223e-01 -1.6734e-01 -6.8819e-02 -4.7916e-01 -4.2898e-02 1.8154e-01 -4.0545e-01 -2.9151e-01 5.3816e-02 8.6211e-01 -1.4465e-01 -7.5332e-02 -4.6580e-01 -3.1633e-03 -4.1460e-01 -1.5322e-01 -1.6104e-01 -1.0724e+00 1.3699e+00 -1.6119e-01 -3.1709e-01 -2.8752e-01 7.4647e-02 -3.8309e-01 -1.6017e+00 1.0877e-01 7.0997e-01 3.9926e-01 8.9239e-01 9.3927e-02 -1.2427e+00 -1.9724e-01 1.0883e+01 1.7035e-01 -1.3822e-01 -1.4103e-01 -3.9365e-02 -5.2597e-02 -2.2835e-02 5.0298e-02 -1.2473e-01 1.8552e+00 -1.7111e-01 -2.1481e-01
4.2858e-02 6.9796e-02 -4.5383e-01 1.6172e-01 -1.1242e-01 3.2357e-02 3.8065e-01 9.1899e-02 2.0428e-01 -1.1315e-01 1.7174e-02 -1.8932e-01 -9.2902e-02 -1.0074e-01 -8.9240e-02 4.0678e-03 6.2561e-01 -2.2866e-02 8.2134e-02 -1.5164e-01 -2.6195e-01 -5.0199e-02 3.4887e-01 -7.7422e-02 1.6943e-01 -5.3121e-01 5.6418e-01 1.9343e-01 -2.2197e-01 7.8324e-01 1.0575e-01 -8.7519e-02 -2.7837e-01 -3.6958e-02 -1.1742e+00 -1.0563e-01 -1.2945e+00 -8.8917e-02 -1.1949e+00 -1.4929e-02 1.7035e-01 7.4274e+00 -1.7601e-01 2.7578e-01 -4.6309e-02 -4.0296e-02 -3.6943e-02 4.3072e-02 -8.9815e-02 9.1783e-03 4.9921e-01 7.3968e-02
-2.6675e+00 1.0675e+00 -2.3419e+00 4.9652e-01 -3.6908e-01 3.4715e+00 6.2578e-02 9.1293e-01 4.3010e-01 5.8045e-03 -5.9201e-01 -1.4581e+00 -5.7488e-02 -1.2015e+00 -1.9165e+00 2.4905e-01 7.7893e-01 -2.4714e+00 -2.4206e-01 4.4052e+00 -1.3979e+00 -6.1820e-01 -3.7843e-01 1.5316e-01 -6.2186e-01 -2.0851e+00 -2.3781e+00 -2.7517e-02 1.4183e-01 -1.1258e+00 9.8762e+00 -4.0384e-01 1.4992e+00 -9.0646e-02 -2.6827e+00 2.0661e+00 -3.0412e+00 -1.9025e-01 -4.9367e-01 -9.7510e-02 -1.3822e-01 -1.7601e-01 2.0802e+01 -1.9171e-01 1.6634e-01 8.6823e-02 1.2006e-01 -1.9318e-01 -1.7174e-01 -1.2908e-01 1.5065e-01 4.1120e-03
-2.1460e+00 -1.2147e+00 -1.5749e-01 1.7019e-01 -7.4341e-01 9.4920e-01 -1.4634e+00 -5.5819e-01 7.8721e-01 1.7478e-01 -5.0008e-01 -1.0242e+00 -3.4446e-01 -4.4428e-01 -1.8621e+00 -9.9320e-01 -5.5418e-01 -1.8563e+00 -1.2283e+00 8.4223e-01 2.1908e-01 3.3826e-01 -4.2408e+00 -1.3577e+00 3.7746e+00 -5.9714e-01 -3.6893e+00 1.4858e-01 -6.1039e-01 3.5188e+00 -3.0282e-01 7.5528e-01 1.1676e+00 -8.4575e-01 -7.9750e+00 -2.2124e-01 -6.2293e+00 -9.1661e-01 -9.0494e+00 2.4374e-01 -1.4103e-01 2.7578e-01 -1.9171e-01 2.5127e+01 -2.4316e-01 -5.7467e-01 -1.8619e-01 -6.0890e-02 -3.9153e-01 2.8059e-01 -1.3630e+00 1.0838e-01
9.6379e-02 -1.1913e-01 -4.9325e-01 2.7702e-02 -4.8685e-01 4.2288e-01 -9.3396e-02 1.3179e-01 -3.1410e-01 2.4889e-02 -3.5654e-01 8.5277e-02 -2.2125e-02 -2.6663e-01 -3.0667e-04 -1.6331e-01 -1.2900e-01 2.4366e-01 3.3355e-01 -1.6357e-01 3.2546e-01 4.2148e-01 -2.1109e-01 1.0600e-01 -9.4151e-02 9.1678e-01 -7.9747e-02 -3.2715e-02 -6.2279e-02 -1.6228e-01 -2.5189e-01 4.3319e-02 7.5351e-01 -2.0616e-01 7.4328e-01 4.7840e-01 1.2635e+00 -1.9203e-01 1.3576e+00 -6.1018e-02 -3.9365e-02 -4.6309e-02 1.6634e-01 -2.4316e-01 8.3125e+00 -6.4944e-02 -2.8078e-02 -4.6467e-02 -4.6722e-02 -7.6653e-02 1.0460e-01 1.3877e-02
1.4860e+00 -1.0943e+00 3.7993e-02 -7.3264e-02 1.4251e-01 8.8731e-01 1.5205e+00 -4.1923e-01 8.0955e-01 4.1324e-02 -3.5641e-01 -1.0222e+00 -1.5221e-01 9.0703e-01 -1.1126e+00 4.3837e+00 -1.4800e-01 -9.1667e-05 -1.9045e-01 -2.9046e-01 -1.7060e-01 -1.9422e-01 -7.1012e-01 7.2799e-02 -6.9422e-01 1.8542e+00 2.1392e-02 -1.3154e-01 -7.5815e-02 -7.1028e-02 -2.2720e-01 -7.7836e-02 1.1105e+00 1.6039e+00 1.1397e+00 4.5592e-01 1.5475e+00 7.1412e-01 1.3273e+00 -1.3761e-01 -5.2597e-02 -4.0296e-02 8.6823e-02 -5.7467e-01 -6.4944e-02 1.0564e+01 -7.8828e-02 2.5860e-01 -1.7134e-01 -1.4756e-01 6.8776e-02 1.6129e-02
-1.1157e-01 -3.2710e-01 2.9183e-01 -7.7185e-02 -2.7780e-01 -3.5410e-02 2.2441e-01 -1.9639e-01 2.5773e-01 -2.6053e-01 4.8932e-02 -2.0207e-01 4.2538e-02 1.7352e-01 -1.9204e-01 -9.4416e-02 -5.1494e-02 2.0919e-01 -1.7586e-01 -1.2257e-01 -1.3007e-01 1.7270e-01 -5.5835e-01 -2.2425e-01 -2.3917e-01 7.6773e-02 -1.8878e-01 -6.9417e-02 -1.8812e-01 -1.5802e-01 2.0692e-02 -6.4499e-02 5.5346e-02 -1.9561e-01 6.0075e-01 5.7428e-01 7.0227e-01 -1.3850e-01 -7.9684e-01 2.6476e-01 -2.2835e-02 -3.6943e-02 1.2006e-01 -1.8619e-01 -2.8078e-02 -7.8828e-02 6.9102e+00 9.9630e-03 -3.3224e-02 -3.6836e-02 -2.3917e-01 -3.3219e-01
1.0908e+00 6.6878e-01 -3.0030e-01 1.2465e-01 2.3997e-02 -1.5363e-01 -1.8054e+00 8.6929e-01 -1.7373e+00 -1.0500e-01 -5.0538e-01 1.7459e-01 -2.9779e-01 -1.6523e-01 1.6284e+00 -3.8114e-01 -1.2353e-01 -1.8434e-01 1.3338e+00 -1.0889e-01 2.5178e-01 7.6606e-01 8.0613e-01 -1.1921e-01 -2.8272e-01 -7.2743e-01 1.5840e-01 -1.5209e-01 -1.6635e-01 -1.4901e-01 -3.3659e-01 -1.4441e-01 7.2061e-02 -4.4683e-02 -7.4362e-01 -5.4854e-01 -6.6949e-01 -2.3169e-01 -4.9997e-02 -9.8659e-02 5.0298e-02 4.3072e-02 -1.9318e-01 -6.0890e-02 -4.6467e-02 2.5860e-01 9.9630e-03 9.1365e+00 2.3573e+00 -1.2784e-01 7.0323e-01 -1.3761e-01
1.2191e+00 -8.5578e-01 -4.3645e-01 9.2744e-01 -1.0833e+00 -1.1328e+00 7.6343e-01 1.7283e+00 -2.4654e+00 2.1080e-01 -3.5766e-01 1.9076e-01 -1.5335e-01 -6.8500e-02 -6.0463e-01 -6.4275e-01 -6.2495e-01 -8.2402e-01 -8.2108e-01 -1.9337e-01 -1.5106e+00 1.0571e-01 8.3050e+00 2.3517e+00 6.8097e-01 -4.4608e+00 3.8857e-01 5.3990e-01 -1.4873e-01 8.5523e-02 -5.2467e-01 -4.8058e-01 5.2240e+00 -6.5489e-01 -1.5521e+00 -9.1816e-01 3.3034e-01 -2.1881e-01 -1.0467e+00 -3.1947e-01 -1.2473e-01 -8.9815e-02 -1.7174e-01 -3.9153e-01 -4.6722e-02 -1.7134e-01 -3.3224e-02 2.3573e+00 2.2415e+01 -2.1475e-01 2.3062e+00 6.7234e-02
-9.2635e-01 2.7633e+00 9.2990e-03 4.6937e-02 -2.3727e-01 2.7715e+00 -1.2372e+00 -1.0004e+00 1.3704e+00 4.0980e-03 -4.4334e-01 -6.8502e-01 -5.9444e-02 -2.5401e-01 -2.0043e+00 -4.0095e-01 -2.0423e-01 -5.2035e-01 -5.6640e-01 -2.5095e-01 -4.9973e-01 -3.4656e-01 3.2553e-01 1.9094e-01 -1.0871e+00 -7.2098e-01 1.0546e+00 -3.1342e-01 -1.1490e-01 1.6757e+00 -6.2847e-01 8.4490e-01 -2.5243e-01 1.5894e+00 -2.0663e+00 2.1917e+00 -1.7564e+00 1.4819e+00 2.2844e-02 -2.2362e-01 1.8552e+00 9.1783e-03 -1.2908e-01 2.8059e-01 -7.6653e-02 -1.4756e-01 -3.6836e-02 -1.2784e-01 -2.1475e-01 1.3623e+01 1.8770e-01 -2.0008e-03
1.2773e+00 -1.4756e+00 -9.0680e-03 6.9494e+00 -1.4249e+00 6.7977e-01 -3.0556e-01 6.6852e-01 -1.5220e-01 -2.0980e-02 -1.1979e+00 1.1712e+00 1.7862e-01 -1.7487e-01 6.5368e-01 1.2733e-01 -5.4885e-01 3.9363e+00 -3.6965e+00 -4.7979e+00 -4.3770e-02 2.4724e-01 3.9476e+00 2.0845e+01 -3.6843e-01 3.9910e+00 1.8834e+00 2.4665e-02 1.7714e-01 2.1763e-01 -4.1189e-01 -1.5068e-01 7.0331e+00 -1.5692e+00 -6.0401e-01 -8.5074e-02 1.6670e+00 -1.9527e-01 3.6728e+00 -2.3227e+00 -1.7111e-01 4.9921e-01 1.5065e-01 -1.3630e+00 1.0460e-01 6.8776e-02 -2.3917e-01 7.0323e-01 2.3062e+00 1.8770e-01 2.1932e+01 -5.2760e-01
1.8476e-01 -4.3292e+00 -1.3277e-01 -3.8302e+00 8.1585e-01 -2.7930e-01 8.6605e-02 1.8909e-01 -3.0465e-01 1.5171e+01 1.6923e-01 2.8133e-01 -2.6018e-02 7.4674e-01 2.6835e-01 2.6404e-02 3.1941e-01 -1.9487e-01 1.5360e+00 -3.3393e-02 1.2440e-01 -4.2153e-01 -1.5022e+00 -4.7994e-01 1.1093e+00 -2.3698e-01 9.8095e-03 2.0399e+00 7.1733e-02 7.0232e-02 -2.4628e-01 -2.5303e-01 1.2421e-01 1.1872e+00 -6.4187e-01 -1.3749e-02 4.3240e-01 -3.8875e-01 -1.3459e-01 -6.9515e-01 -2.1481e-01 7.3968e-02 4.1120e-03 1.0838e-01 1.3877e-02 1.6129e-02 -3.3219e-01 -1.3761e-01 6.7234e-02 -2.0008e-03 -5.2760e-01 1.8160e+01
