3.7503e+01 -8.0646e+00 2.7678e+00 7.7917e-02 -5.4589e+00 1.6914e+01 -9.0959e+00 1.1954e+01 9.9776e-02 6.2327e+00 -2.6564e-01 1.4892e+01 1.8976e-01 -9.1090e-01 6.1192e-01 -1.0058e+01 -5.7479e-01 -1.1054e+01 -6.5547e-02 -2.7553e-01 3.4762e-03 9.0539e-01 3.2957e-02 -1.4177e-01 -1.7500e-01 2.9646e-02 -7.0782e-01 6.3527e-02 4.7153e-02 -5.5277e+00 -9.1517e-04 -5.8297e+00 -7.7191e-01 1.6514e-01 2.8752e-01 2.1601e-01 -8.9994e-01 2.7948e-02 -1.7213e-01 1.7789e-01 -2.2612e-01 2.5473e-01 2.8306e-02 -9.7395e-03 -1.2353e-02 3.9514e-01 -2.7793e-01 -1.0638e+00 4.6549e-01 -6.0654e-01 -6.7451e-01 -8.9724e-02
-8.0646e+00 8.0665e+01 6.7904e+00 -7.2295e+00 -1.8216e+00 -1.2583e+01 2.9161e+01 -2.1542e+01 -6.4380e-01 -2.7376e+01 -9.4039e-01 8.6855e+00 5.9194e-01 -7.4547e-01 -1.4765e+01 3.2444e+00 -1.4896e+00 1.8425e+01 -4.0301e-01 -1.0663e+00 -1.1982e-01 8.4633e-01 2.8226e-01 2.1249e-01 -4.1181e-02 4.1753e-01 -1.4003e-01 -1.5895e+00 3.6987e-02 -6.4773e+00 -7.7040e-01 -9.9701e-01 -1.0211e+00 -9.3449e-01 -3.6410e-01 -1.3382e+00 5.1966e-01 2.9917e-01 -4.6507e-02 -3.2545e-01 -6.7078e-01 4.5539e-01 1.1504e-01 -6.9536e-02 3.8893e-01 2.1418e+00 8.6220e-02 6.3208e-01 -1.5251e-01 -3.5447e-02 -8.3377e-02 8.4621e-02
2.7678e+00 6.7904e+00 6.6595e+01 5.7724e-01 5.0414e-01 4.9565e+00 6.5405e+00 -3.1866e+01 4.0120e+00 -3.0605e+01 8.5755e-03 2.1537e+00 -7.7622e-01 -2.2811e-01 2.2681e+00 3.1585e+01 4.7862e-01 2.6749e+01 -1.6407e+00 -1.3672e+00 4.8060e-02 1.0604e+00 1.1602e-01 4.3036e+00 -5.6481e-01 -4.2746e-01 4.8558e+00 -3.4965e-01 7.3429e-02 4.2463e-01 2.2850e-01 -1.1800e+00 1.0602e+00 -1.6145e-01 4.7433e-04 -1.8510e+00 -1.8480e-01 -1.3323e+00 3.5350e+00 1.4230e+00 4.8883e-01 -1.5762e-01 1.5467e-01 5.6257e-01 3.5406e-02 5.6588e-01 -7.8572e-01 -1.0310e+01 -2.0237e-01 -1.9419e-01 5.1456e+00 -4.5760e+00
7.7917e-02 -7.2295e+00 5.7724e-01 5.6404e+01 -3.1551e+00 8.4814e-01 -6.0553e+00 -1.6647e+00 -1.8673e+01 -2.6985e-02 -5.2132e-01 -8.0636e+00 -1.4457e+01 -6.0790e+00 9.2427e+00 1.1610e+01 -5.1132e+00 -1.6765e-01 -1.0396e-01 1.4904e+00 3.2971e+00 -1.1911e+00 -3.0681e+00 -4.9873e-02 -4.4645e-01 -2.1901e-01 7.8323e-02 3.5191e+00 -2.4295e-02 -6.9250e-01 -5.0199e-02 7.5300e+00 1.0941e+00 -9.1864e-01 -8.0827e-01 -3.5235e+00 -4.5593e-01 -4.9507e-03 8.0435e+00 2.5873e+00 -4.4772e-01 -6.5030e-02 -3.7219e-01 9.7667e-04 -5.0835e-01 -5.7249e-01 -3.3642e-01 -3.5807e-01 -9.0029e-01 -3.0951e-01 -1.3876e-01 -3.4966e-01
-5.4589e+00 -1.8216e+00 5.0414e-01 -3.1551e+00 5.5276e+01 -8.0719e+00 -4.9560e+00 -1.8412e+01 2.8997e+00 7.8970e+00 -5.6904e-01 -3.0794e+00 7.2782e+00 -5.0187e-01 -4.9776e+00 -1.4730e+00 -1.7839e+00 1.9145e+01 1.3285e+00 -9.6961e-01 -5.5385e-01 -9.1920e-01 1.8359e-01 -2.3345e+00 -2.3604e-01 -1.1036e-01 -2.6760e+00 -5.0309e-01 -1.2269e-01 1.4456e+01 -8.9300e-04 2.9308e+00 4.5882e-01 -2.8316e-01 -1.9590e-01 -8.2481e-01 1.2621e-01 -5.1776e-01 -3.9274e+00 -1.0254e+00 5.3883e-01 -2.2975e-01 7.5975e-03 -2.6249e-01 -1.7570e-01 -7.9774e-02 -2.1983e-01 7.7020e+00 2.7980e+00 3.8387e-01 -2.7489e+00 4.9938e+00
1.6914e+01 -1.2583e+01 4.9565e+00 8.4814e-01 -8.0719e+00 4.3006e+01 -1.1621e+01 1.8118e+01 1.6113e+00 1.2717e+01 -7.6836e-01 1.7458e+01 1.7393e-01 -1.0968e+00 9.1285e+00 -5.2992e+00 8.6198e-01 -1.5828e+01 2.0967e-01 -2.3195e-01 6.1945e-02 -4.0683e-01 -5.1871e-02 -8.3454e-02 -6.2194e-02 -8.6760e-02 2.9270e-01 1.0012e-01 -1.2080e-01 -4.8121e+00 -4.5248e-01 2.4853e+00 -1.3249e+00 -2.2008e-02 1.7451e-01 3.5289e-01 -3.0436e+00 8.9452e-03 1.6576e+00 -9.7717e-01 1.6872e-01 1.4141e-01 -9.3917e-04 -1.8202e-01 -1.0391e-01 -1.6248e-01 2.2030e-01 -1.8271e+00 3.9920e-03 -4.5139e-01 -3.0073e-02 -4.2400e-01
-9.0959e+00 2.9161e+01 6.5405e+00 -6.0553e+00 -4.9560e+00 -1.1621e+01 6.3948e+01 -2.0853e+01 -5.8655e+00 -2.5282e+01 -3.9750e-01 -5.2695e+00 -7.5334e+00 1.4029e+00 -9.4408e-01 1.4717e+01 6.6874e+00 1.7420e+01 -7.3267e-01 -4.6690e-01 -5.8821e-01 -6.6081e-01 3.1910e+00 1.0524e+00 7.9026e-01 8.1163e-02 5.7717e-01 -1.0671e+00 -1.8128e-01 -3.5299e+00 -4.8183e-02 4.0354e-01 -1.0856e+00 -8.2835e-01 -5.0199e-01 -2.4326e+00 6.9028e-01 -1.3826e-01 -1.8602e+00 -1.4572e+00 -1.8805e-01 2.8865e-01 3.3053e-01 -1.6961e-02 1.4404e+00 1.0544e+00 -4.1939e-01 1.0269e+00 -3.2363e-01 -3.2745e-01 -1.0049e-01 7.1435e-01
1.1954e+01 -2.1542e+01 -3.1866e+01 -1.6647e+00 -1.8412e+01 1.8118e+01 -2.0853e+01 8.7076e+01 -3.5002e+00 4.7095e+01 6.1445e-01 1.0541e+01 -2.6736e+00 -8.5230e-01 5.6698e+00 -4.6652e+01 3.9993e-01 -5.4628e+01 1.4798e+00 1.3211e+00 1.6049e-02 -1.4730e-01 -6.6457e-01 -1.1717e+00 7.2111e-01 -1.7199e-01 -3.1412e+00 -2.1721e+00 1.7134e-01 -1.0277e+01 5.1312e-01 -7.9823e+00 -3.6584e+00 -7.4910e-02 1.8322e-01 8.2522e-01 -1.5626e+00 -5.1485e-01 -1.6713e+00 -1.4427e+00 -3.5602e-01 1.1233e-03 1.6847e-02 -9.8030e-01 -1.5662e-01 -8.9292e-01 4.1715e-01 4.9877e+00 -2.0319e+00 2.9293e-01 -3.6755e+00 3.8176e+00
9.9776e-02 -6.4380e-01 4.0120e+00 -1.8673e+01 2.8997e+00 1.6113e+00 -5.8655e+00 -3.5002e+00 6.0964e+01 -2.3335e+00 -6.4074e-01 -2.0560e+00 2.2878e+01 1.0513e+01 4.7390e-01 7.8990e+00 5.5086e+00 1.1338e-01 7.7793e-01 -1.3015e+00 -2.3189e+00 -2.0892e-01 2.4596e+00 -6.8893e-01 -4.6583e-01 -2.3615e-01 2.7560e-02 1.3367e+00 9.0380e-02 -1.6207e-01 -4.6745e-01 -7.5475e-01 -2.4725e+00 -1.0589e+00 -8.6146e-02 -1.1938e+00 -6.7486e-01 2.3241e-01 4.0014e+00 -3.7917e+00 -1.8375e-01 -9.7362e-03 -4.2137e-01 -1.7982e-01 -9.6475e-01 2.7698e-01 -4.0232e-01 -1.8986e+00 -3.1911e-02 -1.6527e-01 -3.4583e-01 -2.5601e+00
6.2327e+00 -2.7376e+01 -3.0605e+01 -2.6985e-02 7.8970e+00 1.2717e+01 -2.5282e+01 4.7095e+01 -2.3335e+00 8.0154e+01 -3.0682e-02 5.1784e+00 -1.3411e+00 1.6119e+00 7.8398e-01 -3.7438e+01 6.1744e-01 -3.7804e+01 2.1850e-01 1.1440e-01 6.4494e-02 -1.4858e+00 7.4785e-01 -4.2534e+00 -1.3903e-01 -2.1588e-01 -7.1087e+00 -8.5815e-01 2.2787e-01 6.6102e+00 4.1405e-01 3.0315e-01 -5.1934e-01 -3.6822e-01 1.1774e-02 2.2058e+00 -1.6483e+00 -9.8955e-01 6.5345e-01 -2.5919e+00 -2.1024e-01 -3.4119e-01 6.2446e-02 -6.2373e-01 -4.5360e-01 -1.1678e+00 -4.8658e-01 1.0993e+01 -6.1239e-01 -5.2523e-02 -7.9366e+00 7.2642e+00
-2.6564e-01 -9.4039e-01 8.5755e-03 -5.2132e-01 -5.6904e-01 -7.6836e-01 -3.9750e-01 6.1445e-01 -6.4074e-01 -3.0682e-02 1.1627e+01 1.6945e-01 -8.0313e-01 -4.4046e-01 3.5102e-01 -7.5979e-01 6.8167e-01 -4.5790e-01 -1.0410e-01 -8.1303e-02 -7.8849e-02 -4.1202e-01 -2.4582e-01 6.1053e-02 -4.1832e-02 5.4828e-01 7.0857e-02 -2.4806e-01 -2.6832e-02 -4.4184e-01 -4.0763e-02 2.9150e-01 -5.4261e-02 -3.3306e-02 7.2487e-03 3.2166e-01 -7.1778e-02 -1.1358e-01 -1.0233e+00 2.1776e+00 -1.4647e-01 2.3256e-01 -9.3353e-02 1.8895e-02 -6.5677e-02 -9.5248e-03 -1.7575e-01 -1.3223e-01 -2.8730e-01 1.4393e+00 -8.9265e-03 3.4277e-02
1.4892e+01 8.6855e+00 2.1537e+00 -8.0636e+00 -3.0794e+00 1.7458e+01 -5.2695e+00 1.0541e+01 -2.0560e+00 5.1784e+00 1.6945e-01 7.3555e+01 1.2473e+00 -1.3808e+00 -4.5080e+01 -5.5553e+01 -1.9992e+00 -9.2467e+00 -1.3248e-01 -2.8936e-01 1.7142e-01 2.4714e+00 5.2706e-01 -9.7836e-01 8.9161e-01 -3.1046e-01 -9.1600e-01 -1.0821e+00 2.6497e-01 -3.0867e+00 1.9522e-01 -4.4997e+00 -6.5799e-01 4.8603e-02 -4.8494e-01 1.7427e+00 -6.7081e-01 -9.7563e-02 -6.4005e-01 3.7626e-01 9.3205e-01 -9.6933e-01 1.3280e-01 3.3821e-01 8.0185e-03 2.6054e+00 3.8586e-01 -1.1479e+00 6.3512e-01 -2.9433e-03 1.5589e+00 -9.5627e-01
1.8976e-01 5.9194e-01 -7.7622e-01 -1.4457e+01 7.2782e+00 1.7393e-01 -7.5334e+00 -2.6736e+00 2.2878e+01 -1.3411e+00 -8.0313e-01 1.2473e+00 6.1846e+01 -7.7164e+00 -1.7203e-01 -1.2344e+01 -5.8651e+00 -1.2908e-01 1.6943e+00 -7.5528e-01 -1.1933e+00 -1.0446e+00 -4.2720e+00 -2.6619e+00 1.6136e-01 -1.7243e-01 7.1042e-01 1.4825e+00 -3.4212e-01 -3.0013e-02 -3.2777e-01 -1.7974e+00 -2.4284e+00 -1.3840e+00 -8.4239e-01 2.6665e+00 -5.9054e-01 -9.6930e-02 -1.4005e+01 2.5637e+00 5.7105e-01 1.2483e-01 -6.4083e-01 -2.7221e-01 1.5030e-01 1.6180e-01 -6.8452e-01 4.8511e-02 -1.8872e+00 1.9855e+00 -1.2805e-01 -2.6231e+00
-9.1090e-01 -7.4547e-01 -2.2811e-01 -6.0790e+00 -5.0187e-01 -1.0968e+00 1.4029e+00 -8.5230e-01 1.0513e+01 1.6119e+00 -4.4046e-01 -1.3808e+00 -7.7164e+00 3.5739e+01 1.2009e+00 1.7709e+01 1.1557e+01 1.7152e+00 -1.1689e+00 -4.0690e-01 -7.7408e-01 -3.1370e-01 6.3558e+00 1.0482e+00 -1.5716e-01 -2.7704e-02 -2.8035e+00 -3.8443e-01 5.4232e-01 1.8661e+00 -2.6167e-03 -1.1062e+00 2.8124e-01 -1.9627e-01 -4.1657e-01 -2.6999e+00 -1.3896e-01 4.4878e-01 5.4582e+00 -1.0249e+00 -1.7598e-01 -2.3220e-02 -2.1742e-01 -1.0920e-01 -2.2901e-01 -5.0106e-01 -1.9245e-01 6.9012e-01 -3.0642e-01 -1.7435e-01 -1.4700e-01 1.7798e+00
6.1192e-01 -1.4765e+01 2.2681e+00 9.2427e+00 -4.9776e+00 9.1285e+00 -9.4408e-01 5.6698e+00 4.7390e-01 7.8398e-01 3.5102e-01 -4.5080e+01 -1.7203e-01 1.2009e+00 7.0372e+01 5.1387e+01 2.4267e+00 -1.0125e+01 8.8851e-01 2.8749e-01 1.5855e-02 -2.0991e+00 -4.8346e-01 3.6789e-02 1.1368e-01 1.0600e-01 -1.3425e-01 1.1020e+00 -3.5690e-01 -6.2276e+00 -7.1090e-01 3.3421e+00 -8.8491e-01 -6.2357e-01 -5.0133e-01 -6.5239e-01 8.3325e-01 -1.0406e-01 -2.4486e+00 -3.0048e-01 -9.5660e-01 1.4514e+00 -6.0630e-02 5.5448e-01 -5.6583e-03 -2.2698e+00 1.3679e-01 -1.1106e+00 -5.8710e-01 -2.2990e-03 -7.7887e-02 -4.6608e-01
-1.0058e+01 3.2444e+00 3.1585e+01 1.1610e+01 -1.4730e+00 -5.2992e+00 1.4717e+01 -4.6652e+01 7.8990e+00 -3.7438e+01 -7.5979e-01 -5.5553e+01 -1.2344e+01 1.7709e+01 5.1387e+01 1.5580e+02 9.9144e+00 4.7442e+01 -2.8909e+00 -1.9375e+00 2.4730e+00 -1.8845e+00 2.5514e+00 7.0721e+00 -1.2586e+00 3.3298e-01 6.2474e+00 -3.0455e-01 -1.5808e-01 9.1200e+00 -1.1253e+00 4.1103e+00 2.8410e+00 -3.8872e-01 1.4787e-01 -5.5299e+00 -5.1348e-01 -6.9902e-01 1.6557e+01 2.2115e+00 9.9417e-01 1.8131e+00 2.5276e-01 -3.7827e-01 -3.6326e-01 -1.5430e+00 -2.3713e-02 -6.7319e+00 -3.6654e-01 8.1574e-02 7.1039e+00 -4.1545e-01
-5.7479e-01 -1.4896e+00 4.7862e-01 -5.1132e+00 -1.7839e+00 8.6198e-01 6.6874e+00 3.9993e-01 5.5086e+00 6.1744e-01 6.8167e-01 -1.9992e+00 -5.8651e+00 1.1557e+01 2.4267e+00 9.9144e+00 2.8780e+01 2.3410e-01 -4.1738e-01 -2.9582e-01 -4.5742e-01 -8.6851e-02 7.0569e+00 6.0784e-01 3.3251e-01 -7.3101e-02 5.3038e-01 3.0135e-01 7.1319e-01 2.1187e-01 5.9318e-01 1.5949e-01 1.1336e+00 -1.2880e-01 -3.2351e-01 -2.0020e+00 -2.0019e-01 -1.8769e-01 6.1241e+00 7.9401e-02 -1.1030e-01 -7.5260e-02 -2.2337e-01 -1.8248e-01 -9.5021e-02 -8.5501e-02 -2.3961e-01 -2.5799e-01 -2.6346e-01 3.0507e-01 -1.1018e-01 3.6220e-01
-1.1054e+01 1.8425e+01 2.6749e+01 -1.6765e-01 1.9145e+01 -1.5828e+01 1.7420e+01 -5.4628e+01 1.1338e-01 -3.7804e+01 -4.5790e-01 -9.2467e+00 -1.2908e-01 1.7152e+00 -1.0125e+01 4.7442e+01 2.3410e-01 7.8406e+01 -1.9459e+00 -2.5795e+00 -1.4262e-03 1.0300e+00 -3.1586e-01 4.9457e+00 -1.0843e+00 1.2643e-01 5.3943e+00 -8.4251e-01 -1.7972e-01 1.2142e+01 -3.6645e-01 1.3174e+00 3.3308e+00 1.8767e-01 -1.8105e-02 -1.9661e+00 9.9392e-02 -1.0828e+00 1.6179e+00 2.2222e+00 2.3552e-01 2.9630e-01 2.3718e-01 2.6908e-01 9.7203e-02 1.2084e+00 1.1160e-01 2.6974e+00 1.2133e-01 -6.2430e-02 4.7819e+00 6.7962e+00
-6.5547e-02 -4.0301e-01 -1.6407e+00 -1.0396e-01 1.3285e+00 2.0967e-01 -7.3267e-01 1.4798e+00 7.7793e-01 2.1850e-01 -1.0410e-01 -1.3248e-01 1.6943e+00 -1.1689e+00 8.8851e-01 -2.8909e+00 -4.1738e-01 -1.9459e+00 1.2822e+01 8.9711e-01 -2.4463e-01 -1.5128e-01 1.2503e-01 -2.1114e-02 -1.4280e-01 -4.1133e-02 -7.6264e-02 1.9154e-01 -4.7033e-02 -1.1441e-01 -1.8192e-02 -3.1038e-01 -2.9358e-01 -8.4273e-02 -7.3714e-02 -7.1296e-01 -9.9344e-02 -5.2877e-02 -6.4732e-01 6.5846e-01 -3.9606e-02 -7.4571e-02 -9.6941e-02 -1.5120e-01 -6.8428e-02 -1.0765e-01 1.1347e-02 1.7470e-01 -1.4691e-01 -8.0176e-02 -4.0512e-01 -3.6345e-01
-2.7553e-01 -1.0663e+00 -1.3672e+00 1.4904e+00 -9.6961e-01 -2.3195e-01 -4.6690e-01 1.3211e+00 -1.3015e+00 1.1440e-01 -8.1303e-02 -2.8936e-01 -7.5528e-01 -4.0690e-01 2.8749e-01 -1.9375e+00 -2.9582e-01 -2.5795e+00 8.9711e-01 1.3421e+01 3.1126e-01 -1.7890e-01 -1.8032e-01 -4.2700e-02 -1.3734e-01 -8.6903e-02 2.5134e-01 1.3793e+00 -4.8115e-02 -2.8715e-01 -2.4974e-02 -3.0323e-01 -4.8879e-01 -7.5642e-02 -8.9854e-02 -2.7691e-01 -1.4651e-01 2.0305e-02 1.0815e+00 9.1208e-01 1.5424e-01 -4.9271e-02 -4.1752e-02 -9.5835e-02 -1.1953e-02 4.1132e-02 -1.6312e-02 -9.9791e-01 -7.0603e-02 -8.4495e-02 7.2863e-02 -1.0996e+00
3.4762e-03 -1.1982e-01 4.8060e-02 3.2971e+00 -5.5385e-01 6.1945e-02 -5.8821e-01 1.6049e-02 -2.3189e+00 6.4494e-02 -7.8849e-02 1.7142e-01 -1.1933e+00 -7.7408e-01 1.5855e-02 2.4730e+00 -4.5742e-01 -1.4262e-03 -2.4463e-01 3.1126e-01 7.8073e+00 -4.9934e-02 -4.2588e-01 1.1400e-01 -8.3584e-02 9.5103e-03 1.3731e-01 -7.7361e-02 -7.0118e-02 -2.8561e-02 -9.7500e-05 2.4616e-01 -1.4584e-01 -4.4509e-02 -3.6656e-02 -6.1785e-01 -4.5715e-02 -3.5839e-02 2.1614e+00 2.9977e+00 -3.0040e-02 2.3609e-01 -2.6410e-02 -2.7550e-02 -7.8567e-04 5.3502e-02 2.6970e-02 3.3086e-02 -5.4106e-02 -2.9786e-02 -8.2141e-02 1.8238e-01
9.0539e-01 8.4633e-01 1.0604e+00 -1.1911e+00 -9.1920e-01 -4.0683e-01 -6.6081e-01 -1.4730e-01 -2.0892e-01 -1.4858e+00 -4.1202e-01 2.4714e+00 -1.0446e+00 -3.1370e-01 -2.0991e+00 -1.8845e+00 -8.6851e-02 1.0300e+00 -1.5128e-01 -1.7890e-01 -4.9934e-02 2.7574e+01 -4.0239e-01 1.6571e-01 1.3407e-01 -1.7998e-01 2.2166e-01 -6.4732e-01 1.3142e-01 8.6883e-02 -4.6718e-02 -3.4654e+00 -6.6260e-01 -1.8741e-01 -1.0014e-01 -4.0941e-01 -1.1183e-02 4.3769e-01 5.6181e+00 -7.9055e-01 -5.0603e-01 -2.0095e-01 -1.7226e-01 -9.7734e-02 -1.5900e-01 4.0857e+00 -3.4113e-01 -1.6183e-01 7.4031e-01 -2.1388e-01 3.0518e-02 9.4291e-02
3.2957e-02 2.8226e-01 1.1602e-01 -3.0681e+00 1.8359e-01 -5.1871e-02 3.1910e+00 -6.6457e-01 2.4596e+00 7.4785e-01 -2.4582e-01 5.2706e-01 -4.2720e+00 6.3558e+00 -4.8346e-01 2.5514e+00 7.0569e+00 -3.1586e-01 1.2503e-01 -1.8032e-01 -4.2588e-01 -4.0239e-01 2.3882e+01 5.0386e-01 -2.3038e-01 -1.0030e-01 5.5875e-01 -2.0642e-01 -1.6509e-01 -6.8145e-02 1.6561e-02 -8.7906e-01 4.3582e-01 3.8506e-01 -3.3529e-01 -1.3065e+00 -1.1892e-01 -5.4066e-02 3.0732e-01 -1.1230e+00 -1.8077e-01 -1.3318e-01 -3.4657e-01 -9.7209e-02 -8.8506e-02 -1.0604e-01 3.3319e+00 -2.5467e-01 -8.0842e-01 -4.8451e-01 -3.5215e-02 3.2354e-01
-1.4177e-01 2.1249e-01 4.3036e+00 -4.9873e-02 -2.3345e+00 -8.3454e-02 1.0524e+00 -1.1717e+00 -6.8893e-01 -4.2534e+00 6.1053e-02 -9.7836e-01 -2.6619e+00 1.0482e+00 3.6789e-02 7.0721e+00 6.0784e-01 4.9457e+00 -2.1114e-02 -4.2700e-02 1.1400e-01 1.6571e-01 5.0386e-01 2.0245e+01 -5.6486e-01 1.4300e-02 8.1104e+00 -7.5758e-02 2.6989e-02 3.4990e-01 -2.7644e-02 -1.0795e+00 6.8644e-01 2.0505e-01 -1.9933e-03 -3.3346e+00 -5.1342e-01 -1.4381e+00 -3.7702e+00 -6.0877e-01 7.3426e-02 1.1189e-02 1.1429e-01 -7.2410e-01 1.1051e-01 -6.4105e-01 1.1673e-01 -7.9683e+00 -4.7791e-02 5.3371e-02 6.9530e+00 1.0276e+01
-1.7500e-01 -4.1181e-02 -5.6481e-01 -4.4645e-01 -2.3604e-01 -6.2194e-02 7.9026e-01 7.2111e-01 -4.6583e-01 -1.3903e-01 -4.1832e-02 8.9161e-01 1.6136e-01 -1.5716e-01 1.1368e-01 -1.2586e+00 3.3251e-01 -1.0843e+00 -1.4280e-01 -1.3734e-01 -8.3584e-02 1.3407e-01 -2.3038e-01 -5.6486e-01 9.2335e+00 -5.5944e-02 -6.9503e-01 -1.5192e-01 -4.2590e-02 -3.7860e-02 -2.3991e-02 -2.0131e-01 5.2231e-01 -9.0765e-03 -3.2811e-02 -2.3591e-01 -5.0629e-02 4.0425e-01 2.5557e-01 -1.2489e-01 -4.7818e-02 -6.5331e-02 -4.8487e-02 -1.1155e-01 5.7711e-02 -9.2574e-02 -4.7041e-02 1.3396e-01 5.0514e-02 -4.9303e-02 2.5304e-02 -5.0218e-01
2.9646e-02 4.1753e-01 -4.2746e-01 -2.1901e-01 -1.1036e-01 -8.6760e-02 8.1163e-02 -1.7199e-01 -2.3615e-01 -2.1588e-01 5.4828e-01 -3.1046e-01 -1.7243e-01 -2.7704e-02 1.0600e-01 3.3298e-01 -7.3101e-02 1.2643e-01 -4.1133e-02 -8.6903e-02 9.5103e-03 -1.7998e-01 -1.0030e-01 1.4300e-02 -5.5944e-02 6.2932e+00 -5.4611e-02 -1.5234e-01 -2.5995e-02 -4.9213e-02 -1.3158e-02 9.1266e-01 7.5337e-01 -7.9890e-02 -5.5948e-02 -2.4631e-02 -1.6683e-02 -5.2545e-02 -3.8996e-01 -9.9331e-02 -3.9676e-02 -5.1516e-02 -3.2429e-02 1.6794e-01 1.4917e-02 -6.0002e-02 2.0193e-01 -1.1636e-01 -1.3292e-01 -1.0976e-02 -7.8555e-02 -9.3977e-02
-7.0782e-01 -1.4003e-01 4.8558e+00 7.8323e-02 -2.6760e+00 2.9270e-01 5.7717e-01 -3.1412e+00 2.7560e-02 -7.1087e+00 7.0857e-02 -9.1600e-01 7.1042e-01 -2.8035e+00 -1.3425e-01 6.2474e+00 5.3038e-01 5.3943e+00 -7.6264e-02 2.5134e-01 1.3731e-01 2.2166e-01 5.5875e-01 8.1104e+00 -6.9503e-01 -5.4611e-02 2.2603e+01 -9.8469e-02 3.1875e-02 2.0870e-01 8.3287e-03 -2.7577e-01 4.1331e-01 -4.2830e-02 -1.0758e-01 -2.1718e+00 -8.2557e-01 4.7823e-01 -4.0539e-01 -9.7605e-02 -2.4461e-02 -4.2424e-01 1.4496e-01 -1.0842e+00 8.4866e-02 -2.9125e-01 1.0890e-01 -8.2623e+00 7.3720e-02 1.2133e-01 1.2976e+01 -9.6330e-01
6.3527e-02 -1.5895e+00 -3.4965e-01 3.5191e+00 -5.0309e-01 1.0012e-01 -1.0671e+00 -2.1721e+00 1.3367e+00 -8.5815e-01 -2.4806e-01 -1.0821e+00 1.4825e+00 -3.8443e-01 1.1020e+00 -3.0455e-01 3.0135e-01 -8.4251e-01 1.9154e-01 1.3793e+00 -7.7361e-02 -6.4732e-01 -2.0642e-01 -7.5758e-02 -1.5192e-01 -1.5234e-01 -9.8469e-02 2.0385e+01 -1.0549e-01 1.8013e-01 1.0695e-01 1.0487e+00 3.4344e-01 -2.8687e-01 -2.7348e-01 -4.9653e-01 -1.4122e-01 -1.8826e-01 1.1558e+00 5.2347e+00 1.2760e-01 -1.7643e-01 -2.6698e-01 4.9508e-03 -8.9184e-02 6.0224e-01 -5.0385e-01 -7.5757e-01 -5.8456e-01 -2.6905e-01 -4.3374e-01 -1.0769e+00
4.7153e-02 3.6987e-02 7.3429e-02 -2.4295e-02 -1.2269e-01 -1.2080e-01 -1.8128e-01 1.7134e-01 9.0380e-02 2.2787e-01 -2.6832e-02 2.6497e-01 -3.4212e-01 5.4232e-01 -3.5690e-01 -1.5808e-01 7.1319e-01 -1.7972e-01 -4.7033e-02 -4.8115e-02 -7.0118e-02 1.3142e-01 -1.6509e-01 2.6989e-02 -4.2590e-02 -2.5995e-02 3.1875e-02 -1.0549e-01 6.7589e+00 5.0064e-02 1.6162e-01 -2.5296e-01 -9.1066e-02 -3.9343e-02 -5.9456e-02 -2.2703e-01 -5.1574e-02 -3.5464e-02 7.7094e-01 1.4795e-01 -5.3799e-02 -3.7823e-02 3.2235e-03 -3.4301e-02 7.0091e-02 5.1858e-03 8.7763e-02 -9.4569e-02 -4.7718e-02 2.4061e-02 -2.8550e-02 -1.7968e-02
-5.5277e+00 -6.4773e+00 4.2463e-01 -6.9250e-01 1.4456e+01 -4.8121e+00 -3.5299e+00 -1.0277e+01 -1.6207e-01 6.6102e+00 -4.4184e-01 -3.0867e+00 -3.0013e-02 1.8661e+00 -6.2276e+00 9.1200e+00 2.1187e-01 1.2142e+01 -1.1441e-01 -2.8715e-01 -2.8561e-02 8.6883e-02 -6.8145e-02 3.4990e-01 -3.7860e-02 -4.9213e-02 2.0870e-01 1.8013e-01 5.0064e-02 3.4719e+01 1.9652e-01 1.4289e+00 -9.0176e-01 1.0962e-01 8.6636e-01 6.3177e-01 5.1597e-01 -2.6419e-01 1.7960e+00 -7.9252e-01 3.7742e+00 -1.7753e-01 4.1627e-02 1.6844e-01 -1.1596e-01 -1.3488e-01 -1.4162e-01 -1.5341e-02 3.0953e+00 -1.6131e-01 1.0323e-01 3.7007e-02
-9.1517e-04 -7.7040e-01 2.2850e-01 -5.0199e-02 -8.9300e-04 -4.5248e-01 -4.8183e-02 5.1312e-01 -4.6745e-01 4.1405e-01 -4.0763e-02 1.9522e-01 -3.2777e-01 -2.6167e-03 -7.1090e-01 -1.1253e+00 5.9318e-01 -3.6645e-01 -1.8192e-02 -2.4974e-02 -9.7500e-05 -4.6718e-02 1.6561e-02 -2.7644e-02 -2.3991e-02 -1.3158e-02 8.3287e-03 1.0695e-01 1.6162e-01 1.9652e-01 6.4436e+00 -2.2212e-01 -9.5450e-02 -5.7620e-02 -3.9951e-02 4.6423e-02 -5.5894e-02 -3.0294e-02 -2.0654e-01 -7.0655e-02 -3.2340e-02 -2.8362e-02 -1.4413e-02 -1.4754e-02 4.4146e-02 -6.0292e-02 2.4235e-01 -6.8972e-02 -3.8629e-02 8.4754e-02 8.7418e-03 -1.1450e-02
-5.8297e+00 -9.9701e-01 -1.1800e+00 7.5300e+00 2.9308e+00 2.4853e+00 4.0354e-01 -7.9823e+00 -7.5475e-01 3.0315e-01 2.9150e-01 -4.4997e+00 -1.7974e+00 -1.1062e+00 3.3421e+00 4.1103e+00 1.5949e-01 1.3174e+00 -3.1038e-01 -3.0323e-01 2.4616e-01 -3.4654e+00 -8.7906e-01 -1.0795e+00 -2.0131e-01 9.1266e-01 -2.7577e-01 1.0487e+00 -2.5296e-01 1.4289e+00 -2.2212e-01 5.1948e+01 -1.2454e-01 5.8342e-01 3.1276e-01 -5.0849e-01 -2.5866e-01 -3.2105e-01 -3.4159e+00 4.0767e-02 1.7917e-01 -4.6577e-01 -4.4164e-01 -6.3805e-03 -2.3829e-01 -1.1581e+00 8.9320e-01 -8.4756e-01 6.8681e+00 6.0612e-01 1.6337e+00 -1.7958e+00
-7.7191e-01 -1.0211e+00 1.0602e+00 1.0941e+00 4.5882e-01 -1.3249e+00 -1.0856e+00 -3.6584e+00 -2.4725e+00 -5.1934e-01 -5.4261e-02 -6.5799e-01 -2.4284e+00 2.8124e-01 -8.8491e-01 2.8410e+00 1.1336e+00 3.3308e+00 -2.9358e-01 -4.8879e-01 -1.4584e-01 -6.6260e-01 4.3582e-01 6.8644e-01 5.2231e-01 7.5337e-01 4.1331e-01 3.4344e-01 -9.1066e-02 -9.0176e-01 -9.5450e-02 -1.2454e-01 2.6649e+01 -4.2202e-01 4.6816e-01 -7.2661e-02 -4.0476e-01 -1.0831e-01 -8.1843e-02 -9.6031e-01 -1.7489e-01 -9.2555e-02 -8.1035e-02 1.8102e-01 -1.6484e-01 4.9062e-01 -1.7503e-01 -4.4071e-01 -2.3920e-01 9.8570e-02 2.1129e-01 2.1335e-01
1.6514e-01 -9.3449e-01 -1.6145e-01 -9.1864e-01 -2.8316e-01 -2.2008e-02 -8.2835e-01 -7.4910e-02 -1.0589e+00 -3.6822e-01 -3.3306e-02 4.8603e-02 -1.3840e+00 -1.9627e-01 -6.2357e-01 -3.8872e-01 -1.2880e-01 1.8767e-01 -8.4273e-02 -7.5642e-02 -4.4509e-02 -1.8741e-01 3.8506e-01 2.0505e-01 -9.0765e-03 -7.9890e-02 -4.2830e-02 -2.8687e-01 -3.9343e-02 1.0962e-01 -5.7620e-02 5.8342e-01 -4.2202e-01 1.2008e+01 4.0308e+00 -2.2516e-01 -1.2103e-01 -1.5391e-01 -1.2758e+00 -6.0783e-01 -5.8217e-03 -6.0341e-02 -8.5040e-02 -5.9932e-02 -5.6782e-02 -1.9930e-03 -2.3334e-01 -1.3747e-01 1.5027e+00 -2.1342e-01 7.6597e-02 1.0049e-01
2.8752e-01 -3.6410e-01 4.7433e-04 -8.0827e-01 -1.9590e-01 1.7451e-01 -5.0199e-01 1.8322e-01 -8.6146e-02 1.1774e-02 7.2487e-03 -4.8494e-01 -8.4239e-01 -4.1657e-01 -5.0133e-01 1.4787e-01 -3.2351e-01 -1.8105e-02 -7.3714e-02 -8.9854e-02 -3.6656e-02 -1.0014e-01 -3.3529e-01 -1.9933e-03 -3.2811e-02 -5.5948e-02 -1.0758e-01 -2.7348e-01 -5.9456e-02 8.6636e-01 -3.9951e-02 3.1276e-01 4.6816e-01 4.0308e+00 1.0239e+01 -1.8544e-01 -1.1350e-01 -7.2623e-03 -9.3610e-01 -4.1996e-01 6.2608e-01 -2.7339e-02 -5.4335e-02 -4.8513e-02 -5.5279e-02 1.8754e-02 -1.7052e-01 1.1493e-01 3.7933e-01 -1.7341e-01 4.5000e-06 7.6843e-03
2.1601e-01 -1.3382e+00 -1.8510e+00 -3.5235e+00 -8.2481e-01 3.5289e-01 -2.4326e+00 8.2522e-01 -1.1938e+00 2.2058e+00 3.2166e-01 1.7427e+00 2.6665e+00 -2.6999e+00 -6.5239e-01 -5.5299e+00 -2.0020e+00 -1.9661e+00 -7.1296e-01 -2.7691e-01 -6.1785e-01 -4.0941e-01 -1.3065e+00 -3.3346e+00 -2.3591e-01 -2.4631e-02 -2.1718e+00 -4.9653e-01 -2.2703e-01 6.3177e-01 4.6423e-02 -5.0849e-01 -7.2661e-02 -2.2516e-01 -1.8544e-01 2.7780e+01 -3.1709e-01 -2.8547e-01 -3.7922e+00 -6.6629e-01 -9.9476e-02 -8.8148e-02 -1.2341e-01 2.4767e-01 -1.6851e-01 -3.7318e-01 1.3143e+00 2.4424e+00 -2.0898e-01 -4.1492e-02 -2.0757e+00 -8.6942e-01
-8.9994e-01 5.1966e-01 -1.8480e-01 -4.5593e-01 1.2621e-01 -3.0436e+00 6.9028e-01 -1.5626e+00 -6.7486e-01 -1.6483e+00 -7.1778e-02 -6.7081e-01 -5.9054e-01 -1.3896e-01 8.3325e-01 -5.1348e-01 -2.0019e-01 9.9392e-02 -9.9344e-02 -1.4651e-01 -4.5715e-02 -1.1183e-02 -1.1892e-01 -5.1342e-01 -5.0629e-02 -1.6683e-02 -8.2557e-01 -1.4122e-01 -5.1574e-02 5.1597e-01 -5.5894e-02 -2.5866e-01 -4.0476e-01 -1.2103e-01 -1.1350e-01 -3.1709e-01 1.1554e+01 -8.0712e-02 2.6176e-01 6.5738e-01 -5.9438e-02 -9.7338e-03 1.8295e-01 1.4764e+00 -4.4811e-02 -1.4014e-02 -3.3308e-02 -7.7652e-01 -9.9238e-02 -3.9635e-02 -6.0640e-01 2.9424e-02
2.7948e-02 2.9917e-01 -1.3323e+00 -4.9507e-03 -5.1776e-01 8.9452e-03 -1.3826e-01 -5.1485e-01 2.3241e-01 -9.8955e-01 -1.1358e-01 -9.7563e-02 -9.6930e-02 4.4878e-01 -1.0406e-01 -6.9902e-01 -1.8769e-01 -1.0828e+00 -5.2877e-02 2.0305e-02 -3.5839e-02 4.3769e-01 -5.4066e-02 -1.4381e+00 4.0425e-01 -5.2545e-02 4.7823e-01 -1.8826e-01 -3.5464e-02 -2.6419e-01 -3.0294e-02 -3.2105e-01 -1.0831e-01 -1.5391e-01 -7.2623e-03 -2.8547e-01 -8.0712e-02 1.0497e+01 -1.3871e-01 -1.9743e-01 -6.8943e-02 1.2803e-02 1.0525e-01 3.1261e-02 2.4588e-01 1.6311e-01 -1.5781e-01 6.6390e-01 -2.3727e-01 -8.4412e-02 3.6542e-01 -7.5084e-01
-1.7213e-01 -4.6507e-02 3.5350e+00 8.0435e+00 -3.9274e+00 1.6576e+00 -1.8602e+00 -1.6713e+00 4.0014e+00 6.5345e-01 -1.0233e+00 -6.4005e-01 -1.4005e+01 5.4582e+00 -2.4486e+00 1.6557e+01 6.1241e+00 1.6179e+00 -6.4732e-01 1.0815e+00 2.1614e+00 5.6181e+00 3.0732e-01 -3.7702e+00 2.5557e-01 -3.8996e-01 -4.0539e-01 1.1558e+00 7.7094e-01 1.7960e+00 -2.0654e-01 -3.4159e+00 -8.1843e-02 -1.2758e+00 -9.3610e-01 -3.7922e+00 2.6176e-01 -1.3871e-01 9.3017e+01 5.6556e-01 -1.1832e-01 -2.7097e-01 2.9345e+00 1.3832e+00 1.1989e+00 8.3111e-01 -1.6093e+00 -7.6895e-01 -1.9622e+00 -2.5814e+00 -1.1690e+00 -2.4527e+00
1.7789e-01 -3.2545e-01 1.4230e+00 2.5873e+00 -1.0254e+00 -9.7717e-01 -1.4572e+00 -1.4427e+00 -3.7917e+00 -2.5919e+00 2.1776e+00 3.7626e-01 2.5637e+00 -1.0249e+00 -3.0048e-01 2.2115e+00 7.9401e-02 2.2222e+00 6.5846e-01 9.1208e-01 2.9977e+00 -7.9055e-01 -1.1230e+00 -6.0877e-01 -1.2489e-01 -9.9331e-02 -9.7605e-02 5.2347e+00 1.4795e-01 -7.9252e-01 -7.0655e-02 4.0767e-02 -9.6031e-01 -6.0783e-01 -4.1996e-01 -6.6629e-01 6.5738e-01 -1.9743e-01 5.6556e-01 3.1752e+01 -2.0228e-01 7.9141e-02 -1.8875e-01 7.7532e-01 -4.4792e-02 -9.1034e-02 -6.4620e-01 -2.4632e-01 -1.3386e+00 4.3384e+00 -1.9411e-01 -1.3645e-01
-2.2612e-01 -6.7078e-01 4.8883e-01 -4.4772e-01 5.3883e-01 1.6872e-01 -1.8805e-01 -3.5602e-01 -1.8375e-01 -2.1024e-01 -1.4647e-01 9.3205e-01 5.7105e-01 -1.7598e-01 -9.5660e-01 9.9417e-01 -1.1030e-01 2.3552e-01 -3.9606e-02 1.5424e-01 -3.0040e-02 -5.0603e-01 -1.8077e-01 7.3426e-02 -4.7818e-02 -3.9676e-02 -2.4461e-02 1.2760e-01 -5.3799e-02 3.7742e+00 -3.2340e-02 1.7917e-01 -1.7489e-01 -5.8217e-03 6.2608e-01 -9.9476e-02 -5.9438e-02 -6.8943e-02 -1.1832e-01 -2.0228e-01 1.1092e+01 -1.0194e-01 -3.7266e-02 -3.9708e-02 2.0863e-01 -2.8014e-01 4.6392e-02 -9.4997e-02 3.1412e+00 5.0092e-01 -2.9804e-02 1.4551e-02
2.5473e-01 4.5539e-01 -1.5762e-01 -6.5030e-02 -2.2975e-01 1.4141e-01 2.8865e-01 1.1233e-03 -9.7362e-03 -3.4119e-01 2.3256e-01 -9.6933e-01 1.2483e-01 -2.3220e-02 1.4514e+00 1.8131e+00 -7.5260e-02 2.9630e-01 -7.4571e-02 -4.9271e-02 2.3609e-01 -2.0095e-01 -1.3318e-01 1.1189e-02 -6.5331e-02 -5.1516e-02 -4.2424e-01 -1.7643e-01 -3.7823e-02 -1.7753e-01 -2.8362e-02 -4.6577e-01 -9.2555e-02 -6.0341e-02 -2.7339e-02 -8.8148e-02 -9.7338e-03 1.2803e-02 -2.7097e-01 7.9141e-02 -1.0194e-01 8.6398e+00 -6.6600e-02 -2.1057e-02 -3.5012e-02 1.1120e+00 -1.2424e-01 2.2783e-01 -1.4296e-01 -3.5097e-02 -7.7537e-02 1.2502e-01
2.8306e-02 1.1504e-01 1.5467e-01 -3.7219e-01 7.5975e-03 -9.3917e-04 3.3053e-01 1.6847e-02 -4.2137e-01 6.2446e-02 -9.3353e-02 1.3280e-01 -6.4083e-01 -2.1742e-01 -6.0630e-02 2.5276e-01 -2.2337e-01 2.3718e-01 -9.6941e-02 -4.1752e-02 -2.6410e-02 -1.7226e-01 -3.4657e-01 1.1429e-01 -4.8487e-02 -3.2429e-02 1.4496e-01 -2.6698e-01 3.2235e-03 4.1627e-02 -1.4413e-02 -4.4164e-01 -8.1035e-02 -8.5040e-02 -5.4335e-02 -1.2341e-01 1.8295e-01 1.0525e-01 2.9345e+00 -1.8875e-01 -3.7266e-02 -6.6600e-02 8.6385e+00 -1.9624e-02 1.0008e-01 7.1466e-02 -1.5904e-01 -1.6022e-02 -4.7724e-01 -3.3331e-01 3.5091e-02 7.2794e-02
-9.7395e-03 -6.9536e-02 5.6257e-01 9.7667e-04 -2.6249e-01 -1.8202e-01 -1.6961e-02 -9.8030e-01 -1.7982e-01 -6.2373e-01 1.8895e-02 3.3821e-01 -2.7221e-01 -1.0920e-01 5.5448e-01 -3.7827e-01 -1.8248e-01 2.6908e-01 -1.5120e-01 -9.5835e-02 -2.7550e-02 -9.7734e-02 -9.7209e-02 -7.2410e-01 -1.1155e-01 1.6794e-01 -1.0842e+00 4.9508e-03 -3.4301e-02 1.6844e-01 -1.4754e-02 -6.3805e-03 1.8102e-01 -5.9932e-02 -4.8513e-02 2.4767e-01 1.4764e+00 3.1261e-02 1.3832e+00 7.7532e-01 -3.9708e-02 -2.1057e-02 -1.9624e-02 7.8318e+00 -2.2187e-02 8.0756e-02 -3.6596e-02 -1.1789e+00 -8.7811e-02 -5.3739e-02 -5.6534e-01 1.2636e+00
-1.2353e-02 3.8893e-01 3.5406e-02 -5.0835e-01 -1.7570e-01 -1.0391e-01 1.4404e+00 -1.5662e-01 -9.6475e-01 -4.5360e-01 -6.5677e-02 8.0185e-03 1.5030e-01 -2.2901e-01 -5.6583e-03 -3.6326e-01 -9.5021e-02 9.7203e-02 -6.8428e-02 -1.1953e-02 -7.8567e-04 -1.5900e-01 -8.8506e-02 1.1051e-01 5.7711e-02 1.4917e-02 8.4866e-02 -8.9184e-02 7.0091e-02 -1.1596e-01 4.4146e-02 -2.3829e-01 -1.6484e-01 -5.6782e-02 -5.5279e-02 -1.6851e-01 -4.4811e-02 2.4588e-01 1.1989e+00 -4.4792e-02 2.0863e-01 -3.5012e-02 1.0008e-01 -2.2187e-02 6.2772e+00 -7.1002e-02 -2.3032e-02 -1.0534e-01 -9.1336e-02 -3.6311e-02 4.4643e-02 2.5801e-02
3.9514e-01 2.1418e+00 5.6588e-01 -5.7249e-01 -7.9774e-02 -1.6248e-01 1.0544e+00 -8.9292e-01 2.7698e-01 -1.1678e+00 -9.5248e-03 2.6054e+00 1.6180e-01 -5.0106e-01 -2.2698e+00 -1.5430e+00 -8.5501e-02 1.2084e+00 -1.0765e-01 4.1132e-02 5.3502e-02 4.0857e+00 -1.0604e-01 -6.4105e-01 -9.2574e-02 -6.0002e-02 -2.9125e-01 6.0224e-01 5.1858e-03 -1.3488e-01 -6.0292e-02 -1.1581e+00 4.9062e-01 -1.9930e-03 1.8754e-02 -3.7318e-01 -1.4014e-02 1.6311e-01 8.3111e-01 -9.1034e-02 -2.8014e-01 1.1120e+00 7.1466e-02 8.0756e-02 -7.1002e-02 1.8224e+01 1.6706e-01 6.3461e-01 1.9560e-01 -8.1827e-02 -3.3508e-01 -4.1157e-01
-2.7793e-01 8.6220e-02 -7.8572e-01 -3.3642e-01 -2.1983e-01 2.2030e-01 -4.1939e-01 4.1715e-01 -4.0232e-01 -4.8658e-01 -1.7575e-01 3.8586e-01 -6.8452e-01 -1.9245e-01 1.3679e-01 -2.3713e-02 -2.3961e-01 1.1160e-01 1.1347e-02 -1.6312e-02 2.6970e-02 -3.4113e-01 3.3319e+00 1.1673e-01 -4.7041e-02 2.0193e-01 1.0890e-01 -5.0385e-01 8.7763e-02 -1.4162e-01 2.4235e-01 8.9320e-01 -1.7503e-01 -2.3334e-01 -1.7052e-01 1.3143e+00 -3.3308e-02 -1.5781e-01 -1.6093e+00 -6.4620e-01 4.6392e-02 -1.2424e-01 -1.5904e-01 -3.6596e-02 -2.3032e-02 1.6706e-01 1.3471e+01 -3.9997e-02 -5.7615e-01 -2.2471e-01 2.7130e-03 5.1619e-02
-1.0638e+00 6.3208e-01 -1.0310e+01 -3.5807e-01 7.7020e+00 -1.8271e+00 1.0269e+00 4.9877e+00 -1.8986e+00 1.0993e+01 -1.3223e-01 -1.1479e+00 4.8511e-02 6.9012e-01 -1.1106e+00 -6.7319e+00 -2.5799e-01 2.6974e+00 1.7470e-01 -9.9791e-01 3.3086e-02 -1.6183e-01 -2.5467e-01 -7.9683e+00 1.3396e-01 -1.1636e-01 -8.2623e+00 -7.5757e-01 -9.4569e-02 -1.5341e-02 -6.8972e-02 -8.4756e-01 -4.4071e-01 -1.3747e-01 1.1493e-01 2.4424e+00 -7.7652e-01 6.6390e-01 -7.6895e-01 -2.4632e-01 -9.4997e-02 2.2783e-01 -1.6022e-02 -1.1789e+00 -1.0534e-01 6.3461e-01 -3.9997e-02 3.2424e+01 -6.3064e-02 -3.1383e-02 -9.1870e+00 1.5809e+01
4.6549e-01 -1.5251e-01 -2.0237e-01 -9.0029e-01 2.7980e+00 3.9920e-03 -3.2363e-01 -2.0319e+00 -3.1911e-02 -6.1239e-01 -2.8730e-01 6.3512e-01 -1.8872e+00 -3.0642e-01 -5.8710e-01 -3.6654e-01 -2.6346e-01 1.2133e-01 -1.4691e-01 -7.0603e-02 -5.4106e-02 7.4031e-01 -8.0842e-01 -4.7791e-02 5.0514e-02 -1.3292e-01 7.3720e-02 -5.8456e-01 -4.7718e-02 3.0953e+00 -3.8629e-02 6.8681e+00 -2.3920e-01 1.5027e+00 3.7933e-01 -2.0898e-01 -9.9238e-02 -2.3727e-01 -1.9622e+00 -1.3386e+00 3.1412e+00 -1.4296e-01 -4.7724e-01 -8.7811e-02 -9.1336e-02 1.9560e-01 -5.7615e-01 -6.3064e-02 2.0591e+01 4.4322e-01 -1.8274e-01 -8.6096e-02
-6.0654e-01 -3.5447e-02 -1.9419e-01 -3.0951e-01 3.8387e-01 -4.5139e-01 -3.2745e-01 2.9293e-01 -1.6527e-01 -5.2523e-02 1.4393e+00 -2.9433e-03 1.9855e+00 -1.7435e-01 -2.2990e-03 8.1574e-02 3.0507e-01 -6.2430e-02 -8.0176e-02 -8.4495e-02 -2.9786e-02 -2.1388e-01 -4.8451e-01 5.3371e-02 -4.9303e-02 -1.0976e-02 1.2133e-01 -2.6905e-01 2.4061e-02 -1.6131e-01 8.4754e-02 6.0612e-01 9.8570e-02 -2.1342e-01 -1.7341e-01 -4.1492e-02 -3.9635e-02 -8.4412e-02 -2.5814e+00 4.3384e+00 5.0092e-01 -3.5097e-02 -3.3331e-01 -5.3739e-02 -3.6311e-02 -8.1827e-02 -2.2471e-01 -3.1383e-02 4.4322e-01 1.2424e+01 -4.6728e-02 1.2093e-03
-6.7451e-01 -8.3377e-02 5.1456e+00 -1.3876e-01 -2.7489e+00 -3.0073e-02 -1.0049e-01 -3.6755e+00 -3.4583e-01 -7.9366e+00 -8.9265e-03 1.5589e+00 -1.2805e-01 -1.4700e-01 -7.7887e-02 7.1039e+00 -1.1018e-01 4.7819e+00 -4.0512e-01 7.2863e-02 -8.2141e-02 3.0518e-02 -3.5215e-02 6.9530e+00 2.5304e-02 -7.8555e-02 1.2976e+01 -4.3374e-01 -2.8550e-02 1.0323e-01 8.7418e-03 1.6337e+00 2.1129e-01 7.6597e-02 4.5000e-06 -2.0757e+00 -6.0640e-01 3.6542e-01 -1.1690e+00 -1.9411e-01 -2.9804e-02 -7.7537e-02 3.5091e-02 -5.6534e-01 4.4643e-02 -3.3508e-01 2.7130e-03 -9.1870e+00 -1.8274e-01 -4.6728e-02 1.6110e+01 -2.7606e+00
-8.9724e-02 8.4621e-02 -4.5760e+00 -3.4966e-01 4.9938e+00 -4.2400e-01 7.1435e-01 3.8176e+00 -2.5601e+00 7.2642e+00 3.4277e-02 -9.5627e-01 -2.6231e+00 1.7798e+00 -4.6608e-01 -4.1545e-01 3.6220e-01 6.7962e+00 -3.6345e-01 -1.0996e+00 1.8238e-01 9.4291e-02 3.2354e-01 1.0276e+01 -5.0218e-01 -9.3977e-02 -9.6330e-01 -1.0769e+00 -1.7968e-02 3.7007e-02 -1.1450e-02 -1.7958e+00 2.1335e-01 1.0049e-01 7.6843e-03 -8.6942e-01 2.9424e-02 -7.5084e-01 -2.4527e+00 -1.3645e-01 1.4551e-02 1.2502e-01 7.2794e-02 1.2636e+00 2.5801e-02 -4.1157e-01 5.1619e-02 1.5809e+01 -8.6096e-02 1.2093e-03 -2.7606e+00 2.7297e+01
