4.7611e+01 7.5486e-01 2.0765e+01 -2.6630e-01 -2.4209e-01 1.5509e-01 9.0143e-01 4.1517e+00 2.4745e-02 -1.2425e+00 1.1581e+00 3.8365e-01 1.8072e+00 9.2738e-01 4.6182e-01 -5.1981e+00 -3.5595e+00 4.1261e-01 -6.0438e-01 -2.9431e-01 1.0347e+00 -1.5503e+00 -2.2588e+00 -4.7182e-03 -2.2933e-01 1.2584e+01 2.1682e+00 -1.0936e+00 -1.1276e+00 4.3024e+00 8.4859e-01 8.6628e-01 -5.9524e-01 -1.2663e+01 5.5610e-01 1.5389e+01 9.4001e+00 -1.1310e+01 8.7365e+00 1.1284e+00 -3.0556e+00 2.6009e-01 2.0280e-01 -3.0001e-01 4.0139e-01 1.0319e+00 1.0735e-02 2.3130e+00 1.9201e-01 -2.7473e-03 -1.1441e-01 1.6177e-02
7.5486e-01 8.0363e+01 -4.5157e+00 6.0657e+00 1.3036e+00 1.6323e+00 -3.8713e+01 1.1821e+00 -6.7637e-01 -3.7305e+01 -1.4758e+00 1.4604e+00 -2.8821e-01 1.6461e+00 1.5694e+00 -1.0908e-01 -5.6250e-03 -1.9681e-01 -4.1243e+00 -3.4188e-01 -6.0592e-01 8.3292e+00 -3.4161e+01 6.6006e+00 -4.4211e+01 3.6419e-01 -2.6012e-01 -1.7115e+00 -1.2531e-01 -5.3472e-01 -8.3953e-01 -2.2192e+00 -1.7951e+00 -2.5682e+01 1.3952e+00 2.7322e+01 2.9470e+01 -1.6697e+01 3.4259e+01 1.1716e+01 1.5912e+00 1.6426e+00 -1.1271e+00 -1.9443e-01 -3.1538e-01 1.2060e-01 -3.1318e-03 2.7867e+00 3.4091e-02 2.6132e-01 -1.4198e+00 -1.0033e+00
2.0765e+01 -4.5157e+00 6.7189e+01 2.0748e+00 -8.0200e-01 -8.4617e-01 4.0983e+00 1.5903e+00 -1.5665e-01 -2.9016e+00 1.5990e+00 -7.7041e-02 -3.2883e-01 2.0335e+00 1.8405e-01 9.6616e+00 2.8229e-02 -7.1317e-03 -1.0913e-01 6.1793e-01 -2.8031e-01 4.2280e-01 -1.3331e+00 1.3092e-01 4.8867e-01 5.0696e+00 6.1349e-01 -1.5025e+00 9.0086e-01 4.7706e+00 -5.0151e-02 -1.3861e+00 -8.5954e-01 -3.3921e-01 8.2088e+00 1.3152e+00 1.3123e-01 -2.4450e+00 1.9903e-01 4.6733e+00 2.2314e+00 -1.5798e-01 -2.4352e-02 -7.4087e-02 2.6262e-01 -7.9731e-02 8.3996e-02 5.1935e-01 1.7117e-01 7.6864e-01 -2.8459e+00 1.8678e-02
-2.6630e-01 6.0657e+00 2.0748e+00 7.1562e+01 1.8231e-02 3.2059e-01 -6.5852e+00 -3.4024e+00 -1.6022e+00 -5.6865e+00 -4.6334e+00 -2.7309e-01 1.8653e-01 -6.7718e-01 2.6709e+00 4.3329e+00 5.3019e+00 6.7222e-01 -7.6066e-01 -4.1247e+00 -1.1855e+00 6.0829e-01 3.0103e+00 7.9971e+00 -9.7114e+00 -9.6359e+00 7.6122e-02 -2.8549e-01 -1.7049e+00 -1.1870e+01 -6.7012e+00 -3.9448e+00 3.4128e-01 -2.0622e-01 6.3169e+00 -1.7763e+01 8.7325e+00 -3.8830e+00 -7.0464e+00 1.3163e+00 -4.1107e-01 1.1070e+00 -1.4453e-01 -6.6073e-01 2.3114e+00 -1.2584e+00 -8.9703e-01 -7.4465e-01 -1.8983e-01 3.2643e-02 1.0901e-01 -4.3946e-01
-2.4209e-01 1.3036e+00 -8.0200e-01 1.8231e-02 3.1822e+01 2.1281e+01 -1.3791e-01 4.5367e-01 -9.0972e-01 -3.9770e-01 7.9061e-01 3.5560e+00 1.9482e-02 -2.0433e+00 -9.6645e-02 2.1552e-01 -2.6462e-01 -4.7238e-01 1.1066e-01 6.1236e-02 2.7250e-01 3.0375e-01 1.4343e+01 -1.3223e+00 5.8482e+00 6.9902e-01 2.3048e+00 -1.8575e+00 1.1305e-01 -2.9776e-01 -1.0996e+00 -5.8246e-01 1.7956e+00 1.8529e+00 -9.7125e-01 -1.2685e+01 -3.8287e+00 -4.8416e-01 3.7819e+00 4.6885e+00 7.3159e-02 1.6393e-01 5.0392e-01 5.2296e-02 -1.3856e-01 1.0286e-01 6.8916e-02 8.7381e-02 -2.1197e-01 -1.9899e-01 1.9845e+00 -4.2733e-01
1.5509e-01 1.6323e+00 -8.4617e-01 3.2059e-01 2.1281e+01 2.8798e+01 -7.6828e-01 2.8563e-01 -8.4752e-01 -7.7186e-01 6.3146e-01 3.2202e+00 6.0870e-02 -9.6507e-01 -9.4885e-02 1.7657e-01 -6.9097e-01 7.7335e-02 1.6042e-02 -8.7320e-02 1.1819e-01 4.1309e-02 1.3256e+01 -1.2408e+00 5.5460e+00 6.2175e-01 2.1289e+00 -1.7079e+00 6.3797e-02 -6.0045e-01 -1.3853e+00 -3.7887e-01 1.5687e+00 1.9139e+00 -1.1365e+00 -1.2234e+01 -2.8718e+00 -9.0781e-01 4.4554e+00 5.2442e+00 5.9697e-02 -5.3189e-02 -1.0813e-01 1.5570e-02 -1.5616e-01 1.5805e-02 2.7831e-02 5.3258e-02 -1.4369e-01 -2.4912e-01 1.0699e+00 -5.0648e-01
9.0143e-01 -3.8713e+01 4.0983e+00 -6.5852e+00 -1.3791e-01 -7.6828e-01 6.1073e+01 -6.1103e-01 4.1385e-02 3.5742e+01 -4.2854e-01 -9.6286e-01 -5.6110e-01 -1.7632e+00 -9.0893e-01 2.9645e-02 6.2382e-02 -3.0531e-01 -4.5318e+00 2.7931e-01 -3.7738e-01 -4.4502e+00 2.0466e+01 -4.8098e+00 4.1143e+01 -2.6044e-01 -1.1117e+00 1.1969e+00 -1.3209e-01 8.9085e-01 -1.0481e+00 -1.6110e+00 1.7070e+00 1.4776e+01 -7.5271e-01 -1.2521e+01 -1.1511e+01 1.8164e+01 -1.7769e+01 -7.2811e+00 -8.4532e-01 -1.0139e+00 -1.9578e-01 -9.8386e-02 1.6650e-01 -4.5045e-01 -3.6546e-02 -7.9365e-01 -1.2848e-01 -3.4663e-01 2.5275e-01 -7.2733e-03
4.1517e+00 1.1821e+00 1.5903e+00 -3.4024e+00 4.5367e-01 2.8563e-01 -6.1103e-01 5.9745e+01 -3.3317e-01 -1.0424e+00 1.0296e+01 4.8027e-01 -2.3139e-01 7.1663e+00 -6.8415e-01 -2.7355e+01 -1.2614e+01 -8.7188e-01 2.1355e-01 1.9684e+00 -2.2004e-01 2.6515e-01 3.3005e-01 -5.4323e-01 -1.9489e+00 -1.3866e+01 1.8920e-01 -2.7214e-01 6.9189e-01 1.0972e+00 -3.7505e-01 -6.2796e+00 -6.9977e-03 -1.3623e+01 1.5990e+01 1.1840e+01 -9.7177e+00 -6.4099e+00 1.3960e+01 -3.1449e-02 -4.0687e-01 -2.7341e-01 -5.0623e-01 -9.6657e-01 -1.3684e+00 1.5352e+00 5.7132e-01 -7.9000e-01 1.4733e-01 -1.0514e-01 -5.8237e-02 -2.9463e-01
2.4745e-02 -6.7637e-01 -1.5665e-01 -1.6022e+00 -9.0972e-01 -8.4752e-01 4.1385e-02 -3.3317e-01 1.6199e+01 -1.7822e-01 -2.2053e+00 -9.1518e-01 -8.5067e-02 -2.8951e-01 -1.9138e-02 2.7763e-01 -3.9261e-01 -7.9191e-02 9.3936e-02 -1.8168e-01 1.3577e-01 -4.4980e-02 -2.1293e+00 -4.2942e-02 2.0028e+00 -8.7190e-01 -7.8836e-01 2.2773e-01 9.7026e-02 -2.8723e-01 1.5826e-01 -4.3611e-01 -2.6940e-02 3.5210e+00 -1.6486e-01 1.8517e+00 5.2450e+00 -2.5472e-03 2.6117e+00 -2.9316e+00 -2.2008e-02 9.0447e-02 7.9527e-02 -1.3566e-02 -2.8990e-02 5.1209e-02 -4.7902e-03 8.2075e-02 2.3247e-02 -3.5010e-01 -1.8802e-01 1.2583e+01
-1.2425e+00 -3.7305e+01 -2.9016e+00 -5.6865e+00 -3.9770e-01 -7.7186e-01 3.5742e+01 -1.0424e+00 -1.7822e-01 6.0430e+01 2.9750e-01 -9.1138e-01 -3.3452e-01 -5.2129e-01 -1.0026e+00 1.1979e+00 4.9908e-01 1.7858e-01 3.4034e+00 4.9564e-01 -5.3213e-01 -5.1452e+00 2.4397e+01 -6.1719e+00 3.1099e+01 -1.2400e+00 3.3525e+00 1.6016e+00 -1.2110e+00 3.6216e-01 -3.1024e-01 -1.0178e-01 -1.7214e+00 1.6195e+01 -4.7544e-01 -1.8218e+01 -1.7455e+01 2.1425e+01 -2.3387e+01 -6.6562e+00 -8.1434e-01 -1.0629e+00 -2.8288e-01 -4.3786e-02 2.6402e-01 4.9002e-02 -2.5809e-01 -2.0131e+00 1.5286e-01 6.6990e-02 6.8219e-01 -2.4247e-01
1.1581e+00 -1.4758e+00 1.5990e+00 -4.6334e+00 7.9061e-01 6.3146e-01 -4.2854e-01 1.0296e+01 -2.2053e+00 2.9750e-01 4.5616e+01 -7.1966e-01 6.1039e-02 1.8444e+01 -1.8847e+00 -5.4863e+00 -2.1027e+00 9.4401e-02 -4.9259e-01 1.2729e+01 -5.2524e-01 -5.5874e-01 3.3266e+00 -4.4189e-02 1.5864e+00 1.7591e+01 3.5972e-01 -3.5227e-01 3.0036e+00 2.3230e+01 1.0956e+01 -2.7423e+00 -1.2147e-01 2.1108e+01 1.8301e+01 7.4155e-01 -1.3348e+01 2.1306e+01 -1.9125e+01 2.8898e+00 -3.2718e-01 -3.1768e-01 -1.5760e-02 -3.7122e-01 -3.9126e-01 1.6546e-01 1.5993e+00 -6.2360e-01 1.6014e-01 1.2366e+00 2.3746e-01 1.4853e+00
3.8365e-01 1.4604e+00 -7.7041e-02 -2.7309e-01 3.5560e+00 3.2202e+00 -9.6286e-01 4.8027e-01 -9.1518e-01 -9.1138e-01 -7.1966e-01 1.7877e+01 -1.5950e-01 -1.6072e-01 -3.0333e-01 1.2145e+00 -5.8491e-01 1.2234e-01 -2.3387e-01 -5.3762e-01 -2.9346e-01 2.3146e+00 -1.3517e+00 -1.8961e-01 -2.0452e+00 8.2427e-01 1.8524e+00 -8.1390e-02 -8.6716e-02 -7.5886e-01 -2.3332e-01 -7.5448e-01 1.8346e+00 -5.0368e-01 4.3406e-01 -5.4744e-01 7.9507e-01 -1.7608e+00 2.0081e+00 1.1728e+00 -2.1251e-01 -8.2380e-02 -7.9671e-02 -9.2631e-02 -1.8124e-01 2.0720e-01 -7.2608e-02 -1.6922e-01 -1.1789e-01 -1.4016e-01 -1.7086e+00 -1.0028e+00
1.8072e+00 -2.8821e-01 -3.2883e-01 1.8653e-01 1.9482e-02 6.0870e-02 -5.6110e-01 -2.3139e-01 -8.5067e-02 -3.3452e-01 6.1039e-02 -1.5950e-01 8.4100e+00 4.9454e-01 -7.1574e-02 -4.0300e-01 -2.4117e-01 -5.6856e-02 1.9492e-01 -3.8078e-02 -2.1595e-01 -2.5186e-01 -8.2528e-01 -1.7196e-01 -5.8616e-01 1.0293e+00 -1.2804e-01 1.3734e-01 -7.3011e-02 7.7393e-01 -7.9661e-02 -3.2657e-02 2.0530e-01 -6.3102e-01 -1.6963e-01 7.4984e-01 6.5208e-01 8.0161e-01 -1.1230e-01 -2.4200e-01 -6.9416e-02 -1.8765e-01 -1.5627e-01 -5.6491e-02 -8.8448e-02 -1.1757e-01 -1.4842e-02 1.4046e-01 -4.2405e-02 -9.5101e-02 6.0277e-03 -5.0409e-02
9.2738e-01 1.6461e+00 2.0335e+00 -6.7718e-01 -2.0433e+00 -9.6507e-01 -1.7632e+00 7.1663e+00 -2.8951e-01 -5.2129e-01 1.8444e+01 -1.6072e-01 4.9454e-01 5.9222e+01 -2.0779e+00 1.6334e+00 -5.7533e+00 8.1111e-02 4.5860e-01 1.3789e+01 4.3269e+00 1.0340e+00 -4.6240e+00 -2.7797e-01 -8.2201e+00 2.5227e+01 -5.2431e-01 -3.7696e-01 -1.6078e+00 1.9871e+01 1.6779e+01 -1.1207e-01 -4.2667e-01 1.0741e+01 9.0347e+00 -1.5626e+00 -4.3745e+00 1.4193e+01 -2.3492e+01 1.0121e+00 2.0614e-01 -5.6166e-01 2.8612e+00 -4.0584e-01 -7.8125e-01 2.6971e-01 1.6511e+00 -9.2181e-01 -4.4058e-01 6.0497e-01 -2.1142e-01 -2.0903e-01
4.6182e-01 1.5694e+00 1.8405e-01 2.6709e+00 -9.6645e-02 -9.4885e-02 -9.0893e-01 -6.8415e-01 -1.9138e-02 -1.0026e+00 -1.8847e+00 -3.0333e-01 -7.1574e-02 -2.0779e+00 2.1460e+01 -4.2453e+00 -1.2118e+00 -1.4888e-01 -4.6856e-01 -1.0995e+00 -2.6145e-01 -3.1556e-01 -2.1097e+00 1.2070e+00 -7.5998e-01 -5.4248e+00 -7.3579e-02 5.9628e-02 -4.7812e-01 -3.1757e+00 -1.1725e+00 -1.4871e-01 -1.4082e-01 -5.4066e-01 -4.1344e-01 -7.2954e-01 -1.2920e+00 1.8891e+00 2.3985e+00 -9.6020e-01 -1.7253e-01 -3.4776e-01 2.3578e-01 -2.7437e-01 -9.0321e-02 -4.1300e-01 -1.6874e-01 2.7918e-01 -1.2330e-01 -2.1491e-01 -1.4653e-03 -4.7875e-02
-5.1981e+00 -1.0908e-01 9.6616e+00 4.3329e+00 2.1552e-01 1.7657e-01 2.9645e-02 -2.7355e+01 2.7763e-01 1.1979e+00 -5.4863e+00 1.2145e+00 -4.0300e-01 1.6334e+00 -4.2453e+00 9.9898e+01 1.3326e+01 -5.0829e-01 -1.2018e+00 -3.3905e+00 -1.8233e+00 -1.0586e+00 -1.1757e+00 -3.3132e-01 -5.8824e+00 2.2219e+01 -2.3753e+00 -1.2091e+00 3.1011e+00 -1.7067e+01 -6.5497e+00 4.7707e+00 -2.4857e-01 -2.1106e+01 -1.9684e+01 -8.6913e+00 3.2421e+01 -1.2245e+01 -3.9916e+00 1.4850e+00 3.0489e+00 1.6312e+00 3.5813e-01 -7.0050e-01 -1.7828e+00 -1.8062e+00 -2.9578e-01 1.5222e+00 -1.6895e-01 7.8348e-01 -5.1627e-01 2.0436e-01
-3.5595e+00 -5.6250e-03 2.8229e-02 5.3019e+00 -2.6462e-01 -6.9097e-01 6.2382e-02 -1.2614e+01 -3.9261e-01 4.9908e-01 -2.1027e+00 -5.8491e-01 -2.4117e-01 -5.7533e+00 -1.2118e+00 1.3326e+01 4.0374e+01 -4.1161e-01 -9.6223e-01 -1.3527e+00 3.2578e+00 -5.7043e-01 -8.5529e-01 -4.9004e-01 5.0484e-01 -1.2500e+01 -7.1897e-01 -1.2676e-01 -2.5586e-01 -5.3631e+00 -2.9905e+00 -2.7404e+00 -1.7343e-03 1.0407e+01 -5.8007e+00 -1.4652e+01 -5.7614e+00 1.0839e+01 -7.4370e+00 -7.3114e-01 -2.5071e-01 -4.9274e-01 -1.2676e-01 4.7283e-03 -5.6762e-01 1.6171e-01 -4.1997e-01 4.5043e-01 -1.1552e-01 -1.0400e-01 2.4176e-02 -1.0182e-01
4.1261e-01 -1.9681e-01 -7.1317e-03 6.7222e-01 -4.7238e-01 7.7335e-02 -3.0531e-01 -8.7188e-01 -7.9191e-02 1.7858e-01 9.4401e-02 1.2234e-01 -5.6856e-02 8.1111e-02 -1.4888e-01 -5.0829e-01 -4.1161e-01 7.7259e+00 -1.5075e-01 3.7625e-01 -4.5868e-02 -1.8294e-01 5.1098e-01 1.7189e-02 4.5508e-01 -1.6820e-01 -4.6747e-02 2.9278e-02 3.5228e-02 -2.1738e-02 4.0010e-01 -2.0812e-01 -3.6662e-02 1.1781e+00 -5.2265e-01 -1.4122e+00 -6.5779e-01 1.1305e+00 -1.3640e+00 3.7910e-01 -6.7688e-02 -9.0596e-02 -1.1191e-01 -2.4521e-02 -1.0997e-02 -5.7177e-02 -5.3358e-02 -1.3141e-01 4.9301e-02 -3.6795e-02 1.3085e-02 -9.9387e-02
-6.0438e-01 -4.1243e+00 -1.0913e-01 -7.6066e-01 1.1066e-01 1.6042e-02 -4.5318e+00 2.1355e-01 9.3936e-02 3.4034e+00 -4.9259e-01 -2.3387e-01 1.9492e-01 4.5860e-01 -4.6856e-01 -1.2018e+00 -9.6223e-01 -1.5075e-01 2.6640e+01 -4.8507e-01 7.9477e-01 -1.1396e+00 4.7599e+00 -7.7654e-01 -4.1689e+00 -1.1062e+00 3.9169e+00 -6.3739e-01 -9.4009e-01 -2.4110e-02 -2.3064e-01 -7.2735e-01 -4.2424e-01 -2.9077e-01 -1.5896e+00 -9.2030e+00 -5.5635e+00 -6.4715e-01 -8.2283e+00 3.4406e+00 -3.1524e-01 -3.9016e-01 -2.5475e-01 5.9027e-02 -1.9338e-02 -1.8245e-02 -8.8060e-02 -4.6279e-01 4.3702e-02 5.4515e-01 9.5889e-02 8.4136e-02
-2.9431e-01 -3.4188e-01 6.1793e-01 -4.1247e+00 6.1236e-02 -8.7320e-02 2.7931e-01 1.9684e+00 -1.8168e-01 4.9564e-01 1.2729e+01 -5.3762e-01 -3.8078e-02 1.3789e+01 -1.0995e+00 -3.3905e+00 -1.3527e+00 3.7625e-01 -4.8507e-01 2.2717e+01 -2.4204e-01 -1.5390e-01 3.6575e-02 -6.3965e-02 1.4816e+00 1.1763e+01 1.2057e-02 -5.7738e-02 -9.4917e-01 1.4496e+01 1.4440e+01 -6.9107e-01 -1.8288e-01 1.2163e+01 8.2622e+00 2.9582e+00 -6.4934e+00 1.2835e+01 -1.0816e+01 3.4593e-01 -8.4399e-02 -9.0405e-02 -8.3641e-02 -1.3402e-01 -9.6288e-03 6.2852e-01 -2.3647e-01 -2.7384e-01 -1.4272e-01 5.9105e-01 3.7593e-03 -5.7538e-03
1.0347e+00 -6.0592e-01 -2.8031e-01 -1.1855e+00 2.7250e-01 1.1819e-01 -3.7738e-01 -2.2004e-01 1.3577e-01 -5.3213e-01 -5.2524e-01 -2.9346e-01 -2.1595e-01 4.3269e+00 -2.6145e-01 -1.8233e+00 3.2578e+00 -4.5868e-02 7.9477e-01 -2.4204e-01 3.3458e+01 -1.5112e+00 -2.4016e+00 -9.7410e-01 6.4928e-02 -2.4039e+00 -3.1610e-01 -9.0049e-01 -7.9225e-01 -6.1279e-01 8.9191e+00 -9.7637e-01 -6.1532e-01 9.4054e-01 -2.0024e-01 1.1583e+01 -7.2091e+00 -6.0721e+00 -6.9392e+00 -2.7374e+00 -8.7519e-01 -4.0191e-01 6.4073e+00 -7.3222e-02 -1.0970e-02 -4.4746e-02 -1.8242e-02 -1.6084e-01 2.4207e-01 7.0455e-01 7.6679e-02 9.2445e-03
-1.5503e+00 8.3292e+00 4.2280e-01 6.0829e-01 3.0375e-01 4.1309e-02 -4.4502e+00 2.6515e-01 -4.4980e-02 -5.1452e+00 -5.5874e-01 2.3146e+00 -2.5186e-01 1.0340e+00 -3.1556e-01 -1.0586e+00 -5.7043e-01 -1.8294e-01 -1.1396e+00 -1.5390e-01 -1.5112e+00 2.7981e+01 -1.2315e+01 8.1677e-01 -8.9946e+00 2.2609e+00 -2.9676e-01 1.2200e+00 1.1997e+00 -1.1242e-01 -5.7505e-01 2.7712e+00 -8.5918e-01 -9.2224e+00 3.1462e+00 9.5354e+00 9.2791e+00 -3.2525e+00 9.9064e+00 1.2342e+01 -3.4330e-01 -7.0394e-01 -5.7817e-01 -6.0854e-02 -8.5218e-02 2.8630e-01 4.3792e-02 2.6460e-01 3.2247e-03 2.9209e-01 -1.6323e-01 -9.4073e-02
-2.2588e+00 -3.4161e+01 -1.3331e+00 3.0103e+00 1.4343e+01 1.3256e+01 2.0466e+01 3.3005e-01 -2.1293e+00 2.4397e+01 3.3266e+00 -1.3517e+00 -8.2528e-01 -4.6240e+00 -2.1097e+00 -1.1757e+00 -8.5529e-01 5.1098e-01 4.7599e+00 3.6575e-02 -2.4016e+00 -1.2315e+01 9.6840e+01 -9.0119e-02 5.8352e+01 -4.5614e+00 2.2854e+00 -2.0205e+00 -1.1458e+00 1.6982e-01 -4.6665e+00 2.5312e+00 4.8742e+00 5.9124e+01 -3.1629e+00 -7.4268e+01 -5.9032e+01 1.1710e+01 -5.1616e+01 -2.2390e+00 -1.5403e+00 -2.4482e+00 -2.3630e+00 1.9800e-01 -3.8262e-01 -2.5763e-01 -1.8523e-01 -2.6780e+00 -3.5392e-02 -1.0288e-01 6.5314e+00 -8.0584e-01
-4.7182e-03 6.6006e+00 1.3092e-01 7.9971e+00 -1.3223e+00 -1.2408e+00 -4.8098e+00 -5.4323e-01 -4.2942e-02 -6.1719e+00 -4.4189e-02 -1.8961e-01 -1.7196e-01 -2.7797e-01 1.2070e+00 -3.3132e-01 -4.9004e-01 1.7189e-02 -7.7654e-01 -6.3965e-02 -9.7410e-01 8.1677e-01 -9.0119e-02 2.3631e+01 -7.4711e+00 1.3297e+00 -2.4800e-01 -5.5762e-01 3.4072e+00 -1.0117e+00 -5.3926e-01 -5.8332e-01 1.2417e+00 2.9347e+00 1.8213e+00 -4.1091e+00 -8.0634e-01 -2.4624e+00 -2.8169e+00 -2.6718e+00 -1.4355e-01 -5.0045e-01 2.4533e-01 -1.5639e-01 -2.5012e-01 -1.7661e-01 -6.1356e-02 -6.4170e-01 6.0736e-02 -2.4729e-01 -1.1471e+00 -1.0940e-01
-2.2933e-01 -4.4211e+01 4.8867e-01 -9.7114e+00 5.8482e+00 5.5460e+00 4.1143e+01 -1.9489e+00 2.0028e+00 3.1099e+01 1.5864e+00 -2.0452e+00 -5.8616e-01 -8.2201e+00 -7.5998e-01 -5.8824e+00 5.0484e-01 4.5508e-01 -4.1689e+00 1.4816e+00 6.4928e-02 -8.9946e+00 5.8352e+01 -7.4711e+00 1.0126e+02 -8.1058e+00 -2.7894e+00 8.5850e-03 -1.2462e+00 2.2294e+00 -2.0946e+00 3.7869e+00 5.6916e+00 5.4375e+01 3.0082e+00 -3.7439e+01 -3.7190e+01 2.4116e+01 -3.5747e+01 -1.7749e+01 -1.4347e+00 -1.5573e+00 -2.2572e+00 -1.2532e-01 3.6431e-02 1.2635e-01 -1.5268e-01 -2.0052e+00 9.2789e-02 -3.7591e-01 1.8234e+00 1.0696e+00
1.2584e+01 3.6419e-01 5.0696e+00 -9.6359e+00 6.9902e-01 6.2175e-01 -2.6044e-01 -1.3866e+01 -8.7190e-01 -1.2400e+00 1.7591e+01 8.2427e-01 1.0293e+00 2.5227e+01 -5.4248e+00 2.2219e+01 -1.2500e+01 -1.6820e-01 -1.1062e+00 1.1763e+01 -2.4039e+00 2.2609e+00 -4.5614e+00 1.3297e+00 -8.1058e+00 1.0986e+02 -1.3142e+00 3.1601e-01 -1.2021e+00 3.9456e+01 1.5406e+01 5.6960e+00 8.3188e-02 -7.6847e+00 5.3599e-02 2.9689e+01 2.7990e+01 -9.1575e+00 -1.2489e+01 1.0603e+00 -1.1855e+00 1.2232e+00 -4.0673e-01 6.0866e-01 1.1780e+00 -1.1902e+00 1.3273e+00 3.6829e-01 1.5139e-01 -1.1807e+00 -8.0952e-01 -7.5866e-01
2.1682e+00 -2.6012e-01 6.1349e-01 7.6122e-02 2.3048e+00 2.1289e+00 -1.1117e+00 1.8920e-01 -7.8836e-01 3.3525e+00 3.5972e-01 1.8524e+00 -1.2804e-01 -5.2431e-01 -7.3579e-02 -2.3753e+00 -7.1897e-01 -4.6747e-02 3.9169e+00 1.2057e-02 -3.1610e-01 -2.9676e-01 2.2854e+00 -2.4800e-01 -2.7894e+00 -1.3142e+00 1.9620e+01 -1.3956e-01 -2.8970e-01 3.6197e-01 -5.8407e-01 -3.1720e-01 1.7313e+00 -9.1986e-01 -4.2650e-01 -6.7036e+00 -3.9120e+00 1.5785e+00 -2.3467e+00 3.9122e+00 -3.6318e-01 -3.3602e-01 2.7666e-01 -9.3085e-02 -1.6933e-02 5.8923e-01 -3.9985e-02 -1.9483e-01 -4.4783e-02 -1.6420e-03 -1.8010e+00 -8.3515e-01
-1.0936e+00 -1.7115e+00 -1.5025e+00 -2.8549e-01 -1.8575e+00 -1.7079e+00 1.1969e+00 -2.7214e-01 2.2773e-01 1.6016e+00 -3.5227e-01 -8.1390e-02 1.3734e-01 -3.7696e-01 5.9628e-02 -1.2091e+00 -1.2676e-01 2.9278e-02 -6.3739e-01 -5.7738e-02 -9.0049e-01 1.2200e+00 -2.0205e+00 -5.5762e-01 8.5850e-03 3.1601e-01 -1.3956e-01 1.5869e+01 -3.8581e-01 1.0351e+00 2.0641e+00 -3.9402e-01 -8.1430e-03 -6.8491e-02 7.6133e-01 2.7346e+00 -2.3472e+00 -7.2137e-01 -2.4334e+00 -1.2616e+00 -3.8402e-01 -7.7634e-02 -1.7905e-01 5.1639e-02 2.4588e-01 -8.3965e-02 5.8661e-02 -2.3943e-01 -1.0456e-01 -1.6317e-01 -1.2307e-01 8.4287e-01
-1.1276e+00 -1.2531e-01 9.0086e-01 -1.7049e+00 1.1305e-01 6.3797e-02 -1.3209e-01 6.9189e-01 9.7026e-02 -1.2110e+00 3.0036e+00 -8.6716e-02 -7.3011e-02 -1.6078e+00 -4.7812e-01 3.1011e+00 -2.5586e-01 3.5228e-02 -9.4009e-01 -9.4917e-01 -7.9225e-01 1.1997e+00 -1.1458e+00 3.4072e+00 -1.2462e+00 -1.2021e+00 -2.8970e-01 -3.8581e-01 2.1809e+01 -1.5126e+00 -1.0524e+00 -6.4656e-01 1.1912e+00 -1.1500e+00 -2.5568e+00 -4.7711e-01 -2.3697e+00 -3.1175e-01 1.1379e+00 -3.9971e-01 -3.6675e-01 3.1948e-02 2.4332e-01 -7.7667e-05 -6.4328e-02 1.7323e-01 -1.6679e-01 -3.7347e-01 5.1662e-02 -2.7654e-01 -6.8561e-02 7.2291e-02
4.3024e+00 -5.3472e-01 4.7706e+00 -1.1870e+01 -2.9776e-01 -6.0045e-01 8.9085e-01 1.0972e+00 -2.8723e-01 3.6216e-01 2.3230e+01 -7.5886e-01 7.7393e-01 1.9871e+01 -3.1757e+00 -1.7067e+01 -5.3631e+00 -2.1738e-02 -2.4110e-02 1.4496e+01 -6.1279e-01 -1.1242e-01 1.6982e-01 -1.0117e+00 2.2294e+00 3.9456e+01 3.6197e-01 1.0351e+00 -1.5126e+00 6.4887e+01 2.1157e+01 -5.0018e+00 -7.9126e-02 3.5087e+01 1.7927e+01 1.8731e+01 -1.7621e+01 2.0182e+01 -2.8542e+01 3.8836e+00 1.4309e-02 -5.0954e-01 -7.7005e-01 1.4798e+00 -1.1558e+00 -1.0820e+00 1.6774e+00 -1.3625e+00 4.4927e-01 4.0649e-01 -4.5215e-02 -1.3380e-01
8.4859e-01 -8.3953e-01 -5.0151e-02 -6.7012e+00 -1.0996e+00 -1.3853e+00 -1.0481e+00 -3.7505e-01 1.5826e-01 -3.1024e-01 1.0956e+01 -2.3332e-01 -7.9661e-02 1.6779e+01 -1.1725e+00 -6.5497e+00 -2.9905e+00 4.0010e-01 -2.3064e-01 1.4440e+01 8.9191e+00 -5.7505e-01 -4.6665e+00 -5.3926e-01 -2.0946e+00 1.5406e+01 -5.8407e-01 2.0641e+00 -1.0524e+00 2.1157e+01 4.6726e+01 -1.6295e+00 -1.1103e+00 1.2302e+01 7.4874e+00 9.4945e+00 -1.3183e+01 1.1594e+01 -1.9279e+01 -2.5032e+00 -2.6264e-01 -5.3570e-01 7.4750e+00 2.5127e-01 -1.1920e-01 3.1581e-01 -4.7226e-01 -4.7894e-01 -1.4443e-01 9.9220e-01 -5.1701e-02 4.0734e-01
8.6628e-01 -2.2192e+00 -1.3861e+00 -3.9448e+00 -5.8246e-01 -3.7887e-01 -1.6110e+00 -6.2796e+00 -4.3611e-01 -1.0178e-01 -2.7423e+00 -7.5448e-01 -3.2657e-02 -1.1207e-01 -1.4871e-01 4.7707e+00 -2.7404e+00 -2.0812e-01 -7.2735e-01 -6.9107e-01 -9.7637e-01 2.7712e+00 2.5312e+00 -5.8332e-01 3.7869e+00 5.6960e+00 -3.1720e-01 -3.9402e-01 -6.4656e-01 -5.0018e+00 -1.6295e+00 4.2051e+01 4.2070e+00 -2.4730e+00 -3.0884e+00 -2.6200e+00 9.9424e+00 -2.1307e+00 5.8012e+00 -2.0546e+00 -1.1670e-02 -4.2067e-01 -5.0494e-01 -5.9264e-02 -3.6658e-01 3.2237e-02 -1.5989e-01 3.2044e+00 2.3210e-01 -5.9227e-01 8.2471e-02 -4.6570e-01
-5.9524e-01 -1.7951e+00 -8.5954e-01 3.4128e-01 1.7956e+00 1.5687e+00 1.7070e+00 -6.9977e-03 -2.6940e-02 -1.7214e+00 -1.2147e-01 1.8346e+00 2.0530e-01 -4.2667e-01 -1.4082e-01 -2.4857e-01 -1.7343e-03 -3.6662e-02 -4.2424e-01 -1.8288e-01 -6.1532e-01 -8.5918e-01 4.8742e+00 1.2417e+00 5.6916e+00 8.3188e-02 1.7313e+00 -8.1430e-03 1.1912e+00 -7.9126e-02 -1.1103e+00 4.2070e+00 1.7517e+01 2.9409e+00 -5.7332e-01 -3.0326e+00 -1.7781e+00 -8.2777e-01 8.5893e-01 -2.9379e+00 8.6625e-02 -2.8381e-01 -6.3715e-01 -8.8271e-02 -1.2768e-01 -1.0083e-03 -2.9806e-02 -1.3672e-01 -1.3687e-02 -1.1402e-01 -1.4831e+00 -1.0103e-01
-1.2663e+01 -2.5682e+01 -3.3921e-01 -2.0622e-01 1.8529e+00 1.9139e+00 1.4776e+01 -1.3623e+01 3.5210e+00 1.6195e+01 2.1108e+01 -5.0368e-01 -6.3102e-01 1.0741e+01 -5.4066e-01 -2.1106e+01 1.0407e+01 1.1781e+00 -2.9077e-01 1.2163e+01 9.4054e-01 -9.2224e+00 5.9124e+01 2.9347e+00 5.4375e+01 -7.6847e+00 -9.1986e-01 -6.8491e-02 -1.1500e+00 3.5087e+01 1.2302e+01 -2.4730e+00 2.9409e+00 1.7920e+02 9.5805e+00 -1.0575e+02 -1.1524e+02 8.7452e+01 -1.1869e+02 -1.8310e+01 9.9595e-02 -4.1209e+00 -2.6824e+00 8.1020e-01 1.1214e+00 2.8011e+00 1.2098e+00 -3.1991e+00 -5.6669e-01 1.9240e+00 -1.1117e+00 2.8678e+00
5.5610e-01 1.3952e+00 8.2088e+00 6.3169e+00 -9.7125e-01 -1.1365e+00 -7.5271e-01 1.5990e+01 -1.6486e-01 -4.7544e-01 1.8301e+01 4.3406e-01 -1.6963e-01 9.0347e+00 -4.1344e-01 -1.9684e+01 -5.8007e+00 -5.2265e-01 -1.5896e+00 8.2622e+00 -2.0024e-01 3.1462e+00 -3.1629e+00 1.8213e+00 3.0082e+00 5.3599e-02 -4.2650e-01 7.6133e-01 -2.5568e+00 1.7927e+01 7.4874e+00 -3.0884e+00 -5.7332e-01 9.5805e+00 7.6529e+01 1.5027e+01 3.8583e+00 1.1802e+01 1.6952e+00 1.0332e+00 -4.8358e-01 -6.2700e-01 -1.6231e-01 -8.1842e-01 -1.0129e+00 -1.0346e+00 1.9451e+00 -3.6349e-01 -2.7312e-01 -7.8249e-02 -3.1546e+00 9.8716e-02
1.5389e+01 2.7322e+01 1.3152e+00 -1.7763e+01 -1.2685e+01 -1.2234e+01 -1.2521e+01 1.1840e+01 1.8517e+00 -1.8218e+01 7.4155e-01 -5.4744e-01 7.4984e-01 -1.5626e+00 -7.2954e-01 -8.6913e+00 -1.4652e+01 -1.4122e+00 -9.2030e+00 2.9582e+00 1.1583e+01 9.5354e+00 -7.4268e+01 -4.1091e+00 -3.7439e+01 2.9689e+01 -6.7036e+00 2.7346e+00 -4.7711e-01 1.8731e+01 9.4945e+00 -2.6200e+00 -3.0326e+00 -1.0575e+02 1.5027e+01 1.9631e+02 9.3592e+01 -7.0814e+01 9.8327e+01 1.1683e+00 -6.6051e-01 3.2219e+00 2.5989e+00 3.3847e-01 -1.0573e+00 -4.3495e+00 6.6119e-01 3.3622e+00 1.3793e+00 1.3617e+00 1.5946e+01 5.2934e-01
9.4001e+00 2.9470e+01 1.3123e-01 8.7325e+00 -3.8287e+00 -2.8718e+00 -1.1511e+01 -9.7177e+00 5.2450e+00 -1.7455e+01 -1.3348e+01 7.9507e-01 6.5208e-01 -4.3745e+00 -1.2920e+00 3.2421e+01 -5.7614e+00 -6.5779e-01 -5.5635e+00 -6.4934e+00 -7.2091e+00 9.2791e+00 -5.9032e+01 -8.0634e-01 -3.7190e+01 2.7990e+01 -3.9120e+00 -2.3472e+00 -2.3697e+00 -1.7621e+01 -1.3183e+01 9.9424e+00 -1.7781e+00 -1.1524e+02 3.8583e+00 9.3592e+01 1.7913e+02 -6.1599e+01 1.0150e+02 7.1535e+00 4.6790e-01 4.9077e+00 -4.2347e+00 -9.6453e-01 -1.8349e+00 -2.1208e+00 -5.6768e-01 5.3585e+00 5.1270e-01 -1.2887e+00 5.6389e-01 4.0461e+00
-1.1310e+01 -1.6697e+01 -2.4450e+00 -3.8830e+00 -4.8416e-01 -9.0781e-01 1.8164e+01 -6.4099e+00 -2.5472e-03 2.1425e+01 2.1306e+01 -1.7608e+00 8.0161e-01 1.4193e+01 1.8891e+00 -1.2245e+01 1.0839e+01 1.1305e+00 -6.4715e-01 1.2835e+01 -6.0721e+00 -3.2525e+00 1.1710e+01 -2.4624e+00 2.4116e+01 -9.1575e+00 1.5785e+00 -7.2137e-01 -3.1175e-01 2.0182e+01 1.1594e+01 -2.1307e+00 -8.2777e-01 8.7452e+01 1.1802e+01 -7.0814e+01 -6.1599e+01 1.3608e+02 -7.7305e+01 -4.7820e+00 1.6346e+00 -9.3778e-01 3.2006e-01 1.1746e+00 1.7417e+00 3.4149e+00 1.6072e+00 -2.5345e+00 -1.5439e+00 -1.2847e+00 -5.6265e-01 1.5688e-01
8.7365e+00 3.4259e+01 1.9903e-01 -7.0464e+00 3.7819e+00 4.4554e+00 -1.7769e+01 1.3960e+01 2.6117e+00 -2.3387e+01 -1.9125e+01 2.0081e+00 -1.1230e-01 -2.3492e+01 2.3985e+00 -3.9916e+00 -7.4370e+00 -1.3640e+00 -8.2283e+00 -1.0816e+01 -6.9392e+00 9.9064e+00 -5.1616e+01 -2.8169e+00 -3.5747e+01 -1.2489e+01 -2.3467e+00 -2.4334e+00 1.1379e+00 -2.8542e+01 -1.9279e+01 5.8012e+00 8.5893e-01 -1.1869e+02 1.6952e+00 9.8327e+01 1.0150e+02 -7.7305e+01 1.8388e+02 1.5414e+00 2.2407e-01 5.8117e+00 -3.5751e+00 -8.4456e-01 -4.2775e-01 -3.5455e+00 -9.2708e-01 4.6250e+00 1.4576e+00 -2.6999e+00 -1.5317e+00 1.7824e+00
1.1284e+00 1.1716e+01 4.6733e+00 1.3163e+00 4.6885e+00 5.2442e+00 -7.2811e+00 -3.1449e-02 -2.9316e+00 -6.6562e+00 2.8898e+00 1.1728e+00 -2.4200e-01 1.0121e+00 -9.6020e-01 1.4850e+00 -7.3114e-01 3.7910e-01 3.4406e+00 3.4593e-01 -2.7374e+00 1.2342e+01 -2.2390e+00 -2.6718e+00 -1.7749e+01 1.0603e+00 3.9122e+00 -1.2616e+00 -3.9971e-01 3.8836e+00 -2.5032e+00 -2.0546e+00 -2.9379e+00 -1.8310e+01 1.0332e+00 1.1683e+00 7.1535e+00 -4.7820e+00 1.5414e+00 6.5941e+01 -3.3984e-01 -2.7297e+00 -1.9898e+00 2.3078e+00 -3.2741e-01 -2.3078e-01 3.3567e-02 5.4843e+00 -9.0690e-02 2.2352e-01 1.3657e+00 -5.2917e-01
-3.0556e+00 1.5912e+00 2.2314e+00 -4.1107e-01 7.3159e-02 5.9697e-02 -8.4532e-01 -4.0687e-01 -2.2008e-02 -8.1434e-01 -3.2718e-01 -2.1251e-01 -6.9416e-02 2.0614e-01 -1.7253e-01 3.0489e+00 -2.5071e-01 -6.7688e-02 -3.1524e-01 -8.4399e-02 -8.7519e-01 -3.4330e-01 -1.5403e+00 -1.4355e-01 -1.4347e+00 -1.1855e+00 -3.6318e-01 -3.8402e-01 -3.6675e-01 1.4309e-02 -2.6264e-01 -1.1670e-02 8.6625e-02 9.9595e-02 -4.8358e-01 -6.6051e-01 4.6790e-01 1.6346e+00 2.2407e-01 -3.3984e-01 1.6653e+01 -4.3851e-01 -1.2685e-01 -7.5802e-02 -1.9293e-02 -3.7395e-02 -3.6810e-02 -2.6321e-01 -2.5088e-01 -1.2275e-01 2.7906e-02 -2.0101e-02
2.6009e-01 1.6426e+00 -1.5798e-01 1.1070e+00 1.6393e-01 -5.3189e-02 -1.0139e+00 -2.7341e-01 9.0447e-02 -1.0629e+00 -3.1768e-01 -8.2380e-02 -1.8765e-01 -5.6166e-01 -3.4776e-01 1.6312e+00 -4.9274e-01 -9.0596e-02 -3.9016e-01 -9.0405e-02 -4.0191e-01 -7.0394e-01 -2.4482e+00 -5.0045e-01 -1.5573e+00 1.2232e+00 -3.3602e-01 -7.7634e-02 3.1948e-02 -5.0954e-01 -5.3570e-01 -4.2067e-01 -2.8381e-01 -4.1209e+00 -6.2700e-01 3.2219e+00 4.9077e+00 -9.3778e-01 5.8117e+00 -2.7297e+00 -4.3851e-01 1.8309e+01 -2.1656e-01 -9.0253e-02 -9.4388e-02 -2.0171e-01 -5.3234e-02 -4.5145e-01 8.0646e-01 -2.3014e-01 -4.6510e-01 8.6255e-02
2.0280e-01 -1.1271e+00 -2.4352e-02 -1.4453e-01 5.0392e-01 -1.0813e-01 -1.9578e-01 -5.0623e-01 7.9527e-02 -2.8288e-01 -1.5760e-02 -7.9671e-02 -1.5627e-01 2.8612e+00 2.3578e-01 3.5813e-01 -1.2676e-01 -1.1191e-01 -2.5475e-01 -8.3641e-02 6.4073e+00 -5.7817e-01 -2.3630e+00 2.4533e-01 -2.2572e+00 -4.0673e-01 2.7666e-01 -1.7905e-01 2.4332e-01 -7.7005e-01 7.4750e+00 -5.0494e-01 -6.3715e-01 -2.6824e+00 -1.6231e-01 2.5989e+00 -4.2347e+00 3.2006e-01 -3.5751e+00 -1.9898e+00 -1.2685e-01 -2.1656e-01 1.5411e+01 -8.1446e-02 -1.1051e-01 -1.0397e-01 -2.4734e-02 -5.7763e-02 -4.7049e-02 -1.1167e-01 5.1944e-02 -2.0492e-02
-3.0001e-01 -1.9443e-01 -7.4087e-02 -6.6073e-01 5.2296e-02 1.5570e-02 -9.8386e-02 -9.6657e-01 -1.3566e-02 -4.3786e-02 -3.7122e-01 -9.2631e-02 -5.6491e-02 -4.0584e-01 -2.7437e-01 -7.0050e-01 4.7283e-03 -2.4521e-02 5.9027e-02 -1.3402e-01 -7.3222e-02 -6.0854e-02 1.9800e-01 -1.5639e-01 -1.2532e-01 6.0866e-01 -9.3085e-02 5.1639e-02 -7.7667e-05 1.4798e+00 2.5127e-01 -5.9264e-02 -8.8271e-02 8.1020e-01 -8.1842e-01 3.3847e-01 -9.6453e-01 1.1746e+00 -8.4456e-01 2.3078e+00 -7.5802e-02 -9.0253e-02 -8.1446e-02 7.0011e+00 -5.6756e-02 -1.3683e-01 -1.5552e-02 -2.1595e-02 -3.6593e-02 3.6426e-02 -1.4108e-01 -2.6572e-02
4.0139e-01 -3.1538e-01 2.6262e-01 2.3114e+00 -1.3856e-01 -1.5616e-01 1.6650e-01 -1.3684e+00 -2.8990e-02 2.6402e-01 -3.9126e-01 -1.8124e-01 -8.8448e-02 -7.8125e-01 -9.0321e-02 -1.7828e+00 -5.6762e-01 -1.0997e-02 -1.9338e-02 -9.6288e-03 -1.0970e-02 -8.5218e-02 -3.8262e-01 -2.5012e-01 3.6431e-02 1.1780e+00 -1.6933e-02 2.4588e-01 -6.4328e-02 -1.1558e+00 -1.1920e-01 -3.6658e-01 -1.2768e-01 1.1214e+00 -1.0129e+00 -1.0573e+00 -1.8349e+00 1.7417e+00 -4.2775e-01 -3.2741e-01 -1.9293e-02 -9.4388e-02 -1.1051e-01 -5.6756e-02 9.3437e+00 -2.3837e-01 -3.2559e-02 -9.8531e-02 -6.6505e-02 -1.9149e-01 2.1094e-02 -3.7794e-02
1.0319e+00 1.2060e-01 -7.9731e-02 -1.2584e+00 1.0286e-01 1.5805e-02 -4.5045e-01 1.5352e+00 5.1209e-02 4.9002e-02 1.6546e-01 2.0720e-01 -1.1757e-01 2.6971e-01 -4.1300e-01 -1.8062e+00 1.6171e-01 -5.7177e-02 -1.8245e-02 6.2852e-01 -4.4746e-02 2.8630e-01 -2.5763e-01 -1.7661e-01 1.2635e-01 -1.1902e+00 5.8923e-01 -8.3965e-02 1.7323e-01 -1.0820e+00 3.1581e-01 3.2237e-02 -1.0083e-03 2.8011e+00 -1.0346e+00 -4.3495e+00 -2.1208e+00 3.4149e+00 -3.5455e+00 -2.3078e-01 -3.7395e-02 -2.0171e-01 -1.0397e-01 -1.3683e-01 -2.3837e-01 1.3609e+01 -8.5127e-02 4.1384e-01 -8.0179e-02 4.7318e-01 -6.0660e-01 3.0980e-02
1.0735e-02 -3.1318e-03 8.3996e-02 -8.9703e-01 6.8916e-02 2.7831e-02 -3.6546e-02 5.7132e-01 -4.7902e-03 -2.5809e-01 1.5993e+00 -7.2608e-02 -1.4842e-02 1.6511e+00 -1.6874e-01 -2.9578e-01 -4.1997e-01 -5.3358e-02 -8.8060e-02 -2.3647e-01 -1.8242e-02 4.3792e-02 -1.8523e-01 -6.1356e-02 -1.5268e-01 1.3273e+00 -3.9985e-02 5.8661e-02 -1.6679e-01 1.6774e+00 -4.7226e-01 -1.5989e-01 -2.9806e-02 1.2098e+00 1.9451e+00 6.6119e-01 -5.6768e-01 1.6072e+00 -9.2708e-01 3.3567e-02 -3.6810e-02 -5.3234e-02 -2.4734e-02 -1.5552e-02 -3.2559e-02 -8.5127e-02 5.5165e+00 -8.9843e-02 -3.0970e-02 -5.0514e-02 1.7491e-02 -1.4060e-02
2.3130e+00 2.7867e+00 5.1935e-01 -7.4465e-01 8.7381e-02 5.3258e-02 -7.9365e-01 -7.9000e-01 8.2075e-02 -2.0131e+00 -6.2360e-01 -1.6922e-01 1.4046e-01 -9.2181e-01 2.7918e-01 1.5222e+00 4.5043e-01 -1.3141e-01 -4.6279e-01 -2.7384e-01 -1.6084e-01 2.6460e-01 -2.6780e+00 -6.4170e-01 -2.0052e+00 3.6829e-01 -1.9483e-01 -2.3943e-01 -3.7347e-01 -1.3625e+00 -4.7894e-01 3.2044e+00 -1.3672e-01 -3.1991e+00 -3.6349e-01 3.3622e+00 5.3585e+00 -2.5345e+00 4.6250e+00 5.4843e+00 -2.6321e-01 -4.5145e-01 -5.7763e-02 -2.1595e-02 -9.8531e-02 4.1384e-01 -8.9843e-02 1.7246e+01 2.1055e-01 -2.2923e-01 1.1323e-01 7.4481e-02
1.9201e-01 3.4091e-02 1.7117e-01 -1.8983e-01 -2.1197e-01 -1.4369e-01 -1.2848e-01 1.4733e-01 2.3247e-02 1.5286e-01 1.6014e-01 -1.1789e-01 -4.2405e-02 -4.4058e-01 -1.2330e-01 -1.6895e-01 -1.1552e-01 4.9301e-02 4.3702e-02 -1.4272e-01 2.4207e-01 3.2247e-03 -3.5392e-02 6.0736e-02 9.2789e-02 1.5139e-01 -4.4783e-02 -1.0456e-01 5.1662e-02 4.4927e-01 -1.4443e-01 2.3210e-01 -1.3687e-02 -5.6669e-01 -2.7312e-01 1.3793e+00 5.1270e-01 -1.5439e+00 1.4576e+00 -9.0690e-02 -2.5088e-01 8.0646e-01 -4.7049e-02 -3.6593e-02 -6.6505e-02 -8.0179e-02 -3.0970e-02 2.1055e-01 7.8083e+00 -1.0032e-01 3.6576e-02 1.0384e-02
-2.7473e-03 2.6132e-01 7.6864e-01 3.2643e-02 -1.9899e-01 -2.4912e-01 -3.4663e-01 -1.0514e-01 -3.5010e-01 6.6990e-02 1.2366e+00 -1.4016e-01 -9.5101e-02 6.0497e-01 -2.1491e-01 7.8348e-01 -1.0400e-01 -3.6795e-02 5.4515e-01 5.9105e-01 7.0455e-01 2.9209e-01 -1.0288e-01 -2.4729e-01 -3.7591e-01 -1.1807e+00 -1.6420e-03 -1.6317e-01 -2.7654e-01 4.0649e-01 9.9220e-01 -5.9227e-01 -1.1402e-01 1.9240e+00 -7.8249e-02 1.3617e+00 -1.2887e+00 -1.2847e+00 -2.6999e+00 2.2352e-01 -1.2275e-01 -2.3014e-01 -1.1167e-01 3.6426e-02 -1.9149e-01 4.7318e-01 -5.0514e-02 -2.2923e-01 -1.0032e-01 1.4316e+01 -4.0603e-01 -3.1534e-01
-1.1441e-01 -1.4198e+00 -2.8459e+00 1.0901e-01 1.9845e+00 1.0699e+00 2.5275e-01 -5.8237e-02 -1.8802e-01 6.8219e-01 2.3746e-01 -1.7086e+00 6.0277e-03 -2.1142e-01 -1.4653e-03 -5.1627e-01 2.4176e-02 1.3085e-02 9.5889e-02 3.7593e-03 7.6679e-02 -1.6323e-01 6.5314e+00 -1.1471e+00 1.8234e+00 -8.0952e-01 -1.8010e+00 -1.2307e-01 -6.8561e-02 -4.5215e-02 -5.1701e-02 8.2471e-02 -1.4831e+00 -1.1117e+00 -3.1546e+00 1.5946e+01 5.6389e-01 -5.6265e-01 -1.5317e+00 1.3657e+00 2.7906e-02 -4.6510e-01 5.1944e-02 -1.4108e-01 2.1094e-02 -6.0660e-01 1.7491e-02 1.1323e-01 3.6576e-02 -4.0603e-01 2.1268e+01 -6.6144e-02
1.6177e-02 -1.0033e+00 1.8678e-02 -4.3946e-01 -4.2733e-01 -5.0648e-01 -7.2733e-03 -2.9463e-01 1.2583e+01 -2.4247e-01 1.4853e+00 -1.0028e+00 -5.0409e-02 -2.0903e-01 -4.7875e-02 2.0436e-01 -1.0182e-01 -9.9387e-02 8.4136e-02 -5.7538e-03 9.2445e-03 -9.4073e-02 -8.0584e-01 -1.0940e-01 1.0696e+00 -7.5866e-01 -8.3515e-01 8.4287e-01 7.2291e-02 -1.3380e-01 4.0734e-01 -4.6570e-01 -1.0103e-01 2.8678e+00 9.8716e-02 5.2934e-01 4.0461e+00 1.5688e-01 1.7824e+00 -5.2917e-01 -2.0101e-02 8.6255e-02 -2.0492e-02 -2.6572e-02 -3.7794e-02 3.0980e-02 -1.4060e-02 7.4481e-02 1.0384e-02 -3.1534e-01 -6.6144e-02 1.4522e+01
