6.2044e+01 2.6435e+01 -2.3542e+00 6.1819e+00 -3.9120e-01 5.0228e+00 -1.3978e+01 5.5393e+00 7.9519e+00 -1.3505e+00 9.8615e+00 8.2978e+00 -1.0275e+00 1.3002e+01 -1.5769e+01 8.2150e-01 8.8105e-01 3.1270e-01 -1.0970e+00 1.4946e+00 -5.8381e-01 -7.8568e-01 2.7664e+00 -1.1628e+00 -1.4797e+01 4.0203e+00 4.4681e+00 4.9025e-02 -3.2203e-01 2.7765e+00 -2.1254e+00 8.5853e-01 5.1536e-01 3.2750e-01 -3.5479e-01 9.7129e+00 -1.7329e+00 1.7427e+00 6.4668e-01 -6.8441e-01 -5.4396e-01 -1.4034e-01 -6.9320e-02 -2.9273e-01 1.1574e-01 5.8039e-01 3.8772e-01 -1.0822e-01 6.4032e-02 -1.9197e-02 -8.2462e-01 -1.1162e+00
2.6435e+01 3.9089e+01 -1.8684e+00 6.8654e+00 4.4038e-02 2.4963e-01 -1.0761e+01 1.2300e+01 1.1160e+01 -1.3323e+00 -1.1234e+00 1.0848e+01 -3.5467e-02 8.8947e+00 -9.3257e+00 4.7205e-01 -5.9166e-01 -6.5351e-01 -1.6633e-01 3.9183e-01 -9.5110e-01 -2.4511e-01 -3.9720e-02 -2.3236e-01 -1.0412e+01 5.4424e+00 2.7520e+00 3.7426e-01 2.6905e-01 2.1923e+00 -1.1337e+00 -9.1574e-01 -1.0157e+00 -1.8207e-01 -7.4295e-02 7.6115e+00 -5.1944e-01 1.1421e+00 1.3587e+00 -5.5279e-01 -1.5917e-01 2.3896e-01 1.6562e-01 -1.2580e-01 1.2453e-01 4.1997e-02 5.0344e-01 -3.4132e-01 1.6768e-02 4.6774e-02 -1.2762e-01 -4.3301e-01
-2.3542e+00 -1.8684e+00 2.3479e+01 -5.7452e+00 -3.1837e-01 -1.7927e-01 -3.2040e+00 -4.1461e+00 -4.0658e+00 -4.7334e-01 -1.2823e+00 -4.8171e+00 3.4881e-02 -1.0593e+00 3.9110e+00 2.3623e+00 3.6631e+00 -1.8428e-01 9.1033e-01 -3.2632e-01 -2.8325e-01 -8.6225e-01 -3.9669e-01 -1.1722e-01 -7.4207e-01 -2.8722e-01 1.6357e+00 -7.6919e-01 8.7416e-01 -1.4753e+00 -4.9172e-01 2.2166e-01 -3.1837e-01 -6.6285e-01 -1.8699e-01 -4.7195e-01 -1.1632e+00 2.9651e-01 6.0727e-01 -5.7507e-02 2.9100e-01 9.6683e-03 2.6862e-01 1.1132e-01 -1.4309e-01 2.0084e-01 -5.9425e-01 4.8438e-01 -5.0058e-02 -1.0577e-01 -1.9696e-01 -5.9999e-01
6.1819e+00 6.8654e+00 -5.7452e+00 5.6379e+01 -1.3274e-01 8.5680e-01 -1.8776e+01 2.0247e+01 1.4555e+01 -7.1567e+00 -5.6842e+00 1.5693e+01 -1.1932e+00 1.3844e+01 -1.7105e+01 -2.5785e-02 4.9449e+00 2.8733e-01 -1.7028e-02 -2.0702e-01 3.3101e-01 -8.4532e-01 1.7011e+00 -1.1774e+00 -1.4602e+01 1.2420e+00 1.1306e+00 -1.1776e+00 -5.9829e-01 -1.3942e-02 -3.8955e+00 -4.1371e-01 -2.7645e+00 -1.3731e+00 -7.2179e-01 1.1193e+01 -4.2230e+00 -2.2285e-01 -1.9842e-01 1.7470e-02 -9.0882e-01 -6.0301e-01 -2.6523e-01 -5.9847e-01 3.3149e-02 -8.8337e-01 -8.7866e-01 -8.1156e-01 -5.5151e-02 -2.3375e-01 -1.4429e-01 -3.6118e-01
-3.9120e-01 4.4038e-02 -3.1837e-01 -1.3274e-01 2.0724e+01 6.5793e+00 -2.9177e-01 9.5939e-01 -1.3656e+00 -5.3497e+00 1.8215e-01 8.2334e-02 1.4899e-01 -5.7462e+00 3.1054e+00 -3.1840e-01 1.5299e-01 4.3469e-02 -3.9444e-01 2.6061e-01 -1.7943e-01 -5.5799e+00 5.8061e-01 -1.7891e-01 4.7941e-02 -1.5825e-01 -2.3407e-01 -9.7462e-02 -6.9339e-01 -3.2022e-01 -9.2033e-02 -7.2072e-02 -8.0623e-02 8.5061e-02 2.7893e-02 -2.6204e-01 1.3468e-01 -5.2422e-01 8.3758e-01 -3.6806e-01 5.2401e-02 3.3396e-02 3.0750e-01 -5.4207e-02 1.6620e-02 -1.4301e-02 6.7968e-02 1.7527e-01 -2.4160e-02 -1.2083e-03 -2.6534e+00 1.3848e+01
5.0228e+00 2.4963e-01 -1.7927e-01 8.5680e-01 6.5793e+00 4.1594e+01 8.2293e-01 -1.3465e+01 6.7552e-01 -1.0347e+01 1.9824e+00 -4.6579e-01 9.1307e-02 -1.5597e+01 1.7553e+01 6.0838e-01 -1.4221e+00 -7.6958e-02 9.0537e-02 -1.3875e+00 5.4234e-02 -3.1646e+00 3.1490e-01 -6.4018e-01 1.3266e+00 1.6025e+00 -6.4360e-03 9.0242e-01 -8.7018e-01 1.5208e+00 1.0526e+00 -5.6894e-01 -1.7141e-01 2.0950e-01 -9.8883e-01 -1.0582e+01 7.8697e-01 1.6944e-02 -3.7807e+00 -3.5707e-01 1.6393e-01 -1.9963e+00 -1.1251e+00 -2.8158e-01 1.0410e-01 -4.4416e-01 2.6809e-01 2.0750e-02 1.2996e-01 4.3768e-01 2.7021e+00 3.3540e+00
-1.3978e+01 -1.0761e+01 -3.2040e+00 -1.8776e+01 -2.9177e-01 8.2293e-01 1.4405e+02 -4.3623e+01 -3.0158e+01 1.1908e+01 -2.1895e+01 -1.6271e+01 -4.0078e+00 -1.8893e+01 2.3332e+01 5.6352e-01 -4.3024e+00 -4.2787e+00 -1.8220e+00 -9.4871e-01 -1.3166e+00 -4.7649e-01 -2.1485e+00 -3.1119e+00 3.6965e+01 2.4300e+01 -1.2118e+01 -1.1919e+00 5.5093e+00 -4.9838e+00 3.0912e+00 9.2347e+00 4.8193e-01 -5.4579e+00 5.2816e-01 -3.3084e+01 9.8824e+00 -2.0707e+00 1.9528e+01 -2.4181e-01 -2.3781e-02 -1.3331e+00 -3.8705e-01 8.4988e-01 -2.2839e+00 -3.4646e-01 6.2304e-01 -7.3128e-01 3.5693e-01 -1.0926e+00 -3.3722e-01 -8.0301e-01
5.5393e+00 1.2300e+01 -4.1461e+00 2.0247e+01 9.5939e-01 -1.3465e+01 -4.3623e+01 9.8989e+01 3.3561e+01 -1.0278e+01 -1.0828e+01 2.1968e+01 8.7064e+00 3.1167e+01 -3.6473e+01 -4.1873e+00 -6.6164e+00 9.3478e-01 -9.7874e-01 7.2365e+00 5.0964e-01 4.1125e-01 1.9984e+00 -1.6076e+00 -2.6241e+01 7.7699e-01 3.8233e+00 2.4806e+00 -1.2394e+00 3.2362e+00 -4.5186e+00 -1.1056e-01 -1.3917e-01 -2.3811e+00 1.2246e+00 3.3901e+01 -4.2908e+00 -1.4432e-01 4.6424e+00 3.6359e-02 -6.3951e-01 3.8370e-01 2.3521e-01 -1.1560e+00 8.7288e-02 -1.9826e-01 -4.6712e-02 -2.3861e+00 2.4860e-01 -6.0179e-01 -1.3115e+00 1.3527e+00
7.9519e+00 1.1160e+01 -4.0658e+00 1.4555e+01 -1.3656e+00 6.7552e-01 -3.0158e+01 3.3561e+01 6.1748e+01 -2.3803e+00 -2.8911e+00 2.3470e+01 -7.5715e-02 1.9631e+01 -2.6905e+01 -3.9612e+00 -4.3432e+00 1.6372e+00 2.1988e+00 -7.2266e-01 6.3664e-01 3.3193e+00 -5.5163e-02 -6.0640e-01 -1.4164e+01 3.3721e+00 3.1663e+00 -5.2821e-01 -1.6735e+00 2.9638e+00 4.5521e-01 7.7082e-01 1.8558e+00 -1.0899e+00 7.1013e-02 1.9838e+01 8.6968e-01 5.2074e-01 1.4106e+00 4.7414e-01 -6.6073e-01 -2.7631e-01 1.4049e-02 -7.9229e-01 2.0731e-01 -6.9298e-01 1.2629e+00 -5.4494e-01 -4.1929e-02 2.7079e+00 -3.1998e+00 1.6875e+00
-1.3505e+00 -1.3323e+00 -4.7334e-01 -7.1567e+00 -5.3497e+00 -1.0347e+01 1.1908e+01 -1.0278e+01 -2.3803e+00 8.1734e+01 5.0140e+00 -8.6096e-01 -8.1606e+00 2.6335e+01 -1.7971e+01 7.4791e-01 -1.0511e+01 1.0086e-01 9.2848e-01 -1.7444e+00 2.5264e-01 -2.2706e+00 -2.3653e+00 -2.6344e-01 1.2361e+01 1.1468e+01 1.2149e+00 -4.6351e+00 2.2617e+00 -1.1976e+00 -4.2289e+00 1.9102e+00 2.8220e-01 3.3320e+00 2.6917e-02 1.3000e+01 1.5012e+00 4.3625e-01 7.6909e-01 5.1425e-01 1.0951e+00 2.3339e+00 1.3701e-01 -6.8443e-01 3.2579e-01 2.6950e-01 2.9607e-01 2.3232e+00 -2.0704e-01 -8.6266e-01 1.0681e+01 -7.7614e+00
9.8615e+00 -1.1234e+00 -1.2823e+00 -5.6842e+00 1.8215e-01 1.9824e+00 -2.1895e+01 -1.0828e+01 -2.8911e+00 5.0140e+00 5.7095e+01 -1.0228e+01 -3.1469e+00 -3.2544e+00 8.5825e-01 -6.3588e-01 -5.6599e+00 1.3110e+00 -2.6315e-02 -3.9281e-01 1.6161e-01 3.7502e+00 -3.9337e-01 -3.2064e+00 -1.5478e+01 -6.3066e+00 -2.3638e+00 -2.7424e+00 8.8753e-01 4.3277e+00 3.7908e+00 -2.1520e+00 1.8902e-01 8.3497e+00 -4.3706e-01 1.6247e+01 -3.2241e+00 4.5935e-01 -9.2931e-01 -4.0502e-01 6.3591e-01 -9.5223e-01 2.1106e-01 -3.4056e-01 -4.0796e-01 6.9756e-01 8.7252e-01 -5.2802e-01 -1.0410e-01 -2.5132e-01 1.2573e-01 -8.7898e-02
8.2978e+00 1.0848e+01 -4.8171e+00 1.5693e+01 8.2334e-02 -4.6579e-01 -1.6271e+01 2.1968e+01 2.3470e+01 -8.6096e-01 -1.0228e+01 4.7231e+01 -8.9854e-01 2.0550e+01 -2.2631e+01 3.4168e-01 -9.6024e-01 -1.5428e-01 3.0841e-01 -1.1174e+00 6.5679e-01 -3.6066e+00 -6.3774e-01 1.5761e+00 -1.6831e+01 2.7578e+00 2.2213e+00 1.8424e+00 4.8034e-01 -4.3119e+00 -2.2924e+00 7.7793e-01 -1.4051e+00 5.5070e-01 7.4482e-02 1.9556e+01 -2.0089e+00 4.4486e-01 9.0330e-01 -5.3285e-03 -5.0635e-03 -5.1536e-02 -2.4959e-01 -7.6376e-01 5.0131e-01 -4.7815e-01 -1.4608e+00 5.2911e-02 1.2179e-01 9.1141e-02 1.7998e-01 6.4064e-02
-1.0275e+00 -3.5467e-02 3.4881e-02 -1.1932e+00 1.4899e-01 9.1307e-02 -4.0078e+00 8.7064e+00 -7.5715e-02 -8.1606e+00 -3.1469e+00 -8.9854e-01 1.7454e+01 -4.1044e+00 4.1766e+00 -2.6007e-01 -7.6681e-01 -2.3464e-02 -3.9440e-01 -1.6920e-01 -7.7911e-02 -2.2948e-01 -1.9951e-01 -1.4270e+00 -2.3200e+00 -1.0387e+00 -1.7753e-01 -1.3926e-01 -1.8541e-01 4.8618e-01 -7.3552e-01 3.7258e-01 3.8619e-01 1.8255e+00 4.2756e-01 -4.0647e+00 -4.6130e-01 -8.5850e-02 8.3874e-01 2.5877e-01 -1.5627e-01 8.1351e-01 -4.4618e-03 1.0260e+00 3.9958e-01 -1.3196e-01 3.5237e-01 -8.1371e-01 -7.4182e-02 -1.2148e-01 -2.2091e-01 5.7575e-02
1.3002e+01 8.8947e+00 -1.0593e+00 1.3844e+01 -5.7462e+00 -1.5597e+01 -1.8893e+01 3.1167e+01 1.9631e+01 2.6335e+01 -3.2544e+00 2.0550e+01 -4.1044e+00 1.0561e+02 -7.6427e+01 -3.7771e-01 6.3679e+00 3.0605e-01 -2.6463e-01 -2.5187e+00 8.0602e-02 -2.4779e+00 -1.6641e+00 -2.3358e+00 -3.7096e+01 1.4172e+01 1.3054e+00 3.1310e+00 -4.5568e-01 -5.6476e-01 -3.4784e+00 -1.7161e+00 -1.5021e+00 -4.5187e+00 1.1781e+00 4.6505e+01 -4.2720e+00 1.3115e+00 2.1919e+00 1.1756e+00 3.5680e-02 8.2579e-01 -6.9752e-02 -1.1555e+00 6.9191e-02 1.0831e+00 -1.1237e+00 -1.6918e+00 -3.3868e-01 1.4802e+00 1.3889e+01 -7.8729e+00
-1.5769e+01 -9.3257e+00 3.9110e+00 -1.7105e+01 3.1054e+00 1.7553e+01 2.3332e+01 -3.6473e+01 -2.6905e+01 -1.7971e+01 8.5825e-01 -2.2631e+01 4.1766e+00 -7.6427e+01 9.7650e+01 1.4979e-02 1.1853e+01 -5.0747e-01 6.3078e-01 -1.5044e-01 -2.9464e-01 -1.2150e+00 8.2666e-01 2.4863e+00 3.2365e+01 -1.3610e+01 -1.2299e+00 -1.0019e+00 -1.8691e-01 -7.5864e-01 2.7849e+00 1.0185e+00 9.7661e-01 3.9741e+00 2.4004e-01 -4.2888e+01 4.9937e+00 4.5351e-01 -1.9938e+00 -1.2650e+00 1.0066e+00 1.8130e-01 -2.1318e-01 1.4558e+00 -1.1189e-01 -8.5591e-01 1.1912e+00 1.7242e+00 4.2545e-01 -1.5932e+00 9.2345e+00 1.9677e+00
8.2150e-01 4.7205e-01 2.3623e+00 -2.5785e-02 -3.1840e-01 6.0838e-01 5.6352e-01 -4.1873e+00 -3.9612e+00 7.4791e-01 -6.3588e-01 3.4168e-01 -2.6007e-01 -3.7771e-01 1.4979e-02 1.7840e+01 -8.8204e-01 -2.0162e-01 -6.3070e-02 4.9867e-01 4.3478e-01 -6.3448e-01 -2.3646e-01 -1.3793e-01 8.1869e-01 -1.7858e+00 -1.0972e+00 1.0684e+00 1.3082e+00 -8.6368e-01 -1.9462e-01 -2.4441e-01 -1.9580e-01 1.1899e+00 -1.1675e-01 -5.6844e-01 -3.3175e-01 -4.5166e-02 1.9880e+00 -4.1760e-01 -1.5461e-01 -8.8067e-02 -1.4214e-02 -1.8427e-01 -4.6513e-03 7.2026e-01 -5.2865e-01 2.0901e+00 -6.9389e-02 -1.7568e-01 -3.0343e-02 -4.4715e-01
8.8105e-01 -5.9166e-01 3.6631e+00 4.9449e+00 1.5299e-01 -1.4221e+00 -4.3024e+00 -6.6164e+00 -4.3432e+00 -1.0511e+01 -5.6599e+00 -9.6024e-01 -7.6681e-01 6.3679e+00 1.1853e+01 -8.8204e-01 6.3094e+01 -5.0669e-01 -2.9896e-02 -4.5123e-01 -9.4132e-01 -1.2999e+00 -1.0625e+00 -1.9655e+00 -6.2081e+00 4.9498e+00 -2.6147e+00 1.6248e+00 -2.6088e+00 -5.5449e+00 -1.8226e+00 -2.8270e+00 -5.1222e-01 -1.9474e+00 1.3774e+00 -2.0820e+00 2.4633e-01 2.2219e+00 -3.6977e+00 -7.6569e-01 2.1380e-01 3.3055e-01 4.3820e-01 1.7768e-01 -5.2745e-01 -7.2564e-01 -1.3458e+00 -1.2142e+00 -1.3919e-01 -6.2288e-01 -5.6989e-02 1.9776e-01
3.1270e-01 -6.5351e-01 -1.8428e-01 2.8733e-01 4.3469e-02 -7.6958e-02 -4.2787e+00 9.3478e-01 1.6372e+00 1.0086e-01 1.3110e+00 -1.5428e-01 -2.3464e-02 3.0605e-01 -5.0747e-01 -2.0162e-01 -5.0669e-01 2.2824e+01 1.0211e-01 2.7010e+00 -7.2547e-01 1.5041e-01 1.1904e+00 -5.6372e-02 2.3860e+00 -2.5568e+00 7.4735e+00 -1.1494e-01 1.4105e+00 -5.7088e+00 -2.7235e-02 -8.7811e-01 -3.8042e-01 -9.9519e-01 1.2413e+00 -4.7212e-01 -1.5339e-01 -1.7765e-01 2.8936e+00 -2.6513e-01 -1.0168e-01 1.0006e-01 -2.6291e-01 1.8372e-01 2.3182e-01 -5.0808e-02 1.1991e+00 -8.6184e-02 -3.6000e-02 -3.3755e-02 1.1754e-01 3.5576e-01
-1.0970e+00 -1.6633e-01 9.1033e-01 -1.7028e-02 -3.9444e-01 9.0537e-02 -1.8220e+00 -9.7874e-01 2.1988e+00 9.2848e-01 -2.6315e-02 3.0841e-01 -3.9440e-01 -2.6463e-01 6.3078e-01 -6.3070e-02 -2.9896e-02 1.0211e-01 1.6802e+01 -3.6956e-01 -1.7208e-01 -7.3445e-02 3.4445e-01 -5.1666e-01 -1.1355e+00 -1.6216e+00 8.2375e-01 4.0936e-01 -3.5263e-01 -7.9338e-01 1.0923e+00 -2.0793e-01 1.1844e-01 -5.3601e-01 -5.6955e-02 -3.0795e-02 -2.4059e-01 1.0440e+00 -3.1865e-01 -6.1488e-02 1.9186e+00 1.9260e+00 -1.0764e-01 -3.2400e-02 2.3894e-01 -5.6185e-02 -1.7426e-01 6.7583e-01 2.5324e-01 9.2239e-01 -2.0508e-01 -4.0523e-01
1.4946e+00 3.9183e-01 -3.2632e-01 -2.0702e-01 2.6061e-01 -1.3875e+00 -9.4871e-01 7.2365e+00 -7.2266e-01 -1.7444e+00 -3.9281e-01 -1.1174e+00 -1.6920e-01 -2.5187e+00 -1.5044e-01 4.9867e-01 -4.5123e-01 2.7010e+00 -3.6956e-01 3.1528e+01 -7.6466e-01 -1.1286e-01 -1.2082e+00 1.4225e-01 9.4423e-01 -2.9650e+00 -4.3766e+00 8.2784e-02 -5.7835e-01 -3.2482e+00 -1.7462e-01 -6.0909e-01 1.9909e+00 -4.0654e-01 -2.1709e-01 -1.5638e+00 -5.0603e-02 -6.9119e-01 -5.1232e-02 -1.7203e-01 -2.0664e-01 -1.1886e-01 6.6113e-02 -3.6837e-01 -1.6937e-01 9.8423e-02 -6.2910e-02 -1.4045e-01 2.9932e-02 -2.2015e-01 -2.4160e+00 3.0911e-01
-5.8381e-01 -9.5110e-01 -2.8325e-01 3.3101e-01 -1.7943e-01 5.4234e-02 -1.3166e+00 5.0964e-01 6.3664e-01 2.5264e-01 1.6161e-01 6.5679e-01 -7.7911e-02 8.0602e-02 -2.9464e-01 4.3478e-01 -9.4132e-01 -7.2547e-01 -1.7208e-01 -7.6466e-01 1.6704e+01 -5.7496e-01 -2.2075e-01 -1.8290e-01 -1.1803e+00 -3.1101e+00 2.0770e+00 -7.3115e-01 -1.3566e-01 -2.3088e+00 -3.2625e-02 -1.0650e+00 -1.5877e-01 -1.7530e-02 8.7752e-02 2.5756e-01 -2.4321e-01 -2.4667e-01 3.0680e+00 -1.1045e-01 -2.0978e-01 -1.6363e-02 -3.8024e-02 -8.5091e-02 -1.7015e-01 -1.4286e-02 -4.0161e-01 -8.4513e-03 -4.9547e-02 -7.8762e-02 1.7935e-02 -3.3373e-01
-7.8568e-01 -2.4511e-01 -8.6225e-01 -8.4532e-01 -5.5799e+00 -3.1646e+00 -4.7649e-01 4.1125e-01 3.3193e+00 -2.2706e+00 3.7502e+00 -3.6066e+00 -2.2948e-01 -2.4779e+00 -1.2150e+00 -6.3448e-01 -1.2999e+00 1.5041e-01 -7.3445e-02 -1.1286e-01 -5.7496e-01 3.2419e+01 -4.7601e-01 3.1283e-01 -4.5983e-01 -1.3409e+00 -1.5764e+00 6.7408e-01 -3.3019e-01 2.4285e+00 -2.3305e-01 1.7556e+00 2.4473e-01 -6.5651e-01 5.3713e-03 5.4122e-02 -1.1443e+00 -3.8959e-01 -3.0049e-01 -5.5358e-02 7.2696e-02 -5.8092e-02 -3.4459e-01 -9.0507e-02 -2.4196e-01 1.2844e-01 1.8062e+00 -5.5200e-01 -6.5066e-02 -5.5107e-02 -3.5017e+00 1.0238e+01
2.7664e+00 -3.9720e-02 -3.9669e-01 1.7011e+00 5.8061e-01 3.1490e-01 -2.1485e+00 1.9984e+00 -5.5163e-02 -2.3653e+00 -3.9337e-01 -6.3774e-01 -1.9951e-01 -1.6641e+00 8.2666e-01 -2.3646e-01 -1.0625e+00 1.1904e+00 3.4445e-01 -1.2082e+00 -2.2075e-01 -4.7601e-01 2.4811e+01 -5.6007e-01 -6.4766e-01 -2.8269e+00 5.3059e+00 -6.7079e-01 -2.8628e-01 -5.0053e-01 -5.2417e-01 -6.9038e-01 -2.4900e-01 -8.3543e-01 -2.2203e-01 5.0025e-01 -5.1174e-01 -3.1423e-01 2.4908e+00 -2.2819e-01 -2.8217e-01 -3.3547e-01 -2.2311e-01 -2.6614e-01 -1.4578e-01 -1.2167e-01 1.5843e+00 -2.0647e-01 4.4311e-02 -2.0994e-01 -1.0430e+00 3.4507e-01
-1.1628e+00 -2.3236e-01 -1.1722e-01 -1.1774e+00 -1.7891e-01 -6.4018e-01 -3.1119e+00 -1.6076e+00 -6.0640e-01 -2.6344e-01 -3.2064e+00 1.5761e+00 -1.4270e+00 -2.3358e+00 2.4863e+00 -1.3793e-01 -1.9655e+00 -5.6372e-02 -5.1666e-01 1.4225e-01 -1.8290e-01 3.1283e-01 -5.6007e-01 2.3261e+01 -2.9888e-01 -1.5476e+00 -4.3656e-01 -6.6411e-01 4.9919e-01 5.1972e-01 -1.3280e+00 -3.0592e-01 -1.0037e-01 -1.7164e+00 -1.3438e-01 -2.9036e-01 1.5632e+00 -1.1203e-01 -9.2691e-01 -1.9489e-01 -2.7754e-01 -7.0557e-01 3.9816e-01 -1.5134e-01 -1.1959e-01 7.2010e-02 1.3517e-02 1.5057e+00 -1.6389e-01 -3.1233e-01 3.2381e-01 -1.1693e-01
-1.4797e+01 -1.0412e+01 -7.4207e-01 -1.4602e+01 4.7941e-02 1.3266e+00 3.6965e+01 -2.6241e+01 -1.4164e+01 1.2361e+01 -1.5478e+01 -1.6831e+01 -2.3200e+00 -3.7096e+01 3.2365e+01 8.1869e-01 -6.2081e+00 2.3860e+00 -1.1355e+00 9.4423e-01 -1.1803e+00 -4.5983e-01 -6.4766e-01 -2.9888e-01 8.6724e+01 5.5375e+00 2.6069e-01 -2.1307e+00 -7.3264e-01 -7.8616e+00 3.9392e+00 1.4268e+00 1.5682e+00 -3.7224e+00 2.9066e-01 -3.6610e+01 1.0462e+01 -1.0790e+00 2.5652e+00 2.3438e-01 -9.2163e-01 -8.4059e-01 -3.4420e-01 4.8030e-01 -3.6984e-01 -8.2657e-02 5.3063e+00 3.3204e+00 1.2398e-02 -1.8903e-01 -1.1847e-01 -5.1197e-02
4.0203e+00 5.4424e+00 -2.8722e-01 1.2420e+00 -1.5825e-01 1.6025e+00 2.4300e+01 7.7699e-01 3.3721e+00 1.1468e+01 -6.3066e+00 2.7578e+00 -1.0387e+00 1.4172e+01 -1.3610e+01 -1.7858e+00 4.9498e+00 -2.5568e+00 -1.6216e+00 -2.9650e+00 -3.1101e+00 -1.3409e+00 -2.8269e+00 -1.5476e+00 5.5375e+00 1.0403e+02 -1.4754e+01 -1.2299e+01 9.9937e+00 -3.6478e+01 -1.7902e+00 1.2851e+01 -1.4079e+00 -5.1199e+00 -1.4890e-01 -5.4383e+00 -7.3606e+00 1.4143e-01 2.5597e+01 7.8088e-01 -3.8819e-01 -7.9241e-01 2.4531e-01 1.1400e+00 -1.6519e+00 -2.1345e-01 -9.5668e-01 -1.7543e+00 -2.7865e-01 2.5923e-02 9.8231e-01 -5.1538e-01
4.4681e+00 2.7520e+00 1.6357e+00 1.1306e+00 -2.3407e-01 -6.4360e-03 -1.2118e+01 3.8233e+00 3.1663e+00 1.2149e+00 -2.3638e+00 2.2213e+00 -1.7753e-01 1.3054e+00 -1.2299e+00 -1.0972e+00 -2.6147e+00 7.4735e+00 8.2375e-01 -4.3766e+00 2.0770e+00 -1.5764e+00 5.3059e+00 -4.3656e-01 2.6069e-01 -1.4754e+01 6.1530e+01 -3.8397e+00 -2.5514e+00 -1.8341e+01 -3.3955e-01 1.3687e+00 3.9458e-01 1.9347e+00 9.8244e-01 5.8574e-01 -1.7128e+00 9.4873e-01 -5.6527e+00 1.2952e+00 -5.6331e-01 -2.6386e-01 -2.7316e-01 -1.6177e-01 1.6925e+00 -2.3196e-01 -2.5923e-01 6.7763e-01 -8.9007e-02 -4.7687e-01 -3.1491e-01 -2.4695e-01
4.9025e-02 3.7426e-01 -7.6919e-01 -1.1776e+00 -9.7462e-02 9.0242e-01 -1.1919e+00 2.4806e+00 -5.2821e-01 -4.6351e+00 -2.7424e+00 1.8424e+00 -1.3926e-01 3.1310e+00 -1.0019e+00 1.0684e+00 1.6248e+00 -1.1494e-01 4.0936e-01 8.2784e-02 -7.3115e-01 6.7408e-01 -6.7079e-01 -6.6411e-01 -2.1307e+00 -1.2299e+01 -3.8397e+00 3.8681e+01 -3.4528e+00 1.6280e+01 -6.2399e-01 -4.8491e+00 -2.0272e-01 -1.6265e+00 -2.5012e-01 -7.9790e-01 -1.0052e+00 3.6023e-01 -6.3002e+00 -8.6181e-01 9.2225e-01 5.8648e-01 -2.5735e-01 -4.1303e-01 5.9600e-01 -2.8987e-01 1.8484e+00 -1.0700e+00 -1.6215e-01 1.0698e+00 1.5041e-01 -2.1943e-01
-3.2203e-01 2.6905e-01 8.7416e-01 -5.9829e-01 -6.9339e-01 -8.7018e-01 5.5093e+00 -1.2394e+00 -1.6735e+00 2.2617e+00 8.8753e-01 4.8034e-01 -1.8541e-01 -4.5568e-01 -1.8691e-01 1.3082e+00 -2.6088e+00 1.4105e+00 -3.5263e-01 -5.7835e-01 -1.3566e-01 -3.3019e-01 -2.8628e-01 4.9919e-01 -7.3264e-01 9.9937e+00 -2.5514e+00 -3.4528e+00 3.7020e+01 -1.0466e+01 -7.1662e-01 1.8772e+01 -6.7999e-01 -4.8032e-01 -5.9431e-02 2.4730e-01 -3.6824e+00 2.1344e+00 1.3697e+01 -1.5240e+00 -2.5083e-01 3.6975e-02 1.5193e-01 -3.7381e-01 -4.4600e-01 1.0741e-01 -1.1807e+00 -6.1666e-01 -1.9515e-01 -2.2276e-01 -4.1199e-01 -1.0169e+00
2.7765e+00 2.1923e+00 -1.4753e+00 -1.3942e-02 -3.2022e-01 1.5208e+00 -4.9838e+00 3.2362e+00 2.9638e+00 -1.1976e+00 4.3277e+00 -4.3119e+00 4.8618e-01 -5.6476e-01 -7.5864e-01 -8.6368e-01 -5.5449e+00 -5.7088e+00 -7.9338e-01 -3.2482e+00 -2.3088e+00 2.4285e+00 -5.0053e-01 5.1972e-01 -7.8616e+00 -3.6478e+01 -1.8341e+01 1.6280e+01 -1.0466e+01 8.2118e+01 -4.7768e-02 -1.7504e+01 -6.8979e-01 -3.1440e+00 -4.6643e-01 -1.5416e+00 9.6478e+00 -4.1124e-01 -2.2566e+01 -1.9258e+00 4.6103e-01 8.7253e-03 -4.2182e-01 -7.9122e-03 6.7796e-01 2.6216e-01 2.4770e+00 -1.4431e+00 2.4427e-01 4.0276e-01 -6.9440e-01 -2.1897e-01
-2.1254e+00 -1.1337e+00 -4.9172e-01 -3.8955e+00 -9.2033e-02 1.0526e+00 3.0912e+00 -4.5186e+00 4.5521e-01 -4.2289e+00 3.7908e+00 -2.2924e+00 -7.3552e-01 -3.4784e+00 2.7849e+00 -1.9462e-01 -1.8226e+00 -2.7235e-02 1.0923e+00 -1.7462e-01 -3.2625e-02 -2.3305e-01 -5.2417e-01 -1.3280e+00 3.9392e+00 -1.7902e+00 -3.3955e-01 -6.2399e-01 -7.1662e-01 -4.7768e-02 2.2797e+01 -8.0638e-01 -2.0585e-01 -1.0627e+00 -7.7308e-02 4.0635e+00 -5.2261e-01 -5.7713e-02 -4.0850e-01 -2.8097e-01 -3.0773e-01 -5.5330e-01 6.5032e-01 -1.2837e-01 -6.7695e-02 -1.1740e-01 -2.3481e-01 -8.1790e-02 -1.1446e-01 2.9424e+00 1.2613e-01 -1.3231e-01
8.5853e-01 -9.1574e-01 2.2166e-01 -4.1371e-01 -7.2072e-02 -5.6894e-01 9.2347e+00 -1.1056e-01 7.7082e-01 1.9102e+00 -2.1520e+00 7.7793e-01 3.7258e-01 -1.7161e+00 1.0185e+00 -2.4441e-01 -2.8270e+00 -8.7811e-01 -2.0793e-01 -6.0909e-01 -1.0650e+00 1.7556e+00 -6.9038e-01 -3.0592e-01 1.4268e+00 1.2851e+01 1.3687e+00 -4.8491e+00 1.8772e+01 -1.7504e+01 -8.0638e-01 4.6507e+01 2.5344e+00 -4.0686e-01 -1.8338e-01 -2.1383e+00 -3.3550e+00 -3.5527e-01 1.5193e+01 -1.7824e+00 -4.4893e-01 -1.9648e-01 -4.8339e-01 -1.5295e-01 1.2204e+00 -2.9711e-02 -2.5642e-01 -9.2787e-01 -2.9987e-01 -3.9589e-01 -3.1492e-01 4.9390e-02
5.1536e-01 -1.0157e+00 -3.1837e-01 -2.7645e+00 -8.0623e-02 -1.7141e-01 4.8193e-01 -1.3917e-01 1.8558e+00 2.8220e-01 1.8902e-01 -1.4051e+00 3.8619e-01 -1.5021e+00 9.7661e-01 -1.9580e-01 -5.1222e-01 -3.8042e-01 1.1844e-01 1.9909e+00 -1.5877e-01 2.4473e-01 -2.4900e-01 -1.0037e-01 1.5682e+00 -1.4079e+00 3.9458e-01 -2.0272e-01 -6.7999e-01 -6.8979e-01 -2.0585e-01 2.5344e+00 1.1587e+01 -1.2928e-01 -9.9100e-02 -1.8185e+00 3.1248e+00 -2.5423e-02 -8.1240e-01 -1.9493e-01 -1.1603e-01 1.3328e-01 -9.0346e-02 -9.7873e-02 -4.3950e-02 1.6377e-01 2.1762e+00 -8.2641e-02 -3.4775e-02 -8.9274e-02 -2.3694e-01 6.7208e-01
3.2750e-01 -1.8207e-01 -6.6285e-01 -1.3731e+00 8.5061e-02 2.0950e-01 -5.4579e+00 -2.3811e+00 -1.0899e+00 3.3320e+00 8.3497e+00 5.5070e-01 1.8255e+00 -4.5187e+00 3.9741e+00 1.1899e+00 -1.9474e+00 -9.9519e-01 -5.3601e-01 -4.0654e-01 -1.7530e-02 -6.5651e-01 -8.3543e-01 -1.7164e+00 -3.7224e+00 -5.1199e+00 1.9347e+00 -1.6265e+00 -4.8032e-01 -3.1440e+00 -1.0627e+00 -4.0686e-01 -1.2928e-01 3.2305e+01 -2.4295e-01 7.5880e+00 -7.5233e-01 -1.6303e-01 -3.0654e+00 1.1057e-01 -3.5520e-01 -9.8836e-02 -6.9399e-02 -2.2467e-01 1.9371e-01 -2.1372e-01 -7.3931e-01 1.8389e+00 -4.8246e-02 7.4783e-02 -1.2194e-02 1.0762e-02
-3.5479e-01 -7.4295e-02 -1.8699e-01 -7.2179e-01 2.7893e-02 -9.8883e-01 5.2816e-01 1.2246e+00 7.1013e-02 2.6917e-02 -4.3706e-01 7.4482e-02 4.2756e-01 1.1781e+00 2.4004e-01 -1.1675e-01 1.3774e+00 1.2413e+00 -5.6955e-02 -2.1709e-01 8.7752e-02 5.3713e-03 -2.2203e-01 -1.3438e-01 2.9066e-01 -1.4890e-01 9.8244e-01 -2.5012e-01 -5.9431e-02 -4.6643e-01 -7.7308e-02 -1.8338e-01 -9.9100e-02 -2.4295e-01 9.4136e+00 1.5774e+00 -3.2809e-01 -1.4725e-01 1.6102e+00 -6.0230e-02 4.4122e-03 1.1496e+00 1.1814e-01 -5.9081e-02 1.8877e-02 -1.2458e-01 -2.8523e-02 -7.9254e-02 -2.8001e-02 1.1756e-01 -4.3095e-02 6.3593e-02
9.7129e+00 7.6115e+00 -4.7195e-01 1.1193e+01 -2.6204e-01 -1.0582e+01 -3.3084e+01 3.3901e+01 1.9838e+01 1.3000e+01 1.6247e+01 1.9556e+01 -4.0647e+00 4.6505e+01 -4.2888e+01 -5.6844e-01 -2.0820e+00 -4.7212e-01 -3.0795e-02 -1.5638e+00 2.5756e-01 5.4122e-02 5.0025e-01 -2.9036e-01 -3.6610e+01 -5.4383e+00 5.8574e-01 -7.9790e-01 2.4730e-01 -1.5416e+00 4.0635e+00 -2.1383e+00 -1.8185e+00 7.5880e+00 1.5774e+00 9.4734e+01 -6.2199e+00 9.7681e-01 2.8749e+00 -3.7456e-01 5.9994e-01 -1.5692e+00 6.6609e-01 -1.2815e+00 7.5984e-02 4.9168e-01 -9.0369e-01 -1.2403e+00 -3.0834e-01 2.7297e+00 1.4263e+00 -2.4407e-01
-1.7329e+00 -5.1944e-01 -1.1632e+00 -4.2230e+00 1.3468e-01 7.8697e-01 9.8824e+00 -4.2908e+00 8.6968e-01 1.5012e+00 -3.2241e+00 -2.0089e+00 -4.6130e-01 -4.2720e+00 4.9937e+00 -3.3175e-01 2.4633e-01 -1.5339e-01 -2.4059e-01 -5.0603e-02 -2.4321e-01 -1.1443e+00 -5.1174e-01 1.5632e+00 1.0462e+01 -7.3606e+00 -1.7128e+00 -1.0052e+00 -3.6824e+00 9.6478e+00 -5.2261e-01 -3.3550e+00 3.1248e+00 -7.5233e-01 -3.2809e-01 -6.2199e+00 3.7926e+01 -4.2942e-01 -7.3322e+00 -5.8076e-01 -4.0835e-01 -2.6069e-01 -2.5140e-01 3.4741e-01 -4.8225e-01 -3.9499e-01 4.4883e+00 5.6572e+00 3.0803e-02 -2.9732e-01 -6.1853e-01 1.1421e-01
1.7427e+00 1.1421e+00 2.9651e-01 -2.2285e-01 -5.2422e-01 1.6944e-02 -2.0707e+00 -1.4432e-01 5.2074e-01 4.3625e-01 4.5935e-01 4.4486e-01 -8.5850e-02 1.3115e+00 4.5351e-01 -4.5166e-02 2.2219e+00 -1.7765e-01 1.0440e+00 -6.9119e-01 -2.4667e-01 -3.8959e-01 -3.1423e-01 -1.1203e-01 -1.0790e+00 1.4143e-01 9.4873e-01 3.6023e-01 2.1344e+00 -4.1124e-01 -5.7713e-02 -3.5527e-01 -2.5423e-02 -1.6303e-01 -1.4725e-01 9.7681e-01 -4.2942e-01 1.5957e+01 -4.9307e-01 -1.3992e-01 -1.6909e-01 -1.6201e-01 -1.4279e-01 -8.9687e-02 8.0356e-02 -6.1733e-02 -2.0922e-01 -1.9426e-01 -6.0268e-02 1.1206e-01 3.0224e-01 -6.2940e-01
6.4668e-01 1.3587e+00 6.0727e-01 -1.9842e-01 8.3758e-01 -3.7807e+00 1.9528e+01 4.6424e+00 1.4106e+00 7.6909e-01 -9.2931e-01 9.0330e-01 8.3874e-01 2.1919e+00 -1.9938e+00 1.9880e+00 -3.6977e+00 2.8936e+00 -3.1865e-01 -5.1232e-02 3.0680e+00 -3.0049e-01 2.4908e+00 -9.2691e-01 2.5652e+00 2.5597e+01 -5.6527e+00 -6.3002e+00 1.3697e+01 -2.2566e+01 -4.0850e-01 1.5193e+01 -8.1240e-01 -3.0654e+00 1.6102e+00 2.8749e+00 -7.3322e+00 -4.9307e-01 7.2799e+01 1.6677e+00 -5.6816e-01 1.0766e+00 -5.1526e-01 -4.5928e-01 -1.6102e+00 -9.1378e-02 -5.5255e-01 -1.4475e+00 -4.6331e-02 -3.0063e-01 -1.1543e+00 4.1237e-01
-6.8441e-01 -5.5279e-01 -5.7507e-02 1.7470e-02 -3.6806e-01 -3.5707e-01 -2.4181e-01 3.6359e-02 4.7414e-01 5.1425e-01 -4.0502e-01 -5.3285e-03 2.5877e-01 1.1756e+00 -1.2650e+00 -4.1760e-01 -7.6569e-01 -2.6513e-01 -6.1488e-02 -1.7203e-01 -1.1045e-01 -5.5358e-02 -2.2819e-01 -1.9489e-01 2.3438e-01 7.8088e-01 1.2952e+00 -8.6181e-01 -1.5240e+00 -1.9258e+00 -2.8097e-01 -1.7824e+00 -1.9493e-01 1.1057e-01 -6.0230e-02 -3.7456e-01 -5.8076e-01 -1.3992e-01 1.6677e+00 1.2314e+01 -8.6810e-02 -1.9506e-02 -3.4380e-02 -1.0452e-01 2.4614e-01 -3.8687e-02 -6.0161e-02 -1.2504e-01 1.7242e-02 -1.6203e-01 1.2954e-02 -3.2717e-01
-5.4396e-01 -1.5917e-01 2.9100e-01 -9.0882e-01 5.2401e-02 1.6393e-01 -2.3781e-02 -6.3951e-01 -6.6073e-01 1.0951e+00 6.3591e-01 -5.0635e-03 -1.5627e-01 3.5680e-02 1.0066e+00 -1.5461e-01 2.1380e-01 -1.0168e-01 1.9186e+00 -2.0664e-01 -2.0978e-01 7.2696e-02 -2.8217e-01 -2.7754e-01 -9.2163e-01 -3.8819e-01 -5.6331e-01 9.2225e-01 -2.5083e-01 4.6103e-01 -3.0773e-01 -4.4893e-01 -1.1603e-01 -3.5520e-01 4.4122e-03 5.9994e-01 -4.0835e-01 -1.6909e-01 -5.6816e-01 -8.6810e-02 1.1663e+01 1.5894e+00 -8.2045e-02 -4.8356e-02 1.9594e-01 -7.6195e-02 -1.9005e-01 1.3783e+00 6.4317e-04 1.7680e-02 -2.6895e-01 1.3786e-02
-1.4034e-01 2.3896e-01 9.6683e-03 -6.0301e-01 3.3396e-02 -1.9963e+00 -1.3331e+00 3.8370e-01 -2.7631e-01 2.3339e+00 -9.5223e-01 -5.1536e-02 8.1351e-01 8.2579e-01 1.8130e-01 -8.8067e-02 3.3055e-01 1.0006e-01 1.9260e+00 -1.1886e-01 -1.6363e-02 -5.8092e-02 -3.3547e-01 -7.0557e-01 -8.4059e-01 -7.9241e-01 -2.6386e-01 5.8648e-01 3.6975e-02 8.7253e-03 -5.5330e-01 -1.9648e-01 1.3328e-01 -9.8836e-02 1.1496e+00 -1.5692e+00 -2.6069e-01 -1.6201e-01 1.0766e+00 -1.9506e-02 1.5894e+00 1.2610e+01 7.7390e-02 -4.7035e-02 2.7128e-01 -2.6121e-02 -7.0490e-02 -1.2759e-01 -2.1791e-02 -2.3860e-01 1.9360e-01 9.0775e-03
-6.9320e-02 1.6562e-01 2.6862e-01 -2.6523e-01 3.0750e-01 -1.1251e+00 -3.8705e-01 2.3521e-01 1.4049e-02 1.3701e-01 2.1106e-01 -2.4959e-01 -4.4618e-03 -6.9752e-02 -2.1318e-01 -1.4214e-02 4.3820e-01 -2.6291e-01 -1.0764e-01 6.6113e-02 -3.8024e-02 -3.4459e-01 -2.2311e-01 3.9816e-01 -3.4420e-01 2.4531e-01 -2.7316e-01 -2.5735e-01 1.5193e-01 -4.2182e-01 6.5032e-01 -4.8339e-01 -9.0346e-02 -6.9399e-02 1.1814e-01 6.6609e-01 -2.5140e-01 -1.4279e-01 -5.1526e-01 -3.4380e-02 -8.2045e-02 7.7390e-02 1.0468e+01 -8.5504e-02 -5.3577e-02 -4.1349e-02 -1.2753e-01 -1.6336e-01 5.8983e-02 -7.0606e-02 -5.1278e-01 9.3109e-02
-2.9273e-01 -1.2580e-01 1.1132e-01 -5.9847e-01 -5.4207e-02 -2.8158e-01 8.4988e-01 -1.1560e+00 -7.9229e-01 -6.8443e-01 -3.4056e-01 -7.6376e-01 1.0260e+00 -1.1555e+00 1.4558e+00 -1.8427e-01 1.7768e-01 1.8372e-01 -3.2400e-02 -3.6837e-01 -8.5091e-02 -9.0507e-02 -2.6614e-01 -1.5134e-01 4.8030e-01 1.1400e+00 -1.6177e-01 -4.1303e-01 -3.7381e-01 -7.9122e-03 -1.2837e-01 -1.5295e-01 -9.7873e-02 -2.2467e-01 -5.9081e-02 -1.2815e+00 3.4741e-01 -8.9687e-02 -4.5928e-01 -1.0452e-01 -4.8356e-02 -4.7035e-02 -8.5504e-02 9.5908e+00 -6.8580e-02 -2.6808e-02 -2.2241e-01 1.7520e-01 -3.7917e-02 6.4369e-01 2.6426e-01 3.5088e-02
1.1574e-01 1.2453e-01 -1.4309e-01 3.3149e-02 1.6620e-02 1.0410e-01 -2.2839e+00 8.7288e-02 2.0731e-01 3.2579e-01 -4.0796e-01 5.0131e-01 3.9958e-01 6.9191e-02 -1.1189e-01 -4.6513e-03 -5.2745e-01 2.3182e-01 2.3894e-01 -1.6937e-01 -1.7015e-01 -2.4196e-01 -1.4578e-01 -1.1959e-01 -3.6984e-01 -1.6519e+00 1.6925e+00 5.9600e-01 -4.4600e-01 6.7796e-01 -6.7695e-02 1.2204e+00 -4.3950e-02 1.9371e-01 1.8877e-02 7.5984e-02 -4.8225e-01 8.0356e-02 -1.6102e+00 2.4614e-01 1.9594e-01 2.7128e-01 -5.3577e-02 -6.8580e-02 8.1770e+00 -2.4446e-02 -3.0900e-01 -1.3707e-01 -2.5271e-02 1.0158e+00 1.6005e-01 2.3178e-03
5.8039e-01 4.1997e-02 2.0084e-01 -8.8337e-01 -1.4301e-02 -4.4416e-01 -3.4646e-01 -1.9826e-01 -6.9298e-01 2.6950e-01 6.9756e-01 -4.7815e-01 -1.3196e-01 1.0831e+00 -8.5591e-01 7.2026e-01 -7.2564e-01 -5.0808e-02 -5.6185e-02 9.8423e-02 -1.4286e-02 1.2844e-01 -1.2167e-01 7.2010e-02 -8.2657e-02 -2.1345e-01 -2.3196e-01 -2.8987e-01 1.0741e-01 2.6216e-01 -1.1740e-01 -2.9711e-02 1.6377e-01 -2.1372e-01 -1.2458e-01 4.9168e-01 -3.9499e-01 -6.1733e-02 -9.1378e-02 -3.8687e-02 -7.6195e-02 -2.6121e-02 -4.1349e-02 -2.6808e-02 -2.4446e-02 7.3999e+00 -5.1101e-02 2.0232e-02 -2.8846e-02 -1.9215e-02 -4.1047e-02 1.5765e-01
3.8772e-01 5.0344e-01 -5.9425e-01 -8.7866e-01 6.7968e-02 2.6809e-01 6.2304e-01 -4.6712e-02 1.2629e+00 2.9607e-01 8.7252e-01 -1.4608e+00 3.5237e-01 -1.1237e+00 1.1912e+00 -5.2865e-01 -1.3458e+00 1.1991e+00 -1.7426e-01 -6.2910e-02 -4.0161e-01 1.8062e+00 1.5843e+00 1.3517e-02 5.3063e+00 -9.5668e-01 -2.5923e-01 1.8484e+00 -1.1807e+00 2.4770e+00 -2.3481e-01 -2.5642e-01 2.1762e+00 -7.3931e-01 -2.8523e-02 -9.0369e-01 4.4883e+00 -2.0922e-01 -5.5255e-01 -6.0161e-02 -1.9005e-01 -7.0490e-02 -1.2753e-01 -2.2241e-01 -3.0900e-01 -5.1101e-02 1.9907e+01 -3.6632e-01 5.8920e-02 -1.6963e-01 1.4805e-01 7.7174e-02
-1.0822e-01 -3.4132e-01 4.8438e-01 -8.1156e-01 1.7527e-01 2.0750e-02 -7.3128e-01 -2.3861e+00 -5.4494e-01 2.3232e+00 -5.2802e-01 5.2911e-02 -8.1371e-01 -1.6918e+00 1.7242e+00 2.0901e+00 -1.2142e+00 -8.6184e-02 6.7583e-01 -1.4045e-01 -8.4513e-03 -5.5200e-01 -2.0647e-01 1.5057e+00 3.3204e+00 -1.7543e+00 6.7763e-01 -1.0700e+00 -6.1666e-01 -1.4431e+00 -8.1790e-02 -9.2787e-01 -8.2641e-02 1.8389e+00 -7.9254e-02 -1.2403e+00 5.6572e+00 -1.9426e-01 -1.4475e+00 -1.2504e-01 1.3783e+00 -1.2759e-01 -1.6336e-01 1.7520e-01 -1.3707e-01 2.0232e-02 -3.6632e-01 1.6915e+01 -3.6854e-02 -8.1291e-02 -7.6658e-02 -4.0392e-02
6.4032e-02 1.6768e-02 -5.0058e-02 -5.5151e-02 -2.4160e-02 1.2996e-01 3.5693e-01 2.4860e-01 -4.1929e-02 -2.0704e-01 -1.0410e-01 1.2179e-01 -7.4182e-02 -3.3868e-01 4.2545e-01 -6.9389e-02 -1.3919e-01 -3.6000e-02 2.5324e-01 2.9932e-02 -4.9547e-02 -6.5066e-02 4.4311e-02 -1.6389e-01 1.2398e-02 -2.7865e-01 -8.9007e-02 -1.6215e-01 -1.9515e-01 2.4427e-01 -1.1446e-01 -2.9987e-01 -3.4775e-02 -4.8246e-02 -2.8001e-02 -3.0834e-01 3.0803e-02 -6.0268e-02 -4.6331e-02 1.7242e-02 6.4317e-04 -2.1791e-02 5.8983e-02 -3.7917e-02 -2.5271e-02 -2.8846e-02 5.8920e-02 -3.6854e-02 5.5431e+00 -3.2610e-02 9.8352e-02 -4.7680e-02
-1.9197e-02 4.6774e-02 -1.0577e-01 -2.3375e-01 -1.2083e-03 4.3768e-01 -1.0926e+00 -6.0179e-01 2.7079e+00 -8.6266e-01 -2.5132e-01 9.1141e-02 -1.2148e-01 1.4802e+00 -1.5932e+00 -1.7568e-01 -6.2288e-01 -3.3755e-02 9.2239e-01 -2.2015e-01 -7.8762e-02 -5.5107e-02 -2.0994e-01 -3.1233e-01 -1.8903e-01 2.5923e-02 -4.7687e-01 1.0698e+00 -2.2276e-01 4.0276e-01 2.9424e+00 -3.9589e-01 -8.9274e-02 7.4783e-02 1.1756e-01 2.7297e+00 -2.9732e-01 1.1206e-01 -3.0063e-01 -1.6203e-01 1.7680e-02 -2.3860e-01 -7.0606e-02 6.4369e-01 1.0158e+00 -1.9215e-02 -1.6963e-01 -8.1291e-02 -3.2610e-02 8.9798e+00 -3.1124e-02 -5.3305e-02
-8.2462e-01 -1.2762e-01 -1.9696e-01 -1.4429e-01 -2.6534e+00 2.7021e+00 -3.3722e-01 -1.3115e+00 -3.1998e+00 1.0681e+01 1.2573e-01 1.7998e-01 -2.2091e-01 1.3889e+01 9.2345e+00 -3.0343e-02 -5.6989e-02 1.1754e-01 -2.0508e-01 -2.4160e+00 1.7935e-02 -3.5017e+00 -1.0430e+00 3.2381e-01 -1.1847e-01 9.8231e-01 -3.1491e-01 1.5041e-01 -4.1199e-01 -6.9440e-01 1.2613e-01 -3.1492e-01 -2.3694e-01 -1.2194e-02 -4.3095e-02 1.4263e+00 -6.1853e-01 3.0224e-01 -1.1543e+00 1.2954e-02 -2.6895e-01 1.9360e-01 -5.1278e-01 2.6426e-01 1.6005e-01 -4.1047e-02 1.4805e-01 -7.6658e-02 9.8352e-02 -3.1124e-02 2.3230e+01 -5.9190e+00
-1.1162e+00 -4.3301e-01 -5.9999e-01 -3.6118e-01 1.3848e+01 3.3540e+00 -8.0301e-01 1.3527e+00 1.6875e+00 -7.7614e+00 -8.7898e-02 6.4064e-02 5.7575e-02 -7.8729e+00 1.9677e+00 -4.4715e-01 1.9776e-01 3.5576e-01 -4.0523e-01 3.0911e-01 -3.3373e-01 1.0238e+01 3.4507e-01 -1.1693e-01 -5.1197e-02 -5.1538e-01 -2.4695e-01 -2.1943e-01 -1.0169e+00 -2.1897e-01 -1.3231e-01 4.9390e-02 6.7208e-01 1.0762e-02 6.3593e-02 -2.4407e-01 1.1421e-01 -6.2940e-01 4.1237e-01 -3.2717e-01 1.3786e-02 9.0775e-03 9.3109e-02 3.5088e-02 2.3178e-03 1.5765e-01 7.7174e-02 -4.0392e-02 -4.7680e-02 -5.3305e-02 -5.9190e+00 2.4283e+01
