8.6305e+01 1.9515e+01 -3.6311e+00 1.5224e+01 -2.7138e+01 1.2939e-01 7.7271e+00 -1.1409e+01 1.3663e+00 -1.8760e+01 8.5756e+00 5.2417e+00 -2.6967e+01 1.3778e+00 -7.2196e+00 8.8417e+00 1.7579e+00 -3.3907e+00 -5.5318e-01 1.0950e+00 1.0258e+00 3.0187e+00 1.9604e+00 -2.5338e-01 1.2015e+00 -2.6314e-01 4.6109e-01 1.5189e+01 1.6058e+01 1.0188e+01 7.1788e+00 -2.1457e+00 8.6837e-01 9.1363e-01 2.1030e-01 2.5801e+00 1.1762e+00 -3.3109e+00 6.7023e+00 7.8449e+00 6.8180e-01 1.0806e+00 1.2644e-01 -2.0301e-01 7.0603e-01 3.2381e-01 1.1983e+00 7.9641e-02 -8.8380e-02 -4.7076e-01 -1.3940e+00 -3.5408e-01
1.9515e+01 1.0457e+02 7.5793e+01 -4.4185e+01 9.2885e+00 8.6908e+00 -8.6242e+00 -3.2374e+01 -1.6330e+00 -3.7430e+01 -1.8680e+01 3.0642e+00 2.1206e+00 1.5456e+00 -1.4369e+01 -3.6781e+00 2.4068e+00 4.2046e+00 -5.8486e-01 7.2009e-01 -4.1020e-01 7.1127e-01 -3.7006e+00 2.0107e+00 9.8269e-01 9.9982e-02 5.4474e-01 3.5200e+01 6.5174e+00 -9.7674e+00 1.0881e+01 9.4153e+00 5.3298e-01 1.3790e+00 5.0510e-01 -4.2417e+00 -3.3592e+01 3.1108e+01 3.0706e+00 -2.0866e+01 5.8362e-02 -1.0403e+00 -4.3402e-01 -4.9126e-01 9.8522e-01 -3.9148e+00 4.1880e-01 -6.0079e-01 -8.6369e-01 3.5576e-01 -1.8340e-01 -7.7286e+00
-3.6311e+00 7.5793e+01 1.8118e+02 -9.3048e+01 4.2242e+01 8.0981e+00 -3.1431e+01 -3.6148e+01 -3.3991e-01 -4.1058e+01 -3.5118e+01 6.0178e+00 1.5363e+01 2.6367e+00 -1.6823e+01 -6.5326e+00 4.8196e+00 4.9210e+00 -1.0537e+00 1.8676e+00 -2.8858e+00 -2.3590e+00 2.9121e+01 2.0157e+00 2.8879e+00 7.3809e-01 5.7341e-01 5.1697e+01 2.1571e+01 -4.4556e+01 2.1849e+01 -6.8810e+00 -4.4056e-01 -5.1868e-01 -1.7899e+00 6.7766e+00 -6.4679e+01 6.0540e+01 3.5861e+00 -5.9247e+01 -5.5497e-01 3.7137e-02 -8.1091e-01 2.9211e-01 2.2705e+00 -4.6125e+00 5.5149e-01 -4.3319e-01 -3.7303e-01 4.4518e-01 -3.2536e-01 -7.9367e+00
1.5224e+01 -4.4185e+01 -9.3048e+01 1.5129e+02 -5.2393e+01 -2.4454e+01 3.8789e+01 -1.1869e+00 -1.0439e+00 1.1326e+00 3.6853e+01 -4.7084e+00 -1.3115e+01 -1.7307e-01 9.0912e+00 1.4557e+01 -3.2947e+00 -3.2463e+00 7.7070e-01 -2.2763e+00 2.6698e+00 -1.4692e+00 1.2905e+01 -9.3701e-01 -1.5707e+00 -1.0618e+00 7.7886e-02 2.2982e+00 4.0113e+00 2.8152e+01 -1.0614e+01 -5.8097e+00 1.3755e+00 -1.2547e+00 1.6614e+00 2.0379e+00 8.1621e+00 -6.1640e+00 -1.2214e+00 1.5830e+01 -4.5712e-01 1.0451e+00 1.1222e+00 -1.3037e+00 1.2200e+00 -3.1956e+00 3.1764e+00 2.9744e-01 -1.0191e+00 -3.8630e-01 8.4820e-01 1.4020e+01
-2.7138e+01 9.2885e+00 4.2242e+01 -5.2393e+01 1.0045e+02 7.5517e-01 -4.0039e+01 -2.5857e+01 -9.2329e-01 6.7375e+00 -1.1497e+00 1.2012e+01 1.4853e+01 1.7306e-02 -5.2141e+00 -3.7787e+00 2.4732e+00 -3.0985e+00 -1.5767e+00 1.7982e+00 2.8572e+00 8.3339e+00 -1.0311e+01 -9.7175e-02 -2.0426e+00 6.6654e-01 1.2193e-01 -2.3060e+01 -1.8079e+01 3.3681e+00 2.2535e+01 2.9130e+00 -9.8176e-01 4.0268e+00 -1.9066e+00 -5.0594e+00 -1.9996e-01 2.3480e-01 8.6236e+00 -3.5681e+00 -5.0736e-01 4.0370e-01 -1.8829e-01 -4.0351e-01 -1.7362e+00 -4.3093e+00 -6.9555e-01 3.3236e-02 1.4945e+00 4.7020e-01 9.0728e-01 -7.1503e-02
1.2939e-01 8.6908e+00 8.0981e+00 -2.4454e+01 7.5517e-01 5.8862e+01 -1.7527e+01 6.5689e+00 -9.1423e-01 1.9102e+00 -5.2821e-01 3.0294e-01 1.0808e+00 1.0947e+00 7.0442e-01 1.9580e+00 -8.0668e-01 -1.0787e+00 -2.8944e+00 1.2456e-01 -1.7431e-01 -4.3352e-02 -3.3171e+00 1.4483e+00 3.0088e-01 -6.8803e-02 3.8366e-01 -1.3875e+01 -4.8641e+00 1.2018e+00 2.5500e+00 1.2865e+00 2.6312e-01 5.6631e-01 -8.5094e+00 6.4902e-01 1.1794e+01 -1.4760e+01 5.1276e-01 1.2188e+01 8.3424e-01 -1.9751e+00 -6.7844e-01 5.4221e-01 3.2109e-01 -1.3390e+00 2.9275e+00 -3.3771e-01 1.2655e-01 9.6860e-02 -2.7899e+00 1.0250e+01
7.7271e+00 -8.6242e+00 -3.1431e+01 3.8789e+01 -4.0039e+01 -1.7527e+01 9.3905e+01 1.9676e+01 -7.4666e-01 1.2272e+01 2.0185e+01 -1.3556e+01 -1.8242e+01 -7.3266e-01 -1.8388e+00 -1.5811e+00 -2.0580e+00 -8.7734e-01 -1.0084e-01 -1.7277e+00 -2.4509e+00 -7.3046e+00 5.5792e+00 -1.5919e+00 1.8775e-01 3.7778e-01 -4.6971e-02 -4.3900e+00 5.4659e-01 1.1291e+01 -1.5300e+01 3.1983e-01 -2.5312e-01 -6.9984e+00 4.2984e-01 -1.0629e-02 8.6422e+00 -8.5780e+00 -9.0428e+00 1.3095e+01 -4.5445e-01 -1.1471e+00 2.5710e+00 7.2458e-01 -9.8489e-01 5.0170e+00 -1.3494e+00 1.2679e-01 -1.0655e-01 -3.4412e-01 -1.4802e-01 -3.1595e+00
-1.1409e+01 -3.2374e+01 -3.6148e+01 -1.1869e+00 -2.5857e+01 6.5689e+00 1.9676e+01 1.0661e+02 6.4952e-01 3.9095e+01 -1.3528e+00 -1.7359e+01 2.3120e-01 1.1133e+00 1.3312e+01 -8.3377e+00 -5.5865e+00 -6.3555e+00 2.9330e-01 -6.7484e+00 -4.8011e+00 -1.1528e+01 2.4809e+00 -1.0947e+00 8.9553e-01 -4.0931e-01 -1.5808e+00 -2.5082e+01 1.1107e+01 -1.7654e+01 -3.7518e+01 -1.0681e+01 1.1270e+00 -1.0908e+01 -6.6348e-01 3.1719e+00 1.6977e+01 -2.0808e+01 -1.3563e+01 1.3355e+01 -6.8735e-01 -2.2850e+00 1.7632e-01 6.4447e-01 -3.9096e+00 7.8838e+00 -9.0945e-01 -1.1420e+00 8.9718e-01 -2.6971e-01 -2.1593e+00 2.6847e-01
1.3663e+00 -1.6330e+00 -3.3991e-01 -1.0439e+00 -9.2329e-01 -9.1423e-01 -7.4666e-01 6.4952e-01 2.6916e+01 -2.3858e-01 1.9849e+00 -8.0986e-02 -1.0644e+00 -5.2842e-01 6.6537e-01 -1.1371e+00 -7.9333e-03 -1.5352e-01 -2.4753e-01 -3.4614e-01 2.0346e-01 -1.0057e+00 4.3475e+00 4.5685e-01 7.8663e+00 -1.8653e-01 -4.3760e-01 1.9313e+00 2.3516e+00 -4.3619e+00 -1.2078e+00 -4.2165e+00 9.7958e-01 6.0915e-01 -1.7000e+00 1.3441e+00 -3.8665e+00 2.7770e+00 -1.4235e+00 1.1614e+00 -1.5673e-01 -3.1374e-01 -2.0883e-02 -2.7109e-01 -7.2593e-02 3.7984e+00 -6.3312e-02 5.4751e-01 -1.8435e-01 2.3289e-02 -1.0513e+00 -2.3485e+00
-1.8760e+01 -3.7430e+01 -4.1058e+01 1.1326e+00 6.7375e+00 1.9102e+00 1.2272e+01 3.9095e+01 -2.3858e-01 9.4649e+01 3.0603e+01 -1.2985e+00 6.2292e+00 -1.6804e+00 1.7557e+01 -1.1662e+01 6.7262e-02 -7.3707e+00 1.1134e-01 7.6427e-01 -2.2142e-01 3.1766e+00 1.4997e+00 -1.3955e+00 -3.9296e+00 -5.0987e-01 6.6286e-01 -4.7378e+01 -1.6904e+01 1.8233e+01 -1.7819e+00 -3.5389e+00 -7.0313e-01 1.4254e+00 -4.2851e-01 -3.7841e+00 4.4916e+01 -4.4790e+01 -3.4490e+00 3.1902e+01 -8.3707e-01 -1.7848e+00 -7.8634e-02 6.9736e-01 -3.6344e+00 7.8961e+00 -3.3307e+00 -4.7784e-01 1.2261e+00 -2.3517e-01 -2.5363e-01 -7.8151e-01
8.5756e+00 -1.8680e+01 -3.5118e+01 3.6853e+01 -1.1497e+00 -5.2821e-01 2.0185e+01 -1.3528e+00 1.9849e+00 3.0603e+01 9.8329e+01 3.7098e+00 -1.4989e+01 -1.0033e-01 1.0961e+01 -4.3326e+00 3.2055e+00 -4.6458e+00 -5.8508e-01 3.8112e+00 -2.1528e+00 2.2025e+00 -7.6824e-01 -4.0451e-01 -1.6367e+00 3.9957e-01 8.4583e-01 -2.6486e+01 -1.1048e+01 5.4954e+01 1.8464e+01 1.1782e+00 -6.4157e-01 -6.4425e-03 2.7383e+00 1.2478e-01 3.8791e+01 -3.9306e+01 2.4187e+00 3.8376e+01 1.7427e-01 1.7540e-01 -2.3390e-01 -4.6106e-01 -1.6585e+00 -3.6559e+00 -8.3738e-01 4.6347e-01 -3.1965e-01 -4.0232e-01 -6.8571e-02 3.1613e-01
5.2417e+00 3.0642e+00 6.0178e+00 -4.7084e+00 1.2012e+01 3.0294e-01 -1.3556e+01 -1.7359e+01 -8.0986e-02 -1.2985e+00 3.7098e+00 3.5148e+01 -5.0348e+00 3.2546e-01 -1.5009e+00 -7.3603e-01 -1.6893e+00 2.4671e+00 -6.2645e-01 -5.3206e-01 4.9494e+00 1.0335e+01 -2.3492e+00 7.4617e-02 -5.4774e-01 -2.7949e-01 -5.2949e-01 -1.2545e-01 -5.4603e+00 9.4511e+00 1.9146e+01 -2.6069e+00 -4.1656e-01 9.5290e+00 -1.3742e-01 -9.6358e-03 3.5783e+00 -3.6353e+00 1.4654e+01 5.5428e+00 5.4020e-03 -4.7933e-01 -9.6053e-02 -3.5188e-01 -1.9484e-01 8.8494e-01 -3.4064e-01 -2.0052e-01 -5.6743e-02 -9.1933e-02 1.7115e-01 -1.3602e-01
-2.6967e+01 2.1206e+00 1.5363e+01 -1.3115e+01 1.4853e+01 1.0808e+00 -1.8242e+01 2.3120e-01 -1.0644e+00 6.2292e+00 -1.4989e+01 -5.0348e+00 6.8416e+01 8.0738e-02 1.6330e+00 -4.1597e+00 -2.9896e+00 -1.6619e+00 1.6400e-01 2.6249e+00 -1.9642e+00 -3.1355e+00 -4.8421e-01 1.0798e+00 -1.2710e+00 -6.2896e-01 -1.5802e-01 1.8941e+00 -6.3797e+00 -1.0133e+01 -1.3363e+01 5.2179e+00 1.8761e-01 1.8576e+00 -2.4061e-01 -3.6276e+00 -5.3455e+00 5.7697e+00 -6.4012e+00 -5.2296e+00 1.3377e+00 -6.7498e-01 -2.8195e-01 -4.0734e-01 -1.0434e+00 -4.4592e+00 -7.8566e-01 9.3414e-02 -2.4009e-01 5.6705e-02 7.6346e-01 -5.3023e-01
1.3778e+00 1.5456e+00 2.6367e+00 -1.7307e-01 1.7306e-02 1.0947e+00 -7.3266e-01 1.1133e+00 -5.2842e-01 -1.6804e+00 -1.0033e-01 3.2546e-01 8.0738e-02 1.4839e+01 -6.3212e-01 -9.5987e-01 3.3188e+00 -1.2962e-01 -1.3776e-02 -2.3653e-01 6.2948e-01 -3.4353e-01 2.9975e+00 -4.6197e-02 -5.6979e-01 -1.0819e-01 3.4493e-01 -4.0760e+00 -1.4118e+00 5.5314e-01 -4.9363e-01 -1.5074e+00 -1.1103e-01 -9.9696e-02 -4.7683e-01 1.6013e+00 -4.5626e-01 -2.9786e+00 1.7001e+00 4.1657e+00 -1.2875e-01 -1.7738e-01 -7.1123e-02 -6.9022e-02 -1.6849e-01 -1.5487e-01 1.6194e+00 -1.2771e-01 -1.2210e-01 -8.3194e-02 1.2567e+00 -3.6443e-01
-7.2196e+00 -1.4369e+01 -1.6823e+01 9.0912e+00 -5.2141e+00 7.0442e-01 -1.8388e+00 1.3312e+01 6.6537e-01 1.7557e+01 1.0961e+01 -1.5009e+00 1.6330e+00 -6.3212e-01 3.9684e+01 -1.2806e+00 -6.8566e-01 -1.1952e+00 7.8786e-01 -9.8258e-01 -5.4805e-01 -7.5926e-01 1.8637e+00 -3.8911e-01 -8.6366e-01 -2.5787e-01 -2.9471e-01 -8.7243e+00 -1.6000e-01 -6.7630e+00 -7.3771e+00 -4.6332e+00 -2.5349e-01 -7.9886e-01 7.9583e-01 9.2838e-01 1.5357e+01 -1.5124e+01 -2.4598e+00 1.7389e+01 -2.4431e-01 -7.0684e-01 -1.9650e-01 1.6751e+00 -6.6092e-01 3.5611e+00 -6.8554e-01 -2.4268e-01 -4.2725e-01 -2.7624e-01 2.4363e-01 7.6809e-02
8.8417e+00 -3.6781e+00 -6.5326e+00 1.4557e+01 -3.7787e+00 1.9580e+00 -1.5811e+00 -8.3377e+00 -1.1371e+00 -1.1662e+01 -4.3326e+00 -7.3603e-01 -4.1597e+00 -9.5987e-01 -1.2806e+00 4.3532e+01 5.7193e-01 5.0343e-01 8.2488e-03 -3.1930e-01 -4.9866e-02 -7.0418e-01 1.3715e+00 1.3010e-01 4.9425e-01 -2.9760e-01 4.0091e-01 1.2850e+01 -5.7179e+00 -2.2146e-01 -4.8779e+00 -4.4622e+00 -1.3092e-01 -1.2838e+00 -1.5179e+00 6.3278e+00 -1.1128e+01 1.2511e+01 6.4117e+00 -6.2267e+00 -2.6847e-01 -7.8105e-01 2.8957e-01 -2.2652e-01 -5.4217e-01 -2.0882e+00 -8.2487e-01 -1.3175e-01 -3.4651e-01 -2.3994e-01 9.0014e-01 -7.7829e-01
1.7579e+00 2.4068e+00 4.8196e+00 -3.2947e+00 2.4732e+00 -8.0668e-01 -2.0580e+00 -5.5865e+00 -7.9333e-03 6.7262e-02 3.2055e+00 -1.6893e+00 -2.9896e+00 3.3188e+00 -6.8566e-01 5.7193e-01 3.6247e+01 4.5304e+00 1.4148e+00 -7.9082e-01 -4.6308e-01 -9.9889e-01 -2.1852e+00 -3.6163e-01 3.5574e-01 1.0992e+00 -1.7313e-01 -3.5700e+00 1.3951e+00 5.3452e+00 6.8961e+00 -1.9170e+00 6.2341e-01 -6.2837e-02 7.9280e-01 -8.4209e-01 -4.9181e-01 -4.6739e+00 -1.9410e+00 1.2812e+00 -3.0093e-01 3.5619e-02 9.6410e-01 -2.1821e-01 -5.4688e-01 -4.4177e-01 1.3952e+00 -2.4082e-01 -2.3596e-01 -1.9049e-01 -1.6209e+00 1.3999e-01
-3.3907e+00 4.2046e+00 4.9210e+00 -3.2463e+00 -3.0985e+00 -1.0787e+00 -8.7734e-01 -6.3555e+00 -1.5352e-01 -7.3707e+00 -4.6458e+00 2.4671e+00 -1.6619e+00 -1.2962e-01 -1.1952e+00 5.0343e-01 4.5304e+00 1.9120e+01 5.9561e-01 -4.3139e-01 -2.1369e-01 -2.3939e-01 -2.8152e-01 -9.0613e-02 1.8076e+00 1.1499e+00 -1.3869e-01 4.5971e+00 -2.5516e-01 -3.5046e+00 -7.2145e-01 -4.1354e-01 -1.8809e-01 -6.3288e-01 -1.3248e-01 -1.0165e+00 -3.6284e+00 3.7273e+00 7.2638e-01 -3.8940e+00 -6.9030e-02 -1.3644e-02 -1.0470e-01 -5.9277e-02 -3.0897e-01 -9.0820e-01 -3.0445e-01 -7.1182e-02 -1.5692e-01 -5.4875e-02 -3.3080e-01 -2.6376e-01
-5.5318e-01 -5.8486e-01 -1.0537e+00 7.7070e-01 -1.5767e+00 -2.8944e+00 -1.0084e-01 2.9330e-01 -2.4753e-01 1.1134e-01 -5.8508e-01 -6.2645e-01 1.6400e-01 -1.3776e-02 7.8786e-01 8.2488e-03 1.4148e+00 5.9561e-01 1.5655e+01 1.7317e-01 -2.8727e-01 -2.9897e-01 -4.3405e-01 -1.4980e-01 -2.8792e-01 -1.5185e-01 -2.5510e-01 -9.3670e-01 -9.4417e-01 6.6753e-01 -1.0472e+00 -1.2010e+00 8.7242e-01 1.1764e+00 2.4523e+00 1.4117e+00 -1.2654e+00 1.0772e+00 -1.6565e-01 -8.6212e-01 -7.9253e-02 3.6763e-02 -9.2516e-02 -9.3603e-02 -1.0393e-01 9.2628e-01 -2.6304e-02 -3.4489e-02 -2.0017e-02 -3.7053e-02 -1.4095e-01 -3.4050e-01
1.0950e+00 7.2009e-01 1.8676e+00 -2.2763e+00 1.7982e+00 1.2456e-01 -1.7277e+00 -6.7484e+00 -3.4614e-01 7.6427e-01 3.8112e+00 -5.3206e-01 2.6249e+00 -2.3653e-01 -9.8258e-01 -3.1930e-01 -7.9082e-01 -4.3139e-01 1.7317e-01 1.8770e+01 -3.1883e-01 -2.2483e-01 -2.5535e-01 1.1058e-02 -4.5721e-01 3.0467e-03 1.0574e+00 3.6051e-01 -3.0280e+00 7.8060e+00 3.5968e+00 4.3053e+00 1.1544e-01 3.9305e+00 -2.8778e-01 2.1487e-01 -6.7981e-01 9.7489e-01 -1.3702e+00 -6.6870e-02 -6.5431e-02 7.1776e-01 -7.4926e-02 -9.7250e-02 5.3923e-02 -1.2033e+00 -2.1382e-01 -6.7749e-02 1.2956e+00 3.5726e-02 4.2348e-02 -2.7189e-01
1.0258e+00 -4.1020e-01 -2.8858e+00 2.6698e+00 2.8572e+00 -1.7431e-01 -2.4509e+00 -4.8011e+00 2.0346e-01 -2.2142e-01 -2.1528e+00 4.9494e+00 -1.9642e+00 6.2948e-01 -5.4805e-01 -4.9866e-02 -4.6308e-01 -2.1369e-01 -2.8727e-01 -3.1883e-01 1.5134e+01 6.3960e+00 -1.9710e-01 -1.2963e-01 -1.6307e-01 -1.4265e-01 -1.8250e-01 -1.3169e+00 -1.5430e+00 2.5366e+00 5.2520e+00 -9.9108e-01 -1.8830e-01 5.4291e+00 -3.9925e-01 -4.0024e-01 1.9977e+00 -2.0109e+00 4.8379e+00 2.0843e+00 -6.4720e-02 -1.3704e-01 -4.5930e-02 -1.5374e-01 -1.3861e-01 -3.2645e-01 -1.1268e-01 -6.7778e-02 -1.0384e-01 -7.5138e-02 9.2061e-02 2.9875e-02
3.0187e+00 7.1127e-01 -2.3590e+00 -1.4692e+00 8.3339e+00 -4.3352e-02 -7.3046e+00 -1.1528e+01 -1.0057e+00 3.1766e+00 2.2025e+00 1.0335e+01 -3.1355e+00 -3.4353e-01 -7.5926e-01 -7.0418e-01 -9.9889e-01 -2.3939e-01 -2.9897e-01 -2.2483e-01 6.3960e+00 2.6169e+01 -5.1516e+00 -1.3655e-01 -8.4453e-01 -3.5115e-01 -3.8137e-01 -5.5046e+00 -5.7338e+00 9.6851e+00 1.2825e+01 1.9055e+00 -3.5607e-01 1.1374e+01 -1.0047e+00 -1.0114e+00 7.4578e+00 -7.0904e+00 6.9041e+00 6.0911e+00 -1.7489e-01 1.9138e+00 -8.7677e-02 -2.5320e-01 4.4460e-02 -5.6844e-01 -1.7804e-01 6.1235e-01 -8.0521e-02 -1.0507e-01 6.3728e-01 -8.6525e-01
1.9604e+00 -3.7006e+00 2.9121e+01 1.2905e+01 -1.0311e+01 -3.3171e+00 5.5792e+00 2.4809e+00 4.3475e+00 1.4997e+00 -7.6824e-01 -2.3492e+00 -4.8421e-01 2.9975e+00 1.8637e+00 1.3715e+00 -2.1852e+00 -2.8152e-01 -4.3405e-01 -2.5535e-01 -1.9710e-01 -5.1516e+00 7.5002e+01 -5.5781e-02 3.8806e+00 -6.1094e-01 1.6777e+00 4.3900e+01 3.8527e+01 -3.3543e+01 -8.5278e+00 -3.3913e+01 -2.0625e-01 -2.6624e+00 2.6415e+00 1.2181e+01 -5.2014e+01 4.9517e+01 -3.0033e-01 -4.2922e+01 -1.4400e-03 -1.0415e+00 -5.4882e-02 5.9409e-01 -1.3432e-01 1.8443e+00 -2.4833e-02 -3.8309e-01 4.2592e-01 1.9154e-01 -8.9268e-01 5.1409e-02
-2.5338e-01 2.0107e+00 2.0157e+00 -9.3701e-01 -9.7175e-02 1.4483e+00 -1.5919e+00 -1.0947e+00 4.5685e-01 -1.3955e+00 -4.0451e-01 7.4617e-02 1.0798e+00 -4.6197e-02 -3.8911e-01 1.3010e-01 -3.6163e-01 -9.0613e-02 -1.4980e-01 1.1058e-02 -1.2963e-01 -1.3655e-01 -5.5781e-02 1.2300e+01 4.5565e-02 4.2247e-02 -3.9630e-02 -1.4413e+00 -3.3948e-01 -4.5487e-01 9.9883e-01 -2.6858e-01 -9.1304e-02 -2.5324e-01 1.8601e-01 -1.8503e-03 2.1286e-01 -1.3125e+00 1.3612e-01 -1.5582e+00 -1.4734e-01 -9.5837e-03 2.0266e-02 -1.0534e-01 -7.0230e-02 -2.7191e-01 -3.5887e-01 8.4111e-02 -1.2054e-01 -5.0265e-02 -1.1909e+00 3.8280e-01
1.2015e+00 9.8269e-01 2.8879e+00 -1.5707e+00 -2.0426e+00 3.0088e-01 1.8775e-01 8.9553e-01 7.8663e+00 -3.9296e+00 -1.6367e+00 -5.4774e-01 -1.2710e+00 -5.6979e-01 -8.6366e-01 4.9425e-01 3.5574e-01 1.8076e+00 -2.8792e-01 -4.5721e-01 -1.6307e-01 -8.4453e-01 3.8806e+00 4.5565e-02 2.1933e+01 -2.3824e-01 -4.9739e-01 1.0067e+01 9.7830e+00 -9.8737e+00 -1.8795e+00 -3.8005e+00 1.1434e+00 3.8135e-01 -1.5880e+00 -2.8545e+00 -4.2072e+00 3.7699e+00 7.0785e-01 -3.9231e+00 6.7154e-02 3.0941e-01 3.0253e-02 -2.4260e-01 -1.2834e-01 -8.1297e-01 -3.5563e-02 2.8292e-02 -1.6955e-01 1.3450e-01 -5.9398e-01 1.4190e-01
-2.6314e-01 9.9982e-02 7.3809e-01 -1.0618e+00 6.6654e-01 -6.8803e-02 3.7778e-01 -4.0931e-01 -1.8653e-01 -5.0987e-01 3.9957e-01 -2.7949e-01 -6.2896e-01 -1.0819e-01 -2.5787e-01 -2.9760e-01 1.0992e+00 1.1499e+00 -1.5185e-01 3.0467e-03 -1.4265e-01 -3.5115e-01 -6.1094e-01 4.2247e-02 -2.3824e-01 9.2147e+00 -9.5348e-02 3.6480e-01 -3.6035e-01 4.6308e-01 -3.5966e-01 -9.9517e-01 -1.0634e-01 -3.8148e-01 8.0100e-01 -5.2924e-01 -2.1474e-01 1.9194e-01 -3.0324e-01 1.7434e-01 2.5527e-01 -8.7320e-02 -3.1515e-02 -6.6357e-02 -5.1768e-02 -2.7561e-01 3.8894e-02 -2.0698e-02 -7.1618e-02 -7.0391e-02 5.6198e-02 -7.1510e-03
4.6109e-01 5.4474e-01 5.7341e-01 7.7886e-02 1.2193e-01 3.8366e-01 -4.6971e-02 -1.5808e+00 -4.3760e-01 6.6286e-01 8.4583e-01 -5.2949e-01 -1.5802e-01 3.4493e-01 -2.9471e-01 4.0091e-01 -1.7313e-01 -1.3869e-01 -2.5510e-01 1.0574e+00 -1.8250e-01 -3.8137e-01 1.6777e+00 -3.9630e-02 -4.9739e-01 -9.5348e-02 1.4177e+01 2.2702e+00 1.7117e+00 1.3346e-01 1.7216e+00 -4.3278e-01 -1.4607e-01 8.2919e-01 -1.1729e+00 -1.1922e+00 -4.1714e-01 5.3018e-01 2.5733e+00 1.2818e+00 -5.8893e-02 -1.6755e-01 -8.0790e-03 4.4344e-01 -1.1658e-01 -2.2721e-01 -8.8631e-02 -3.7518e-02 -7.8122e-02 -1.4395e-01 1.6791e-01 6.4432e-02
1.5189e+01 3.5200e+01 5.1697e+01 2.2982e+00 -2.3060e+01 -1.3875e+01 -4.3900e+00 -2.5082e+01 1.9313e+00 -4.7378e+01 -2.6486e+01 -1.2545e-01 1.8941e+00 -4.0760e+00 -8.7243e+00 1.2850e+01 -3.5700e+00 4.5971e+00 -9.3670e-01 3.6051e-01 -1.3169e+00 -5.5046e+00 4.3900e+01 -1.4413e+00 1.0067e+01 3.6480e-01 2.2702e+00 1.7938e+02 8.6426e+01 -7.6435e+01 6.1201e-01 -3.1322e+01 1.0945e+00 6.0219e-01 1.6484e+01 -9.8205e+00 -9.4362e+01 1.0950e+02 1.6997e+00 -7.7159e+01 1.5253e+00 3.1766e+00 -2.3017e-01 3.3460e-01 8.8023e-01 -8.5020e+00 -1.5138e+00 -5.8653e-01 -2.4505e+00 1.9761e+00 1.3297e+01 -6.0846e+00
1.6058e+01 6.5174e+00 2.1571e+01 4.0113e+00 -1.8079e+01 -4.8641e+00 5.4659e-01 1.1107e+01 2.3516e+00 -1.6904e+01 -1.1048e+01 -5.4603e+00 -6.3797e+00 -1.4118e+00 -1.6000e-01 -5.7179e+00 1.3951e+00 -2.5516e-01 -9.4417e-01 -3.0280e+00 -1.5430e+00 -5.7338e+00 3.8527e+01 -3.3948e-01 9.7830e+00 -3.6035e-01 1.7117e+00 8.6426e+01 1.1165e+02 -6.0313e+01 -9.7314e+00 -2.7793e+01 2.3181e+00 -4.2989e+00 1.8748e+01 -1.0167e+01 -5.1029e+01 4.9169e+01 -4.5277e+00 -4.3630e+01 1.0176e-01 3.4938e-01 -1.5199e-01 6.5249e-01 -6.3120e-01 -3.7250e+00 2.2679e-01 -2.5894e-01 -1.5688e+00 1.1971e+00 -2.0046e+00 7.7950e-01
1.0188e+01 -9.7674e+00 -4.4556e+01 2.8152e+01 3.3681e+00 1.2018e+00 1.1291e+01 -1.7654e+01 -4.3619e+00 1.8233e+01 5.4954e+01 9.4511e+00 -1.0133e+01 5.5314e-01 -6.7630e+00 -2.2146e-01 5.3452e+00 -3.5046e+00 6.6753e-01 7.8060e+00 2.5366e+00 9.6851e+00 -3.3543e+01 -4.5487e-01 -9.8737e+00 4.6308e-01 1.3346e-01 -7.6435e+01 -6.0313e+01 1.5887e+02 3.4106e+01 3.2039e+01 -1.1053e+00 1.2332e+01 -8.7709e+00 1.1553e+01 6.7594e+01 -6.6829e+01 8.3566e+00 5.9110e+01 5.0944e-02 4.7167e-01 8.2239e-02 -1.7224e+00 1.6990e+00 -3.5275e+00 -1.2518e+00 1.1152e+00 5.9466e-01 -1.4021e+00 -3.3674e-01 4.8842e-01
7.1788e+00 1.0881e+01 2.1849e+01 -1.0614e+01 2.2535e+01 2.5500e+00 -1.5300e+01 -3.7518e+01 -1.2078e+00 -1.7819e+00 1.8464e+01 1.9146e+01 -1.3363e+01 -4.9363e-01 -7.3771e+00 -4.8779e+00 6.8961e+00 -7.2145e-01 -1.0472e+00 3.5968e+00 5.2520e+00 1.2825e+01 -8.5278e+00 9.9883e-01 -1.8795e+00 -3.5966e-01 1.7216e+00 6.1201e-01 -9.7314e+00 3.4106e+01 9.1527e+01 -3.9746e+00 -1.0483e+00 9.1911e+00 -2.1593e+00 -4.6261e+00 1.1540e+01 -1.0586e+01 2.0365e+01 3.8820e-01 -3.1767e-01 8.1059e-01 -1.9173e-01 -4.5132e-02 2.2078e+00 -3.3469e+00 2.6655e+00 7.1358e-01 -4.8978e-01 -1.3923e-02 8.3767e-01 4.2447e-02
-2.1457e+00 9.4153e+00 -6.8810e+00 -5.8097e+00 2.9130e+00 1.2865e+00 3.1983e-01 -1.0681e+01 -4.2165e+00 -3.5389e+00 1.1782e+00 -2.6069e+00 5.2179e+00 -1.5074e+00 -4.6332e+00 -4.4622e+00 -1.9170e+00 -4.1354e-01 -1.2010e+00 4.3053e+00 -9.9108e-01 1.9055e+00 -3.3913e+01 -2.6858e-01 -3.8005e+00 -9.9517e-01 -4.3278e-01 -3.1322e+01 -2.7793e+01 3.2039e+01 -3.9746e+00 9.1317e+01 2.3105e-02 4.6034e+00 -9.6268e+00 -7.8539e+00 1.5768e+01 -1.3160e+01 -3.0197e+00 1.2205e+01 -5.7227e-01 1.8766e-01 -1.8571e-01 -6.5901e-01 -8.7810e-01 -3.7500e+00 -1.2987e+00 6.6669e-02 6.7384e-01 -5.1360e-01 1.0738e+00 -6.0078e-01
8.6837e-01 5.3298e-01 -4.4056e-01 1.3755e+00 -9.8176e-01 2.6312e-01 -2.5312e-01 1.1270e+00 9.7958e-01 -7.0313e-01 -6.4157e-01 -4.1656e-01 1.8761e-01 -1.1103e-01 -2.5349e-01 -1.3092e-01 6.2341e-01 -1.8809e-01 8.7242e-01 1.1544e-01 -1.8830e-01 -3.5607e-01 -2.0625e-01 -9.1304e-02 1.1434e+00 -1.0634e-01 -1.4607e-01 1.0945e+00 2.3181e+00 -1.1053e+00 -1.0483e+00 2.3105e-02 1.0321e+01 7.0032e-01 -4.1814e-01 -4.6357e-01 -1.4080e+00 1.2985e+00 -6.4870e-01 -9.0969e-01 -3.9399e-02 -1.0867e-01 -2.8211e-02 -1.0366e-01 -4.8038e-02 8.4726e-01 3.4862e-01 -2.8543e-02 2.4007e-02 9.3817e-02 -1.0623e-01 3.3434e-01
9.1363e-01 1.3790e+00 -5.1868e-01 -1.2547e+00 4.0268e+00 5.6631e-01 -6.9984e+00 -1.0908e+01 6.0915e-01 1.4254e+00 -6.4425e-03 9.5290e+00 1.8576e+00 -9.9696e-02 -7.9886e-01 -1.2838e+00 -6.2837e-02 -6.3288e-01 1.1764e+00 3.9305e+00 5.4291e+00 1.1374e+01 -2.6624e+00 -2.5324e-01 3.8135e-01 -3.8148e-01 8.2919e-01 6.0219e-01 -4.2989e+00 1.2332e+01 9.1911e+00 4.6034e+00 7.0032e-01 2.7517e+01 -2.0323e-01 -4.5711e-01 2.4804e+00 -2.6276e+00 6.0531e+00 3.4412e+00 -1.3775e-01 -2.5132e-01 -1.0919e-01 -1.5222e-01 2.0275e-02 -1.3179e+00 -1.1949e-01 -8.0512e-02 -2.3030e-01 -1.0328e-01 1.1316e-01 -1.0013e-01
2.1030e-01 5.0510e-01 -1.7899e+00 1.6614e+00 -1.9066e+00 -8.5094e+00 4.2984e-01 -6.6348e-01 -1.7000e+00 -4.2851e-01 2.7383e+00 -1.3742e-01 -2.4061e-01 -4.7683e-01 7.9583e-01 -1.5179e+00 7.9280e-01 -1.3248e-01 2.4523e+00 -2.8778e-01 -3.9925e-01 -1.0047e+00 2.6415e+00 1.8601e-01 -1.5880e+00 8.0100e-01 -1.1729e+00 1.6484e+01 1.8748e+01 -8.7709e+00 -2.1593e+00 -9.6268e+00 -4.1814e-01 -2.0323e-01 4.0628e+01 -6.8197e+00 -5.6412e+00 4.4595e+00 -1.9150e+00 -4.0062e+00 2.8324e-01 -2.5551e-01 -1.0354e-01 -3.1119e-01 -8.0758e-02 6.9531e-01 -9.9873e-03 -9.7054e-02 -3.9811e-01 -5.1658e-01 -1.0216e+00 6.1825e-02
2.5801e+00 -4.2417e+00 6.7766e+00 2.0379e+00 -5.0594e+00 6.4902e-01 -1.0629e-02 3.1719e+00 1.3441e+00 -3.7841e+00 1.2478e-01 -9.6358e-03 -3.6276e+00 1.6013e+00 9.2838e-01 6.3278e+00 -8.4209e-01 -1.0165e+00 1.4117e+00 2.1487e-01 -4.0024e-01 -1.0114e+00 1.2181e+01 -1.8503e-03 -2.8545e+00 -5.2924e-01 -1.1922e+00 -9.8205e+00 -1.0167e+01 1.1553e+01 -4.6261e+00 -7.8539e+00 -4.6357e-01 -4.5711e-01 -6.8197e+00 5.1250e+01 -1.5065e+01 1.5654e+01 1.2387e+00 -1.3148e+01 -1.5664e-02 6.9103e-01 -1.8378e-02 -4.1125e-01 -4.2630e-01 4.4915e+00 1.2536e-01 -1.9034e-01 1.7145e+00 -3.4926e-01 -1.2957e-01 -2.5421e-02
1.1762e+00 -3.3592e+01 -6.4679e+01 8.1621e+00 -1.9996e-01 1.1794e+01 8.6422e+00 1.6977e+01 -3.8665e+00 4.4916e+01 3.8791e+01 3.5783e+00 -5.3455e+00 -4.5626e-01 1.5357e+01 -1.1128e+01 -4.9181e-01 -3.6284e+00 -1.2654e+00 -6.7981e-01 1.9977e+00 7.4578e+00 -5.2014e+01 2.1286e-01 -4.2072e+00 -2.1474e-01 -4.1714e-01 -9.4362e+01 -5.1029e+01 6.7594e+01 1.1540e+01 1.5768e+01 -1.4080e+00 2.4804e+00 -5.6412e+00 -1.5065e+01 1.7241e+02 -1.5670e+02 2.1942e+00 1.3312e+02 5.0923e-01 -6.8694e-01 -1.0187e-01 2.1258e-02 2.2209e-01 7.4058e+00 2.5558e+00 1.1596e+00 7.2822e-01 -1.0311e+00 9.9166e+00 3.4872e-01
-3.3109e+00 3.1108e+01 6.0540e+01 -6.1640e+00 2.3480e-01 -1.4760e+01 -8.5780e+00 -2.0808e+01 2.7770e+00 -4.4790e+01 -3.9306e+01 -3.6353e+00 5.7697e+00 -2.9786e+00 -1.5124e+01 1.2511e+01 -4.6739e+00 3.7273e+00 1.0772e+00 9.7489e-01 -2.0109e+00 -7.0904e+00 4.9517e+01 -1.3125e+00 3.7699e+00 1.9194e-01 5.3018e-01 1.0950e+02 4.9169e+01 -6.6829e+01 -1.0586e+01 -1.3160e+01 1.2985e+00 -2.6276e+00 4.4595e+00 1.5654e+01 -1.5670e+02 1.8341e+02 -1.3258e+00 -1.3335e+02 -3.6818e-01 9.2669e-01 2.0330e-01 -2.1199e-01 -7.8694e-02 -7.3217e+00 -1.7150e+00 -1.1975e+00 -8.9284e-01 1.0771e+00 1.9256e+01 -6.0878e+00
6.7023e+00 3.0706e+00 3.5861e+00 -1.2214e+00 8.6236e+00 5.1276e-01 -9.0428e+00 -1.3563e+01 -1.4235e+00 -3.4490e+00 2.4187e+00 1.4654e+01 -6.4012e+00 1.7001e+00 -2.4598e+00 6.4117e+00 -1.9410e+00 7.2638e-01 -1.6565e-01 -1.3702e+00 4.8379e+00 6.9041e+00 -3.0033e-01 1.3612e-01 7.0785e-01 -3.0324e-01 2.5733e+00 1.6997e+00 -4.5277e+00 8.3566e+00 2.0365e+01 -3.0197e+00 -6.4870e-01 6.0531e+00 -1.9150e+00 1.2387e+00 2.1942e+00 -1.3258e+00 4.7383e+01 3.8176e+00 -1.7190e-01 -5.6807e-01 -1.3754e-01 -4.2112e-01 1.4869e+00 -2.0055e+00 2.6622e+00 -2.4153e-01 -3.3882e-01 -2.5288e-01 8.0746e-01 -9.8498e-03
7.8449e+00 -2.0866e+01 -5.9247e+01 1.5830e+01 -3.5681e+00 1.2188e+01 1.3095e+01 1.3355e+01 1.1614e+00 3.1902e+01 3.8376e+01 5.5428e+00 -5.2296e+00 4.1657e+00 1.7389e+01 -6.2267e+00 1.2812e+00 -3.8940e+00 -8.6212e-01 -6.6870e-02 2.0843e+00 6.0911e+00 -4.2922e+01 -1.5582e+00 -3.9231e+00 1.7434e-01 1.2818e+00 -7.7159e+01 -4.3630e+01 5.9110e+01 3.8820e-01 1.2205e+01 -9.0969e-01 3.4412e+00 -4.0062e+00 -1.3148e+01 1.3312e+02 -1.3335e+02 3.8176e+00 1.7528e+02 7.0910e-01 -3.0209e+00 -7.2417e-01 -3.0158e-01 6.4400e-01 9.3752e+00 4.9132e+00 1.0189e+00 3.5448e-01 -6.9091e-01 2.9176e+00 -1.1608e+00
6.8180e-01 5.8362e-02 -5.5497e-01 -4.5712e-01 -5.0736e-01 8.3424e-01 -4.5445e-01 -6.8735e-01 -1.5673e-01 -8.3707e-01 1.7427e-01 5.4020e-03 1.3377e+00 -1.2875e-01 -2.4431e-01 -2.6847e-01 -3.0093e-01 -6.9030e-02 -7.9253e-02 -6.5431e-02 -6.4720e-02 -1.7489e-01 -1.4400e-03 -1.4734e-01 6.7154e-02 2.5527e-01 -5.8893e-02 1.5253e+00 1.0176e-01 5.0944e-02 -3.1767e-01 -5.7227e-01 -3.9399e-02 -1.3775e-01 2.8324e-01 -1.5664e-02 5.0923e-01 -3.6818e-01 -1.7190e-01 7.0910e-01 9.2286e+00 -1.5040e-01 -9.9186e-02 -5.0060e-03 -5.9452e-02 -6.7439e-02 -2.4919e-01 -6.3337e-02 -4.4732e-02 8.7103e-01 1.3073e-01 6.1917e-01
1.0806e+00 -1.0403e+00 3.7137e-02 1.0451e+00 4.0370e-01 -1.9751e+00 -1.1471e+00 -2.2850e+00 -3.1374e-01 -1.7848e+00 1.7540e-01 -4.7933e-01 -6.7498e-01 -1.7738e-01 -7.0684e-01 -7.8105e-01 3.5619e-02 -1.3644e-02 3.6763e-02 7.1776e-01 -1.3704e-01 1.9138e+00 -1.0415e+00 -9.5837e-03 3.0941e-01 -8.7320e-02 -1.6755e-01 3.1766e+00 3.4938e-01 4.7167e-01 8.1059e-01 1.8766e-01 -1.0867e-01 -2.5132e-01 -2.5551e-01 6.9103e-01 -6.8694e-01 9.2669e-01 -5.6807e-01 -3.0209e+00 -1.5040e-01 1.3379e+01 4.6560e-02 -9.8540e-02 -7.0236e-02 -4.6566e-01 -2.3422e-01 6.9934e-01 -3.0596e-02 -9.5382e-02 2.2237e-01 4.3404e-02
1.2644e-01 -4.3402e-01 -8.1091e-01 1.1222e+00 -1.8829e-01 -6.7844e-01 2.5710e+00 1.7632e-01 -2.0883e-02 -7.8634e-02 -2.3390e-01 -9.6053e-02 -2.8195e-01 -7.1123e-02 -1.9650e-01 2.8957e-01 9.6410e-01 -1.0470e-01 -9.2516e-02 -7.4926e-02 -4.5930e-02 -8.7677e-02 -5.4882e-02 2.0266e-02 3.0253e-02 -3.1515e-02 -8.0790e-03 -2.3017e-01 -1.5199e-01 8.2239e-02 -1.9173e-01 -1.8571e-01 -2.8211e-02 -1.0919e-01 -1.0354e-01 -1.8378e-02 -1.0187e-01 2.0330e-01 -1.3754e-01 -7.2417e-01 -9.9186e-02 4.6560e-02 7.5550e+00 -2.8080e-02 -1.5565e-02 7.9072e-02 -6.6485e-02 1.9833e-01 2.8490e-03 -2.3050e-02 -3.1207e-01 5.8807e-01
-2.0301e-01 -4.9126e-01 2.9211e-01 -1.3037e+00 -4.0351e-01 5.4221e-01 7.2458e-01 6.4447e-01 -2.7109e-01 6.9736e-01 -4.6106e-01 -3.5188e-01 -4.0734e-01 -6.9022e-02 1.6751e+00 -2.2652e-01 -2.1821e-01 -5.9277e-02 -9.3603e-02 -9.7250e-02 -1.5374e-01 -2.5320e-01 5.9409e-01 -1.0534e-01 -2.4260e-01 -6.6357e-02 4.4344e-01 3.3460e-01 6.5249e-01 -1.7224e+00 -4.5132e-02 -6.5901e-01 -1.0366e-01 -1.5222e-01 -3.1119e-01 -4.1125e-01 2.1258e-02 -2.1199e-01 -4.2112e-01 -3.0158e-01 -5.0060e-03 -9.8540e-02 -2.8080e-02 8.3575e+00 1.0184e-02 8.3713e-01 -9.9205e-02 -4.4137e-02 -1.7718e-02 -6.0787e-02 -1.4662e-01 4.3907e-02
7.0603e-01 9.8522e-01 2.2705e+00 1.2200e+00 -1.7362e+00 3.2109e-01 -9.8489e-01 -3.9096e+00 -7.2593e-02 -3.6344e+00 -1.6585e+00 -1.9484e-01 -1.0434e+00 -1.6849e-01 -6.6092e-01 -5.4217e-01 -5.4688e-01 -3.0897e-01 -1.0393e-01 5.3923e-02 -1.3861e-01 4.4460e-02 -1.3432e-01 -7.0230e-02 -1.2834e-01 -5.1768e-02 -1.1658e-01 8.8023e-01 -6.3120e-01 1.6990e+00 2.2078e+00 -8.7810e-01 -4.8038e-02 2.0275e-02 -8.0758e-02 -4.2630e-01 2.2209e-01 -7.8694e-02 1.4869e+00 6.4400e-01 -5.9452e-02 -7.0236e-02 -1.5565e-02 1.0184e-02 1.1605e+01 -6.3972e-01 -1.4713e-01 -5.9018e-02 -6.4786e-02 2.4584e-01 9.8445e-02 9.2940e-03
3.2381e-01 -3.9148e+00 -4.6125e+00 -3.1956e+00 -4.3093e+00 -1.3390e+00 5.0170e+00 7.8838e+00 3.7984e+00 7.8961e+00 -3.6559e+00 8.8494e-01 -4.4592e+00 -1.5487e-01 3.5611e+00 -2.0882e+00 -4.4177e-01 -9.0820e-01 9.2628e-01 -1.2033e+00 -3.2645e-01 -5.6844e-01 1.8443e+00 -2.7191e-01 -8.1297e-01 -2.7561e-01 -2.2721e-01 -8.5020e+00 -3.7250e+00 -3.5275e+00 -3.3469e+00 -3.7500e+00 8.4726e-01 -1.3179e+00 6.9531e-01 4.4915e+00 7.4058e+00 -7.3217e+00 -2.0055e+00 9.3752e+00 -6.7439e-02 -4.6566e-01 7.9072e-02 8.3713e-01 -6.3972e-01 3.3457e+01 -6.4582e-01 -1.9861e-01 1.7722e+00 -2.4093e-01 1.3707e-01 2.0628e-02
1.1983e+00 4.1880e-01 5.5149e-01 3.1764e+00 -6.9555e-01 2.9275e+00 -1.3494e+00 -9.0945e-01 -6.3312e-02 -3.3307e+00 -8.3738e-01 -3.4064e-01 -7.8566e-01 1.6194e+00 -6.8554e-01 -8.2487e-01 1.3952e+00 -3.0445e-01 -2.6304e-02 -2.1382e-01 -1.1268e-01 -1.7804e-01 -2.4833e-02 -3.5887e-01 -3.5563e-02 3.8894e-02 -8.8631e-02 -1.5138e+00 2.2679e-01 -1.2518e+00 2.6655e+00 -1.2987e+00 3.4862e-01 -1.1949e-01 -9.9873e-03 1.2536e-01 2.5558e+00 -1.7150e+00 2.6622e+00 4.9132e+00 -2.4919e-01 -2.3422e-01 -6.6485e-02 -9.9205e-02 -1.4713e-01 -6.4582e-01 1.6593e+01 -2.8894e-02 -7.0874e-02 -8.8160e-02 2.7058e+00 3.0379e-01
7.9641e-02 -6.0079e-01 -4.3319e-01 2.9744e-01 3.3236e-02 -3.3771e-01 1.2679e-01 -1.1420e+00 5.4751e-01 -4.7784e-01 4.6347e-01 -2.0052e-01 9.3414e-02 -1.2771e-01 -2.4268e-01 -1.3175e-01 -2.4082e-01 -7.1182e-02 -3.4489e-02 -6.7749e-02 -6.7778e-02 6.1235e-01 -3.8309e-01 8.4111e-02 2.8292e-02 -2.0698e-02 -3.7518e-02 -5.8653e-01 -2.5894e-01 1.1152e+00 7.1358e-01 6.6669e-02 -2.8543e-02 -8.0512e-02 -9.7054e-02 -1.9034e-01 1.1596e+00 -1.1975e+00 -2.4153e-01 1.0189e+00 -6.3337e-02 6.9934e-01 1.9833e-01 -4.4137e-02 -5.9018e-02 -1.9861e-01 -2.8894e-02 6.6051e+00 -2.4654e-02 -6.9560e-03 -1.1403e-01 -3.4556e-01
-8.8380e-02 -8.6369e-01 -3.7303e-01 -1.0191e+00 1.4945e+00 1.2655e-01 -1.0655e-01 8.9718e-01 -1.8435e-01 1.2261e+00 -3.1965e-01 -5.6743e-02 -2.4009e-01 -1.2210e-01 -4.2725e-01 -3.4651e-01 -2.3596e-01 -1.5692e-01 -2.0017e-02 1.2956e+00 -1.0384e-01 -8.0521e-02 4.2592e-01 -1.2054e-01 -1.6955e-01 -7.1618e-02 -7.8122e-02 -2.4505e+00 -1.5688e+00 5.9466e-01 -4.8978e-01 6.7384e-01 2.4007e-02 -2.3030e-01 -3.9811e-01 1.7145e+00 7.2822e-01 -8.9284e-01 -3.3882e-01 3.5448e-01 -4.4732e-02 -3.0596e-02 2.8490e-03 -1.7718e-02 -6.4786e-02 1.7722e+00 -7.0874e-02 -2.4654e-02 8.7596e+00 -3.3759e-02 -1.5590e-01 1.3178e-02
-4.7076e-01 3.5576e-01 4.4518e-01 -3.8630e-01 4.7020e-01 9.6860e-02 -3.4412e-01 -2.6971e-01 2.3289e-02 -2.3517e-01 -4.0232e-01 -9.1933e-02 5.6705e-02 -8.3194e-02 -2.7624e-01 -2.3994e-01 -1.9049e-01 -5.4875e-02 -3.7053e-02 3.5726e-02 -7.5138e-02 -1.0507e-01 1.9154e-01 -5.0265e-02 1.3450e-01 -7.0391e-02 -1.4395e-01 1.9761e+00 1.1971e+00 -1.4021e+00 -1.3923e-02 -5.1360e-01 9.3817e-02 -1.0328e-01 -5.1658e-01 -3.4926e-01 -1.0311e+00 1.0771e+00 -2.5288e-01 -6.9091e-01 8.7103e-01 -9.5382e-02 -2.3050e-02 -6.0787e-02 2.4584e-01 -2.4093e-01 -8.8160e-02 -6.9560e-03 -3.3759e-02 8.1110e+00 1.2103e-02 -3.9819e-02
-1.3940e+00 -1.8340e-01 -3.2536e-01 8.4820e-01 9.0728e-01 -2.7899e+00 -1.4802e-01 -2.1593e+00 -1.0513e+00 -2.5363e-01 -6.8571e-02 1.7115e-01 7.6346e-01 1.2567e+00 2.4363e-01 9.0014e-01 -1.6209e+00 -3.3080e-01 -1.4095e-01 4.2348e-02 9.2061e-02 6.3728e-01 -8.9268e-01 -1.1909e+00 -5.9398e-01 5.6198e-02 1.6791e-01 1.3297e+01 -2.0046e+00 -3.3674e-01 8.3767e-01 1.0738e+00 -1.0623e-01 1.1316e-01 -1.0216e+00 -1.2957e-01 9.9166e+00 1.9256e+01 8.0746e-01 2.9176e+00 1.3073e-01 2.2237e-01 -3.1207e-01 -1.4662e-01 9.8445e-02 1.3707e-01 2.7058e+00 -1.1403e-01 -1.5590e-01 1.2103e-02 3.0198e+01 -5.9429e+00
-3.5408e-01 -7.7286e+00 -7.9367e+00 1.4020e+01 -7.1503e-02 1.0250e+01 -3.1595e+00 2.6847e-01 -2.3485e+00 -7.8151e-01 3.1613e-01 -1.3602e-01 -5.3023e-01 -3.6443e-01 7.6809e-02 -7.7829e-01 1.3999e-01 -2.6376e-01 -3.4050e-01 -2.7189e-01 2.9875e-02 -8.6525e-01 5.1409e-02 3.8280e-01 1.4190e-01 -7.1510e-03 6.4432e-02 -6.0846e+00 7.7950e-01 4.8842e-01 4.2447e-02 -6.0078e-01 3.3434e-01 -1.0013e-01 6.1825e-02 -2.5421e-02 3.4872e-01 -6.0878e+00 -9.8498e-03 -1.1608e+00 6.1917e-01 4.3404e-02 5.8807e-01 4.3907e-02 9.2940e-03 2.0628e-02 3.0379e-01 -3.4556e-01 1.3178e-02 -3.9819e-02 -5.9429e+00 2.2837e+01
