5.4080e+01 9.6038e-01 -1.8617e+00 -9.0918e-01 1.9921e+00 1.2854e+01 -3.9358e+00 -2.0214e+01 -5.0627e+00 9.0393e-01 -1.2152e+00 -2.8544e+00 -3.3501e-01 9.6788e-01 6.0342e+00 6.1035e-01 -2.2520e+00 1.4613e+01 -1.1237e-01 -3.5088e+00 1.5232e+01 9.2989e-01 3.4722e+00 1.1074e+00 5.1324e-02 3.9395e-01 -2.0926e+00 -7.2199e+00 -1.3548e+00 6.4504e-02 2.9084e+00 3.7917e+00 -3.1472e+00 4.0627e+00 -5.7448e-01 1.9813e+00 -7.2518e+00 -1.7962e+00 -2.3139e+00 -1.1854e+00 -5.5300e-01 -9.7192e-01 -8.1838e-01 -3.2413e-01 -2.3749e-01 3.9299e-02 7.3241e-02 -6.7666e-01 1.0422e+00 -1.0179e+00 -2.9691e-02 8.4855e-03
9.6038e-01 1.0598e+02 -6.9312e+00 -2.0911e+01 2.4415e+01 7.9999e+01 -4.1797e+01 -1.7423e+01 -5.3061e+01 -2.5333e+01 -1.8375e+01 -2.7813e+00 9.2075e-01 -1.2953e+00 -7.6103e-01 1.5637e+00 -1.2795e+00 -1.5652e+00 -1.9503e+00 1.1319e-02 1.7756e+01 -2.5211e-01 -1.6383e+00 3.7940e+00 4.5950e+00 2.9494e-01 1.4308e-01 1.3515e-02 8.5431e-01 -9.5438e-01 3.2429e+00 1.0171e+00 3.1987e-02 1.6878e+00 -4.1699e-01 -1.1737e+00 7.1931e-01 6.8905e-02 -7.6300e+00 -6.0006e+00 -1.8714e+00 6.2487e-02 -3.2837e-01 1.0559e+00 -4.7348e+00 -5.6808e-01 -2.8497e-01 -1.2761e+00 -1.1465e+00 6.0746e-01 4.9359e-01 -4.1431e+00
-1.8617e+00 -6.9312e+00 3.4158e+01 7.9414e-01 -9.1025e-01 -7.5735e+00 -5.2736e+00 -4.1905e+00 8.7019e+00 3.2000e-01 1.3882e-01 3.1851e+00 -4.7547e-02 -7.2738e-01 -1.3700e+00 -8.6475e-01 -6.3092e-01 -2.1190e+00 8.2274e-02 2.1539e+00 -1.5273e+00 -4.7671e-01 -4.7339e-01 -9.2669e-01 7.8672e-01 -3.5369e-01 -1.6887e-02 3.6582e-01 -3.0760e-01 -6.8699e-02 2.5461e+00 -7.4192e-01 2.2397e+00 -2.6966e-02 -6.6644e-01 -5.9821e-02 -5.5811e-01 7.4316e-01 1.5002e-01 5.8726e+00 1.1493e+00 -3.1653e-01 -1.8386e-01 -4.4639e-01 2.0595e+00 -4.2312e-01 -2.7849e-01 7.0407e-01 1.8413e-02 -3.7061e-01 -7.9963e-01 -5.1709e-01
-9.0918e-01 -2.0911e+01 7.9414e-01 5.4519e+01 4.4236e-01 -1.6411e+01 1.0220e+00 8.8587e-01 2.0311e+00 3.4545e+01 4.1708e+01 -3.9518e-01 -1.0872e+00 6.9559e-01 2.0169e+00 5.5241e-01 -8.9773e-01 -9.2726e-01 3.1974e-02 1.5420e+00 -1.0011e+00 -2.6247e-01 2.3442e-01 7.4865e-02 -4.2252e+00 4.7199e-01 7.6693e-01 2.4734e-01 -1.0608e+00 2.5373e-01 -1.9626e-01 9.3660e-02 4.2765e-01 -5.5344e-01 1.3752e+00 -1.1581e+00 8.2397e-01 3.5232e-01 -1.0640e+00 2.1947e-01 1.8607e-01 -5.4116e-01 1.0873e-01 -1.0282e+00 -5.1455e-01 1.0191e-01 -2.0753e-01 1.6555e-01 -2.2200e+00 2.1499e-01 1.6208e-01 9.6835e-02
1.9921e+00 2.4415e+01 -9.1025e-01 4.4236e-01 5.1884e+01 1.8867e+01 -1.5403e+01 -7.1083e+00 -1.7950e+01 7.1972e-01 4.6144e-01 -1.9781e+00 -1.0364e-02 -3.9578e-01 1.0743e-02 -4.4869e+00 4.1682e-01 -2.3978e-01 1.1988e+00 1.9405e-02 2.7834e+01 -1.5831e-01 1.2403e+00 -1.2579e+00 -7.9691e-02 5.7673e-01 1.5170e-01 -9.7276e-02 9.6886e-02 -1.0066e-01 3.8798e+00 4.4121e-01 1.8057e-01 -1.4277e+00 -2.6937e+00 -2.2404e-01 1.0775e+00 7.3113e-01 -7.0237e+00 -2.0409e+00 -5.9900e-01 1.7155e-01 -7.5639e-01 -9.1181e-01 -2.7369e+00 -1.5796e-01 -2.7941e-01 -3.6408e-01 -2.6488e+00 -3.6832e-01 -1.1798e-01 -1.7590e-02
1.2854e+01 7.9999e+01 -7.5735e+00 -1.6411e+01 1.8867e+01 1.5172e+02 -6.1845e+01 -5.3764e+01 -7.5406e+01 -1.9038e+01 -1.8377e+01 -1.7857e+00 -1.0974e+00 -1.0871e+00 1.0674e+00 2.2288e+00 -4.1940e+00 4.7047e-01 2.3779e+00 5.4729e-01 6.3425e+01 -1.9501e-02 1.2635e+00 3.4671e+00 1.4472e+00 -1.9600e-02 -4.8831e-01 -3.9806e+00 -2.2951e+00 -2.7098e-01 1.1352e+01 4.1806e+00 -2.9515e+00 3.9371e+00 1.4667e+00 5.9415e-01 -7.7553e+00 -8.1677e-01 -1.7575e+01 -1.2355e+01 -1.8464e+00 2.6517e-01 -2.3306e+00 -1.2439e+00 -4.7851e+00 -3.3903e-01 9.1357e-02 -1.7615e+00 -2.0480e+00 5.3034e-01 2.6793e-02 2.6908e-02
-3.9358e+00 -4.1797e+01 -5.2736e+00 1.0220e+00 -1.5403e+01 -6.1845e+01 9.1060e+01 2.2495e+01 5.8193e+01 1.8891e+00 2.4592e+00 1.6807e+00 1.4369e-01 8.1493e-03 -1.4369e+00 -3.3010e+00 -9.7408e-03 -2.6182e-01 -2.4813e+00 3.9657e-01 -2.6802e+01 8.6027e-03 -2.0416e+00 -1.3291e+00 -3.6546e-01 -5.1956e-01 -8.1346e-01 -6.5157e-01 9.9183e-01 6.3128e-01 3.5607e-01 -6.5722e-01 -1.3064e-01 2.3573e+00 -3.9228e+00 -7.6255e-01 -9.7837e-01 -1.6086e-01 8.3729e+00 1.0636e+00 1.0509e+00 -8.9126e-02 -2.2988e-01 3.0301e-01 2.7937e+00 6.7320e-01 -3.1573e-01 5.8705e-01 1.2801e+00 2.5615e-01 3.9215e-02 1.4232e-01
-2.0214e+01 -1.7423e+01 -4.1905e+00 8.8587e-01 -7.1083e+00 -5.3764e+01 2.2495e+01 1.0613e+02 3.6470e+01 4.6779e-01 1.3631e+00 -9.3587e-01 7.4430e-01 1.8820e+00 4.7235e+00 1.5877e-01 4.1886e-01 1.3212e+01 -1.9330e-01 -4.3044e+00 -4.0379e+01 7.8453e-01 -3.0810e-01 -2.5845e+00 -1.0870e-01 7.8269e-02 2.5141e-01 2.7084e+00 2.2177e+00 -1.7667e-01 -3.1597e+01 -7.0133e+00 -1.9243e+00 -3.1677e+01 -2.0407e+00 -9.4152e-01 4.9423e+00 7.0110e-01 1.1715e+01 3.2330e+00 3.8219e-01 5.4993e-01 8.5487e-01 1.0024e+00 -9.5578e-02 -1.6760e-01 -9.9312e-02 -8.3215e-02 1.2616e+00 2.9737e-01 -2.4801e-01 -2.0000e-01
-5.0627e+00 -5.3061e+01 8.7019e+00 2.0311e+00 -1.7950e+01 -7.5406e+01 5.8193e+01 3.6470e+01 1.0849e+02 1.5826e+00 2.5718e+00 1.9146e+00 6.4916e-01 1.5913e+00 -1.7073e+00 -2.1132e+00 -1.0356e+00 -9.9783e-01 -8.7458e-01 -3.9785e-01 -3.5574e+01 -1.0050e+00 -3.3521e+00 -3.1345e+00 -1.0399e+00 -6.8734e-01 -1.1744e+00 -8.1335e-02 9.0668e-01 -8.0346e-01 -8.8790e+00 -1.4435e+00 -1.4764e+00 -1.5098e+00 -4.2254e+00 -8.3254e-01 -7.1950e-01 -1.6575e-01 8.7006e+00 5.7205e+00 2.2687e+00 -1.5068e-01 -4.5159e-01 -7.9064e-01 4.7219e+00 8.0674e-01 -1.5819e-01 1.1273e+00 6.2159e-01 -5.2904e-01 -1.7509e+00 4.1285e-01
9.0393e-01 -2.5333e+01 3.2000e-01 3.4545e+01 7.1972e-01 -1.9038e+01 1.8891e+00 4.6779e-01 1.5826e+00 5.4560e+01 3.6624e+01 -6.3555e-01 -1.2489e+00 -1.0244e-01 4.0777e-01 -5.6185e-02 -4.0390e-01 -1.3391e+00 2.5435e+00 5.9800e-01 1.1922e+00 8.2733e-03 3.1064e+00 -1.3913e-01 -5.9856e+00 2.2326e-01 5.1504e-01 7.2755e-02 1.2119e-02 2.6912e-01 7.2832e-01 -7.8098e-02 2.0652e-01 3.8563e-01 7.7470e-01 1.1277e+00 6.9931e-01 5.7638e-02 -2.3433e+00 -2.4514e-01 4.6525e-01 9.4167e-02 -2.5158e-01 -9.3057e-01 1.2721e-01 -1.8983e-01 4.2187e-01 2.0996e-01 -1.3661e+00 1.9882e-01 2.0189e+00 3.0671e+00
-1.2152e+00 -1.8375e+01 1.3882e-01 4.1708e+01 4.6144e-01 -1.8377e+01 2.4592e+00 1.3631e+00 2.5718e+00 3.6624e+01 6.3595e+01 -1.4251e-01 -1.2267e+00 7.5413e-02 6.3013e-01 -3.3248e-02 -9.7108e-01 -7.9159e-01 -3.8334e+00 9.3582e-01 1.9354e-01 -7.6472e-01 -3.7342e+00 -6.5535e-02 -5.5425e+00 4.0651e-01 6.0850e-01 -1.5053e-02 -3.5070e-01 6.3152e-02 -3.4181e-01 -7.9456e-02 1.1427e-01 -2.6681e-01 1.3056e+00 -1.2966e+00 1.8212e-01 5.3071e-01 -1.6849e+00 -6.2622e-02 3.9219e-01 -7.4589e-01 -6.2660e-03 -1.0611e+00 4.2166e-02 -1.3912e-02 -4.5857e-01 2.8937e-01 -2.3650e+00 2.5072e-01 5.5865e+00 -3.8399e+00
-2.8544e+00 -2.7813e+00 3.1851e+00 -3.9518e-01 -1.9781e+00 -1.7857e+00 1.6807e+00 -9.3587e-01 1.9146e+00 -6.3555e-01 -1.4251e-01 1.3206e+01 -5.8473e-02 -3.4257e-01 -1.1867e+00 -5.5151e-01 -1.4216e-01 -2.0377e+00 1.5517e-01 2.6507e+00 -9.1906e-01 7.4910e-01 2.2174e-01 -2.9580e-01 8.3648e-01 -4.2921e-02 -1.1917e-01 1.3645e-01 -1.3244e-01 -2.4559e-02 2.4713e+00 -4.6264e-01 2.8418e+00 -1.0605e+00 1.4048e-01 8.1061e-01 -3.6030e-01 -2.0525e-01 1.4901e+00 6.4176e-01 7.7764e-02 -1.7059e-01 6.0131e-02 -9.8343e-02 -1.0802e-01 7.1576e-02 2.5841e-02 -6.4238e-02 -2.4695e-01 -7.8641e-02 -6.1965e-02 9.9374e-02
-3.3501e-01 9.2075e-01 -4.7547e-02 -1.0872e+00 -1.0364e-02 -1.0974e+00 1.4369e-01 7.4430e-01 6.4916e-01 -1.2489e+00 -1.2267e+00 -5.8473e-02 9.3679e+00 1.7384e-01 -2.1482e-01 -1.1262e-01 -1.1072e-01 -1.8349e-01 -6.8573e-02 -1.8382e-01 -1.9882e+00 4.9095e-01 -1.2980e-01 -1.0407e-01 9.3083e-01 4.3550e-02 -2.1995e-02 -2.0082e-01 3.2606e-01 -5.0315e-02 -1.0158e+00 2.5333e-01 1.4330e-01 -1.1965e+00 -1.2073e-01 -7.9267e-02 -3.3888e-01 -5.5177e-02 2.6189e+00 -2.0861e-01 1.4528e-01 2.5236e-01 -4.2702e-02 5.5850e-01 1.1571e-02 -4.0931e-02 -9.2460e-02 3.0865e-02 1.3778e-01 8.6622e-02 -1.0476e-01 -1.0943e-01
9.6788e-01 -1.2953e+00 -7.2738e-01 6.9559e-01 -3.9578e-01 -1.0871e+00 8.1493e-03 1.8820e+00 1.5913e+00 -1.0244e-01 7.5413e-02 -3.4257e-01 1.7384e-01 2.0068e+01 5.6227e+00 8.1847e+00 -2.3337e-01 1.8386e+00 -2.0821e+00 -1.7954e+00 9.4405e-01 6.9991e+00 -1.2980e-01 -4.8232e-01 5.9223e-02 -6.4867e-01 -4.5630e-01 -6.6809e-01 5.2919e-01 -7.8220e-02 -1.0623e+00 2.6645e-01 -3.9748e-01 -7.8043e-01 2.9359e-01 -4.0276e-01 -1.1939e+00 -6.0597e-01 -2.2017e-04 -7.3598e-01 1.4382e-01 -1.8956e-01 -5.0325e-02 2.8682e-01 1.0648e-01 -1.4894e-01 -9.4608e-02 -1.3669e-01 3.9371e-01 5.9851e-02 -8.3844e-01 -7.2490e-01
6.0342e+00 -7.6103e-01 -1.3700e+00 2.0169e+00 1.0743e-02 1.0674e+00 -1.4369e+00 4.7235e+00 -1.7073e+00 4.0777e-01 6.3013e-01 -1.1867e+00 -2.1482e-01 5.6227e+00 3.3262e+01 7.2208e+00 -5.9983e-01 1.0948e+01 -9.6667e-01 -3.4014e+00 -3.5159e+00 4.4531e+00 1.6865e+00 -1.4058e+00 1.0842e-01 -1.1819e+00 -9.7125e-01 -2.2011e+00 -2.0700e-01 -5.6151e-02 -3.2385e+00 -9.3222e-01 -1.0280e+00 -3.9909e+00 -4.5653e-02 -1.4064e+00 -4.0308e+00 -2.0570e+00 -5.5545e-01 -6.8706e-01 -6.3447e-01 -5.5007e-01 -1.1405e-01 1.0600e-02 4.8353e-02 -1.8675e-01 -5.5073e-02 9.6165e-02 1.9043e-01 1.1437e-01 -2.8303e-03 7.9577e-03
6.1035e-01 1.5637e+00 -8.6475e-01 5.5241e-01 -4.4869e+00 2.2288e+00 -3.3010e+00 1.5877e-01 -2.1132e+00 -5.6185e-02 -3.3248e-02 -5.5151e-01 -1.1262e-01 8.1847e+00 7.2208e+00 2.2216e+01 -1.4851e-01 2.7872e+00 -1.3043e+00 -2.1619e+00 -2.8732e-01 6.8495e+00 5.5498e-01 -4.5024e-01 -3.9427e-02 -7.6596e-01 -5.0284e-01 -5.4864e-01 -2.0037e-02 1.1920e-02 -2.3362e+00 -4.0541e-01 -4.4469e-01 -1.1468e+00 -5.8197e-01 -5.3409e-01 -1.5810e+00 -7.8364e-01 -7.3702e-01 -2.1700e-01 -5.6640e-02 -1.6472e-01 -1.3618e-01 3.4566e-01 -1.0082e-01 -1.0728e-01 -5.4862e-02 3.0456e-01 -1.4899e-01 -2.6911e-01 -3.0734e-01 8.8785e-02
-2.2520e+00 -1.2795e+00 -6.3092e-01 -8.9773e-01 4.1682e-01 -4.1940e+00 -9.7408e-03 4.1886e-01 -1.0356e+00 -4.0390e-01 -9.7108e-01 -1.4216e-01 -1.1072e-01 -2.3337e-01 -5.9983e-01 -1.4851e-01 1.6132e+01 -1.1277e+00 4.9104e-02 -3.6901e-01 7.6812e-03 -2.7525e-01 2.4222e-01 -2.1821e-01 -2.2532e-01 4.6002e-01 1.5457e+00 -1.9009e-01 -2.2390e-01 2.4036e-01 2.0594e+00 -4.8422e-01 2.7752e-02 2.1092e+00 -1.0713e-01 -3.5439e-02 1.3563e+00 -1.7953e-01 -4.1960e-01 -4.1913e-01 -1.3463e-01 -1.6950e-01 -9.4558e-02 -8.7359e-02 2.0365e-01 -1.1503e-01 -1.1956e-01 1.4427e+00 -2.3725e-01 -1.2703e-01 1.1894e-02 -1.0760e-02
1.4613e+01 -1.5652e+00 -2.1190e+00 -9.2726e-01 -2.3978e-01 4.7047e-01 -2.6182e-01 1.3212e+01 -9.9783e-01 -1.3391e+00 -7.9159e-01 -2.0377e+00 -1.8349e-01 1.8386e+00 1.0948e+01 2.7872e+00 -1.1277e+00 4.0830e+01 4.0771e-01 -7.0529e-01 1.9865e+00 1.0539e+00 2.9465e+00 -1.3293e+00 -4.1188e-01 1.8420e-01 -2.5774e+00 -4.8832e+00 -3.4175e-01 3.2148e-02 -8.9455e+00 -4.0587e+00 5.0677e-01 -1.0357e+01 -2.7108e-02 -9.2031e-01 -3.4148e+00 -1.4032e+00 9.8734e-01 8.0317e-02 -2.9736e-01 -1.1109e+00 -2.3560e-01 -1.9557e-01 4.7789e-02 -1.2470e-01 1.0932e-01 -8.3969e-02 -2.7692e-01 -4.6382e-01 5.9174e-01 6.7826e-01
-1.1237e-01 -1.9503e+00 8.2274e-02 3.1974e-02 1.1988e+00 2.3779e+00 -2.4813e+00 -1.9330e-01 -8.7458e-01 2.5435e+00 -3.8334e+00 1.5517e-01 -6.8573e-02 -2.0821e+00 -9.6667e-01 -1.3043e+00 4.9104e-02 4.0771e-01 2.6222e+01 4.8327e-02 8.7405e-01 -9.9619e-01 1.3397e+01 3.5095e-02 -6.2113e-03 -6.6354e-02 1.5774e-01 9.8189e-02 2.0959e-02 3.3577e-02 -3.3964e-02 -2.0853e-01 2.9764e-01 4.3438e-01 -1.1243e-02 8.1239e-02 1.4148e-01 1.1003e-01 -4.5199e-01 -8.8405e-02 2.3011e-01 -2.9229e-01 3.6375e-02 -3.8814e-02 2.9951e-01 1.6812e-01 8.0550e-01 1.2228e-02 2.5081e-01 1.4945e-01 8.4480e+00 1.6811e+01
-3.5088e+00 1.1319e-02 2.1539e+00 1.5420e+00 1.9405e-02 5.4729e-01 3.9657e-01 -4.3044e+00 -3.9785e-01 5.9800e-01 9.3582e-01 2.6507e+00 -1.8382e-01 -1.7954e+00 -3.4014e+00 -2.1619e+00 -3.6901e-01 -7.0529e-01 4.8327e-02 2.7132e+01 4.6808e+00 -1.3999e+00 -1.2831e+00 -5.9141e-01 -2.2300e-01 2.3330e+00 -5.7988e-01 -9.7028e-01 -4.0407e-01 -5.9106e-02 6.1450e+00 -1.4826e+00 2.4155e+00 1.9157e+00 -1.5861e-01 1.3058e+00 -1.8813e+00 1.6712e+00 -5.1037e-01 9.6489e-01 7.8097e-01 2.4766e-01 -2.0555e-01 -2.9154e-01 -8.6020e-02 -1.7928e-01 -2.3933e-02 -1.2200e-01 -1.8966e-01 -2.9886e-01 -5.8109e-02 -3.7473e-01
1.5232e+01 1.7756e+01 -1.5273e+00 -1.0011e+00 2.7834e+01 6.3425e+01 -2.6802e+01 -4.0379e+01 -3.5574e+01 1.1922e+00 1.9354e-01 -9.1906e-01 -1.9882e+00 9.4405e-01 -3.5159e+00 -2.8732e-01 7.6812e-03 1.9865e+00 8.7405e-01 4.6808e+00 1.1238e+02 1.7065e+00 -3.8114e-01 -2.3858e-01 2.7063e-01 6.9505e-01 -3.0005e+00 -1.0904e+01 -2.6159e+00 -3.7309e-01 2.7903e+01 3.7879e+00 -3.7377e+00 1.0940e+01 3.0754e+00 2.9287e+00 -1.1834e+01 -1.0491e+00 -2.1971e+01 -9.9574e+00 -1.5707e-01 6.3320e-01 -3.4203e+00 -2.9542e+00 -2.8221e+00 -6.2931e-01 2.5982e-01 -3.9799e-01 -4.9616e+00 -6.3610e-01 -4.9215e-03 -7.6883e-03
9.2989e-01 -2.5211e-01 -4.7671e-01 -2.6247e-01 -1.5831e-01 -1.9501e-02 8.6027e-03 7.8453e-01 -1.0050e+00 8.2733e-03 -7.6472e-01 7.4910e-01 4.9095e-01 6.9991e+00 4.4531e+00 6.8495e+00 -2.7525e-01 1.0539e+00 -9.9619e-01 -1.3999e+00 1.7065e+00 1.9991e+01 1.8830e-01 4.0573e-01 6.0980e-01 -6.2880e-01 -3.7852e-01 -7.0708e-01 -3.4669e-01 -1.4136e-02 -1.6685e+00 -4.2334e-01 -2.1733e-01 -9.4432e-01 -2.3621e-01 -4.4586e-01 -8.8300e-01 -6.5780e-01 2.6342e-01 -7.4508e-01 -1.7285e-01 -1.4302e-01 -9.0084e-02 4.8892e-01 -8.8793e-02 -1.1718e-01 -1.6019e-01 -1.1866e-01 -6.5267e-04 -1.9062e-01 -3.6886e-01 -2.9878e-01
3.4722e+00 -1.6383e+00 -4.7339e-01 2.3442e-01 1.2403e+00 1.2635e+00 -2.0416e+00 -3.0810e-01 -3.3521e+00 3.1064e+00 -3.7342e+00 2.2174e-01 -1.2980e-01 -1.2980e-01 1.6865e+00 5.5498e-01 2.4222e-01 2.9465e+00 1.3397e+01 -1.2831e+00 -3.8114e-01 1.8830e-01 3.1534e+01 2.8404e-02 5.0427e-01 8.0863e-02 8.0421e-02 4.9639e-01 2.6300e-02 4.9059e-02 -3.5028e+00 5.4480e-01 2.0985e-01 -1.5190e+00 -5.2388e-01 3.7648e-01 8.0770e-01 -1.5552e+00 6.9018e-02 8.4408e-02 -1.5460e+00 -3.9893e-01 1.8300e-01 4.3203e-02 -2.7219e+00 5.6633e-01 1.0381e+00 2.4002e-02 8.0993e-02 2.4081e-01 1.1890e+01 1.3336e+01
1.1074e+00 3.7940e+00 -9.2669e-01 7.4865e-02 -1.2579e+00 3.4671e+00 -1.3291e+00 -2.5845e+00 -3.1345e+00 -1.3913e-01 -6.5535e-02 -2.9580e-01 -1.0407e-01 -4.8232e-01 -1.4058e+00 -4.5024e-01 -2.1821e-01 -1.3293e+00 3.5095e-02 -5.9141e-01 -2.3858e-01 4.0573e-01 2.8404e-02 1.8963e+01 3.5183e-01 -1.3993e-01 -2.3769e-01 -3.9819e-01 -1.2009e-01 -1.1034e-01 2.9889e+00 -5.8407e-01 1.6475e+00 2.5770e+00 -2.6904e-01 -2.6087e-01 -6.9248e-01 -1.7265e-01 3.1653e-01 -5.2495e-01 -1.7766e-01 -2.7181e-01 -5.9368e-03 -1.7775e-01 9.3510e-02 -4.7095e-02 -1.1876e-01 -1.6279e-02 3.8911e-01 -7.0107e-02 -2.7954e-01 -2.2096e-01
5.1324e-02 4.5950e+00 7.8672e-01 -4.2252e+00 -7.9691e-02 1.4472e+00 -3.6546e-01 -1.0870e-01 -1.0399e+00 -5.9856e+00 -5.5425e+00 8.3648e-01 9.3083e-01 5.9223e-02 1.0842e-01 -3.9427e-02 -2.2532e-01 -4.1188e-01 -6.2113e-03 -2.2300e-01 2.7063e-01 6.0980e-01 5.0427e-01 3.5183e-01 1.9366e+01 -1.0925e-01 1.6151e-02 -8.8242e-02 -3.0467e-01 -3.4241e-02 9.7005e-02 6.6254e-01 6.8149e-01 -2.0176e-01 -2.2314e-01 -2.8139e-01 -2.5208e-01 -1.4772e-01 -1.9299e-01 -2.5851e-01 -1.2848e-01 -2.6766e-01 -4.8148e-02 1.4552e+00 -1.4267e-02 1.8741e-02 2.5874e-02 -2.7132e-02 -3.5379e-02 -8.3129e-02 -3.6821e-01 7.1612e-02
3.9395e-01 2.9494e-01 -3.5369e-01 4.7199e-01 5.7673e-01 -1.9600e-02 -5.1956e-01 7.8269e-02 -6.8734e-01 2.2326e-01 4.0651e-01 -4.2921e-02 4.3550e-02 -6.4867e-01 -1.1819e+00 -7.6596e-01 4.6002e-01 1.8420e-01 -6.6354e-02 2.3330e+00 6.9505e-01 -6.2880e-01 8.0863e-02 -1.3993e-01 -1.0925e-01 1.0424e+01 -2.2826e-01 -2.7004e-01 2.8602e-02 -1.8123e-02 1.1329e-01 -1.7771e-01 -1.9680e-01 4.6145e-01 6.2949e-02 -2.4290e-01 -5.1598e-01 2.3704e+00 -1.8177e-01 -3.4523e-01 -6.6743e-02 -6.4233e-03 -1.7892e-02 -1.2492e-01 -5.4749e-02 -6.6053e-02 -3.0292e-02 -8.8955e-02 -5.7750e-02 -7.4016e-02 -6.6030e-02 -1.9799e-01
-2.0926e+00 1.4308e-01 -1.6887e-02 7.6693e-01 1.5170e-01 -4.8831e-01 -8.1346e-01 2.5141e-01 -1.1744e+00 5.1504e-01 6.0850e-01 -1.1917e-01 -2.1995e-02 -4.5630e-01 -9.7125e-01 -5.0284e-01 1.5457e+00 -2.5774e+00 1.5774e-01 -5.7988e-01 -3.0005e+00 -3.7852e-01 8.0421e-02 -2.3769e-01 1.6151e-02 -2.2826e-01 1.1100e+01 2.9295e+00 -7.6266e-02 2.1896e-01 -7.4015e-01 -1.6307e-01 8.2507e-03 -1.8288e-01 -2.2245e-01 -1.1678e-01 2.7498e+00 -2.4220e-01 -4.0604e-01 1.2639e+00 -1.5167e-01 1.3110e-01 -2.1474e-02 1.0415e+00 -6.7459e-02 -7.3821e-02 -6.7883e-02 1.0576e+00 -1.0093e-01 -6.4585e-02 1.5686e-02 1.3056e-01
-7.2199e+00 1.3515e-02 3.6582e-01 2.4734e-01 -9.7276e-02 -3.9806e+00 -6.5157e-01 2.7084e+00 -8.1335e-02 7.2755e-02 -1.5053e-02 1.3645e-01 -2.0082e-01 -6.6809e-01 -2.2011e+00 -5.4864e-01 -1.9009e-01 -4.8832e+00 9.8189e-02 -9.7028e-01 -1.0904e+01 -7.0708e-01 4.9639e-01 -3.9819e-01 -8.8242e-02 -2.7004e-01 2.9295e+00 2.1029e+01 -3.1359e-01 -6.7809e-02 -3.6699e+00 -1.8461e-01 1.2627e+00 -4.5949e+00 -1.6745e-01 -3.2950e-01 1.3334e+01 -4.5180e-01 -5.4290e-01 -8.1500e-01 -1.4041e-01 -2.7179e-01 -1.0591e-01 -2.1912e-01 -8.6195e-02 4.1593e-01 -7.7994e-02 -5.7457e-02 -2.3360e-01 -2.1093e-01 -4.3244e-02 -1.1310e-02
-1.3548e+00 8.5431e-01 -3.0760e-01 -1.0608e+00 9.6886e-02 -2.2951e+00 9.9183e-01 2.2177e+00 9.0668e-01 1.2119e-02 -3.5070e-01 -1.3244e-01 3.2606e-01 5.2919e-01 -2.0700e-01 -2.0037e-02 -2.2390e-01 -3.4175e-01 2.0959e-02 -4.0407e-01 -2.6159e+00 -3.4669e-01 2.6300e-02 -1.2009e-01 -3.0467e-01 2.8602e-02 -7.6266e-02 -3.1359e-01 1.9221e+01 -6.3425e-02 -2.9748e+00 2.5860e+00 -1.1233e-01 -2.5696e+00 -2.2398e-01 -2.2738e-01 -9.1188e-01 -2.9671e-02 5.1892e+00 -7.9822e-01 -8.4403e-02 1.1558e+00 3.2859e-01 2.7899e+00 -4.6851e-02 -3.7562e-02 -1.6284e-01 -3.7034e-02 -5.4123e-01 -2.1763e-01 -2.8023e-02 -3.5035e-02
6.4504e-02 -9.5438e-01 -6.8699e-02 2.5373e-01 -1.0066e-01 -2.7098e-01 6.3128e-01 -1.7667e-01 -8.0346e-01 2.6912e-01 6.3152e-02 -2.4559e-02 -5.0315e-02 -7.8220e-02 -5.6151e-02 1.1920e-02 2.4036e-01 3.2148e-02 3.3577e-02 -5.9106e-02 -3.7309e-01 -1.4136e-02 4.9059e-02 -1.1034e-01 -3.4241e-02 -1.8123e-02 2.1896e-01 -6.7809e-02 -6.3425e-02 5.1541e+00 -1.1748e-01 -7.5269e-02 -7.0629e-02 5.0479e-02 -5.1205e-02 -4.2753e-02 -6.4306e-02 -1.4461e-02 1.3532e-01 2.2935e-02 -4.2700e-02 -4.7627e-02 -3.4092e-02 -8.0151e-02 4.0950e-02 -6.7523e-03 -2.2777e-02 -3.9221e-02 -4.6251e-02 -3.8474e-02 8.6390e-03 1.6202e-02
2.9084e+00 3.2429e+00 2.5461e+00 -1.9626e-01 3.8798e+00 1.1352e+01 3.5607e-01 -3.1597e+01 -8.8790e+00 7.2832e-01 -3.4181e-01 2.4713e+00 -1.0158e+00 -1.0623e+00 -3.2385e+00 -2.3362e+00 2.0594e+00 -8.9455e+00 -3.3964e-02 6.1450e+00 2.7903e+01 -1.6685e+00 -3.5028e+00 2.9889e+00 9.7005e-02 1.1329e-01 -7.4015e-01 -3.6699e+00 -2.9748e+00 -1.1748e-01 7.8589e+01 -4.6777e+00 1.0824e-01 3.5331e+01 -1.8527e+00 -1.5257e+00 -6.7397e+00 1.0228e+00 -1.1323e+01 -4.3257e+00 -1.7832e-01 8.5185e-02 -1.2719e+00 -1.9938e+00 -2.0994e-01 -1.8679e-01 2.5597e-02 3.3156e-01 -2.9677e+00 -8.0790e-01 -3.1382e-01 -1.3543e-01
3.7917e+00 1.0171e+00 -7.4192e-01 9.3660e-02 4.4121e-01 4.1806e+00 -6.5722e-01 -7.0133e+00 -1.4435e+00 -7.8098e-02 -7.9456e-02 -4.6264e-01 2.5333e-01 2.6645e-01 -9.3222e-01 -4.0541e-01 -4.8422e-01 -4.0587e+00 -2.0853e-01 -1.4826e+00 3.7879e+00 -4.2334e-01 5.4480e-01 -5.8407e-01 6.6254e-01 -1.7771e-01 -1.6307e-01 -1.8461e-01 2.5860e+00 -7.5269e-02 -4.6777e+00 2.5230e+01 4.8680e-01 -5.4504e+00 -3.1164e-01 -7.0264e-01 -1.9441e+00 -3.5188e-01 -6.0388e-02 -6.8942e-01 -1.7533e-01 -3.7683e-01 -2.5497e-01 6.7412e-02 -1.3803e-01 1.1435e-01 7.9672e-02 -1.3691e-01 4.7179e-02 -1.5165e-01 -2.5378e-01 -3.1003e-01
-3.1472e+00 3.1987e-02 2.2397e+00 4.2765e-01 1.8057e-01 -2.9515e+00 -1.3064e-01 -1.9243e+00 -1.4764e+00 2.0652e-01 1.1427e-01 2.8418e+00 1.4330e-01 -3.9748e-01 -1.0280e+00 -4.4469e-01 2.7752e-02 5.0677e-01 2.9764e-01 2.4155e+00 -3.7377e+00 -2.1733e-01 2.0985e-01 1.6475e+00 6.8149e-01 -1.9680e-01 8.2507e-03 1.2627e+00 -1.1233e-01 -7.0629e-02 1.0824e-01 4.8680e-01 2.4724e+01 -2.7208e-01 -8.8351e-02 -3.3338e-01 -1.1484e+00 -2.2823e-01 1.7955e+00 9.2948e-01 -2.4932e-01 -1.3183e-01 -1.9469e-01 1.6882e+00 -2.2222e-01 -6.1150e-02 -1.6497e-01 3.5437e-02 -7.3449e-01 2.8458e-01 9.5013e-03 4.5526e-02
4.0627e+00 1.6878e+00 -2.6966e-02 -5.5344e-01 -1.4277e+00 3.9371e+00 2.3573e+00 -3.1677e+01 -1.5098e+00 3.8563e-01 -2.6681e-01 -1.0605e+00 -1.1965e+00 -7.8043e-01 -3.9909e+00 -1.1468e+00 2.1092e+00 -1.0357e+01 4.3438e-01 1.9157e+00 1.0940e+01 -9.4432e-01 -1.5190e+00 2.5770e+00 -2.0176e-01 4.6145e-01 -1.8288e-01 -4.5949e+00 -2.5696e+00 5.0479e-02 3.5331e+01 -5.4504e+00 -2.7208e-01 7.2081e+01 8.4910e+00 1.7812e-01 -2.9298e+00 1.0088e+00 -8.3761e+00 5.5453e+00 -1.8099e-01 2.2179e-02 -1.3261e+00 -3.5969e-01 -3.7634e-01 -1.7712e-01 -2.9630e-01 1.7242e-01 -1.7901e+00 -7.1939e-01 3.5780e-01 2.1359e-01
-5.7448e-01 -4.1699e-01 -6.6644e-01 1.3752e+00 -2.6937e+00 1.4667e+00 -3.9228e+00 -2.0407e+00 -4.2254e+00 7.7470e-01 1.3056e+00 1.4048e-01 -1.2073e-01 2.9359e-01 -4.5653e-02 -5.8197e-01 -1.0713e-01 -2.7108e-02 -1.1243e-02 -1.5861e-01 3.0754e+00 -2.3621e-01 -5.2388e-01 -2.6904e-01 -2.2314e-01 6.2949e-02 -2.2245e-01 -1.6745e-01 -2.2398e-01 -5.1205e-02 -1.8527e+00 -3.1164e-01 -8.8351e-02 8.4910e+00 2.4763e+01 5.6763e-01 1.9336e+00 -1.2634e-01 -1.4707e+00 -6.3958e-01 8.4219e-01 -7.7063e-02 1.4535e-01 -2.6914e-01 -2.7183e-01 -1.2457e-01 -1.6967e-01 -2.1333e-01 -8.0638e-01 -1.6368e-01 -1.8134e-01 -1.1763e-01
1.9813e+00 -1.1737e+00 -5.9821e-02 -1.1581e+00 -2.2404e-01 5.9415e-01 -7.6255e-01 -9.4152e-01 -8.3254e-01 1.1277e+00 -1.2966e+00 8.1061e-01 -7.9267e-02 -4.0276e-01 -1.4064e+00 -5.3409e-01 -3.5439e-02 -9.2031e-01 8.1239e-02 1.3058e+00 2.9287e+00 -4.4586e-01 3.7648e-01 -2.6087e-01 -2.8139e-01 -2.4290e-01 -1.1678e-01 -3.2950e-01 -2.2738e-01 -4.2753e-02 -1.5257e+00 -7.0264e-01 -3.3338e-01 1.7812e-01 5.6763e-01 1.8289e+01 -8.4540e-01 -3.2087e-01 -9.1309e-01 2.7835e+00 1.4635e-01 1.7282e+00 -1.5360e-01 -9.0432e-02 -6.8882e-02 -4.7321e-02 -3.6658e-03 -1.0148e-01 1.3017e+00 -7.8480e-02 -4.5382e-03 2.0520e-02
-7.2518e+00 7.1931e-01 -5.5811e-01 8.2397e-01 1.0775e+00 -7.7553e+00 -9.7837e-01 4.9423e+00 -7.1950e-01 6.9931e-01 1.8212e-01 -3.6030e-01 -3.3888e-01 -1.1939e+00 -4.0308e+00 -1.5810e+00 1.3563e+00 -3.4148e+00 1.4148e-01 -1.8813e+00 -1.1834e+01 -8.8300e-01 8.0770e-01 -6.9248e-01 -2.5208e-01 -5.1598e-01 2.7498e+00 1.3334e+01 -9.1188e-01 -6.4306e-02 -6.7397e+00 -1.9441e+00 -1.1484e+00 -2.9298e+00 1.9336e+00 -8.4540e-01 3.9511e+01 -7.9058e-01 -2.5648e+00 -1.7201e+00 -2.9962e-01 4.6252e-02 -2.6832e-01 -4.4021e-01 1.0772e-01 3.2342e-01 -1.6645e-01 1.4630e-01 -6.6307e-01 -4.7753e-01 -3.4924e-02 -3.5142e-02
-1.7962e+00 6.8905e-02 7.4316e-01 3.5232e-01 7.3113e-01 -8.1677e-01 -1.6086e-01 7.0110e-01 -1.6575e-01 5.7638e-02 5.3071e-01 -2.0525e-01 -5.5177e-02 -6.0597e-01 -2.0570e+00 -7.8364e-01 -1.7953e-01 -1.4032e+00 1.1003e-01 1.6712e+00 -1.0491e+00 -6.5780e-01 -1.5552e+00 -1.7265e-01 -1.4772e-01 2.3704e+00 -2.4220e-01 -4.5180e-01 -2.9671e-02 -1.4461e-02 1.0228e+00 -3.5188e-01 -2.2823e-01 1.0088e+00 -1.2634e-01 -3.2087e-01 -7.9058e-01 1.2427e+01 -2.7114e-01 9.4051e-01 -5.5758e-02 -6.1684e-02 1.1874e+00 -1.1022e-01 -1.1394e-01 -6.0293e-02 -3.3014e-02 -9.1130e-02 -1.7242e-01 -1.1536e-01 -7.8712e-02 -5.7380e-02
-2.3139e+00 -7.6300e+00 1.5002e-01 -1.0640e+00 -7.0237e+00 -1.7575e+01 8.3729e+00 1.1715e+01 8.7006e+00 -2.3433e+00 -1.6849e+00 1.4901e+00 2.6189e+00 -2.2017e-04 -5.5545e-01 -7.3702e-01 -4.1960e-01 9.8734e-01 -4.5199e-01 -5.1037e-01 -2.1971e+01 2.6342e-01 6.9018e-02 3.1653e-01 -1.9299e-01 -1.8177e-01 -4.0604e-01 -5.4290e-01 5.1892e+00 1.3532e-01 -1.1323e+01 -6.0388e-02 1.7955e+00 -8.3761e+00 -1.4707e+00 -9.1309e-01 -2.5648e+00 -2.7114e-01 4.5351e+01 -2.9331e+00 3.1114e-02 1.3707e-01 -4.6620e-01 2.6905e+00 -5.6489e-02 -1.1557e-01 9.0510e-02 -2.7485e-01 9.4538e-01 -8.3284e-01 -3.0580e-01 -2.7405e-01
-1.1854e+00 -6.0006e+00 5.8726e+00 2.1947e-01 -2.0409e+00 -1.2355e+01 1.0636e+00 3.2330e+00 5.7205e+00 -2.4514e-01 -6.2622e-02 6.4176e-01 -2.0861e-01 -7.3598e-01 -6.8706e-01 -2.1700e-01 -4.1913e-01 8.0317e-02 -8.8405e-02 9.6489e-01 -9.9574e+00 -7.4508e-01 8.4408e-02 -5.2495e-01 -2.5851e-01 -3.4523e-01 1.2639e+00 -8.1500e-01 -7.9822e-01 2.2935e-02 -4.3257e+00 -6.8942e-01 9.2948e-01 5.5453e+00 -6.3958e-01 2.7835e+00 -1.7201e+00 9.4051e-01 -2.9331e+00 3.7325e+01 -7.0017e-03 -2.4315e-01 2.9632e+00 2.0386e+00 1.8625e+00 -2.7108e-01 -4.8487e-02 -2.5910e-01 -9.8531e-01 -4.9532e-01 -6.6108e-01 -5.6393e-01
-5.5300e-01 -1.8714e+00 1.1493e+00 1.8607e-01 -5.9900e-01 -1.8464e+00 1.0509e+00 3.8219e-01 2.2687e+00 4.6525e-01 3.9219e-01 7.7764e-02 1.4528e-01 1.4382e-01 -6.3447e-01 -5.6640e-02 -1.3463e-01 -2.9736e-01 2.3011e-01 7.8097e-01 -1.5707e-01 -1.7285e-01 -1.5460e+00 -1.7766e-01 -1.2848e-01 -6.6743e-02 -1.5167e-01 -1.4041e-01 -8.4403e-02 -4.2700e-02 -1.7832e-01 -1.7533e-01 -2.4932e-01 -1.8099e-01 8.4219e-01 1.4635e-01 -2.9962e-01 -5.5758e-02 3.1114e-02 -7.0017e-03 9.5851e+00 -2.7432e-02 8.1957e-02 -7.0479e-02 -1.4997e-01 1.3457e+00 -4.5830e-02 -7.7894e-02 -4.2001e-02 -6.9352e-02 -4.5813e-02 1.1939e-01
-9.7192e-01 6.2487e-02 -3.1653e-01 -5.4116e-01 1.7155e-01 2.6517e-01 -8.9126e-02 5.4993e-01 -1.5068e-01 9.4167e-02 -7.4589e-01 -1.7059e-01 2.5236e-01 -1.8956e-01 -5.5007e-01 -1.6472e-01 -1.6950e-01 -1.1109e+00 -2.9229e-01 2.4766e-01 6.3320e-01 -1.4302e-01 -3.9893e-01 -2.7181e-01 -2.6766e-01 -6.4233e-03 1.3110e-01 -2.7179e-01 1.1558e+00 -4.7627e-02 8.5185e-02 -3.7683e-01 -1.3183e-01 2.2179e-02 -7.7063e-02 1.7282e+00 4.6252e-02 -6.1684e-02 1.3707e-01 -2.4315e-01 -2.7432e-02 1.1325e+01 -6.0178e-02 1.1616e-01 -5.5836e-02 -7.5172e-02 -5.9898e-02 3.0104e-02 -9.9399e-02 -9.5595e-02 -3.7821e-01 -3.2301e-01
-8.1838e-01 -3.2837e-01 -1.8386e-01 1.0873e-01 -7.5639e-01 -2.3306e+00 -2.2988e-01 8.5487e-01 -4.5159e-01 -2.5158e-01 -6.2660e-03 6.0131e-02 -4.2702e-02 -5.0325e-02 -1.1405e-01 -1.3618e-01 -9.4558e-02 -2.3560e-01 3.6375e-02 -2.0555e-01 -3.4203e+00 -9.0084e-02 1.8300e-01 -5.9368e-03 -4.8148e-02 -1.7892e-02 -2.1474e-02 -1.0591e-01 3.2859e-01 -3.4092e-02 -1.2719e+00 -2.5497e-01 -1.9469e-01 -1.3261e+00 1.4535e-01 -1.5360e-01 -2.6832e-01 1.1874e+00 -4.6620e-01 2.9632e+00 8.1957e-02 -6.0178e-02 8.7709e+00 1.7591e-02 -9.9559e-02 -3.0985e-02 -5.7872e-02 -3.5243e-02 -8.7689e-02 -7.3978e-02 7.8433e-04 2.0991e-02
-3.2413e-01 1.0559e+00 -4.4639e-01 -1.0282e+00 -9.1181e-01 -1.2439e+00 3.0301e-01 1.0024e+00 -7.9064e-01 -9.3057e-01 -1.0611e+00 -9.8343e-02 5.5850e-01 2.8682e-01 1.0600e-02 3.4566e-01 -8.7359e-02 -1.9557e-01 -3.8814e-02 -2.9154e-01 -2.9542e+00 4.8892e-01 4.3203e-02 -1.7775e-01 1.4552e+00 -1.2492e-01 1.0415e+00 -2.1912e-01 2.7899e+00 -8.0151e-02 -1.9938e+00 6.7412e-02 1.6882e+00 -3.5969e-01 -2.6914e-01 -9.0432e-02 -4.4021e-01 -1.1022e-01 2.6905e+00 2.0386e+00 -7.0479e-02 1.1616e-01 1.7591e-02 1.3751e+01 -9.3858e-02 -5.9991e-02 -1.2904e-01 -2.4664e-02 -3.5926e-01 -1.1441e-01 -3.9149e-02 -2.7959e-02
-2.3749e-01 -4.7348e+00 2.0595e+00 -5.1455e-01 -2.7369e+00 -4.7851e+00 2.7937e+00 -9.5578e-02 4.7219e+00 1.2721e-01 4.2166e-02 -1.0802e-01 1.1571e-02 1.0648e-01 4.8353e-02 -1.0082e-01 2.0365e-01 4.7789e-02 2.9951e-01 -8.6020e-02 -2.8221e+00 -8.8793e-02 -2.7219e+00 9.3510e-02 -1.4267e-02 -5.4749e-02 -6.7459e-02 -8.6195e-02 -4.6851e-02 4.0950e-02 -2.0994e-01 -1.3803e-01 -2.2222e-01 -3.7634e-01 -2.7183e-01 -6.8882e-02 1.0772e-01 -1.1394e-01 -5.6489e-02 1.8625e+00 -1.4997e-01 -5.5836e-02 -9.9559e-02 -9.3858e-02 1.1636e+01 -1.8049e-01 -1.3686e-01 -4.3380e-02 -2.3804e-01 -1.6919e-01 -1.8433e-02 -4.3403e-02
3.9299e-02 -5.6808e-01 -4.2312e-01 1.0191e-01 -1.5796e-01 -3.3903e-01 6.7320e-01 -1.6760e-01 8.0674e-01 -1.8983e-01 -1.3912e-02 7.1576e-02 -4.0931e-02 -1.4894e-01 -1.8675e-01 -1.0728e-01 -1.1503e-01 -1.2470e-01 1.6812e-01 -1.7928e-01 -6.2931e-01 -1.1718e-01 5.6633e-01 -4.7095e-02 1.8741e-02 -6.6053e-02 -7.3821e-02 4.1593e-01 -3.7562e-02 -6.7523e-03 -1.8679e-01 1.1435e-01 -6.1150e-02 -1.7712e-01 -1.2457e-01 -4.7321e-02 3.2342e-01 -6.0293e-02 -1.1557e-01 -2.7108e-01 1.3457e+00 -7.5172e-02 -3.0985e-02 -5.9991e-02 -1.8049e-01 9.1553e+00 -1.2158e-01 -7.8369e-02 -1.3601e-01 1.0427e-01 5.1860e-01 3.5333e-04
7.3241e-02 -2.8497e-01 -2.7849e-01 -2.0753e-01 -2.7941e-01 9.1357e-02 -3.1573e-01 -9.9312e-02 -1.5819e-01 4.2187e-01 -4.5857e-01 2.5841e-02 -9.2460e-02 -9.4608e-02 -5.5073e-02 -5.4862e-02 -1.1956e-01 1.0932e-01 8.0550e-01 -2.3933e-02 2.5982e-01 -1.6019e-01 1.0381e+00 -1.1876e-01 2.5874e-02 -3.0292e-02 -6.7883e-02 -7.7994e-02 -1.6284e-01 -2.2777e-02 2.5597e-02 7.9672e-02 -1.6497e-01 -2.9630e-01 -1.6967e-01 -3.6658e-03 -1.6645e-01 -3.3014e-02 9.0510e-02 -4.8487e-02 -4.5830e-02 -5.9898e-02 -5.7872e-02 -1.2904e-01 -1.3686e-01 -1.2158e-01 9.6042e+00 -4.4948e-02 1.4864e+00 -5.3326e-02 8.2269e-01 9.2699e-01
-6.7666e-01 -1.2761e+00 7.0407e-01 1.6555e-01 -3.6408e-01 -1.7615e+00 5.8705e-01 -8.3215e-02 1.1273e+00 2.0996e-01 2.8937e-01 -6.4238e-02 3.0865e-02 -1.3669e-01 9.6165e-02 3.0456e-01 1.4427e+00 -8.3969e-02 1.2228e-02 -1.2200e-01 -3.9799e-01 -1.1866e-01 2.4002e-02 -1.6279e-02 -2.7132e-02 -8.8955e-02 1.0576e+00 -5.7457e-02 -3.7034e-02 -3.9221e-02 3.3156e-01 -1.3691e-01 3.5437e-02 1.7242e-01 -2.1333e-01 -1.0148e-01 1.4630e-01 -9.1130e-02 -2.7485e-01 -2.5910e-01 -7.7894e-02 3.0104e-02 -3.5243e-02 -2.4664e-02 -4.3380e-02 -7.8369e-02 -4.4948e-02 7.9394e+00 -1.3875e-01 -5.7920e-02 -4.5293e-02 -4.4764e-02
1.0422e+00 -1.1465e+00 1.8413e-02 -2.2200e+00 -2.6488e+00 -2.0480e+00 1.2801e+00 1.2616e+00 6.2159e-01 -1.3661e+00 -2.3650e+00 -2.4695e-01 1.3778e-01 3.9371e-01 1.9043e-01 -1.4899e-01 -2.3725e-01 -2.7692e-01 2.5081e-01 -1.8966e-01 -4.9616e+00 -6.5267e-04 8.0993e-02 3.8911e-01 -3.5379e-02 -5.7750e-02 -1.0093e-01 -2.3360e-01 -5.4123e-01 -4.6251e-02 -2.9677e+00 4.7179e-02 -7.3449e-01 -1.7901e+00 -8.0638e-01 1.3017e+00 -6.6307e-01 -1.7242e-01 9.4538e-01 -9.8531e-01 -4.2001e-02 -9.9399e-02 -8.7689e-02 -3.5926e-01 -2.3804e-01 -1.3601e-01 1.4864e+00 -1.3875e-01 2.4572e+01 1.9291e+00 -1.5571e-02 -9.7998e-03
-1.0179e+00 6.0746e-01 -3.7061e-01 2.1499e-01 -3.6832e-01 5.3034e-01 2.5615e-01 2.9737e-01 -5.2904e-01 1.9882e-01 2.5072e-01 -7.8641e-02 8.6622e-02 5.9851e-02 1.1437e-01 -2.6911e-01 -1.2703e-01 -4.6382e-01 1.4945e-01 -2.9886e-01 -6.3610e-01 -1.9062e-01 2.4081e-01 -7.0107e-02 -8.3129e-02 -7.4016e-02 -6.4585e-02 -2.1093e-01 -2.1763e-01 -3.8474e-02 -8.0790e-01 -1.5165e-01 2.8458e-01 -7.1939e-01 -1.6368e-01 -7.8480e-02 -4.7753e-01 -1.1536e-01 -8.3284e-01 -4.9532e-01 -6.9352e-02 -9.5595e-02 -7.3978e-02 -1.1441e-01 -1.6919e-01 1.0427e-01 -5.3326e-02 -5.7920e-02 1.9291e+00 1.1127e+01 1.7402e-01 4.3887e-02
-2.9691e-02 4.9359e-01 -7.9963e-01 1.6208e-01 -1.1798e-01 2.6793e-02 3.9215e-02 -2.4801e-01 -1.7509e+00 2.0189e+00 5.5865e+00 -6.1965e-02 -1.0476e-01 -8.3844e-01 -2.8303e-03 -3.0734e-01 1.1894e-02 5.9174e-01 8.4480e+00 -5.8109e-02 -4.9215e-03 -3.6886e-01 1.1890e+01 -2.7954e-01 -3.6821e-01 -6.6030e-02 1.5686e-02 -4.3244e-02 -2.8023e-02 8.6390e-03 -3.1382e-01 -2.5378e-01 9.5013e-03 3.5780e-01 -1.8134e-01 -4.5382e-03 -3.4924e-02 -7.8712e-02 -3.0580e-01 -6.6108e-01 -4.5813e-02 -3.7821e-01 7.8433e-04 -3.9149e-02 -1.8433e-02 5.1860e-01 8.2269e-01 -4.5293e-02 -1.5571e-02 1.7402e-01 1.6804e+01 8.3235e+00
8.4855e-03 -4.1431e+00 -5.1709e-01 9.6835e-02 -1.7590e-02 2.6908e-02 1.4232e-01 -2.0000e-01 4.1285e-01 3.0671e+00 -3.8399e+00 9.9374e-02 -1.0943e-01 -7.2490e-01 7.9577e-03 8.8785e-02 -1.0760e-02 6.7826e-01 1.6811e+01 -3.7473e-01 -7.6883e-03 -2.9878e-01 1.3336e+01 -2.2096e-01 7.1612e-02 -1.9799e-01 1.3056e-01 -1.1310e-02 -3.5035e-02 1.6202e-02 -1.3543e-01 -3.1003e-01 4.5526e-02 2.1359e-01 -1.1763e-01 2.0520e-02 -3.5142e-02 -5.7380e-02 -2.7405e-01 -5.6393e-01 1.1939e-01 -3.2301e-01 2.0991e-02 -2.7959e-02 -4.3403e-02 3.5333e-04 9.2699e-01 -4.4764e-02 -9.7998e-03 4.3887e-02 8.3235e+00 1.7254e+01
