4.6127e+01 -1.2814e+01 -6.3428e-01 -1.3312e+01 6.9367e+00 -9.2332e-01 -1.7102e+00 -6.4269e+00 -1.3261e+01 7.5010e+00 -1.7053e+00 3.6183e+00 -5.9701e-01 2.0491e+00 5.2870e-01 -2.3458e+00 -4.8759e-01 -3.4640e-01 -3.9805e-01 -1.1533e-01 -5.4761e-01 7.7127e+00 2.8600e+00 -2.9599e+00 1.0778e+01 -8.6825e+00 -1.6235e+00 1.3149e+01 2.5145e-02 1.9499e+00 1.6063e+00 -1.3579e+00 -4.8881e-02 -6.1226e+00 -8.6560e+00 -4.6354e+00 -1.1557e+01 4.4096e-01 -2.8410e-01 6.2849e-01 -2.2497e-01 -7.9843e-01 1.8664e+00 7.8588e-03 -5.9436e-01 -1.8475e+00 1.9333e-01 8.7783e-01 -2.5763e-01 -3.0918e-01 -3.1100e-02 8.3355e-01
-1.2814e+01 8.7963e+01 -1.2273e+00 3.9392e+01 -6.5611e+01 -5.1908e+01 -7.9035e+00 -6.7429e+00 3.1072e+01 6.7605e-01 1.9425e+00 -3.3901e+00 -2.1489e+00 6.0552e+01 1.1182e-01 3.0117e+01 1.0241e+00 -9.7849e-01 -6.7499e-01 9.4716e-01 1.0391e+00 -4.1207e+01 -2.2811e+01 -1.3233e+01 3.0476e+00 9.6881e-01 2.4644e-01 -2.7726e-02 -1.5927e+00 -2.7698e+01 6.4085e-01 1.6924e+00 2.8228e+00 8.4979e-01 -5.8129e+00 -8.0296e+00 -4.5836e+00 -1.0461e+00 -7.2639e-02 -1.1762e+01 -1.6525e-01 -1.9157e+00 -1.7341e+00 1.7742e-01 -5.6211e+00 7.0171e-01 -1.2906e+00 1.9298e-01 -7.9421e-01 -4.4513e+00 5.5837e+00 2.2227e+00
-6.3428e-01 -1.2273e+00 1.3606e+01 -1.9972e-01 -2.8741e+00 -1.1307e+00 3.9830e+00 7.6903e-01 8.7199e-01 1.2847e+00 -3.6841e-01 1.9972e+00 -1.0668e-01 -8.2423e-01 1.2257e+00 1.5274e+00 -7.9100e-01 -1.5541e-01 -1.0038e-01 -1.1318e-01 -1.0260e-01 -1.0332e+00 -5.5978e-01 -8.8881e-01 -4.0194e-01 -8.2435e-01 -1.8019e-01 5.2628e-01 -1.8120e-01 3.4986e+00 -3.0098e-01 -2.0612e-01 -5.1493e-01 -1.5101e+00 -4.1428e-01 -2.9698e-01 1.4133e+00 -4.2647e-02 -1.3878e-01 -1.6519e-01 -8.4064e-02 -6.8223e-02 -1.2604e-01 -3.7543e-02 -3.7494e-01 -1.2383e-01 7.7846e-01 3.6470e-03 -7.1683e-02 -3.2387e-01 1.5071e+00 -2.9234e+00
-1.3312e+01 3.9392e+01 -1.9972e-01 8.6376e+01 -3.7746e+01 -4.3213e+01 -6.3229e+00 -2.8884e+00 3.4767e+01 2.4452e+00 2.6265e+00 -6.5073e+00 -1.7789e+00 2.9011e+01 -3.7577e-01 4.9901e+01 2.0012e+00 -1.9532e-01 -5.9878e-01 -1.1507e-01 -4.7184e+00 -2.3803e+01 -2.8171e+01 -1.7969e+01 1.4712e+00 1.6602e+00 1.1226e+00 1.6848e+00 -1.7141e+00 5.2297e+00 9.5676e-01 -1.2074e-01 1.0573e+00 1.0254e+00 -6.1162e+00 -1.0264e+01 1.2951e+00 -8.4398e-01 -8.9974e-02 -7.8188e+00 -1.2340e-01 -1.3754e+00 -1.3665e+00 1.6341e-01 -2.7133e+00 -2.5849e-01 -1.9548e+00 6.1566e-01 5.2234e-01 -2.0237e+00 -1.2326e+00 -9.5728e-02
6.9367e+00 -6.5611e+01 -2.8741e+00 -3.7746e+01 1.3297e+02 8.6546e+01 6.7092e+00 1.0509e+01 -5.7234e+01 -3.4678e+01 -1.3642e+01 3.6978e+00 -8.4483e+00 -8.3236e+01 -7.4101e-01 -6.9354e+01 -7.9443e+00 1.6939e-01 9.9837e-01 -6.8618e-01 -8.1746e-01 6.1855e+01 5.8604e+01 1.8170e+01 -8.4929e+00 -4.3310e+00 -2.4222e+00 -1.5691e+01 9.2142e-01 1.8634e+01 -3.0745e-01 -9.2126e-01 -1.7183e+00 2.0796e+01 2.0217e+01 2.4968e+01 4.7180e-01 9.2788e-01 8.2905e-01 5.5825e+00 9.0870e-02 1.4232e+00 4.7235e+00 2.2755e-01 7.4666e+00 -1.3549e+00 6.1896e-01 -8.9209e-01 6.2222e-01 5.3811e+00 -1.6725e+00 1.0889e+00
-9.2332e-01 -5.1908e+01 -1.1307e+00 -4.3213e+01 8.6546e+01 1.5051e+02 7.8257e+00 -1.1582e+00 -7.0841e+01 -2.5860e+01 2.6962e+00 5.6075e+00 3.6902e+00 -6.1778e+01 -2.3485e+00 -6.1500e+01 4.4529e+00 -9.4601e-01 -5.1101e-01 -1.3411e+00 -1.7521e+00 5.7714e+01 4.3777e+01 9.6609e+00 -1.5765e+01 6.8588e+00 -2.0560e+00 -2.8440e+01 1.3259e+00 1.3829e+01 8.4685e-02 -1.2100e-01 -1.8532e+01 2.4554e+01 4.2602e+01 5.0994e+01 1.3542e+01 -6.2475e-01 1.2495e+00 1.1705e+01 3.9750e-01 3.0609e+00 4.5028e+00 1.0125e-02 -6.1686e-01 -1.8244e+00 1.4116e+00 -4.2952e-01 9.8081e-01 -1.6104e+00 1.4846e-01 1.8633e+00
-1.7102e+00 -7.9035e+00 3.9830e+00 -6.3229e+00 6.7092e+00 7.8257e+00 4.9549e+01 -4.1086e+00 -2.1483e+01 -6.9043e+00 -2.3770e+00 -1.0133e+00 -3.9697e+00 -1.1578e+01 4.7511e-02 -1.0277e+00 5.6109e+00 5.6817e-01 1.4076e-01 -4.0232e-01 -6.3553e-02 6.2306e+00 5.6600e+00 6.5000e+00 -2.6441e+00 -2.0926e+00 -6.8842e-01 -3.4768e+00 1.6357e+00 5.7311e+00 -7.7609e-01 3.8191e-01 -3.0110e+00 -2.5913e-01 1.5965e+00 2.0118e+00 1.2145e+01 -2.5155e-01 -6.9863e-01 -2.5521e+00 -1.3980e-01 -5.1882e-01 -7.3458e-01 -1.2662e-01 -1.3200e+00 -8.8892e-02 3.3118e+00 -2.8371e-01 -1.5565e-01 -4.7581e-01 1.9297e+00 -2.1224e+00
-6.4269e+00 -6.7429e+00 7.6903e-01 -2.8884e+00 1.0509e+01 -1.1582e+00 -4.1086e+00 7.7755e+01 5.8711e+00 -3.9683e+01 -1.0762e+01 1.0068e+01 -8.3822e+00 -3.2806e+01 -1.8854e-02 1.3105e+01 -1.6358e+01 -7.8926e-01 -1.2726e+00 4.9471e-01 1.0023e+00 1.0222e+01 1.4466e+01 -3.6139e-01 -2.6443e+00 -2.6470e+01 -2.5585e+00 -5.1318e-01 -1.3224e-01 1.1029e+01 4.9505e+00 2.4383e+00 -1.5451e+00 -1.5645e+01 1.9863e+00 -2.4246e+00 1.9591e+01 1.9838e+00 6.0548e-01 -6.4080e+00 -5.3646e-01 1.5144e+00 -3.1046e-01 -3.1222e-02 7.5316e+00 2.9222e+00 -7.0256e-01 -3.3751e-01 5.2699e-01 7.8933e+00 1.4127e+00 -2.9114e+00
-1.3261e+01 3.1072e+01 8.7199e-01 3.4767e+01 -5.7234e+01 -7.0841e+01 -2.1483e+01 5.8711e+00 1.0814e+02 2.3787e+01 1.1196e+01 -4.6219e+00 5.7215e+00 2.7257e+01 1.6105e+00 4.8438e+01 -1.0395e+01 1.5337e-01 -5.9601e-01 1.8955e-01 1.0076e+00 -2.9448e+01 -2.6117e+01 -1.7556e+00 5.5087e+00 1.1541e+01 3.3338e+00 1.1506e+01 -1.6578e+00 -3.2668e-03 -6.5455e-01 -1.4273e-01 1.4165e+01 -1.2595e+01 -2.6195e+01 -3.8084e+01 -1.1396e+01 -6.5344e-01 -4.4409e-01 5.5128e-01 2.6011e-01 -1.3689e+00 -4.4388e+00 -5.8786e-01 5.2558e-01 1.3915e+00 -2.8574e+00 2.1542e-01 -6.7997e-01 -1.6455e-01 -3.9832e-02 1.7601e-02
7.5010e+00 6.7605e-01 1.2847e+00 2.4452e+00 -3.4678e+01 -2.5860e+01 -6.9043e+00 -3.9683e+01 2.3787e+01 1.2163e+02 3.0130e+01 -1.0377e+01 3.4521e+01 4.4575e+01 -5.9405e-01 1.7229e+01 2.7228e+01 -5.4066e-02 2.0447e+00 3.0349e-01 -1.4440e+00 -3.7644e+01 -3.4071e+01 -1.1939e+01 5.2469e+00 2.8040e+01 9.4510e+00 2.8989e+01 -9.2363e-01 -1.0256e+00 -5.6913e+00 -2.7655e+00 6.0496e+00 -1.4326e+01 -1.2530e+01 -9.0115e+00 -1.7433e+01 -2.6918e-01 -7.0826e-02 1.4292e+01 1.7793e+00 -1.1590e+00 2.1543e+00 -3.3047e-01 -1.4594e+00 -1.8770e+00 -1.0319e+00 2.5925e-01 9.9897e-02 -8.1371e-01 1.9260e+00 -6.5650e-01
-1.7053e+00 1.9425e+00 -3.6841e-01 2.6265e+00 -1.3642e+01 2.6962e+00 -2.3770e+00 -1.0762e+01 1.1196e+01 3.0130e+01 7.2097e+01 -2.5502e+00 5.2554e+01 3.1746e+01 1.4039e+00 2.6509e+01 4.5701e+01 -5.3397e-01 -1.8395e-01 -2.1823e-01 -4.3008e-01 -3.8340e+01 -1.9529e+01 -2.5532e+00 -2.8493e+00 1.0455e+01 -3.3467e+00 -3.6379e+00 -2.9978e-01 1.0976e+00 -2.3646e+00 4.1562e-01 1.0803e+01 -1.7181e+01 5.4745e+00 7.7191e+00 -6.4801e+00 -2.0336e-01 -7.3543e-02 2.0532e+01 1.9609e+00 5.5759e-01 -7.3238e-01 -1.8719e-01 -1.1221e+00 -1.6012e+00 -8.9284e-01 -2.9790e-01 1.0862e-01 2.1558e-01 -3.2970e-01 6.3081e-01
3.6183e+00 -3.3901e+00 1.9972e+00 -6.5073e+00 3.6978e+00 5.6075e+00 -1.0133e+00 1.0068e+01 -4.6219e+00 -1.0377e+01 -2.5502e+00 3.1952e+01 -1.8808e+00 -7.3355e+00 4.5779e-01 9.8826e-01 -3.2600e+00 -2.8512e-01 -4.3213e-01 -7.1401e-02 1.3379e+00 4.1030e+00 7.9530e+00 -4.0382e+00 -2.8379e+00 -6.9178e+00 -7.7459e-01 -4.1598e+00 2.3227e-01 -1.9599e+00 -1.1571e+00 -8.3844e-01 -2.9731e+00 -4.2948e+00 6.9164e+00 4.8990e+00 6.0639e+00 -1.0481e-01 1.9589e+00 -1.2503e-01 6.9138e-02 6.6191e-01 2.5204e-01 -5.0605e-02 -2.5023e-01 -1.6976e-01 6.2322e-01 -2.5824e-02 3.3721e-02 -2.3059e-01 -1.6175e-02 6.8709e-01
-5.9701e-01 -2.1489e+00 -1.0668e-01 -1.7789e+00 -8.4483e+00 3.6902e+00 -3.9697e+00 -8.3822e+00 5.7215e+00 3.4521e+01 5.2554e+01 -1.8808e+00 7.4781e+01 2.8673e+01 1.5920e+00 1.7972e+01 4.8898e+01 -5.8639e-01 8.8653e-01 -4.3566e-01 -6.4514e-01 -3.8679e+01 -2.1085e+01 -5.6105e+00 -5.3414e+00 1.1293e+01 -2.2442e+00 -7.4920e-01 -3.8390e-01 -2.0507e+00 -1.7080e+00 3.8140e-01 1.2042e+01 -1.6898e+01 7.6038e+00 8.7149e+00 -4.3713e+00 -3.3275e-01 2.5560e-01 1.8167e+01 2.0541e+00 8.1070e-03 -9.0993e-01 -2.0227e-01 1.1354e+00 -1.8872e+00 -5.8830e-01 -2.8368e-01 1.0792e+00 2.1425e+00 -8.4669e-02 5.4422e-01
2.0491e+00 6.0552e+01 -8.2423e-01 2.9011e+01 -8.3236e+01 -6.1778e+01 -1.1578e+01 -3.2806e+01 2.7257e+01 4.4575e+01 3.1746e+01 -7.3355e+00 2.8673e+01 1.8385e+02 -3.6658e-01 8.2073e+01 5.1434e+01 -1.0790e+00 7.2844e-01 3.7411e-01 1.5834e+00 -1.1856e+02 -9.0693e+01 -2.1423e+01 1.6351e+01 2.7556e+00 5.5131e+00 1.7717e+01 -1.1303e+00 -2.7368e+01 5.3960e-01 1.6393e-02 6.4474e-01 -2.9967e+01 -1.7802e+01 -1.6429e+01 1.0516e+01 -3.3857e-01 7.1205e-01 8.2711e+00 1.5065e+00 -9.8594e-01 -3.9169e+00 -1.7315e-02 -8.0454e+00 -1.1822e-03 7.5128e-01 7.2238e-01 -6.1240e-01 -4.2720e+00 3.4522e-01 1.3576e+01
5.2870e-01 1.1182e-01 1.2257e+00 -3.7577e-01 -7.4101e-01 -2.3485e+00 4.7511e-02 -1.8854e-02 1.6105e+00 -5.9405e-01 1.4039e+00 4.5779e-01 1.5920e+00 -3.6658e-01 1.1013e+01 1.0499e-02 1.1356e+00 -1.5978e-03 -5.4856e-02 -4.4737e-02 -4.2788e-03 5.0305e-01 6.9538e-03 1.0915e+00 7.3799e-02 -5.7622e-01 -3.5163e-01 2.9456e-01 4.9528e-01 -1.2726e-01 -1.5721e-01 -2.3130e-03 9.6782e-01 -1.4197e+00 -1.0054e+00 -1.5649e+00 -1.6985e+00 -2.7596e-02 -6.1586e-02 2.4223e-01 -1.1768e-01 1.8201e-01 -6.8395e-02 -4.4083e-02 2.6418e-01 -1.3763e-01 1.1445e-01 -3.7247e-02 -6.2932e-02 2.0868e-01 -6.6222e-02 7.1407e-02
-2.3458e+00 3.0117e+01 1.5274e+00 4.9901e+01 -6.9354e+01 -6.1500e+01 -1.0277e+00 1.3105e+01 4.8438e+01 1.7229e+01 2.6509e+01 9.8826e-01 1.7972e+01 8.2073e+01 1.0499e-02 1.8605e+02 4.1702e+01 2.1683e-01 -4.0027e-01 5.5404e-01 -4.6828e+00 -7.0101e+01 -8.8555e+01 -3.4862e+01 1.4551e+01 -2.1111e+01 5.3674e+00 1.5435e+01 -4.6231e-01 2.1262e+01 3.2341e+00 1.3557e+00 -7.4723e+00 -4.7347e+01 -1.3842e+01 -2.7756e+01 3.2878e+01 -1.1745e-02 -4.3501e-01 6.3383e+00 1.4314e+00 3.7571e-01 -3.8902e+00 2.1864e-01 -6.9403e+00 1.3430e+00 -7.6333e-01 -3.0875e-02 -4.9947e-01 -7.9904e-01 7.6753e-01 1.9579e+00
-4.8759e-01 1.0241e+00 -7.9100e-01 2.0012e+00 -7.9443e+00 4.4529e+00 5.6109e+00 -1.6358e+01 -1.0395e+01 2.7228e+01 4.5701e+01 -3.2600e+00 4.8898e+01 5.1434e+01 1.1356e+00 4.1702e+01 8.8408e+01 1.8260e-01 1.5712e+00 -3.4878e-01 -9.7010e-01 -6.1830e+01 -4.1632e+01 -5.5149e+00 -7.0504e+00 7.4634e+00 -2.1421e+00 -8.2313e+00 -4.4993e-01 2.6677e+00 -2.6370e+00 8.6809e-02 4.9686e+00 -2.5063e+01 2.0340e+01 1.6288e+01 8.5839e+00 3.3427e-01 -2.8835e-01 2.1868e+01 2.0846e+00 9.7829e-01 -2.2152e-01 4.2214e-01 -2.7933e+00 -1.3496e+00 5.4725e-01 -3.6212e-01 9.6189e-02 -3.2454e-01 1.4917e-01 -5.8072e-01
-3.4640e-01 -9.7849e-01 -1.5541e-01 -1.9532e-01 1.6939e-01 -9.4601e-01 5.6817e-01 -7.8926e-01 1.5337e-01 -5.4066e-02 -5.3397e-01 -2.8512e-01 -5.8639e-01 -1.0790e+00 -1.5978e-03 2.1683e-01 1.8260e-01 1.0867e+01 -5.7222e-03 4.1680e-03 1.1257e+00 9.9172e-01 4.7680e-02 5.4802e-01 -5.6047e-01 1.1554e+00 -1.3267e-01 -5.3767e-01 -1.6531e-01 6.2638e-02 1.9016e-01 1.4642e-01 -8.2220e-02 -2.7946e-01 -2.4743e-01 -3.6308e-01 2.6995e-01 2.1526e-01 -5.7107e-02 5.1519e-01 1.1988e-01 -5.8065e-02 4.8864e-01 -2.2595e-02 -2.0841e-01 -1.2106e-01 5.2522e-01 -3.4927e-02 -9.6409e-02 -7.2381e-02 -6.2791e-01 2.0295e-01
-3.9805e-01 -6.7499e-01 -1.0038e-01 -5.9878e-01 9.9837e-01 -5.1101e-01 1.4076e-01 -1.2726e+00 -5.9601e-01 2.0447e+00 -1.8395e-01 -4.3213e-01 8.8653e-01 7.2844e-01 -5.4856e-02 -4.0027e-01 1.5712e+00 -5.7222e-03 1.0453e+01 -6.2662e-02 -9.3161e-02 -8.6460e-01 -1.0059e+00 4.1667e-03 -6.4607e-01 2.2023e+00 -1.4881e-01 -1.1027e+00 -1.3996e-01 -2.2157e-01 -2.5334e-01 -1.2692e-01 -8.5766e-02 -2.7642e-01 4.3955e-01 7.6875e-01 1.9043e+00 -3.1948e-02 -2.2564e-01 -3.7868e-03 -2.5817e-02 -9.0476e-02 -9.2274e-02 1.5604e-02 -7.3381e-02 1.2734e+00 3.0634e-01 -4.9428e-02 -4.5582e-02 -4.5852e-02 -1.3622e-01 3.5077e-01
-1.1533e-01 9.4716e-01 -1.1318e-01 -1.1507e-01 -6.8618e-01 -1.3411e+00 -4.0232e-01 4.9471e-01 1.8955e-01 3.0349e-01 -2.1823e-01 -7.1401e-02 -4.3566e-01 3.7411e-01 -4.4737e-02 5.5404e-01 -3.4878e-01 4.1680e-03 -6.2662e-02 8.0092e+00 -2.1695e-01 -1.4440e+00 -5.1560e-01 -1.2456e+00 -1.6384e-02 6.0806e-02 1.3549e-01 9.5010e-02 -8.6670e-02 -1.3646e+00 -5.2021e-02 -4.4020e-02 -4.8211e-02 -3.7229e-01 1.2151e+00 -6.1066e-01 -2.4985e-01 -5.5168e-02 -9.9369e-02 -3.5602e-01 -3.8083e-02 2.2410e-03 1.6806e-01 8.6740e-02 1.1636e-01 4.2741e-02 -9.9296e-02 1.1214e-02 -6.6305e-02 1.8381e-01 -6.3559e-02 -3.4098e-01
-5.4761e-01 1.0391e+00 -1.0260e-01 -4.7184e+00 -8.1746e-01 -1.7521e+00 -6.3553e-02 1.0023e+00 1.0076e+00 -1.4440e+00 -4.3008e-01 1.3379e+00 -6.4514e-01 1.5834e+00 -4.2788e-03 -4.6828e+00 -9.7010e-01 1.1257e+00 -9.3161e-02 -2.1695e-01 1.6940e+01 -3.8630e+00 7.6655e+00 -4.2854e+00 1.7228e+00 -9.2979e-01 1.7609e-01 -1.0710e+00 -3.5469e-01 -5.0625e+00 1.4692e-01 -2.5237e-01 -7.6992e-01 -2.0343e-01 6.3998e-01 1.6694e+00 -7.3790e-01 -7.1211e-02 -2.0541e-01 -8.8886e-01 -4.7717e-02 -1.9250e-01 -1.3012e-01 -3.0558e-02 -1.3845e-01 -2.4457e-01 -3.7068e-01 -1.8606e-01 -2.1692e-01 -5.5877e-02 -4.4959e-01 9.5822e-03
7.7127e+00 -4.1207e+01 -1.0332e+00 -2.3803e+01 6.1855e+01 5.7714e+01 6.2306e+00 1.0222e+01 -2.9448e+01 -3.7644e+01 -3.8340e+01 4.1030e+00 -3.8679e+01 -1.1856e+02 5.0305e-01 -7.0101e+01 -6.1830e+01 9.9172e-01 -8.6460e-01 -1.4440e+00 -3.8630e+00 2.0094e+02 7.8432e+01 6.0193e+01 -5.3994e+00 -1.5327e+01 -5.3251e+00 -2.6158e-01 1.7843e+00 2.3680e+01 7.9675e+00 -3.5847e+00 -1.1466e+01 3.2821e+01 1.3566e+00 5.4447e+00 3.8672e+00 -1.3971e+00 -4.3607e-01 -9.6932e+00 -1.7377e+00 7.8210e-01 6.1952e+00 -1.9334e-01 -2.0919e+00 -2.5151e+00 1.2550e-01 4.5525e-01 2.2603e-01 -3.2342e+00 -4.1305e+00 1.9496e+01
2.8600e+00 -2.2811e+01 -5.5978e-01 -2.8171e+01 5.8604e+01 4.3777e+01 5.6600e+00 1.4466e+01 -2.6117e+01 -3.4071e+01 -1.9529e+01 7.9530e+00 -2.1085e+01 -9.0693e+01 6.9538e-03 -8.8555e+01 -4.1632e+01 4.7680e-02 -1.0059e+00 -5.1560e-01 7.6655e+00 7.8432e+01 1.4403e+02 2.0235e+01 -2.1607e+01 -5.1864e+00 -7.3957e+00 -2.3342e+01 6.3332e-01 -2.3748e+00 -8.1604e+00 1.8667e+00 5.4858e+00 3.8951e+01 2.6766e+01 2.6232e+01 -2.0710e+01 -7.7052e-01 1.3558e+00 -1.4242e+01 -1.7014e+00 3.1456e-01 4.4782e+00 -1.7544e-01 3.0286e+00 -1.1143e+00 1.0941e+00 -1.4678e-03 -6.0428e-02 9.7671e-02 -3.9390e-01 2.5923e+00
-2.9599e+00 -1.3233e+01 -8.8881e-01 -1.7969e+01 1.8170e+01 9.6609e+00 6.5000e+00 -3.6139e-01 -1.7556e+00 -1.1939e+01 -2.5532e+00 -4.0382e+00 -5.6105e+00 -2.1423e+01 1.0915e+00 -3.4862e+01 -5.5149e+00 5.4802e-01 4.1667e-03 -1.2456e+00 -4.2854e+00 6.0193e+01 2.0235e+01 1.3135e+02 -1.1214e+01 -1.1410e+01 -5.1812e+00 7.2215e+00 -8.5972e-02 1.1954e+01 4.0583e+00 7.0270e-01 3.2856e+01 -1.3024e+01 -3.4871e+01 -2.8697e+01 2.4230e+01 -3.9927e-01 -3.5679e-01 8.3299e+00 -3.7659e-01 -1.3589e+00 -4.0643e+00 -1.4284e-01 -2.4741e+00 -2.1686e+00 2.8729e+00 -2.1467e-01 -1.0858e+00 -6.3019e-01 3.2365e-01 1.0087e+00
1.0778e+01 3.0476e+00 -4.0194e-01 1.4712e+00 -8.4929e+00 -1.5765e+01 -2.6441e+00 -2.6443e+00 5.5087e+00 5.2469e+00 -2.8493e+00 -2.8379e+00 -5.3414e+00 1.6351e+01 7.3799e-02 1.4551e+01 -7.0504e+00 -5.6047e-01 -6.4607e-01 -1.6384e-02 1.7228e+00 -5.3994e+00 -2.1607e+01 -1.1214e+01 5.4744e+01 3.2281e+00 6.5395e+00 2.0354e+01 -6.6124e-01 1.6142e+00 6.3646e+00 -1.2918e+00 -8.1798e+00 -6.8808e+00 -2.2822e+01 -2.0806e+01 -1.9534e+01 3.2355e-01 -1.7816e-01 -2.6136e+00 -3.5805e-02 -5.9565e-01 -1.5143e+00 3.6519e-01 -1.6906e-01 -2.9232e+00 -1.2883e+00 7.6020e-02 -4.0815e-01 -1.4391e-01 -3.8038e-02 1.5308e+00
-8.6825e+00 9.6881e-01 -8.2435e-01 1.6602e+00 -4.3310e+00 6.8588e+00 -2.0926e+00 -2.6470e+01 1.1541e+01 2.8040e+01 1.0455e+01 -6.9178e+00 1.1293e+01 2.7556e+00 -5.7622e-01 -2.1111e+01 7.4634e+00 1.1554e+00 2.2023e+00 6.0806e-02 -9.2979e-01 -1.5327e+01 -5.1864e+00 -1.1410e+01 3.2281e+00 8.6358e+01 2.8293e+00 -2.1423e+01 -2.9089e-01 -6.2912e+00 -3.3415e+00 -2.7105e+00 -2.6084e+00 2.3434e+01 1.4374e+01 2.3365e+01 -3.1562e+01 1.9035e-01 -4.6496e-01 1.9378e+01 -7.2123e-01 -5.0947e-01 -1.1475e+00 -2.7313e-01 4.5472e+00 -1.7265e+00 2.5372e-01 3.0566e-01 -1.9906e-01 -1.9973e-01 -2.7599e-01 -1.3158e+00
-1.6235e+00 2.4644e-01 -1.8019e-01 1.1226e+00 -2.4222e+00 -2.0560e+00 -6.8842e-01 -2.5585e+00 3.3338e+00 9.4510e+00 -3.3467e+00 -7.7459e-01 -2.2442e+00 5.5131e+00 -3.5163e-01 5.3674e+00 -2.1421e+00 -1.3267e-01 -1.4881e-01 1.3549e-01 1.7609e-01 -5.3251e+00 -7.3957e+00 -5.1812e+00 6.5395e+00 2.8293e+00 2.6938e+01 9.5159e+00 -3.8485e-01 6.6063e-01 -1.1081e+00 -3.9613e-01 -3.1646e+00 -1.9457e+00 -6.2331e+00 -6.0173e+00 3.7973e-01 -8.6635e-02 7.0552e-01 -1.0142e+00 2.2930e-02 -3.1216e-01 -1.4080e-01 1.1472e-01 -1.9162e-01 2.3526e+00 2.3124e-01 7.0985e-02 -2.1560e-01 -2.4343e-01 -3.2598e-01 3.5248e-01
1.3149e+01 -2.7726e-02 5.2628e-01 1.6848e+00 -1.5691e+01 -2.8440e+01 -3.4768e+00 -5.1318e-01 1.1506e+01 2.8989e+01 -3.6379e+00 -4.1598e+00 -7.4920e-01 1.7717e+01 2.9456e-01 1.5435e+01 -8.2313e+00 -5.3767e-01 -1.1027e+00 9.5010e-02 -1.0710e+00 -2.6158e-01 -2.3342e+01 7.2215e+00 2.0354e+01 -2.1423e+01 9.5159e+00 7.9861e+01 -5.9743e-01 1.6439e+00 5.6993e+00 -1.1958e-01 7.3197e+00 -2.0940e+01 -5.0884e+01 -4.8005e+01 -7.5308e+00 -2.1307e-01 1.8267e+00 -6.5541e+00 -8.7226e-02 -1.3945e+00 2.1432e+00 2.3158e-01 -1.4574e+00 -3.7473e+00 -1.0677e+00 8.6407e-02 2.4520e-01 -5.3475e-01 9.7086e-02 2.2691e+00
2.5145e-02 -1.5927e+00 -1.8120e-01 -1.7141e+00 9.2142e-01 1.3259e+00 1.6357e+00 -1.3224e-01 -1.6578e+00 -9.2363e-01 -2.9978e-01 2.3227e-01 -3.8390e-01 -1.1303e+00 4.9528e-01 -4.6231e-01 -4.4993e-01 -1.6531e-01 -1.3996e-01 -8.6670e-02 -3.5469e-01 1.7843e+00 6.3332e-01 -8.5972e-02 -6.6124e-01 -2.9089e-01 -3.8485e-01 -5.9743e-01 1.2708e+01 9.1219e-01 -3.2110e-01 1.2870e-02 -9.0772e-01 2.8805e+00 -5.9300e-01 -5.6679e-01 -5.3012e-02 -5.9107e-02 -1.6739e-01 -2.2424e-01 -5.1136e-02 -5.9335e-02 -1.8881e-01 -2.0977e-02 -9.3505e-02 -9.6000e-04 -1.3237e-01 -1.0856e-01 -1.3863e-01 -1.3973e-01 2.2363e-01 -4.8154e-01
1.9499e+00 -2.7698e+01 3.4986e+00 5.2297e+00 1.8634e+01 1.3829e+01 5.7311e+00 1.1029e+01 -3.2668e-03 -1.0256e+00 1.0976e+00 -1.9599e+00 -2.0507e+00 -2.7368e+01 -1.2726e-01 2.1262e+01 2.6677e+00 6.2638e-02 -2.2157e-01 -1.3646e+00 -5.0625e+00 2.3680e+01 -2.3748e+00 1.1954e+01 1.6142e+00 -6.2912e+00 6.6063e-01 1.6439e+00 9.1219e-01 7.7854e+01 1.1628e-01 -6.8286e-01 1.9752e+00 -6.1538e+00 -3.9788e+00 1.0457e+00 -1.0313e+00 1.6448e-01 -1.4113e-02 5.2368e+00 9.6915e-02 9.0362e-01 3.9109e-01 1.8270e-02 3.4679e+00 -1.0527e+00 -1.5433e-01 1.1924e-01 -1.5999e-01 3.5973e+00 1.7725e+01 -5.7858e+00
1.6063e+00 6.4085e-01 -3.0098e-01 9.5676e-01 -3.0745e-01 8.4685e-02 -7.7609e-01 4.9505e+00 -6.5455e-01 -5.6913e+00 -2.3646e+00 -1.1571e+00 -1.7080e+00 5.3960e-01 -1.5721e-01 3.2341e+00 -2.6370e+00 1.9016e-01 -2.5334e-01 -5.2021e-02 1.4692e-01 7.9675e+00 -8.1604e+00 4.0583e+00 6.3646e+00 -3.3415e+00 -1.1081e+00 5.6993e+00 -3.2110e-01 1.1628e-01 2.6443e+01 -5.4145e-01 -2.4502e+00 -1.6786e+00 -6.8820e+00 -6.6483e+00 9.9414e-01 2.4552e-01 -5.2772e-01 -1.0037e+00 -7.2608e-02 -5.3290e-01 -6.8145e-01 -4.0235e-02 -3.8152e-02 -1.2609e+00 -1.2946e-01 -1.4587e-01 -1.4380e-01 -4.7130e-02 -2.3162e-01 8.4196e-01
-1.3579e+00 1.6924e+00 -2.0612e-01 -1.2074e-01 -9.2126e-01 -1.2100e-01 3.8191e-01 2.4383e+00 -1.4273e-01 -2.7655e+00 4.1562e-01 -8.3844e-01 3.8140e-01 1.6393e-02 -2.3130e-03 1.3557e+00 8.6809e-02 1.4642e-01 -1.2692e-01 -4.4020e-02 -2.5237e-01 -3.5847e+00 1.8667e+00 7.0270e-01 -1.2918e+00 -2.7105e+00 -3.9613e-01 -1.1958e-01 1.2870e-02 -6.8286e-01 -5.4145e-01 1.4801e+01 1.0278e+00 -1.4148e+00 5.1538e-01 -1.1586e+00 7.7353e-01 -1.0434e-02 5.0242e-02 -6.7500e-01 -5.5478e-02 3.5218e-02 -1.8230e-01 4.2795e-03 -2.2829e-01 -9.6440e-01 -1.3701e-01 -1.2697e-01 -6.5596e-02 -1.1027e-01 2.6745e-01 -2.9361e+00
-4.8881e-02 2.8228e+00 -5.1493e-01 1.0573e+00 -1.7183e+00 -1.8532e+01 -3.0110e+00 -1.5451e+00 1.4165e+01 6.0496e+00 1.0803e+01 -2.9731e+00 1.2042e+01 6.4474e-01 9.6782e-01 -7.4723e+00 4.9686e+00 -8.2220e-02 -8.5766e-02 -4.8211e-02 -7.6992e-01 -1.1466e+01 5.4858e+00 3.2856e+01 -8.1798e+00 -2.6084e+00 -3.1646e+00 7.3197e+00 -9.0772e-01 1.9752e+00 -2.4502e+00 1.0278e+00 7.6753e+01 -2.0852e+01 -3.8212e+01 -2.8013e+01 -2.8155e+01 -3.3430e-01 -7.4289e-02 8.0284e+00 -1.9917e-01 -6.7366e-01 -1.6629e+00 -9.7011e-02 -1.1675e+00 -9.2491e-01 2.6213e+00 3.4360e-01 -2.3124e-01 -3.4716e-01 8.8888e-03 5.2115e-01
-6.1226e+00 8.4979e-01 -1.5101e+00 1.0254e+00 2.0796e+01 2.4554e+01 -2.5913e-01 -1.5645e+01 -1.2595e+01 -1.4326e+01 -1.7181e+01 -4.2948e+00 -1.6898e+01 -2.9967e+01 -1.4197e+00 -4.7347e+01 -2.5063e+01 -2.7946e-01 -2.7642e-01 -3.7229e-01 -2.0343e-01 3.2821e+01 3.8951e+01 -1.3024e+01 -6.8808e+00 2.3434e+01 -1.9457e+00 -2.0940e+01 2.8805e+00 -6.1538e+00 -1.6786e+00 -1.4148e+00 -2.0852e+01 1.0081e+02 3.6355e+01 2.4861e+01 -3.5523e+01 8.2256e-01 5.7168e-01 -1.2787e+01 -1.1346e+00 -1.4041e+00 -1.2788e+00 -3.3942e-01 5.0898e+00 -4.3595e+00 -2.3225e-01 9.2371e-02 -5.2054e-01 -3.9484e-01 -6.0290e-01 -6.8769e-01
-8.6560e+00 -5.8129e+00 -4.1428e-01 -6.1162e+00 2.0217e+01 4.2602e+01 1.5965e+00 1.9863e+00 -2.6195e+01 -1.2530e+01 5.4745e+00 6.9164e+00 7.6038e+00 -1.7802e+01 -1.0054e+00 -1.3842e+01 2.0340e+01 -2.4743e-01 4.3955e-01 1.2151e+00 6.3998e-01 1.3566e+00 2.6766e+01 -3.4871e+01 -2.2822e+01 1.4374e+01 -6.2331e+00 -5.0884e+01 -5.9300e-01 -3.9788e+00 -6.8820e+00 5.1538e-01 -3.8212e+01 3.6355e+01 1.0795e+02 7.3328e+01 7.8535e+00 -6.3611e-02 -2.9710e-01 5.4110e-01 5.8876e-01 1.4355e+00 -2.3421e+00 3.7391e-02 9.7444e-01 2.1406e+00 -6.8625e-01 -4.4371e-01 1.7974e-01 -6.4982e-01 -5.9022e-01 -2.0619e+00
-4.6354e+00 -8.0296e+00 -2.9698e-01 -1.0264e+01 2.4968e+01 5.0994e+01 2.0118e+00 -2.4246e+00 -3.8084e+01 -9.0115e+00 7.7191e+00 4.8990e+00 8.7149e+00 -1.6429e+01 -1.5649e+00 -2.7756e+01 1.6288e+01 -3.6308e-01 7.6875e-01 -6.1066e-01 1.6694e+00 5.4447e+00 2.6232e+01 -2.8697e+01 -2.0806e+01 2.3365e+01 -6.0173e+00 -4.8005e+01 -5.6679e-01 1.0457e+00 -6.6483e+00 -1.1586e+00 -2.8013e+01 2.4861e+01 7.3328e+01 1.1842e+02 7.9693e+00 -1.3705e-02 -2.7121e-01 8.4964e+00 8.9035e-01 1.7808e+00 5.9247e+00 2.8753e-01 2.1726e+00 2.0721e+00 7.7938e-02 -1.2114e-02 1.0167e+00 -4.1928e-02 -9.2804e-02 -8.4692e-01
-1.1557e+01 -4.5836e+00 1.4133e+00 1.2951e+00 4.7180e-01 1.3542e+01 1.2145e+01 1.9591e+01 -1.1396e+01 -1.7433e+01 -6.4801e+00 6.0639e+00 -4.3713e+00 1.0516e+01 -1.6985e+00 3.2878e+01 8.5839e+00 2.6995e-01 1.9043e+00 -2.4985e-01 -7.3790e-01 3.8672e+00 -2.0710e+01 2.4230e+01 -1.9534e+01 -3.1562e+01 3.7973e-01 -7.5308e+00 -5.3012e-02 -1.0313e+00 9.9414e-01 7.7353e-01 -2.8155e+01 -3.5523e+01 7.8535e+00 7.9693e+00 1.6578e+02 2.1953e-01 -7.2075e-01 -9.8552e+00 2.6358e+00 2.5794e+00 -2.3048e+00 5.7192e-01 -3.2778e+00 6.8268e+00 1.5619e+00 -4.5588e-01 -3.4911e-02 -4.0824e-01 3.0321e-02 -8.4259e-01
4.4096e-01 -1.0461e+00 -4.2647e-02 -8.4398e-01 9.2788e-01 -6.2475e-01 -2.5155e-01 1.9838e+00 -6.5344e-01 -2.6918e-01 -2.0336e-01 -1.0481e-01 -3.3275e-01 -3.3857e-01 -2.7596e-02 -1.1745e-02 3.3427e-01 2.1526e-01 -3.1948e-02 -5.5168e-02 -7.1211e-02 -1.3971e+00 -7.7052e-01 -3.9927e-01 3.2355e-01 1.9035e-01 -8.6635e-02 -2.1307e-01 -5.9107e-02 1.6448e-01 2.4552e-01 -1.0434e-02 -3.3430e-01 8.2256e-01 -6.3611e-02 -1.3705e-02 2.1953e-01 6.5858e+00 9.7300e-02 2.9309e-01 2.7308e-02 -9.3236e-02 2.4009e-02 -1.3388e-02 1.3971e+00 -4.8099e-02 -1.4088e-02 -9.6247e-03 -3.6253e-02 2.0148e-02 -3.1490e-01 -2.0323e-01
-2.8410e-01 -7.2639e-02 -1.3878e-01 -8.9974e-02 8.2905e-01 1.2495e+00 -6.9863e-01 6.0548e-01 -4.4409e-01 -7.0826e-02 -7.3543e-02 1.9589e+00 2.5560e-01 7.1205e-01 -6.1586e-02 -4.3501e-01 -2.8835e-01 -5.7107e-02 -2.2564e-01 -9.9369e-02 -2.0541e-01 -4.3607e-01 1.3558e+00 -3.5679e-01 -1.7816e-01 -4.6496e-01 7.0552e-01 1.8267e+00 -1.6739e-01 -1.4113e-02 -5.2772e-01 5.0242e-02 -7.4289e-02 5.7168e-01 -2.9710e-01 -2.7121e-01 -7.2075e-01 9.7300e-02 1.4016e+01 5.8980e-01 7.2528e-02 -1.9224e-01 8.0191e-01 1.1037e-01 -1.5641e-01 -4.6354e-01 -2.8133e-01 -1.0369e-01 1.0100e-01 -8.5924e-02 -1.6954e-02 3.6271e-01
6.2849e-01 -1.1762e+01 -1.6519e-01 -7.8188e+00 5.5825e+00 1.1705e+01 -2.5521e+00 -6.4080e+00 5.5128e-01 1.4292e+01 2.0532e+01 -1.2503e-01 1.8167e+01 8.2711e+00 2.4223e-01 6.3383e+00 2.1868e+01 5.1519e-01 -3.7868e-03 -3.5602e-01 -8.8886e-01 -9.6932e+00 -1.4242e+01 8.3299e+00 -2.6136e+00 1.9378e+01 -1.0142e+00 -6.5541e+00 -2.2424e-01 5.2368e+00 -1.0037e+00 -6.7500e-01 8.0284e+00 -1.2787e+01 5.4110e-01 8.4964e+00 -9.8552e+00 2.9309e-01 5.8980e-01 5.8472e+01 -5.2319e-01 6.7202e-01 6.6041e-01 -2.0991e-01 -2.1518e+00 -8.5239e-01 4.5583e-01 5.0955e-01 8.5108e-02 -5.9053e-01 1.3630e-01 -6.4046e-01
-2.2497e-01 -1.6525e-01 -8.4064e-02 -1.2340e-01 9.0870e-02 3.9750e-01 -1.3980e-01 -5.3646e-01 2.6011e-01 1.7793e+00 1.9609e+00 6.9138e-02 2.0541e+00 1.5065e+00 -1.1768e-01 1.4314e+00 2.0846e+00 1.1988e-01 -2.5817e-02 -3.8083e-02 -4.7717e-02 -1.7377e+00 -1.7014e+00 -3.7659e-01 -3.5805e-02 -7.2123e-01 2.2930e-02 -8.7226e-02 -5.1136e-02 9.6915e-02 -7.2608e-02 -5.5478e-02 -1.9917e-01 -1.1346e+00 5.8876e-01 8.9035e-01 2.6358e+00 2.7308e-02 7.2528e-02 -5.2319e-01 7.3947e+00 -1.4948e-01 2.5706e-02 -5.1043e-02 -2.8478e-01 -2.3149e-02 -7.2949e-02 -1.5772e-02 -1.6405e-02 -7.5877e-02 -4.6228e-03 8.0114e-02
-7.9843e-01 -1.9157e+00 -6.8223e-02 -1.3754e+00 1.4232e+00 3.0609e+00 -5.1882e-01 1.5144e+00 -1.3689e+00 -1.1590e+00 5.5759e-01 6.6191e-01 8.1070e-03 -9.8594e-01 1.8201e-01 3.7571e-01 9.7829e-01 -5.8065e-02 -9.0476e-02 2.2410e-03 -1.9250e-01 7.8210e-01 3.1456e-01 -1.3589e+00 -5.9565e-01 -5.0947e-01 -3.1216e-01 -1.3945e+00 -5.9335e-02 9.0362e-01 -5.3290e-01 3.5218e-02 -6.7366e-01 -1.4041e+00 1.4355e+00 1.7808e+00 2.5794e+00 -9.3236e-02 -1.9224e-01 6.7202e-01 -1.4948e-01 1.5628e+01 -1.6704e-01 -3.4667e-02 -4.1613e-01 -5.6377e-01 -1.3164e-01 -1.3537e-03 -6.3432e-02 9.0000e-06 4.6316e-02 3.1135e-01
1.8664e+00 -1.7341e+00 -1.2604e-01 -1.3665e+00 4.7235e+00 4.5028e+00 -7.3458e-01 -3.1046e-01 -4.4388e+00 2.1543e+00 -7.3238e-01 2.5204e-01 -9.0993e-01 -3.9169e+00 -6.8395e-02 -3.8902e+00 -2.2152e-01 4.8864e-01 -9.2274e-02 1.6806e-01 -1.3012e-01 6.1952e+00 4.4782e+00 -4.0643e+00 -1.5143e+00 -1.1475e+00 -1.4080e-01 2.1432e+00 -1.8881e-01 3.9109e-01 -6.8145e-01 -1.8230e-01 -1.6629e+00 -1.2788e+00 -2.3421e+00 5.9247e+00 -2.3048e+00 2.4009e-02 8.0191e-01 6.6041e-01 2.5706e-02 -1.6704e-01 1.7531e+01 -1.0842e-02 -2.3019e-02 -3.9608e-01 1.5450e-01 -1.2805e-01 6.1290e-01 -1.3900e-01 -1.2294e-01 1.7970e-01
7.8588e-03 1.7742e-01 -3.7543e-02 1.6341e-01 2.2755e-01 1.0125e-02 -1.2662e-01 -3.1222e-02 -5.8786e-01 -3.3047e-01 -1.8719e-01 -5.0605e-02 -2.0227e-01 -1.7315e-02 -4.4083e-02 2.1864e-01 4.2214e-01 -2.2595e-02 1.5604e-02 8.6740e-02 -3.0558e-02 -1.9334e-01 -1.7544e-01 -1.4284e-01 3.6519e-01 -2.7313e-01 1.1472e-01 2.3158e-01 -2.0977e-02 1.8270e-02 -4.0235e-02 4.2795e-03 -9.7011e-02 -3.3942e-01 3.7391e-02 2.8753e-01 5.7192e-01 -1.3388e-02 1.1037e-01 -2.0991e-01 -5.1043e-02 -3.4667e-02 -1.0842e-02 4.0990e+00 4.6115e-02 -7.1283e-03 -2.0188e-02 -8.0973e-03 -1.2736e-02 6.0137e-02 -2.1740e-02 -5.5171e-02
-5.9436e-01 -5.6211e+00 -3.7494e-01 -2.7133e+00 7.4666e+00 -6.1686e-01 -1.3200e+00 7.5316e+00 5.2558e-01 -1.4594e+00 -1.1221e+00 -2.5023e-01 1.1354e+00 -8.0454e+00 2.6418e-01 -6.9403e+00 -2.7933e+00 -2.0841e-01 -7.3381e-02 1.1636e-01 -1.3845e-01 -2.0919e+00 3.0286e+00 -2.4741e+00 -1.6906e-01 4.5472e+00 -1.9162e-01 -1.4574e+00 -9.3505e-02 3.4679e+00 -3.8152e-02 -2.2829e-01 -1.1675e+00 5.0898e+00 9.7444e-01 2.1726e+00 -3.2778e+00 1.3971e+00 -1.5641e-01 -2.1518e+00 -2.8478e-01 -4.1613e-01 -2.3019e-02 4.6115e-02 2.3266e+01 -1.6124e-01 -2.0739e-01 2.2240e-02 -1.4858e-03 1.0302e+01 -6.3497e-01 2.6835e+00
-1.8475e+00 7.0171e-01 -1.2383e-01 -2.5849e-01 -1.3549e+00 -1.8244e+00 -8.8892e-02 2.9222e+00 1.3915e+00 -1.8770e+00 -1.6012e+00 -1.6976e-01 -1.8872e+00 -1.1822e-03 -1.3763e-01 1.3430e+00 -1.3496e+00 -1.2106e-01 1.2734e+00 4.2741e-02 -2.4457e-01 -2.5151e+00 -1.1143e+00 -2.1686e+00 -2.9232e+00 -1.7265e+00 2.3526e+00 -3.7473e+00 -9.6000e-04 -1.0527e+00 -1.2609e+00 -9.6440e-01 -9.2491e-01 -4.3595e+00 2.1406e+00 2.0721e+00 6.8268e+00 -4.8099e-02 -4.6354e-01 -8.5239e-01 -2.3149e-02 -5.6377e-01 -3.9608e-01 -7.1283e-03 -1.6124e-01 2.1750e+01 -2.9827e-01 -1.5085e-01 3.3652e-02 -3.5807e-02 1.1439e-01 -5.8478e-01
1.9333e-01 -1.2906e+00 7.7846e-01 -1.9548e+00 6.1896e-01 1.4116e+00 3.3118e+00 -7.0256e-01 -2.8574e+00 -1.0319e+00 -8.9284e-01 6.2322e-01 -5.8830e-01 7.5128e-01 1.1445e-01 -7.6333e-01 5.4725e-01 5.2522e-01 3.0634e-01 -9.9296e-02 -3.7068e-01 1.2550e-01 1.0941e+00 2.8729e+00 -1.2883e+00 2.5372e-01 2.3124e-01 -1.0677e+00 -1.3237e-01 -1.5433e-01 -1.2946e-01 -1.3701e-01 2.6213e+00 -2.3225e-01 -6.8625e-01 7.7938e-02 1.5619e+00 -1.4088e-02 -2.8133e-01 4.5583e-01 -7.2949e-02 -1.3164e-01 1.5450e-01 -2.0188e-02 -2.0739e-01 -2.9827e-01 1.7713e+01 5.1074e-01 -6.1779e-02 -1.9473e-01 -5.2105e-02 3.2183e-01
8.7783e-01 1.9298e-01 3.6470e-03 6.1566e-01 -8.9209e-01 -4.2952e-01 -2.8371e-01 -3.3751e-01 2.1542e-01 2.5925e-01 -2.9790e-01 -2.5824e-02 -2.8368e-01 7.2238e-01 -3.7247e-02 -3.0875e-02 -3.6212e-01 -3.4927e-02 -4.9428e-02 1.1214e-02 -1.8606e-01 4.5525e-01 -1.4678e-03 -2.1467e-01 7.6020e-02 3.0566e-01 7.0985e-02 8.6407e-02 -1.0856e-01 1.1924e-01 -1.4587e-01 -1.2697e-01 3.4360e-01 9.2371e-02 -4.4371e-01 -1.2114e-02 -4.5588e-01 -9.6247e-03 -1.0369e-01 5.0955e-01 -1.5772e-02 -1.3537e-03 -1.2805e-01 -8.0973e-03 2.2240e-02 -1.5085e-01 5.1074e-01 6.7580e+00 -5.2093e-02 -6.0000e-02 -7.0977e-03 3.8335e-01
-2.5763e-01 -7.9421e-01 -7.1683e-02 5.2234e-01 6.2222e-01 9.8081e-01 -1.5565e-01 5.2699e-01 -6.7997e-01 9.9897e-02 1.0862e-01 3.3721e-02 1.0792e+00 -6.1240e-01 -6.2932e-02 -4.9947e-01 9.6189e-02 -9.6409e-02 -4.5582e-02 -6.6305e-02 -2.1692e-01 2.2603e-01 -6.0428e-02 -1.0858e+00 -4.0815e-01 -1.9906e-01 -2.1560e-01 2.4520e-01 -1.3863e-01 -1.5999e-01 -1.4380e-01 -6.5596e-02 -2.3124e-01 -5.2054e-01 1.7974e-01 1.0167e+00 -3.4911e-02 -3.6253e-02 1.0100e-01 8.5108e-02 -1.6405e-02 -6.3432e-02 6.1290e-01 -1.2736e-02 -1.4858e-03 3.3652e-02 -6.1779e-02 -5.2093e-02 8.2929e+00 -9.7557e-02 4.2032e-01 9.7327e-02
-3.0918e-01 -4.4513e+00 -3.2387e-01 -2.0237e+00 5.3811e+00 -1.6104e+00 -4.7581e-01 7.8933e+00 -1.6455e-01 -8.1371e-01 2.1558e-01 -2.3059e-01 2.1425e+00 -4.2720e+00 2.0868e-01 -7.9904e-01 -3.2454e-01 -7.2381e-02 -4.5852e-02 1.8381e-01 -5.5877e-02 -3.2342e+00 9.7671e-02 -6.3019e-01 -1.4391e-01 -1.9973e-01 -2.4343e-01 -5.3475e-01 -1.3973e-01 3.5973e+00 -4.7130e-02 -1.1027e-01 -3.4716e-01 -3.9484e-01 -6.4982e-01 -4.1928e-02 -4.0824e-01 2.0148e-02 -8.5924e-02 -5.9053e-01 -7.5877e-02 9.0000e-06 -1.3900e-01 6.0137e-02 1.0302e+01 -3.5807e-02 -1.9473e-01 -6.0000e-02 -9.7557e-02 1.6768e+01 -1.2500e-02 1.6326e+00
-3.1100e-02 5.5837e+00 1.5071e+00 -1.2326e+00 -1.6725e+00 1.4846e-01 1.9297e+00 1.4127e+00 -3.9832e-02 1.9260e+00 -3.2970e-01 -1.6175e-02 -8.4669e-02 3.4522e-01 -6.6222e-02 7.6753e-01 1.4917e-01 -6.2791e-01 -1.3622e-01 -6.3559e-02 -4.4959e-01 -4.1305e+00 -3.9390e-01 3.2365e-01 -3.8038e-02 -2.7599e-01 -3.2598e-01 9.7086e-02 2.2363e-01 1.7725e+01 -2.3162e-01 2.6745e-01 8.8888e-03 -6.0290e-01 -5.9022e-01 -9.2804e-02 3.0321e-02 -3.1490e-01 -1.6954e-02 1.3630e-01 -4.6228e-03 4.6316e-02 -1.2294e-01 -2.1740e-02 -6.3497e-01 1.1439e-01 -5.2105e-02 -7.0977e-03 4.2032e-01 -1.2500e-02 2.2709e+01 -4.6704e+00
8.3355e-01 2.2227e+00 -2.9234e+00 -9.5728e-02 1.0889e+00 1.8633e+00 -2.1224e+00 -2.9114e+00 1.7601e-02 -6.5650e-01 6.3081e-01 6.8709e-01 5.4422e-01 1.3576e+01 7.1407e-02 1.9579e+00 -5.8072e-01 2.0295e-01 3.5077e-01 -3.4098e-01 9.5822e-03 1.9496e+01 2.5923e+00 1.0087e+00 1.5308e+00 -1.3158e+00 3.5248e-01 2.2691e+00 -4.8154e-01 -5.7858e+00 8.4196e-01 -2.9361e+00 5.2115e-01 -6.8769e-01 -2.0619e+00 -8.4692e-01 -8.4259e-01 -2.0323e-01 3.6271e-01 -6.4046e-01 8.0114e-02 3.1135e-01 1.7970e-01 -5.5171e-02 2.6835e+00 -5.8478e-01 3.2183e-01 3.8335e-01 9.7327e-02 1.6326e+00 -4.6704e+00 3.4184e+01
