4.2399e+01 1.1268e+01 1.9299e+01 -1.1898e+00 -5.9933e-01 -1.6113e+00 -3.8142e-01 6.8203e-01 -2.4126e+00 2.0977e+00 5.3628e-01 -8.8907e+00 -3.8826e-02 -1.9543e-01 1.8970e-01 -2.3330e+00 -2.3791e+00 -4.0218e+00 -9.6885e-01 -1.0758e-01 -2.5309e-01 -1.1978e+00 3.1495e-02 -5.3829e+00 -5.8725e-01 3.1247e-01 9.5129e-02 -5.7384e-01 -9.0140e-02 -2.1277e-01 -1.0133e+00 9.0641e-02 1.4914e-01 6.0019e-02 -4.8363e-01 -9.9695e-02 -1.1769e+00 3.2589e-01 -4.4585e+00 2.3101e-01 -4.7648e-02 4.6851e-02 -1.8358e-01 -1.9514e-01 -4.1720e-02 2.2302e-01 -1.5413e-01 3.5097e-02 -1.2456e-01 8.6648e-02 -1.5750e+00 -1.2304e+00
1.1268e+01 4.1681e+01 1.7190e+01 -3.6282e-01 -9.1099e-02 2.4948e+00 2.0690e-01 -7.2598e+00 -1.3043e+01 -3.7629e+00 2.3552e+00 -6.0067e+00 4.2875e-01 -1.1850e+00 -3.9714e-01 -1.8294e+00 -5.9368e-01 -2.2728e+00 -3.9051e-01 9.2529e-01 2.4912e-01 1.4319e+00 1.7895e-01 -3.0859e+00 -2.2922e-01 -7.8156e-01 -5.8908e-01 1.4920e-01 -2.0804e-01 -3.9993e-01 -2.6681e-01 -9.6979e-02 -2.5817e-01 5.0269e-02 -4.3005e-01 -6.0419e-01 -6.9645e-01 4.4757e-01 -9.0985e-01 1.9513e-01 -5.3676e-02 -9.0410e-01 -2.7050e-02 -2.3999e-01 -1.2204e-01 -8.5613e-02 7.5819e-01 -2.4742e-02 -7.6782e-03 6.5640e-03 -9.7921e-01 1.3750e+00
1.9299e+01 1.7190e+01 6.5189e+01 -3.2313e+00 -8.8903e-01 -1.5327e+00 -1.1355e+01 -1.8675e+01 -2.3864e+00 -6.8723e+00 8.2596e-01 -9.9392e+00 -4.4484e-01 -7.0126e-01 -5.1792e-02 6.7359e+00 3.5874e+00 4.2080e+00 -9.3324e-01 6.4131e-01 -3.4187e-01 1.1397e-01 8.5184e-01 -5.6489e+00 -2.0242e+00 1.4078e-01 6.8698e-03 -1.3028e-01 -1.2066e+00 -9.2923e-02 1.2869e+00 1.1378e-01 1.0083e-01 -2.4662e-01 -1.4673e+00 6.9653e-01 -5.7415e-01 3.9494e-01 -3.6864e+00 -1.5151e-01 -8.6854e-02 -9.2582e-02 -8.1095e-01 1.4448e-01 -3.3443e-01 -3.3705e-01 -1.0899e-01 1.3927e-01 3.2390e-02 1.4019e-01 1.6627e+00 -8.1886e-01
-1.1898e+00 -3.6282e-01 -3.2313e+00 5.9579e+01 -1.1793e+00 1.7680e+00 -1.0559e+00 -1.0383e+00 4.8262e+00 5.5954e-02 -1.9389e+00 -5.1288e-01 -1.7310e+00 -3.8410e-01 -2.4081e+00 1.9944e+00 1.1944e+01 1.3377e+00 -1.2819e+01 -5.8391e-01 1.3945e+00 4.6283e-01 -1.1745e+00 3.4864e+00 1.4665e+01 -9.6324e+00 -6.4834e-01 1.0457e+00 1.3356e+00 3.9410e+00 -2.6255e-01 -3.0896e-01 6.6352e-02 1.2128e+00 -5.2513e-01 -6.6131e-01 -1.0145e+01 -2.2971e+00 3.7481e-01 2.4539e+00 -9.2522e-02 -1.0572e-01 9.7064e-01 9.3652e-02 -6.9585e-02 -2.7908e+00 1.3175e+01 -8.9584e-01 -2.9278e-01 -1.1732e-01 -6.3266e-01 1.7254e+00
-5.9933e-01 -9.1099e-02 -8.8903e-01 -1.1793e+00 7.2933e+01 1.1536e+01 -2.4484e-01 -1.7875e-01 -2.4243e+01 2.1483e-01 -1.8509e+01 -1.2427e+00 -2.4776e+00 -1.9349e-01 -5.7975e+00 3.6360e+00 -7.2632e+00 -5.3236e-01 -8.6528e-01 -3.2647e+00 1.8136e+00 -5.5836e-01 -1.1936e+00 5.1576e-01 2.8892e+01 -5.2446e+00 -1.4051e-01 -1.6113e+00 2.3356e+00 4.9279e-01 -2.6870e-01 -2.0410e+00 -1.8312e+00 4.6905e-01 -1.4868e-02 -1.3382e+00 2.4827e+00 -1.8147e+00 6.0362e-01 6.6999e+00 6.9567e-02 -3.9238e-01 -1.1525e-01 -6.1903e-02 3.2696e-01 1.0047e+00 4.4488e+00 2.3730e-01 2.0287e-01 -8.8202e-01 -9.8956e-01 -5.6798e-01
-1.6113e+00 2.4948e+00 -1.5327e+00 1.7680e+00 1.1536e+01 7.8568e+01 -3.9057e-01 -2.6446e-01 -1.5274e+01 -6.9744e-01 -2.2966e+01 -4.2513e-01 -8.6109e+00 -2.1207e+00 3.8612e-01 6.5750e+00 1.4202e+01 -2.2943e-01 9.5278e-01 2.0687e+00 1.9321e+00 -1.2638e+00 -9.7411e-01 -8.9228e-01 2.9399e+00 6.7547e+00 2.7150e-01 3.0266e-01 2.2301e+00 -6.3130e+00 -2.6368e-01 -2.2874e+00 -9.0004e-01 -5.7397e-01 -6.7463e-01 3.7243e-01 -4.2346e-01 2.2951e-02 2.9754e+00 -6.4334e-01 -8.7282e-01 -9.1548e-02 -4.8608e-01 -2.9152e-01 1.5453e-01 -2.0992e-01 1.0611e+00 1.5594e-01 2.0570e-01 -4.8963e-01 1.3990e+00 -1.3275e+00
-3.8142e-01 2.0690e-01 -1.1355e+01 -1.0559e+00 -2.4484e-01 -3.9057e-01 1.6589e+01 1.2817e+01 -1.6960e-01 5.4466e+00 2.1554e-01 8.5014e-01 -1.6626e-01 -3.0760e-01 -3.0529e-02 -7.5454e+00 -3.2261e+00 -7.4093e+00 7.3484e-02 8.6391e-02 3.8643e-02 3.7567e+00 -3.5296e-02 2.9947e-02 -3.7065e-01 1.6953e-01 -7.3161e-02 8.5616e-02 -1.9895e-01 -5.4847e-02 1.0682e-02 -8.0188e-03 1.8870e-01 7.6301e-02 1.2949e+00 -1.2531e+00 9.2607e-02 -2.5404e-01 -9.4775e-01 -1.5961e-01 7.3980e-03 6.6650e-02 -2.1617e-01 -1.6627e-01 -4.1342e-02 2.1947e-02 5.4836e-02 -1.2559e-01 -6.1958e-03 -3.7524e-02 5.6608e+00 3.3128e+00
6.8203e-01 -7.2598e+00 -1.8675e+01 -1.0383e+00 -1.7875e-01 -2.6446e-01 1.2817e+01 2.6583e+01 9.1486e-01 1.0844e+01 -4.3658e-01 2.3355e+00 -5.2309e-02 -5.7678e-01 1.6720e-02 -7.0115e+00 -4.0317e+00 -7.0639e+00 2.5827e-01 -9.2440e-01 1.2899e-01 2.9485e+00 3.1641e-02 7.0396e-01 -3.5388e-01 2.0201e-02 -2.3541e-02 8.4854e-02 -1.8482e-01 2.0585e-02 1.6768e-02 8.7976e-02 1.7583e-01 9.9440e-02 1.3850e+00 -8.6115e-01 3.8039e-01 -1.9687e-01 -1.3288e+00 1.0093e-01 3.1442e-02 2.4859e-01 -1.7964e-01 -1.2867e-01 -1.5978e-01 -1.8895e-01 2.7727e-01 -1.1694e-01 -2.3120e-01 -1.9520e-02 3.6664e+00 2.5404e+00
-2.4126e+00 -1.3043e+01 -2.3864e+00 4.8262e+00 -2.4243e+01 -1.5274e+01 -1.6960e-01 9.1486e-01 7.1336e+01 1.8717e+00 5.2562e+00 1.5990e+01 -4.8742e-01 8.4393e-01 3.8421e+00 1.9708e+00 -1.3803e+01 -2.2340e+00 -3.8973e+00 -1.9094e+00 -3.0825e+00 6.2165e-02 -8.4686e-02 1.4134e+01 3.4527e+00 -4.7692e+00 1.5461e+00 -2.6705e+00 -1.1721e+00 -1.4311e+00 -4.3400e-01 1.3187e+00 -9.1009e-01 -5.9172e-01 -3.7759e-01 -9.3807e-01 -6.6672e+00 -1.7433e-01 -2.5688e+00 -4.4061e+00 1.1942e-01 -4.0539e-01 8.3927e-02 2.3056e-01 -1.9551e-01 -1.6231e+00 -2.1127e+00 -3.4956e-01 -6.0363e-02 1.4629e+00 -3.5425e-01 7.1450e-02
2.0977e+00 -3.7629e+00 -6.8723e+00 5.5954e-02 2.1483e-01 -6.9744e-01 5.4466e+00 1.0844e+01 1.8717e+00 3.3001e+01 -2.1488e+00 5.8706e+00 -1.5779e-01 7.9277e-01 8.8674e-02 -3.0244e+00 1.2957e+00 -3.0889e+00 2.1256e-01 -9.9942e-01 -2.3976e-01 3.6902e+00 1.1560e-01 2.1212e+00 4.1133e-01 -6.8068e-02 -2.1165e-02 1.2899e-01 7.3182e-02 2.4628e-01 -1.3197e-02 1.1168e-01 -5.9169e-02 2.4681e-02 -4.0568e-01 -3.0308e-01 9.3147e-01 -5.0672e-01 -9.5422e-02 3.2270e-02 2.6122e-02 3.5473e-01 -3.6237e-02 1.4316e-02 3.1287e-02 -9.5305e-03 7.6287e-01 1.2162e-01 1.8621e-02 -1.1333e-02 1.6343e+00 3.5063e+00
5.3628e-01 2.3552e+00 8.2596e-01 -1.9389e+00 -1.8509e+01 -2.2966e+01 2.1554e-01 -4.3658e-01 5.2562e+00 -2.1488e+00 7.7865e+01 -2.1450e+00 5.5780e+00 -1.4410e+00 -3.2369e+00 -3.4953e+00 -4.7912e+00 -7.6151e-01 2.9979e+00 -3.6437e+00 9.3749e+00 1.3627e-01 -2.3514e-01 -1.1319e+00 -1.1456e+01 -1.3220e+00 -1.7527e-01 1.1243e+00 -2.2677e+00 3.2061e+00 1.1725e-01 1.7317e+00 -1.5212e-01 -3.3050e-01 9.2805e-02 -1.0148e+00 -5.0701e+00 -2.5823e+00 -2.9193e+00 8.6196e+00 -2.6929e-01 -1.8231e-01 5.9853e-01 -9.3119e-02 -7.1157e-01 -1.2475e+00 -3.1313e+00 3.9737e-01 -1.3316e-01 -2.0582e-01 -5.0486e-02 1.2802e-01
-8.8907e+00 -6.0067e+00 -9.9392e+00 -5.1288e-01 -1.2427e+00 -4.2513e-01 8.5014e-01 2.3355e+00 1.5990e+01 5.8706e+00 -2.1450e+00 4.2269e+01 1.8731e+00 1.3057e+00 -4.4065e-01 -8.3039e-01 -7.3691e-01 -8.6520e-01 2.0877e+00 -6.8155e-01 -6.4972e-01 5.9381e-01 1.0261e-01 1.5110e+01 1.3423e+00 4.1217e-01 -8.5962e-02 -9.0333e-01 -1.7549e-01 -7.4595e-01 -1.8262e-01 -2.5131e-01 -3.2719e-01 -1.6692e-01 6.8278e-02 -5.5550e-01 -1.4875e+00 5.0692e-01 9.2733e-01 -1.1484e+00 1.9485e-01 -1.1522e-01 8.8516e-02 1.7058e-01 3.4023e-01 -8.2144e-01 -1.5005e+00 -1.6535e-01 5.9243e-02 -6.2967e-02 2.3468e-01 5.6587e-01
-3.8826e-02 4.2875e-01 -4.4484e-01 -1.7310e+00 -2.4776e+00 -8.6109e+00 -1.6626e-01 -5.2309e-02 -4.8742e-01 -1.5779e-01 5.5780e+00 1.8731e+00 3.2170e+01 -5.3364e-01 3.4675e+00 -2.2129e-01 -8.8962e+00 4.4241e-01 -1.9672e+00 -1.4482e+00 -3.7544e-01 -1.2628e-01 8.1573e-01 1.4874e+00 -2.0281e-01 -5.0333e-01 9.7257e-01 -6.6810e-01 -1.0273e+00 6.9818e+00 -1.9475e-02 2.4641e+00 7.1262e-01 -7.8959e-02 6.7738e-01 -4.1129e-01 1.8475e-01 -9.8515e-01 3.8007e-01 -1.4841e+00 -1.3483e-01 -2.3215e-01 4.6927e-02 -1.5282e-01 -2.2558e-01 -1.9880e-01 -1.0870e+00 6.4433e-02 -1.6931e-01 -3.1705e-01 7.1689e-02 5.5288e-01
-1.9543e-01 -1.1850e+00 -7.0126e-01 -3.8410e-01 -1.9349e-01 -2.1207e+00 -3.0760e-01 -5.7678e-01 8.4393e-01 7.9277e-01 -1.4410e+00 1.3057e+00 -5.3364e-01 2.1444e+01 2.4364e+00 -1.6284e-02 -1.9809e+00 7.6408e-02 -7.0138e-01 1.1905e-01 2.6354e+00 -4.5163e-01 3.1341e-02 5.2349e-01 3.6729e-01 -8.7494e-01 4.2314e-01 -3.0887e-01 -3.7786e-01 -4.0917e-01 -1.7407e-01 -1.1195e-01 -1.7239e-01 -8.8367e-02 -1.6087e-01 -2.7605e-01 2.4689e+00 1.5974e+00 9.6428e-01 -4.0194e-01 4.0000e-02 -1.2842e-01 1.0271e-01 -6.7710e-02 -1.2179e-01 -5.4993e-02 -3.0207e-01 2.1100e-01 -3.4536e-02 -1.1205e-01 2.8972e-01 -4.8191e-01
1.8970e-01 -3.9714e-01 -5.1792e-02 -2.4081e+00 -5.7975e+00 3.8612e-01 -3.0529e-02 1.6720e-02 3.8421e+00 8.8674e-02 -3.2369e+00 -4.4065e-01 3.4675e+00 2.4364e+00 2.3876e+01 -9.4359e-01 -5.2261e+00 -3.1402e-01 -2.3570e+00 -7.1339e-01 9.8496e-01 1.1350e-01 4.2876e-01 -2.9726e-01 -2.2467e-01 1.3216e+00 -2.4562e-01 -1.4052e+00 1.0676e+00 -2.0577e+00 -4.7162e-02 2.6601e+00 2.7081e-01 -4.9939e-01 -1.1896e-01 -2.8221e-01 -4.8519e-01 1.7197e+00 1.9153e+00 -1.9560e+00 6.0888e-02 -1.4910e-01 1.2787e-01 8.8213e-03 6.9652e-01 -1.5360e+00 6.4771e-01 -1.0413e-01 -8.9257e-02 -1.7725e-02 -1.7668e-01 1.0641e-01
-2.3330e+00 -1.8294e+00 6.7359e+00 1.9944e+00 3.6360e+00 6.5750e+00 -7.5454e+00 -7.0115e+00 1.9708e+00 -3.0244e+00 -3.4953e+00 -8.3039e-01 -2.2129e-01 -1.6284e-02 -9.4359e-01 5.6693e+01 -5.0110e+00 7.3280e+00 -9.8739e-01 -1.5730e+00 -6.1833e-01 -1.0862e+01 -5.4208e-01 -8.0951e-01 8.3358e-01 -2.5512e+00 7.3033e-01 3.7852e-02 -6.4692e-01 2.0281e+00 -5.1528e-01 -2.9297e-01 -8.7482e-01 -1.1438e-01 -1.1428e+00 7.4265e-02 -1.1764e+00 -3.7417e-02 1.5741e+00 -1.5786e+00 -1.1669e-01 -1.5852e-02 6.3555e-01 -2.4859e-01 -1.5871e-01 -4.1676e-01 -3.6933e-01 2.0615e-01 8.3513e-01 1.4162e+00 1.3964e+01 -9.9655e+00
-2.3791e+00 -5.9368e-01 3.5874e+00 1.1944e+01 -7.2632e+00 1.4202e+01 -3.2261e+00 -4.0317e+00 -1.3803e+01 1.2957e+00 -4.7912e+00 -7.3691e-01 -8.8962e+00 -1.9809e+00 -5.2261e+00 -5.0110e+00 1.3292e+02 8.3582e-01 1.8687e+01 -2.5793e+00 -9.1835e+00 3.8273e+00 -1.9349e-02 1.3593e+00 -2.8030e+01 1.1888e+01 -3.1208e-01 3.6502e+00 -5.5926e+00 -9.1199e-01 -6.4670e-02 -2.1084e+00 -1.1446e+00 -3.0015e+00 -8.5217e-01 -1.7153e+00 1.3819e+01 -3.7208e+00 2.5402e+00 -1.6113e+01 -5.8868e-01 1.4171e+00 1.6988e-01 5.1849e-02 5.0700e-01 1.7531e+00 7.7498e+00 -9.0042e-01 -4.3550e-01 6.3312e-01 -3.7769e+00 3.7019e+00
-4.0218e+00 -2.2728e+00 4.2080e+00 1.3377e+00 -5.3236e-01 -2.2943e-01 -7.4093e+00 -7.0639e+00 -2.2340e+00 -3.0889e+00 -7.6151e-01 -8.6520e-01 4.4241e-01 7.6408e-02 -3.1402e-01 7.3280e+00 8.3582e-01 3.8126e+01 -2.4813e-01 -2.5490e-01 -4.5038e-01 -1.1000e+01 -1.3924e-01 -1.3481e+00 -2.9793e-01 -2.9471e-01 -1.2334e-01 -3.3504e-01 -7.2347e-03 -5.3726e-01 -6.7133e-01 -2.4591e-01 -4.5501e-01 -2.1927e-01 -5.3822e-01 3.9454e+00 -1.2396e+00 5.3448e-02 3.2811e+00 -6.7103e-01 -4.1080e-02 1.4747e-03 5.4448e-01 6.8447e-01 -6.3218e-02 -1.3256e-01 -1.4496e-01 -1.8542e-01 2.4183e-01 -9.9313e-02 1.2482e+01 -1.0116e+01
-9.6885e-01 -3.9051e-01 -9.3324e-01 -1.2819e+01 -8.6528e-01 9.5278e-01 7.3484e-02 2.5827e-01 -3.8973e+00 2.1256e-01 2.9979e+00 2.0877e+00 -1.9672e+00 -7.0138e-01 -2.3570e+00 -9.8739e-01 1.8687e+01 -2.4813e-01 3.9194e+01 -6.0702e-01 -1.3018e+00 1.3423e-01 -6.6147e-01 -9.3229e-01 -2.4000e+01 2.5794e+01 1.5804e+00 -1.5431e+00 -1.4507e+00 -1.4629e+00 1.0780e-01 -1.6317e-01 -7.6339e-01 -4.6207e-01 -8.8843e-02 1.4873e+00 2.0874e+01 -1.3250e-01 -1.6038e+00 -4.0924e+00 -4.0917e-04 -1.5824e-01 -1.2451e-01 1.9436e-02 -8.0224e-01 1.3453e-01 -4.3058e+00 -1.8811e-01 -1.1007e-01 4.7030e-02 5.4230e-02 1.2672e-01
-1.0758e-01 9.2529e-01 6.4131e-01 -5.8391e-01 -3.2647e+00 2.0687e+00 8.6391e-02 -9.2440e-01 -1.9094e+00 -9.9942e-01 -3.6437e+00 -6.8155e-01 -1.4482e+00 1.1905e-01 -7.1339e-01 -1.5730e+00 -2.5793e+00 -2.5490e-01 -6.0702e-01 2.3984e+01 -4.0025e-01 -1.3062e-01 -2.8272e-01 -3.3287e-01 -3.8506e+00 -1.7517e+00 -1.4578e-01 -7.1197e-01 -4.0122e-01 -1.0825e+00 -1.8252e-02 -4.2615e-01 2.4929e+00 -1.1204e-01 -1.8331e-01 -6.2100e-01 3.9506e-01 4.0793e+00 1.4417e-01 1.0838e+00 -9.7228e-02 -7.5719e-02 -9.7633e-02 -8.4144e-02 -1.0423e-01 5.2501e-01 -1.0551e+00 4.6682e-02 -1.1496e-01 -5.5060e-02 -1.5257e-01 -1.4173e-01
-2.5309e-01 2.4912e-01 -3.4187e-01 1.3945e+00 1.8136e+00 1.9321e+00 3.8643e-02 1.2899e-01 -3.0825e+00 -2.3976e-01 9.3749e+00 -6.4972e-01 -3.7544e-01 2.6354e+00 9.8496e-01 -6.1833e-01 -9.1835e+00 -4.5038e-01 -1.3018e+00 -4.0025e-01 2.7099e+01 1.5421e-02 -9.1416e-02 -6.9988e-01 5.6822e-01 -1.5055e+00 -2.2510e-01 -2.1279e+00 -6.5356e-01 -3.5708e+00 6.6315e-02 -1.4250e-02 -2.3736e-01 -6.9861e-01 2.0045e-01 5.2459e-02 -5.0544e+00 3.5386e-01 -1.3346e-01 9.2291e+00 1.5989e-02 -8.1412e-02 1.1953e-01 -2.7305e-02 -3.1090e-01 -8.8568e-01 -1.8954e+00 3.5145e-01 -1.0409e-01 -6.9323e-02 -5.3970e-03 1.1958e-02
-1.1978e+00 1.4319e+00 1.1397e-01 4.6283e-01 -5.5836e-01 -1.2638e+00 3.7567e+00 2.9485e+00 6.2165e-02 3.6902e+00 1.3627e-01 5.9381e-01 -1.2628e-01 -4.5163e-01 1.1350e-01 -1.0862e+01 3.8273e+00 -1.1000e+01 1.3423e-01 -1.3062e-01 1.5421e-02 2.6665e+01 -1.6255e-01 -1.5924e-01 -1.6104e-01 6.8142e-02 1.9519e-01 -1.8803e-03 -7.9679e-01 1.9323e-01 -2.5437e-01 -9.7927e-02 8.0874e-02 2.7647e-03 -1.4464e+00 -2.4555e+00 2.8190e-01 2.7202e-01 -5.3490e-01 3.1864e-01 1.0128e-02 -9.9823e-02 -3.0884e-01 -3.4861e-01 -2.2488e-01 2.0137e-01 4.1311e-01 -1.2183e-01 -8.4862e-02 -5.0483e-02 -1.1954e+01 2.4996e+01
3.1495e-02 1.7895e-01 8.5184e-01 -1.1745e+00 -1.1936e+00 -9.7411e-01 -3.5296e-02 3.1641e-02 -8.4686e-02 1.1560e-01 -2.3514e-01 1.0261e-01 8.1573e-01 3.1341e-02 4.2876e-01 -5.4208e-01 -1.9349e-02 -1.3924e-01 -6.6147e-01 -2.8272e-01 -9.1416e-02 -1.6255e-01 1.1402e+01 -2.7951e-02 -4.4717e-01 -1.0297e+00 -2.0706e-01 1.0077e+00 -4.5203e-01 -2.6686e-01 1.4789e+00 2.5203e-02 -9.0325e-02 -7.8534e-02 1.9162e-01 -1.4576e-01 -5.3654e-01 -3.4811e-01 5.4088e-01 -6.3158e-01 9.1782e-01 1.6476e-01 -4.9818e-02 -5.1497e-02 -1.1810e-01 -2.9739e-01 3.6078e-01 -3.6031e-02 -6.5292e-02 -7.2340e-02 -3.6729e-01 -1.8069e-01
-5.3829e+00 -3.0859e+00 -5.6489e+00 3.4864e+00 5.1576e-01 -8.9228e-01 2.9947e-02 7.0396e-01 1.4134e+01 2.1212e+00 -1.1319e+00 1.5110e+01 1.4874e+00 5.2349e-01 -2.9726e-01 -8.0951e-01 1.3593e+00 -1.3481e+00 -9.3229e-01 -3.3287e-01 -6.9988e-01 -1.5924e-01 -2.7951e-02 3.0962e+01 3.3412e+00 -6.2152e-01 -1.2504e-01 -4.8009e-01 2.9434e+00 -4.3007e-01 -3.2023e-01 -1.2117e-02 -1.4822e-01 -1.4038e-01 -1.4395e-01 -3.6196e-01 -1.8242e+00 2.1957e-01 -1.6832e+00 -5.0903e-01 1.6906e-01 -2.7946e-01 1.3652e-01 -3.3318e-02 -1.5466e-01 5.8828e-01 -9.6551e-01 -2.3502e-02 9.1417e-02 -5.3954e-02 -4.0506e-01 -1.7822e-01
-5.8725e-01 -2.2922e-01 -2.0242e+00 1.4665e+01 2.8892e+01 2.9399e+00 -3.7065e-01 -3.5388e-01 3.4527e+00 4.1133e-01 -1.1456e+01 1.3423e+00 -2.0281e-01 3.6729e-01 -2.2467e-01 8.3358e-01 -2.8030e+01 -2.9793e-01 -2.4000e+01 -3.8506e+00 5.6822e-01 -1.6104e-01 -4.4717e-01 3.3412e+00 7.9146e+01 -3.1603e+01 2.6028e+00 -1.8078e+00 1.6704e+00 2.7647e-01 -1.5560e-01 -2.0107e+00 -2.9288e+00 3.2196e-01 5.8237e-01 -1.4161e+00 -2.7335e+01 -3.1663e+00 2.1354e+00 8.4523e+00 -1.6328e-01 -2.4600e-01 -9.4003e-02 -4.2360e-01 1.1140e+00 -3.5732e-01 6.8811e+00 -3.0340e-01 2.8423e-01 -8.0180e-01 -3.0888e-01 -1.6871e-01
3.1247e-01 -7.8156e-01 1.4078e-01 -9.6324e+00 -5.2446e+00 6.7547e+00 1.6953e-01 2.0201e-02 -4.7692e+00 -6.8068e-02 -1.3220e+00 4.1217e-01 -5.0333e-01 -8.7494e-01 1.3216e+00 -2.5512e+00 1.1888e+01 -2.9471e-01 2.5794e+01 -1.7517e+00 -1.5055e+00 6.8142e-02 -1.0297e+00 -6.2152e-01 -3.1603e+01 6.4199e+01 -1.8298e+00 -2.0277e+00 -2.7258e+00 -3.2355e+00 -1.2586e-02 2.4702e+00 1.2315e+00 -5.9744e-01 -4.5306e-01 -7.2417e-01 2.7578e+01 -6.2365e-02 -7.8143e-01 -4.7501e+00 -4.0841e-02 6.8832e-01 -1.9720e-01 3.8863e-01 -8.2802e-01 8.5813e-01 -2.0403e+00 6.8036e-01 6.8269e-01 -6.1766e-01 1.2736e-01 6.1426e-02
9.5129e-02 -5.8908e-01 6.8698e-03 -6.4834e-01 -1.4051e-01 2.7150e-01 -7.3161e-02 -2.3541e-02 1.5461e+00 -2.1165e-02 -1.7527e-01 -8.5962e-02 9.7257e-01 4.2314e-01 -2.4562e-01 7.3033e-01 -3.1208e-01 -1.2334e-01 1.5804e+00 -1.4578e-01 -2.2510e-01 1.9519e-01 -2.0706e-01 -1.2504e-01 2.6028e+00 -1.8298e+00 1.2577e+01 -3.7849e-01 -4.1591e-01 2.7967e-01 -4.6641e-02 -3.2309e-02 -1.7448e-01 -1.4383e-01 -4.4876e-02 -1.2640e-01 -2.1031e+00 -5.3685e-01 -1.8694e-01 -5.7347e-01 3.1822e-03 -4.7248e-02 -6.2177e-02 -8.9712e-03 -2.4501e-01 -9.4868e-01 -1.4217e+00 -4.0509e-02 4.3991e-01 3.3872e-01 -1.4273e-01 1.9084e-01
-5.7384e-01 1.4920e-01 -1.3028e-01 1.0457e+00 -1.6113e+00 3.0266e-01 8.5616e-02 8.4854e-02 -2.6705e+00 1.2899e-01 1.1243e+00 -9.0333e-01 -6.6810e-01 -3.0887e-01 -1.4052e+00 3.7852e-02 3.6502e+00 -3.3504e-01 -1.5431e+00 -7.1197e-01 -2.1279e+00 -1.8803e-03 1.0077e+00 -4.8009e-01 -1.8078e+00 -2.0277e+00 -3.7849e-01 2.5444e+01 -1.2040e-01 4.4409e+00 5.1224e-01 -2.5098e-01 -4.0640e-01 5.2866e+00 -1.4223e-01 -6.7077e-02 1.1546e+00 -9.5644e-01 1.4133e+00 4.6611e+00 8.5422e-02 -1.4425e-01 -6.2723e-02 -9.5933e-03 2.1461e-01 -2.2545e+00 4.4289e+00 -3.8030e-01 -4.1476e-02 6.0819e-01 2.7265e-02 -1.2383e-02
-9.0140e-02 -2.0804e-01 -1.2066e+00 1.3356e+00 2.3356e+00 2.2301e+00 -1.9895e-01 -1.8482e-01 -1.1721e+00 7.3182e-02 -2.2677e+00 -1.7549e-01 -1.0273e+00 -3.7786e-01 1.0676e+00 -6.4692e-01 -5.5926e+00 -7.2347e-03 -1.4507e+00 -4.0122e-01 -6.5356e-01 -7.9679e-01 -4.5203e-01 2.9434e+00 1.6704e+00 -2.7258e+00 -4.1591e-01 -1.2040e-01 2.8516e+01 1.0040e-01 -3.5792e-01 -8.3245e-02 -3.7696e-01 -1.8842e-01 -6.0385e-02 -4.6903e-01 -1.9754e+00 1.3558e+00 -1.3897e-01 2.4181e+00 -1.2356e-01 1.4266e-01 -1.3858e-01 -5.6670e-03 -2.5914e-01 -7.2014e-01 1.1918e+00 4.3504e-01 6.9772e-02 -4.4012e-02 8.5169e-02 -8.6072e-01
-2.1277e-01 -3.9993e-01 -9.2923e-02 3.9410e+00 4.9279e-01 -6.3130e+00 -5.4847e-02 2.0585e-02 -1.4311e+00 2.4628e-01 3.2061e+00 -7.4595e-01 6.9818e+00 -4.0917e-01 -2.0577e+00 2.0281e+00 -9.1199e-01 -5.3726e-01 -1.4629e+00 -1.0825e+00 -3.5708e+00 1.9323e-01 -2.6686e-01 -4.3007e-01 2.7647e-01 -3.2355e+00 2.7967e-01 4.4409e+00 1.0040e-01 3.5697e+01 -5.2345e-02 -5.4900e-02 6.7369e-01 -1.2432e+00 -1.4435e-01 -6.0489e-01 1.4744e+01 -4.0713e-01 -4.0793e-01 -4.6753e+00 -1.8267e-01 -4.1129e-02 -6.4579e-02 -9.1865e-03 -4.5552e-01 -3.9270e+00 8.2690e+00 -6.3495e-01 6.4182e-02 -1.6422e-01 -2.5401e-02 1.8893e-01
-1.0133e+00 -2.6681e-01 1.2869e+00 -2.6255e-01 -2.6870e-01 -2.6368e-01 1.0682e-02 1.6768e-02 -4.3400e-01 -1.3197e-02 1.1725e-01 -1.8262e-01 -1.9475e-02 -1.7407e-01 -4.7162e-02 -5.1528e-01 -6.4670e-02 -6.7133e-01 1.0780e-01 -1.8252e-02 6.6315e-02 -2.5437e-01 1.4789e+00 -3.2023e-01 -1.5560e-01 -1.2586e-02 -4.6641e-02 5.1224e-01 -3.5792e-01 -5.2345e-02 8.8923e+00 1.4991e-02 1.2443e-01 -5.3416e-02 -8.0541e-02 -1.1766e-01 9.1149e-02 -7.1206e-02 1.4936e+00 -9.4313e-02 -9.9330e-03 1.0641e-02 -9.6157e-03 -2.8567e-02 -3.2959e-02 -1.1606e-02 -1.2671e-01 -1.5090e-02 -2.1897e-02 -3.3533e-02 -9.6515e-01 -2.5230e-01
9.0641e-02 -9.6979e-02 1.1378e-01 -3.0896e-01 -2.0410e+00 -2.2874e+00 -8.0188e-03 8.7976e-02 1.3187e+00 1.1168e-01 1.7317e+00 -2.5131e-01 2.4641e+00 -1.1195e-01 2.6601e+00 -2.9297e-01 -2.1084e+00 -2.4591e-01 -1.6317e-01 -4.2615e-01 -1.4250e-02 -9.7927e-02 2.5203e-02 -1.2117e-02 -2.0107e+00 2.4702e+00 -3.2309e-02 -2.5098e-01 -8.3245e-02 -5.4900e-02 1.4991e-02 1.0640e+01 -6.1636e-02 -3.0614e-02 -7.7188e-02 -1.5763e-01 2.5784e+00 -2.7008e-01 -8.2428e-02 -3.4531e-01 -3.5877e-02 1.8322e-01 -4.2399e-02 -3.7837e-02 -3.1947e-02 -6.4154e-02 -6.5238e-01 7.6289e-02 -4.9431e-02 1.0822e-02 1.1375e-01 -1.0353e-01
1.4914e-01 -2.5817e-01 1.0083e-01 6.6352e-02 -1.8312e+00 -9.0004e-01 1.8870e-01 1.7583e-01 -9.1009e-01 -5.9169e-02 -1.5212e-01 -3.2719e-01 7.1262e-01 -1.7239e-01 2.7081e-01 -8.7482e-01 -1.1446e+00 -4.5501e-01 -7.6339e-01 2.4929e+00 -2.3736e-01 8.0874e-02 -9.0325e-02 -1.4822e-01 -2.9288e+00 1.2315e+00 -1.7448e-01 -4.0640e-01 -3.7696e-01 6.7369e-01 1.2443e-01 -6.1636e-02 1.2761e+01 -9.5439e-02 9.9484e-02 -1.6190e-01 4.8034e-01 2.5586e+00 3.6887e-01 -6.8544e-01 -4.0273e-02 -2.6191e-02 -5.1815e-02 -7.8343e-02 -1.1990e-01 1.3289e-01 -7.6183e-01 -6.0997e-02 -4.3448e-02 -7.7997e-02 -2.1545e-01 5.0537e-02
6.0019e-02 5.0269e-02 -2.4662e-01 1.2128e+00 4.6905e-01 -5.7397e-01 7.6301e-02 9.9440e-02 -5.9172e-01 2.4681e-02 -3.3050e-01 -1.6692e-01 -7.8959e-02 -8.8367e-02 -4.9939e-01 -1.1438e-01 -3.0015e+00 -2.1927e-01 -4.6207e-01 -1.1204e-01 -6.9861e-01 2.7647e-03 -7.8534e-02 -1.4038e-01 3.2196e-01 -5.9744e-01 -1.4383e-01 5.2866e+00 -1.8842e-01 -1.2432e+00 -5.3416e-02 -3.0614e-02 -9.5439e-02 9.9216e+00 -4.7678e-02 -7.1164e-02 -1.3793e+00 -1.4690e-01 -7.5358e-01 5.6853e+00 6.2182e-02 -1.6473e-03 -1.8800e-02 1.1065e-02 4.3626e-01 -9.6114e-01 -3.6631e-01 -1.3003e-02 -3.7780e-02 3.9711e-02 -9.3213e-02 7.0000e-06
-4.8363e-01 -4.3005e-01 -1.4673e+00 -5.2513e-01 -1.4868e-02 -6.7463e-01 1.2949e+00 1.3850e+00 -3.7759e-01 -4.0568e-01 9.2805e-02 6.8278e-02 6.7738e-01 -1.6087e-01 -1.1896e-01 -1.1428e+00 -8.5217e-01 -5.3822e-01 -8.8843e-02 -1.8331e-01 2.0045e-01 -1.4464e+00 1.9162e-01 -1.4395e-01 5.8237e-01 -4.5306e-01 -4.4876e-02 -1.4223e-01 -6.0385e-02 -1.4435e-01 -8.0541e-02 -7.7188e-02 9.9484e-02 -4.7678e-02 1.0944e+01 -2.0655e-01 -3.5815e-01 -2.1591e-01 -3.7761e-01 9.9406e-02 1.7519e-01 -1.2273e-02 -8.8109e-02 -6.0873e-02 2.5362e-01 -3.2667e-02 -2.2115e-01 -6.7009e-02 -4.1762e-02 -4.4895e-02 4.4330e-01 -1.5363e+00
-9.9695e-02 -6.0419e-01 6.9653e-01 -6.6131e-01 -1.3382e+00 3.7243e-01 -1.2531e+00 -8.6115e-01 -9.3807e-01 -3.0308e-01 -1.0148e+00 -5.5550e-01 -4.1129e-01 -2.7605e-01 -2.8221e-01 7.4265e-02 -1.7153e+00 3.9454e+00 1.4873e+00 -6.2100e-01 5.2459e-02 -2.4555e+00 -1.4576e-01 -3.6196e-01 -1.4161e+00 -7.2417e-01 -1.2640e-01 -6.7077e-02 -4.6903e-01 -6.0489e-01 -1.1766e-01 -1.5763e-01 -1.6190e-01 -7.1164e-02 -2.0655e-01 1.8658e+01 -2.9918e-01 -2.4473e-03 -4.1261e-01 -1.8894e-01 -3.0259e-02 -8.2509e-02 -1.2206e-01 -8.5947e-02 -5.5369e-02 2.0553e-01 -3.0904e-01 -6.7510e-02 -8.5698e-02 -1.1891e-01 1.2818e+00 -2.5485e+00
-1.1769e+00 -6.9645e-01 -5.7415e-01 -1.0145e+01 2.4827e+00 -4.2346e-01 9.2607e-02 3.8039e-01 -6.6672e+00 9.3147e-01 -5.0701e+00 -1.4875e+00 1.8475e-01 2.4689e+00 -4.8519e-01 -1.1764e+00 1.3819e+01 -1.2396e+00 2.0874e+01 3.9506e-01 -5.0544e+00 2.8190e-01 -5.3654e-01 -1.8242e+00 -2.7335e+01 2.7578e+01 -2.1031e+00 1.1546e+00 -1.9754e+00 1.4744e+01 9.1149e-02 2.5784e+00 4.8034e-01 -1.3793e+00 -3.5815e-01 -2.9918e-01 7.0845e+01 -3.0638e-01 -2.6858e+00 -1.0194e+01 -1.0288e-01 -4.5409e-01 -2.3974e-01 3.2005e-01 -1.5662e+00 -3.7539e+00 4.4884e+00 1.1750e+00 -1.5048e-01 -5.0827e-01 3.6479e-01 2.7222e-01
3.2589e-01 4.4757e-01 3.9494e-01 -2.2971e+00 -1.8147e+00 2.2951e-02 -2.5404e-01 -1.9687e-01 -1.7433e-01 -5.0672e-01 -2.5823e+00 5.0692e-01 -9.8515e-01 1.5974e+00 1.7197e+00 -3.7417e-02 -3.7208e+00 5.3448e-02 -1.3250e-01 4.0793e+00 3.5386e-01 2.7202e-01 -3.4811e-01 2.1957e-01 -3.1663e+00 -6.2365e-02 -5.3685e-01 -9.5644e-01 1.3558e+00 -4.0713e-01 -7.1206e-02 -2.7008e-01 2.5586e+00 -1.4690e-01 -2.1591e-01 -2.4473e-03 -3.0638e-01 2.3005e+01 4.2328e-01 -1.6262e+00 2.4401e-01 -8.7614e-02 -1.5470e-02 -1.1467e-01 -3.1025e-01 -7.8938e-01 2.8182e+00 1.5911e-01 -4.3069e-02 -7.2401e-02 -3.5687e-01 2.4414e-01
-4.4585e+00 -9.0985e-01 -3.6864e+00 3.7481e-01 6.0362e-01 2.9754e+00 -9.4775e-01 -1.3288e+00 -2.5688e+00 -9.5422e-02 -2.9193e+00 9.2733e-01 3.8007e-01 9.6428e-01 1.9153e+00 1.5741e+00 2.5402e+00 3.2811e+00 -1.6038e+00 1.4417e-01 -1.3346e-01 -5.3490e-01 5.4088e-01 -1.6832e+00 2.1354e+00 -7.8143e-01 -1.8694e-01 1.4133e+00 -1.3897e-01 -4.0793e-01 1.4936e+00 -8.2428e-02 3.6887e-01 -7.5358e-01 -3.7761e-01 -4.1261e-01 -2.6858e+00 4.2328e-01 4.2913e+01 -3.5345e+00 -4.3855e-03 -2.7644e-01 3.5988e-02 5.1221e-01 -4.2757e-01 -9.8591e-01 2.2897e+00 -2.0177e-01 -7.8935e-02 -1.1081e-01 1.0810e-02 -6.1766e-01
2.3101e-01 1.9513e-01 -1.5151e-01 2.4539e+00 6.6999e+00 -6.4334e-01 -1.5961e-01 1.0093e-01 -4.4061e+00 3.2270e-02 8.6196e+00 -1.1484e+00 -1.4841e+00 -4.0194e-01 -1.9560e+00 -1.5786e+00 -1.6113e+01 -6.7103e-01 -4.0924e+00 1.0838e+00 9.2291e+00 3.1864e-01 -6.3158e-01 -5.0903e-01 8.4523e+00 -4.7501e+00 -5.7347e-01 4.6611e+00 2.4181e+00 -4.6753e+00 -9.4313e-02 -3.4531e-01 -6.8544e-01 5.6853e+00 9.9406e-02 -1.8894e-01 -1.0194e+01 -1.6262e+00 -3.5345e+00 4.0430e+01 -1.1421e-02 -1.9250e-01 -1.1514e-01 -1.7941e-01 -2.9243e-03 -3.5453e+00 -4.1120e+00 -3.0635e-01 -1.1836e-01 -1.8471e-01 -4.5475e-01 3.1149e-01
-4.7648e-02 -5.3676e-02 -8.6854e-02 -9.2522e-02 6.9567e-02 -8.7282e-01 7.3980e-03 3.1442e-02 1.1942e-01 2.6122e-02 -2.6929e-01 1.9485e-01 -1.3483e-01 4.0000e-02 6.0888e-02 -1.1669e-01 -5.8868e-01 -4.1080e-02 -4.0917e-04 -9.7228e-02 1.5989e-02 1.0128e-02 9.1782e-01 1.6906e-01 -1.6328e-01 -4.0841e-02 3.1822e-03 8.5422e-02 -1.2356e-01 -1.8267e-01 -9.9330e-03 -3.5877e-02 -4.0273e-02 6.2182e-02 1.7519e-01 -3.0259e-02 -1.0288e-01 2.4401e-01 -4.3855e-03 -1.1421e-02 4.5363e+00 -1.2996e-02 -7.6893e-03 -1.4771e-02 -1.1680e-02 -4.5432e-02 1.1736e-01 -7.0970e-03 -2.4609e-02 -1.9847e-02 -4.9502e-03 1.1978e-02
4.6851e-02 -9.0410e-01 -9.2582e-02 -1.0572e-01 -3.9238e-01 -9.1548e-02 6.6650e-02 2.4859e-01 -4.0539e-01 3.5473e-01 -1.8231e-01 -1.1522e-01 -2.3215e-01 -1.2842e-01 -1.4910e-01 -1.5852e-02 1.4171e+00 1.4747e-03 -1.5824e-01 -7.5719e-02 -8.1412e-02 -9.9823e-02 1.6476e-01 -2.7946e-01 -2.4600e-01 6.8832e-01 -4.7248e-02 -1.4425e-01 1.4266e-01 -4.1129e-02 1.0641e-02 1.8322e-01 -2.6191e-02 -1.6473e-03 -1.2273e-02 -8.2509e-02 -4.5409e-01 -8.7614e-02 -2.7644e-01 -1.9250e-01 -1.2996e-02 7.7041e+00 3.6992e-02 -2.4756e-02 2.1227e-02 -1.0983e-01 -2.0704e-01 -1.9774e-02 -2.4281e-02 -3.6663e-03 8.7990e-03 -1.0677e-01
-1.8358e-01 -2.7050e-02 -8.1095e-01 9.7064e-01 -1.1525e-01 -4.8608e-01 -2.1617e-01 -1.7964e-01 8.3927e-02 -3.6237e-02 5.9853e-01 8.8516e-02 4.6927e-02 1.0271e-01 1.2787e-01 6.3555e-01 1.6988e-01 5.4448e-01 -1.2451e-01 -9.7633e-02 1.1953e-01 -3.0884e-01 -4.9818e-02 1.3652e-01 -9.4003e-02 -1.9720e-01 -6.2177e-02 -6.2723e-02 -1.3858e-01 -6.4579e-02 -9.6157e-03 -4.2399e-02 -5.1815e-02 -1.8800e-02 -8.8109e-02 -1.2206e-01 -2.3974e-01 -1.5470e-02 3.5988e-02 -1.1514e-01 -7.6893e-03 3.6992e-02 5.9399e+00 -1.9551e-02 -2.7766e-02 -6.0604e-02 -2.4692e-01 -1.9963e-02 -1.8459e-02 -1.4415e-02 1.6022e-01 1.0378e+00
-1.9514e-01 -2.3999e-01 1.4448e-01 9.3652e-02 -6.1903e-02 -2.9152e-01 -1.6627e-01 -1.2867e-01 2.3056e-01 1.4316e-02 -9.3119e-02 1.7058e-01 -1.5282e-01 -6.7710e-02 8.8213e-03 -2.4859e-01 5.1849e-02 6.8447e-01 1.9436e-02 -8.4144e-02 -2.7305e-02 -3.4861e-01 -5.1497e-02 -3.3318e-02 -4.2360e-01 3.8863e-01 -8.9712e-03 -9.5933e-03 -5.6670e-03 -9.1865e-03 -2.8567e-02 -3.7837e-02 -7.8343e-02 1.1065e-02 -6.0873e-02 -8.5947e-02 3.2005e-01 -1.1467e-01 5.1221e-01 -1.7941e-01 -1.4771e-02 -2.4756e-02 -1.9551e-02 5.5397e+00 -4.2426e-02 3.8036e-01 -2.3837e-01 -2.5502e-02 -1.6625e-02 5.6390e-02 3.7156e-01 -3.7573e-01
-4.1720e-02 -1.2204e-01 -3.3443e-01 -6.9585e-02 3.2696e-01 1.5453e-01 -4.1342e-02 -1.5978e-01 -1.9551e-01 3.1287e-02 -7.1157e-01 3.4023e-01 -2.2558e-01 -1.2179e-01 6.9652e-01 -1.5871e-01 5.0700e-01 -6.3218e-02 -8.0224e-01 -1.0423e-01 -3.1090e-01 -2.2488e-01 -1.1810e-01 -1.5466e-01 1.1140e+00 -8.2802e-01 -2.4501e-01 2.1461e-01 -2.5914e-01 -4.5552e-01 -3.2959e-02 -3.1947e-02 -1.1990e-01 4.3626e-01 2.5362e-01 -5.5369e-02 -1.5662e+00 -3.1025e-01 -4.2757e-01 -2.9243e-03 -1.1680e-02 2.1227e-02 -2.7766e-02 -4.2426e-02 9.1703e+00 -6.7941e-01 -8.8326e-01 -5.9724e-02 4.3006e-01 -4.0299e-02 -7.1138e-02 -2.3269e-01
2.2302e-01 -8.5613e-02 -3.3705e-01 -2.7908e+00 1.0047e+00 -2.0992e-01 2.1947e-02 -1.8895e-01 -1.6231e+00 -9.5305e-03 -1.2475e+00 -8.2144e-01 -1.9880e-01 -5.4993e-02 -1.5360e+00 -4.1676e-01 1.7531e+00 -1.3256e-01 1.3453e-01 5.2501e-01 -8.8568e-01 2.0137e-01 -2.9739e-01 5.8828e-01 -3.5732e-01 8.5813e-01 -9.4868e-01 -2.2545e+00 -7.2014e-01 -3.9270e+00 -1.1606e-02 -6.4154e-02 1.3289e-01 -9.6114e-01 -3.2667e-02 2.0553e-01 -3.7539e+00 -7.8938e-01 -9.8591e-01 -3.5453e+00 -4.5432e-02 -1.0983e-01 -6.0604e-02 3.8036e-01 -6.7941e-01 2.7149e+01 -3.7000e+00 3.5538e-01 -6.6439e-02 -1.7222e-01 -2.0582e-01 2.1532e-01
-1.5413e-01 7.5819e-01 -1.0899e-01 1.3175e+01 4.4488e+00 1.0611e+00 5.4836e-02 2.7727e-01 -2.1127e+00 7.6287e-01 -3.1313e+00 -1.5005e+00 -1.0870e+00 -3.0207e-01 6.4771e-01 -3.6933e-01 7.7498e+00 -1.4496e-01 -4.3058e+00 -1.0551e+00 -1.8954e+00 4.1311e-01 3.6078e-01 -9.6551e-01 6.8811e+00 -2.0403e+00 -1.4217e+00 4.4289e+00 1.1918e+00 8.2690e+00 -1.2671e-01 -6.5238e-01 -7.6183e-01 -3.6631e-01 -2.2115e-01 -3.0904e-01 4.4884e+00 2.8182e+00 2.2897e+00 -4.1120e+00 1.1736e-01 -2.0704e-01 -2.4692e-01 -2.3837e-01 -8.8326e-01 -3.7000e+00 5.5957e+01 5.5096e-01 -2.4670e-01 -2.2917e-01 7.2826e-02 4.1126e-01
3.5097e-02 -2.4742e-02 1.3927e-01 -8.9584e-01 2.3730e-01 1.5594e-01 -1.2559e-01 -1.1694e-01 -3.4956e-01 1.2162e-01 3.9737e-01 -1.6535e-01 6.4433e-02 2.1100e-01 -1.0413e-01 2.0615e-01 -9.0042e-01 -1.8542e-01 -1.8811e-01 4.6682e-02 3.5145e-01 -1.2183e-01 -3.6031e-02 -2.3502e-02 -3.0340e-01 6.8036e-01 -4.0509e-02 -3.8030e-01 4.3504e-01 -6.3495e-01 -1.5090e-02 7.6289e-02 -6.0997e-02 -1.3003e-02 -6.7009e-02 -6.7510e-02 1.1750e+00 1.5911e-01 -2.0177e-01 -3.0635e-01 -7.0970e-03 -1.9774e-02 -1.9963e-02 -2.5502e-02 -5.9724e-02 3.5538e-01 5.5096e-01 6.7030e+00 -2.3573e-02 6.1239e-02 5.3056e-02 -1.2910e-01
-1.2456e-01 -7.6782e-03 3.2390e-02 -2.9278e-01 2.0287e-01 2.0570e-01 -6.1958e-03 -2.3120e-01 -6.0363e-02 1.8621e-02 -1.3316e-01 5.9243e-02 -1.6931e-01 -3.4536e-02 -8.9257e-02 8.3513e-01 -4.3550e-01 2.4183e-01 -1.1007e-01 -1.1496e-01 -1.0409e-01 -8.4862e-02 -6.5292e-02 9.1417e-02 2.8423e-01 6.8269e-01 4.3991e-01 -4.1476e-02 6.9772e-02 6.4182e-02 -2.1897e-02 -4.9431e-02 -4.3448e-02 -3.7780e-02 -4.1762e-02 -8.5698e-02 -1.5048e-01 -4.3069e-02 -7.8935e-02 -1.1836e-01 -2.4609e-02 -2.4281e-02 -1.8459e-02 -1.6625e-02 4.3006e-01 -6.6439e-02 -2.4670e-01 -2.3573e-02 5.5573e+00 -3.9388e-02 9.4208e-02 -8.9846e-02
8.6648e-02 6.5640e-03 1.4019e-01 -1.1732e-01 -8.8202e-01 -4.8963e-01 -3.7524e-02 -1.9520e-02 1.4629e+00 -1.1333e-02 -2.0582e-01 -6.2967e-02 -3.1705e-01 -1.1205e-01 -1.7725e-02 1.4162e+00 6.3312e-01 -9.9313e-02 4.7030e-02 -5.5060e-02 -6.9323e-02 -5.0483e-02 -7.2340e-02 -5.3954e-02 -8.0180e-01 -6.1766e-01 3.3872e-01 6.0819e-01 -4.4012e-02 -1.6422e-01 -3.3533e-02 1.0822e-02 -7.7997e-02 3.9711e-02 -4.4895e-02 -1.1891e-01 -5.0827e-01 -7.2401e-02 -1.1081e-01 -1.8471e-01 -1.9847e-02 -3.6663e-03 -1.4415e-02 5.6390e-02 -4.0299e-02 -1.7222e-01 -2.2917e-01 6.1239e-02 -3.9388e-02 7.3979e+00 4.6625e-02 -5.7831e-02
-1.5750e+00 -9.7921e-01 1.6627e+00 -6.3266e-01 -9.8956e-01 1.3990e+00 5.6608e+00 3.6664e+00 -3.5425e-01 1.6343e+00 -5.0486e-02 2.3468e-01 7.1689e-02 2.8972e-01 -1.7668e-01 1.3964e+01 -3.7769e+00 1.2482e+01 5.4230e-02 -1.5257e-01 -5.3970e-03 -1.1954e+01 -3.6729e-01 -4.0506e-01 -3.0888e-01 1.2736e-01 -1.4273e-01 2.7265e-02 8.5169e-02 -2.5401e-02 -9.6515e-01 1.1375e-01 -2.1545e-01 -9.3213e-02 4.4330e-01 1.2818e+00 3.6479e-01 -3.5687e-01 1.0810e-02 -4.5475e-01 -4.9502e-03 8.7990e-03 1.6022e-01 3.7156e-01 -7.1138e-02 -2.0582e-01 7.2826e-02 5.3056e-02 9.4208e-02 4.6625e-02 2.6884e+01 -1.1720e+01
-1.2304e+00 1.3750e+00 -8.1886e-01 1.7254e+00 -5.6798e-01 -1.3275e+00 3.3128e+00 2.5404e+00 7.1450e-02 3.5063e+00 1.2802e-01 5.6587e-01 5.5288e-01 -4.8191e-01 1.0641e-01 -9.9655e+00 3.7019e+00 -1.0116e+01 1.2672e-01 -1.4173e-01 1.1958e-02 2.4996e+01 -1.8069e-01 -1.7822e-01 -1.6871e-01 6.1426e-02 1.9084e-01 -1.2383e-02 -8.6072e-01 1.8893e-01 -2.5230e-01 -1.0353e-01 5.0537e-02 7.0000e-06 -1.5363e+00 -2.5485e+00 2.7222e-01 2.4414e-01 -6.1766e-01 3.1149e-01 1.1978e-02 -1.0677e-01 1.0378e+00 -3.7573e-01 -2.3269e-01 2.1532e-01 4.1126e-01 -1.2910e-01 -8.9846e-02 -5.7831e-02 -1.1720e+01 2.6375e+01
