8.0749e+01 1.2900e+00 8.5528e+00 -7.2979e-01 -4.7895e+01 1.4267e+01 -2.9364e+01 3.1686e+01 -1.0844e-01 -2.6598e-02 -1.1934e+01 -5.7654e+00 5.5923e+00 2.7377e-01 4.0944e-01 -7.1173e+00 -1.4409e+01 -5.1368e+00 1.0324e+00 -1.0587e+01 9.6796e-02 -4.9882e-01 -7.1807e-01 1.7453e-01 3.1864e+01 -1.3726e+01 7.0810e-01 -4.5460e-01 -2.7955e-01 6.4792e+00 -5.0249e-01 5.1265e-01 3.5741e+00 2.1861e+00 -2.3548e+00 1.4166e+00 2.9446e+00 -3.9643e+00 4.0019e-01 4.4249e-02 -4.3513e-03 4.8856e-02 7.2186e-01 2.2329e+00 -2.1682e+00 3.0857e+00 -1.1277e-01 -2.3861e+00 -1.3744e+00 -3.2337e+00 -1.2923e-01 -2.9779e-01
1.2900e+00 1.2739e+02 4.9513e+00 3.2882e-01 -3.0417e+01 6.3484e+00 -1.8440e+01 -2.5224e+01 -3.1344e+00 -1.1402e+01 -1.3895e+01 -3.6532e+00 7.7176e+00 5.8850e-01 -1.1038e+00 -1.2518e+01 9.2249e+00 2.4398e+00 1.1036e+00 1.5566e+01 3.2060e+00 -6.5889e-01 -1.2573e-01 -6.9491e-01 -3.0034e+01 -2.4959e+00 2.2575e-02 2.9327e+00 -2.7713e+00 -1.3996e+00 1.2387e+00 1.7124e-01 1.2256e+01 4.7495e+00 1.9333e+00 4.0803e+00 1.1510e+01 -2.8612e+00 1.3450e+00 -4.3503e-01 -8.5228e-01 6.3735e-02 2.2334e+00 3.4350e+00 -2.5909e+00 7.0482e+00 1.4892e+00 1.8957e+00 -5.2082e+00 2.5230e+00 -3.2225e+00 2.9889e-01
8.5528e+00 4.9513e+00 4.9057e+01 3.2765e-01 -6.5556e-01 2.2367e+01 -1.3329e+01 -3.3787e+00 -9.8501e-01 -2.9764e-01 8.1192e+00 -1.2046e+00 -7.8792e+00 5.1867e-01 -4.5445e-01 -1.5810e+00 -3.9739e+00 -3.1717e+00 -1.3063e-01 -5.1194e+00 -5.5219e-01 1.6719e-02 -1.0201e-01 -1.2032e-01 1.1130e+01 -1.2187e+00 -1.0861e+00 2.1140e+00 3.5387e-01 4.0109e+00 8.1465e-03 -8.3984e-01 3.9137e+00 4.0788e+00 4.1676e+00 4.5481e+00 -1.3208e-01 2.7545e+00 5.0227e-01 2.6113e-01 -6.7785e-01 1.9617e-02 -3.0291e-01 4.2668e+00 -2.0877e+00 -3.5266e-01 2.9586e-01 -5.7118e-01 9.3026e-02 -4.7975e-01 -1.1017e+00 -4.0352e-01
-7.2979e-01 3.2882e-01 3.2765e-01 1.8127e+01 -1.5814e+00 1.1013e+00 -2.6658e+00 8.5611e-01 -9.6617e-01 5.0968e-01 8.5060e+00 -1.4615e+00 5.7058e-01 1.6266e-02 2.1839e-02 -3.1494e+00 4.7682e-01 1.4450e-01 -1.0753e+00 2.9679e-01 -5.3687e-01 1.8408e-02 -9.6131e-02 3.1368e-02 9.3830e-01 -2.8903e-01 1.1163e-01 4.2325e-02 -2.7659e-02 2.0016e-01 1.9800e-01 -1.3048e-01 1.0491e+00 -4.4490e-01 6.9915e-01 7.7245e-01 2.0589e-01 -1.5042e+00 -2.2817e-01 -2.1719e-01 1.7936e-02 8.7065e-03 1.2378e-01 1.1617e-01 -2.1428e-01 1.1622e-01 -8.6705e-02 1.1640e-01 -6.4959e-02 1.4659e-02 -9.8437e-01 1.1805e+01
-4.7895e+01 -3.0417e+01 -6.5556e-01 -1.5814e+00 1.4051e+02 2.8253e+00 5.0263e+01 -5.2773e+01 -9.6338e-01 -3.0648e+00 2.3576e+01 5.5327e+00 -1.4628e+01 -4.0565e-01 -5.5469e-01 1.5466e+01 3.1295e+00 -1.1661e+00 -4.4595e-01 -5.6719e+00 -4.0585e+00 4.6148e-01 5.0211e-01 -1.0136e-01 -3.5873e+01 1.6046e+01 -2.4348e-01 -9.8853e-01 2.3321e+00 -2.0192e+01 2.5027e+00 -3.6354e-01 1.2983e+01 -1.4591e+01 1.8209e+01 -1.1960e+01 1.7172e+01 1.8760e+01 -5.8832e+00 -3.0806e-02 -7.8491e-01 -2.2982e-01 -1.0661e+00 9.6525e+00 1.6513e+00 -3.8312e+00 -1.5461e+00 2.4654e+00 5.3417e+00 2.2704e+00 -9.6630e-01 -1.7763e-01
1.4267e+01 6.3484e+00 2.2367e+01 1.1013e+00 2.8253e+00 7.8505e+01 -4.7305e+01 1.2200e+01 -7.9432e-01 -7.3293e-01 2.7952e+01 -2.2450e+00 -3.9535e+00 1.2543e+00 -1.2621e-01 -4.9384e+00 -6.8108e+00 -7.2228e+00 3.7645e+00 -2.5359e+00 -7.7172e-02 -6.9868e-01 -3.8834e-02 2.0584e-01 3.0120e+01 -2.3832e+01 -1.5661e+00 3.3439e+00 6.1249e-02 2.3835e+01 4.2771e+00 -1.3986e+00 1.2948e+01 1.0429e+01 1.5267e+01 1.2598e+01 8.8782e+00 4.7280e+00 -8.4715e+00 7.9777e-01 -1.6416e-01 1.7588e-01 4.4533e-01 5.9806e+00 -1.4738e+00 1.1882e-01 1.0705e+00 -1.5746e-01 -7.2343e-01 -2.0885e-01 -8.4900e-01 2.2222e-01
-2.9364e+01 -1.8440e+01 -1.3329e+01 -2.6658e+00 5.0263e+01 -4.7305e+01 1.3402e+02 -4.4152e+01 2.1006e-01 5.1577e+00 -3.3663e+01 4.9532e+00 6.2678e+00 2.2170e-01 -1.2160e+00 7.9368e+00 -5.6183e+00 -4.1003e-01 -1.6905e+00 -9.6113e+00 -2.4799e+00 5.1488e-01 3.0970e-01 -3.9864e-01 -5.3047e+01 3.4025e+01 -1.7858e+00 -3.3815e+00 1.4682e+00 -1.6789e+01 -4.1449e+00 9.9974e-01 -5.4411e+00 -9.8428e+00 -8.1475e+00 -1.0924e+01 -1.5948e-01 2.0729e-01 8.8762e+00 -2.9920e-01 -6.7621e-01 -6.1718e-01 7.5326e-01 -1.8622e+00 -4.4836e-01 1.2119e+00 -3.1418e-02 2.1248e+00 4.9482e+00 2.1944e+00 1.9061e-01 -1.0919e+00
3.1686e+01 -2.5224e+01 -3.3787e+00 8.5611e-01 -5.2773e+01 1.2200e+01 -4.4152e+01 1.1426e+02 -5.4360e-01 3.1273e+00 6.6589e+00 -3.8056e+00 1.6278e-01 -1.3360e-01 -1.8641e-01 -4.0951e+00 -1.1399e+01 -3.9507e+00 1.3812e+00 -8.2732e+00 -9.0857e-01 2.6482e-01 -4.1246e-01 6.1349e-01 6.3226e+01 -1.7770e+01 5.5801e-01 -3.7618e-01 -6.5591e-01 2.2854e+01 -2.7599e+00 -2.4265e+00 -7.9620e+00 1.2531e+01 -7.9286e+00 1.2471e+01 -1.7275e+01 -9.0127e+00 -1.4523e+00 -1.0337e+00 7.8683e-01 3.9584e-02 1.6506e-01 -8.5934e+00 -1.1724e+00 -1.1155e+00 6.6833e-01 -1.7147e+00 -4.3972e-01 -1.7804e+00 -5.6700e-01 -6.2887e-01
-1.0844e-01 -3.1344e+00 -9.8501e-01 -9.6617e-01 -9.6338e-01 -7.9432e-01 2.1006e-01 -5.4360e-01 1.9393e+01 -1.8239e-01 -3.4162e-01 -1.0207e+00 -5.6577e-02 -2.8376e-02 -5.2348e-03 -3.7582e+00 7.6751e-02 6.7590e-02 -1.6855e+00 -4.4759e-02 -1.6051e+00 -8.9267e-02 -4.5837e-01 -9.3083e-03 -6.0724e-01 2.2496e-01 -7.3795e-03 -7.8054e-01 -2.6259e-01 -5.8620e-01 -5.4381e-01 -9.4003e-02 1.6501e-01 -1.6484e-01 2.7255e-01 -2.1546e+00 -2.1388e-01 3.8252e-01 -5.4868e-01 -2.4193e-01 -1.3813e-01 2.2432e-02 -7.9250e-01 5.3653e-02 1.3592e+00 -1.5992e-03 -4.0871e-01 4.6495e-03 6.0212e-02 -9.0717e-02 1.8177e+01 -4.6588e+00
-2.6598e-02 -1.1402e+01 -2.9764e-01 5.0968e-01 -3.0648e+00 -7.3293e-01 5.1577e+00 3.1273e+00 -1.8239e-01 4.6469e+01 -2.3851e+00 -2.3569e-01 6.1320e-01 -3.3664e+00 -1.5537e-01 -4.1527e-01 8.6234e-02 -5.4349e-01 -3.2052e-02 6.0947e-01 -2.2354e-01 -7.0896e-02 -4.0181e-02 -4.5895e-02 4.9854e+00 6.0254e-01 -6.5398e-01 3.9566e-01 -5.8681e-02 3.6399e-01 3.1863e-01 -1.9832e+00 -1.7305e-01 -4.7752e-01 -1.5482e+00 -4.1150e-01 -1.3012e+00 -2.2122e+00 3.1349e-01 5.0216e-02 -3.5125e-02 -4.1464e-02 1.9618e-01 1.9794e-02 6.0565e-01 4.7857e-01 -6.6599e-01 -2.1713e-01 -1.7128e-01 -5.7210e-01 -1.8921e-01 3.3552e-01
-1.1934e+01 -1.3895e+01 8.1192e+00 8.5060e+00 2.3576e+01 2.7952e+01 -3.3663e+01 6.6589e+00 -3.4162e-01 -2.3851e+00 1.1216e+02 7.0146e-02 -1.2072e+01 1.1691e+00 9.2824e-01 1.7392e-01 4.0851e+00 3.5844e+00 1.1230e-01 6.5229e-01 6.3163e-02 1.0356e-01 4.0449e-01 5.5961e-01 3.2131e+01 -1.1776e+01 4.0781e-01 -2.6787e+00 1.0921e+00 7.7049e+00 2.9057e+00 -1.4464e+00 -1.6640e+01 6.6758e+00 5.8977e+00 5.3627e+00 -6.0053e+00 -2.9894e+00 -7.9746e+00 -5.4705e-02 4.1289e-01 -7.1870e-01 -1.0992e+00 -4.6134e-01 7.0432e-02 -1.1222e+01 8.2304e-01 3.5069e-01 1.1517e+00 1.2501e+00 -3.5916e-01 5.4847e+00
-5.7654e+00 -3.6532e+00 -1.2046e+00 -1.4615e+00 5.5327e+00 -2.2450e+00 4.9532e+00 -3.8056e+00 -1.0207e+00 -2.3569e-01 7.0146e-02 1.7264e+01 -9.9753e-01 -8.5059e-02 1.4753e-01 3.1483e-01 -8.1431e-01 -3.9702e-01 -4.2133e-01 -7.9887e-01 -2.0349e-01 7.8242e-02 6.5008e-02 -1.0334e-02 -4.9106e+00 -6.8972e-01 -3.9624e-01 -3.9141e-01 2.2755e-01 4.0314e-01 -1.9024e-01 -1.9123e-01 5.5533e+00 -2.7311e-01 5.8965e+00 -4.6890e-01 4.7269e+00 5.2533e+00 -2.1263e-01 -6.5784e-02 -9.1437e-03 -4.6901e-02 -1.4105e-01 -2.7333e-01 -1.2098e-01 -9.9896e-02 -2.2885e-02 -3.5303e-01 -6.7095e-02 -3.0371e-01 -1.0414e+00 3.4265e+00
5.5923e+00 7.7176e+00 -7.8792e+00 5.7058e-01 -1.4628e+01 -3.9535e+00 6.2678e+00 1.6278e-01 -5.6577e-02 6.1320e-01 -1.2072e+01 -9.9753e-01 5.1367e+01 1.6748e+00 1.8261e+00 1.1447e+00 -3.8801e+00 6.4351e-01 -4.3503e-01 -1.3367e+00 1.7706e+00 -5.9981e-02 1.3403e-01 4.0536e-01 2.1836e-02 -4.7388e+00 -2.9822e-01 2.6194e-01 -1.2367e-01 1.4523e+01 -2.1036e+00 1.7744e+00 -6.8538e+00 1.3864e+01 -7.3589e+00 1.1401e+01 1.1532e+00 -1.1432e+01 5.8643e+00 -1.3261e-01 -4.9722e-01 2.5797e-01 2.5299e-01 4.2459e-01 -5.6485e-01 -3.2840e-01 1.5164e+00 -3.2110e-01 -1.0163e+00 1.9065e+00 -9.3595e-02 3.0038e-01
2.7377e-01 5.8850e-01 5.1867e-01 1.6266e-02 -4.0565e-01 1.2543e+00 2.2170e-01 -1.3360e-01 -2.8376e-02 -3.3664e+00 1.1691e+00 -8.5059e-02 1.6748e+00 1.9630e+01 3.4906e-01 -3.5903e-01 8.3193e-02 -3.4183e-02 -3.3665e-02 6.3073e-01 8.7563e-01 -6.3428e-03 -3.6984e-02 -8.3218e-02 -8.7938e-01 -1.1388e+00 -1.5459e-01 -1.3282e-01 3.1298e-02 2.4196e+00 3.6166e-01 8.5468e-01 1.8710e+00 1.1817e-02 1.7227e-01 2.7230e-02 3.4693e+00 6.2446e-01 4.3436e-01 -6.4803e-02 7.6810e-03 -5.9489e-02 -1.0777e-03 1.9230e+00 -3.1566e-01 7.5741e-01 4.2647e-01 -1.2537e-01 -1.3400e-01 -1.0612e-01 -3.7974e-02 -6.9857e-02
4.0944e-01 -1.1038e+00 -4.5445e-01 2.1839e-02 -5.5469e-01 -1.2621e-01 -1.2160e+00 -1.8641e-01 -5.2348e-03 -1.5537e-01 9.2824e-01 1.4753e-01 1.8261e+00 3.4906e-01 1.1590e+01 1.5439e+00 6.0314e-01 -4.4290e-01 -1.5476e-01 -3.5856e-01 -3.4018e-01 -5.5610e-02 -6.4849e-02 -9.2777e-02 7.1537e-01 -4.5408e-02 -1.8077e-01 3.4718e-01 -9.6603e-02 1.1707e+00 4.0337e-02 -9.9721e-02 -1.3337e+00 -7.9321e-01 -3.9485e-01 -5.4581e-01 -1.3423e+00 -3.7214e-02 -5.0009e-01 1.3328e-01 -3.9227e-02 -4.3003e-02 5.5922e-03 -2.3626e-01 -1.2774e-01 -2.8178e-01 -1.7146e-01 -4.7472e-02 -2.9427e-01 -1.0196e-01 7.2367e-04 -3.6116e-02
-7.1173e+00 -1.2518e+01 -1.5810e+00 -3.1494e+00 1.5466e+01 -4.9384e+00 7.9368e+00 -4.0951e+00 -3.7582e+00 -4.1527e-01 1.7392e-01 3.1483e-01 1.1447e+00 -3.5903e-01 1.5439e+00 6.6011e+01 -2.1662e+00 -1.5980e+00 1.9434e+00 -3.3590e+00 6.1965e-02 3.6546e-01 -5.8417e-02 -6.4798e-01 1.0673e+01 1.0701e+00 3.0675e+00 -1.4958e+00 -1.0703e+00 -2.8878e+00 3.4090e+00 -2.8808e-01 -7.2686e+00 -1.9518e+00 -4.2033e+00 -1.7344e+00 -8.2273e+00 3.4957e+00 -1.2357e+00 -1.9758e-01 -2.8351e-01 -2.3439e-01 -1.2973e-02 -1.2361e+00 -6.9973e-01 -1.1691e+00 -4.2112e-01 -1.1174e-01 -3.6107e-01 -4.2441e-01 -3.8305e+00 7.6023e+00
-1.4409e+01 9.2249e+00 -3.9739e+00 4.7682e-01 3.1295e+00 -6.8108e+00 -5.6183e+00 -1.1399e+01 7.6751e-02 8.6234e-02 4.0851e+00 -8.1431e-01 -3.8801e+00 8.3193e-02 6.0314e-01 -2.1662e+00 4.6601e+01 6.6018e+00 -3.2328e-01 1.1258e+01 -9.4066e-01 9.5875e-02 1.7305e-01 -3.2450e-01 -1.3517e+01 3.2249e+00 -1.8359e-01 -1.1787e+00 -5.6271e-01 -5.2409e+00 -2.1186e+00 3.0630e-01 -7.8076e+00 -4.2773e+00 -4.6408e+00 -4.6840e+00 -4.0442e+00 -5.0150e+00 -7.4102e-01 1.5784e-01 -2.0576e-01 -2.1073e-01 -2.2623e-01 -1.3214e+00 2.5543e+00 -1.6544e+00 -5.0657e-01 1.2712e+00 1.7411e-01 2.1431e+00 8.4473e-02 1.8668e-01
-5.1368e+00 2.4398e+00 -3.1717e+00 1.4450e-01 -1.1661e+00 -7.2228e+00 -4.1003e-01 -3.9507e+00 6.7590e-02 -5.4349e-01 3.5844e+00 -3.9702e-01 6.4351e-01 -3.4183e-02 -4.4290e-01 -1.5980e+00 6.6018e+00 2.8824e+01 3.8024e-01 8.9366e+00 2.8740e+00 -1.6402e-01 -1.1031e-02 -1.5703e-01 -8.9984e+00 6.5265e+00 1.9922e-01 -4.6706e-01 5.0894e-01 -3.1145e+00 2.0999e-01 8.9121e-01 -5.1643e+00 4.3461e-02 -4.4472e+00 -2.1693e+00 -5.1950e+00 -6.5312e+00 1.8387e+00 -1.3577e-01 1.0010e+00 -1.1413e-01 -1.3545e-01 1.7537e-01 2.3678e+00 -3.9416e-01 -3.4230e-01 -1.0610e-01 -4.5985e-01 -4.7082e-01 6.8230e-02 -2.1149e-02
1.0324e+00 1.1036e+00 -1.3063e-01 -1.0753e+00 -4.4595e-01 3.7645e+00 -1.6905e+00 1.3812e+00 -1.6855e+00 -3.2052e-02 1.1230e-01 -4.2133e-01 -4.3503e-01 -3.3665e-02 -1.5476e-01 1.9434e+00 -3.2328e-01 3.8024e-01 1.0779e+01 -2.7978e-01 1.7450e+00 -1.1647e-02 3.4800e-01 -6.9961e-02 1.0041e+00 -4.0752e-01 -1.9531e-01 3.1662e-01 -1.0344e-01 3.1017e+00 4.0106e-01 -4.1173e-02 -4.2685e-02 1.8737e-01 1.4163e-02 7.6595e-01 -4.8888e-01 -4.8395e-01 -3.5658e-01 2.2796e-01 -2.6833e-02 -9.9058e-03 -1.1969e-01 3.9797e-01 -1.1836e-01 -8.7900e-02 -7.7216e-02 -7.8619e-02 -7.4435e-02 -7.1998e-02 -1.7168e+00 1.5646e+00
-1.0587e+01 1.5566e+01 -5.1194e+00 2.9679e-01 -5.6719e+00 -2.5359e+00 -9.6113e+00 -8.2732e+00 -4.4759e-02 6.0947e-01 6.5229e-01 -7.9887e-01 -1.3367e+00 6.3073e-01 -3.5856e-01 -3.3590e+00 1.1258e+01 8.9366e+00 -2.7978e-01 4.5545e+01 7.0962e+00 -2.0915e-01 1.9694e-01 -3.3026e-01 -1.5835e+01 -3.1981e-01 -5.3593e-02 -1.0344e+00 -1.1618e+00 -1.2640e+00 -3.4724e-01 -2.9528e-01 -1.5712e+00 -8.4179e-01 -2.0333e+00 4.3940e-01 -3.6111e+00 -4.1746e+00 -3.6408e-01 -2.0471e-01 -1.7675e-01 -1.9488e-01 -3.3202e-01 -8.1905e-01 2.9533e+00 5.4267e-02 2.8809e-01 -4.4814e-01 -2.0105e+00 -6.3140e-01 -8.9279e-02 5.7999e-02
9.6796e-02 3.2060e+00 -5.5219e-01 -5.3687e-01 -4.0585e+00 -7.7172e-02 -2.4799e+00 -9.0857e-01 -1.6051e+00 -2.2354e-01 6.3163e-02 -2.0349e-01 1.7706e+00 8.7563e-01 -3.4018e-01 6.1965e-02 -9.4066e-01 2.8740e+00 1.7450e+00 7.0962e+00 2.1989e+01 -8.1095e-02 7.3389e-01 -7.3235e-02 -1.3591e+00 -7.4036e-01 -1.2249e-01 -4.1530e-01 -5.1897e-01 1.0836e+00 -8.6393e-01 -7.5338e-02 -8.1495e-01 1.2938e+00 -1.2221e+00 -4.7236e-01 -1.6002e+00 -1.8451e+00 1.9467e+00 -1.2689e-01 -6.2402e-02 -5.9853e-02 -2.0117e-01 -7.2629e-02 -1.2279e-01 9.2450e-01 -2.7429e-01 -6.7667e-02 -8.8741e-01 -1.3343e-01 -1.6325e+00 1.1061e+00
-4.9882e-01 -6.5889e-01 1.6719e-02 1.8408e-02 4.6148e-01 -6.9868e-01 5.1488e-01 2.6482e-01 -8.9267e-02 -7.0896e-02 1.0356e-01 7.8242e-02 -5.9981e-02 -6.3428e-03 -5.5610e-02 3.6546e-01 9.5875e-02 -1.6402e-01 -1.1647e-02 -2.0915e-01 -8.1095e-02 6.3216e+00 2.6731e-02 3.1742e-03 1.4522e-01 -1.0879e-01 -4.9061e-02 -1.1899e-01 -6.3621e-02 3.5299e-01 -6.6568e-03 3.9512e-01 -6.2201e-01 -1.5510e-01 -5.2996e-01 -1.8940e-01 -5.8636e-02 -3.6050e-01 1.1419e-01 -2.3168e-02 -5.1997e-02 -1.7369e-02 -3.7355e-02 1.9898e-01 -1.0359e-01 -7.8889e-02 -4.0856e-02 -5.5505e-03 4.7536e-01 -7.3710e-02 -1.1007e-01 2.7295e-02
-7.1807e-01 -1.2573e-01 -1.0201e-01 -9.6131e-02 5.0211e-01 -3.8834e-02 3.0970e-01 -4.1246e-01 -4.5837e-01 -4.0181e-02 4.0449e-01 6.5008e-02 1.3403e-01 -3.6984e-02 -6.4849e-02 -5.8417e-02 1.7305e-01 -1.1031e-02 3.4800e-01 1.9694e-01 7.3389e-01 2.6731e-02 6.6651e+00 -3.6438e-02 -5.2067e-01 1.3427e+00 5.6273e-02 -1.2231e-01 1.4352e-02 4.7774e-01 -1.6097e-01 -3.9870e-02 -5.6827e-01 3.3164e-01 -5.8847e-02 -1.8221e-02 -1.1949e-01 -1.1184e-01 8.7930e-02 -4.1791e-02 -4.7149e-02 -8.3793e-03 2.5912e-03 -4.1938e-02 -7.1393e-02 4.9298e-01 -4.3639e-02 -3.1121e-02 -4.6619e-02 -6.9272e-02 -4.5539e-01 1.7242e-01
1.7453e-01 -6.9491e-01 -1.2032e-01 3.1368e-02 -1.0136e-01 2.0584e-01 -3.9864e-01 6.1349e-01 -9.3083e-03 -4.5895e-02 5.5961e-01 -1.0334e-02 4.0536e-01 -8.3218e-02 -9.2777e-02 -6.4798e-01 -3.2450e-01 -1.5703e-01 -6.9961e-02 -3.3026e-01 -7.3235e-02 3.1742e-03 -3.6438e-02 7.3201e+00 4.8148e-01 -5.5354e-01 -1.0606e-01 -2.7497e-02 5.7336e-01 -3.6534e-02 -2.0487e-01 -6.6467e-02 2.2089e-01 -4.8400e-02 2.7814e-01 -4.9350e-04 6.0073e-02 5.9116e-02 -2.6352e-01 5.0796e-02 -3.7170e-02 -2.0737e-02 -3.6850e-02 1.9671e-01 5.9111e-02 -1.1015e-01 -5.3172e-02 -1.2205e-02 -2.0242e-01 5.2381e-01 -2.1637e-02 7.0344e-02
3.1864e+01 -3.0034e+01 1.1130e+01 9.3830e-01 -3.5873e+01 3.0120e+01 -5.3047e+01 6.3226e+01 -6.0724e-01 4.9854e+00 3.2131e+01 -4.9106e+00 2.1836e-02 -8.7938e-01 7.1537e-01 1.0673e+01 -1.3517e+01 -8.9984e+00 1.0041e+00 -1.5835e+01 -1.3591e+00 1.4522e-01 -5.2067e-01 4.8148e-01 1.3821e+02 -3.5799e+01 -4.8106e-01 1.0993e+00 1.7275e+00 2.4442e+01 2.9445e+00 -2.6487e+00 -1.9929e+01 1.6953e+01 -1.2710e+01 1.7360e+01 -2.5068e+01 -2.1223e+01 -6.7715e+00 7.2068e-01 8.6745e-01 -1.1381e-01 3.7534e-02 -1.1697e+01 -2.2762e+00 -4.0982e+00 6.3769e-02 -1.9679e+00 -1.9588e+00 -2.2332e+00 -6.5344e-01 1.3506e-01
-1.3726e+01 -2.4959e+00 -1.2187e+00 -2.8903e-01 1.6046e+01 -2.3832e+01 3.4025e+01 -1.7770e+01 2.2496e-01 6.0254e-01 -1.1776e+01 -6.8972e-01 -4.7388e+00 -1.1388e+00 -4.5408e-02 1.0701e+00 3.2249e+00 6.5265e+00 -4.0752e-01 -3.1981e-01 -7.4036e-01 -1.0879e-01 1.3427e+00 -5.5354e-01 -3.5799e+01 7.0744e+01 -9.2417e-01 -2.0758e+00 -1.0692e+00 -1.3033e+01 2.8077e+00 -8.1942e-01 -1.8503e+01 -1.2009e+01 -1.6628e+01 -1.2492e+01 -1.6969e+01 -1.1532e+01 8.1180e+00 -3.7984e-01 -2.5857e-01 -2.5733e-01 -3.2603e-01 -2.2253e+00 3.0409e+00 -3.8316e-01 -6.5273e-01 3.2346e+00 -2.0926e+00 2.8754e+00 2.2099e-01 -3.0466e-01
7.0810e-01 2.2575e-02 -1.0861e+00 1.1163e-01 -2.4348e-01 -1.5661e+00 -1.7858e+00 5.5801e-01 -7.3795e-03 -6.5398e-01 4.0781e-01 -3.9624e-01 -2.9822e-01 -1.5459e-01 -1.8077e-01 3.0675e+00 -1.8359e-01 1.9922e-01 -1.9531e-01 -5.3593e-02 -1.2249e-01 -4.9061e-02 5.6273e-02 -1.0606e-01 -4.8106e-01 -9.2417e-01 1.2414e+01 -3.1886e-01 -8.4978e-03 -1.2837e+00 -4.7628e-01 1.4260e+00 1.3166e+00 9.1290e-01 1.2950e+00 5.8664e-01 1.8463e+00 5.5989e-01 -4.8999e-01 -6.2651e-02 -8.5751e-02 -4.0734e-02 -1.0081e-01 1.4356e+00 -1.0752e-01 -6.5988e-02 -5.6633e-02 -1.1098e-01 3.9468e-01 -1.8962e-01 3.2439e-01 2.9302e-02
-4.5460e-01 2.9327e+00 2.1140e+00 4.2325e-02 -9.8853e-01 3.3439e+00 -3.3815e+00 -3.7618e-01 -7.8054e-01 3.9566e-01 -2.6787e+00 -3.9141e-01 2.6194e-01 -1.3282e-01 3.4718e-01 -1.4958e+00 -1.1787e+00 -4.6706e-01 3.1662e-01 -1.0344e+00 -4.1530e-01 -1.1899e-01 -1.2231e-01 -2.7497e-02 1.0993e+00 -2.0758e+00 -3.1886e-01 2.2297e+01 -4.6190e-01 9.7160e-01 2.7279e+00 1.9347e-01 5.2987e+00 1.8306e+00 -7.8362e-01 2.1813e+00 -9.5708e-01 -2.3517e+00 -1.5209e+00 -1.6821e-01 -2.5856e-02 -9.6979e-02 -3.5690e-02 -2.7157e-01 -1.8116e-01 -7.7494e-01 -2.7124e-01 1.4359e-02 -5.5165e-01 2.0170e-02 -8.2141e-01 -1.9875e-01
-2.7955e-01 -2.7713e+00 3.5387e-01 -2.7659e-02 2.3321e+00 6.1249e-02 1.4682e+00 -6.5591e-01 -2.6259e-01 -5.8681e-02 1.0921e+00 2.2755e-01 -1.2367e-01 3.1298e-02 -9.6603e-02 -1.0703e+00 -5.6271e-01 5.0894e-01 -1.0344e-01 -1.1618e+00 -5.1897e-01 -6.3621e-02 1.4352e-02 5.7336e-01 1.7275e+00 -1.0692e+00 -8.4978e-03 -4.6190e-01 1.4341e+01 7.0949e-01 7.5385e-01 -1.7826e-01 -5.0193e-01 6.9278e-01 -1.6390e-01 5.5312e-01 -1.4550e-01 -4.5742e-01 -2.2356e-01 9.5945e-03 -9.1757e-02 -2.1968e-02 -1.5523e-01 2.9371e-02 -1.1524e-01 -2.9976e-01 -1.2902e-01 -5.2258e-02 3.2076e+00 -1.7380e-01 -3.4774e-01 -1.9296e-01
6.4792e+00 -1.3996e+00 4.0109e+00 2.0016e-01 -2.0192e+01 2.3835e+01 -1.6789e+01 2.2854e+01 -5.8620e-01 3.6399e-01 7.7049e+00 4.0314e-01 1.4523e+01 2.4196e+00 1.1707e+00 -2.8878e+00 -5.2409e+00 -3.1145e+00 3.1017e+00 -1.2640e+00 1.0836e+00 3.5299e-01 4.7774e-01 -3.6534e-02 2.4442e+01 -1.3033e+01 -1.2837e+00 9.7160e-01 7.0949e-01 8.4844e+01 -6.9815e-01 -1.4406e+00 -2.3518e+01 4.7853e+01 -2.4966e+01 4.5066e+01 -2.2172e+01 -2.5278e+01 3.8126e+00 -5.1970e-01 1.2141e+00 1.5230e-01 8.1435e-01 -3.4687e+00 -2.0298e+00 2.5969e-01 2.6904e+00 -7.7750e-01 1.6931e+00 1.5608e+00 -5.3598e-01 -2.9254e-01
-5.0249e-01 1.2387e+00 8.1465e-03 1.9800e-01 2.5027e+00 4.2771e+00 -4.1449e+00 -2.7599e+00 -5.4381e-01 3.1863e-01 2.9057e+00 -1.9024e-01 -2.1036e+00 3.6166e-01 4.0337e-02 3.4090e+00 -2.1186e+00 2.0999e-01 4.0106e-01 -3.4724e-01 -8.6393e-01 -6.6568e-03 -1.6097e-01 -2.0487e-01 2.9445e+00 2.8077e+00 -4.7628e-01 2.7279e+00 7.5385e-01 -6.9815e-01 3.3389e+01 -2.9737e-01 -9.4394e+00 3.9882e+00 -4.0565e+00 5.4340e+00 -8.2307e+00 -6.8983e+00 -4.0884e+00 1.1759e-01 -4.3422e-01 -7.4555e-02 2.7750e-01 -8.1267e-01 1.5105e-01 -1.5802e-01 -3.1534e-01 -6.3281e-02 -5.0928e-01 -6.6122e-01 -5.6329e-01 4.5587e-03
5.1265e-01 1.7124e-01 -8.3984e-01 -1.3048e-01 -3.6354e-01 -1.3986e+00 9.9974e-01 -2.4265e+00 -9.4003e-02 -1.9832e+00 -1.4464e+00 -1.9123e-01 1.7744e+00 8.5468e-01 -9.9721e-02 -2.8808e-01 3.0630e-01 8.9121e-01 -4.1173e-02 -2.9528e-01 -7.5338e-02 3.9512e-01 -3.9870e-02 -6.6467e-02 -2.6487e+00 -8.1942e-01 1.4260e+00 1.9347e-01 -1.7826e-01 -1.4406e+00 -2.9737e-01 1.3955e+01 -4.7417e-01 9.8889e-01 -6.5507e-02 3.3559e-01 2.4611e+00 -8.4185e-02 -9.9871e-02 -1.8323e-02 9.7793e-01 -4.6226e-02 -9.4055e-02 3.9708e+00 -2.3446e-01 -1.4141e-01 -1.1722e-01 -6.8110e-03 1.5250e-01 5.7417e-01 9.1161e-01 -3.0120e-01
3.5741e+00 1.2256e+01 3.9137e+00 1.0491e+00 1.2983e+01 1.2948e+01 -5.4411e+00 -7.9620e+00 1.6501e-01 -1.7305e-01 -1.6640e+01 5.5533e+00 -6.8538e+00 1.8710e+00 -1.3337e+00 -7.2686e+00 -7.8076e+00 -5.1643e+00 -4.2685e-02 -1.5712e+00 -8.1495e-01 -6.2201e-01 -5.6827e-01 2.2089e-01 -1.9929e+01 -1.8503e+01 1.3166e+00 5.2987e+00 -5.0193e-01 -2.3518e+01 -9.4394e+00 -4.7417e-01 1.1196e+02 -2.4212e+01 6.1803e+01 -2.2303e+01 6.1365e+01 5.8911e+01 -9.9363e+00 -1.1531e+00 -1.0005e+00 1.1519e+00 6.3969e-01 1.0115e+01 -4.0307e-01 1.4828e+01 -1.2483e+00 -5.7615e-01 -1.1440e+00 -2.3723e+00 7.9560e-02 3.9768e-01
2.1861e+00 4.7495e+00 4.0788e+00 -4.4490e-01 -1.4591e+01 1.0429e+01 -9.8428e+00 1.2531e+01 -1.6484e-01 -4.7752e-01 6.6758e+00 -2.7311e-01 1.3864e+01 1.1817e-02 -7.9321e-01 -1.9518e+00 -4.2773e+00 4.3461e-02 1.8737e-01 -8.4179e-01 1.2938e+00 -1.5510e-01 3.3164e-01 -4.8400e-02 1.6953e+01 -1.2009e+01 9.1290e-01 1.8306e+00 6.9278e-01 4.7853e+01 3.9882e+00 9.8889e-01 -2.4212e+01 6.9239e+01 -2.5189e+01 5.3126e+01 -2.2438e+01 -2.6112e+01 5.8796e+00 -7.0294e-01 1.1658e+00 -6.6186e-02 7.4196e-01 2.0076e+00 -1.9172e+00 -5.4881e-01 2.8863e+00 -2.1784e-01 4.6888e-01 1.8600e+00 -1.7255e-01 -5.7606e-01
-2.3548e+00 1.9333e+00 4.1676e+00 6.9915e-01 1.8209e+01 1.5267e+01 -8.1475e+00 -7.9286e+00 2.7255e-01 -1.5482e+00 5.8977e+00 5.8965e+00 -7.3589e+00 1.7227e-01 -3.9485e-01 -4.2033e+00 -4.6408e+00 -4.4472e+00 1.4163e-02 -2.0333e+00 -1.2221e+00 -5.2996e-01 -5.8847e-02 2.7814e-01 -1.2710e+01 -1.6628e+01 1.2950e+00 -7.8362e-01 -1.6390e-01 -2.4966e+01 -4.0565e+00 -6.5507e-02 6.1803e+01 -2.5189e+01 7.9024e+01 -2.5038e+01 6.1094e+01 6.1973e+01 -1.2748e+01 -8.9987e-01 6.8413e-01 -1.3559e-01 -4.1272e-01 1.0458e+01 6.0241e-01 -1.4980e-01 -1.4816e+00 -4.1903e-01 -1.1344e-01 -2.0554e+00 2.7388e-01 3.7594e-01
1.4166e+00 4.0803e+00 4.5481e+00 7.7245e-01 -1.1960e+01 1.2598e+01 -1.0924e+01 1.2471e+01 -2.1546e+00 -4.1150e-01 5.3627e+00 -4.6890e-01 1.1401e+01 2.7230e-02 -5.4581e-01 -1.7344e+00 -4.6840e+00 -2.1693e+00 7.6595e-01 4.3940e-01 -4.7236e-01 -1.8940e-01 -1.8221e-02 -4.9350e-04 1.7360e+01 -1.2492e+01 5.8664e-01 2.1813e+00 5.5312e-01 4.5066e+01 5.4340e+00 3.3559e-01 -2.2303e+01 5.3126e+01 -2.5038e+01 7.2559e+01 -2.3872e+01 -2.4988e+01 1.0705e+00 2.1570e-01 1.1845e+00 3.5417e-04 7.8345e-02 1.8054e+00 -1.3661e+00 -4.6644e-01 2.9928e+00 -1.3380e-01 5.2747e-01 2.6892e+00 -2.2279e+00 6.9873e-01
2.9446e+00 1.1510e+01 -1.3208e-01 2.0589e-01 1.7172e+01 8.8782e+00 -1.5948e-01 -1.7275e+01 -2.1388e-01 -1.3012e+00 -6.0053e+00 4.7269e+00 1.1532e+00 3.4693e+00 -1.3423e+00 -8.2273e+00 -4.0442e+00 -5.1950e+00 -4.8888e-01 -3.6111e+00 -1.6002e+00 -5.8636e-02 -1.1949e-01 6.0073e-02 -2.5068e+01 -1.6969e+01 1.8463e+00 -9.5708e-01 -1.4550e-01 -2.2172e+01 -8.2307e+00 2.4611e+00 6.1365e+01 -2.2438e+01 6.1094e+01 -2.3872e+01 9.8902e+01 5.6937e+01 -8.4474e+00 -1.2374e+00 -9.9344e-01 3.8838e-01 -5.5089e-01 1.2582e+01 2.5087e-01 2.3197e+00 -1.5797e+00 -8.3802e-01 -4.0907e+00 -2.2018e+00 -2.2677e-01 -1.2782e+00
-3.9643e+00 -2.8612e+00 2.7545e+00 -1.5042e+00 1.8760e+01 4.7280e+00 2.0729e-01 -9.0127e+00 3.8252e-01 -2.2122e+00 -2.9894e+00 5.2533e+00 -1.1432e+01 6.2446e-01 -3.7214e-02 3.4957e+00 -5.0150e+00 -6.5312e+00 -4.8395e-01 -4.1746e+00 -1.8451e+00 -3.6050e-01 -1.1184e-01 5.9116e-02 -2.1223e+01 -1.1532e+01 5.5989e-01 -2.3517e+00 -4.5742e-01 -2.5278e+01 -6.8983e+00 -8.4185e-02 5.8911e+01 -2.6112e+01 6.1973e+01 -2.4988e+01 5.6937e+01 9.8792e+01 -1.5424e+01 -1.1451e+00 -1.3577e+00 1.7161e-01 -6.2479e-01 9.8123e+00 7.6322e-01 -3.2804e-01 -1.9347e+00 -8.7955e-01 -3.1965e+00 -2.2591e+00 3.8030e-01 -4.8194e-01
4.0019e-01 1.3450e+00 5.0227e-01 -2.2817e-01 -5.8832e+00 -8.4715e+00 8.8762e+00 -1.4523e+00 -5.4868e-01 3.1349e-01 -7.9746e+00 -2.1263e-01 5.8643e+00 4.3436e-01 -5.0009e-01 -1.2357e+00 -7.4102e-01 1.8387e+00 -3.5658e-01 -3.6408e-01 1.9467e+00 1.1419e-01 8.7930e-02 -2.6352e-01 -6.7715e+00 8.1180e+00 -4.8999e-01 -1.5209e+00 -2.2356e-01 3.8126e+00 -4.0884e+00 -9.9871e-02 -9.9363e+00 5.8796e+00 -1.2748e+01 1.0705e+00 -8.4474e+00 -1.5424e+01 3.7214e+01 -5.4856e-02 -3.9368e-01 -1.4956e-01 1.7378e+00 -3.9451e-01 1.1303e+00 -1.7474e-01 1.4133e+00 -2.1566e-02 -7.4606e-02 -4.2088e-01 -5.5810e-01 -4.9517e-01
4.4249e-02 -4.3503e-01 2.6113e-01 -2.1719e-01 -3.0806e-02 7.9777e-01 -2.9920e-01 -1.0337e+00 -2.4193e-01 5.0216e-02 -5.4705e-02 -6.5784e-02 -1.3261e-01 -6.4803e-02 1.3328e-01 -1.9758e-01 1.5784e-01 -1.3577e-01 2.2796e-01 -2.0471e-01 -1.2689e-01 -2.3168e-02 -4.1791e-02 5.0796e-02 7.2068e-01 -3.7984e-01 -6.2651e-02 -1.6821e-01 9.5945e-03 -5.1970e-01 1.1759e-01 -1.8323e-02 -1.1531e+00 -7.0294e-01 -8.9987e-01 2.1570e-01 -1.2374e+00 -1.1451e+00 -5.4856e-02 7.6893e+00 3.6730e-02 -3.3606e-02 -6.3019e-02 -1.7551e-01 -1.7087e-01 -7.8786e-02 -1.3046e-01 1.3627e-01 -1.2232e-01 2.8778e-02 -2.6010e-01 -3.6864e-01
-4.3513e-03 -8.5228e-01 -6.7785e-01 1.7936e-02 -7.8491e-01 -1.6416e-01 -6.7621e-01 7.8683e-01 -1.3813e-01 -3.5125e-02 4.1289e-01 -9.1437e-03 -4.9722e-01 7.6810e-03 -3.9227e-02 -2.8351e-01 -2.0576e-01 1.0010e+00 -2.6833e-02 -1.7675e-01 -6.2402e-02 -5.1997e-02 -4.7149e-02 -3.7170e-02 8.6745e-01 -2.5857e-01 -8.5751e-02 -2.5856e-02 -9.1757e-02 1.2141e+00 -4.3422e-01 9.7793e-01 -1.0005e+00 1.1658e+00 6.8413e-01 1.1845e+00 -9.9344e-01 -1.3577e+00 -3.9368e-01 3.6730e-02 7.3413e+00 -2.9772e-02 -2.5206e-02 1.0111e-01 -1.2489e-01 -3.7496e-02 -5.0916e-02 1.2510e-02 -5.5335e-02 -1.3095e-01 1.6245e+00 -7.0216e-02
4.8856e-02 6.3735e-02 1.9617e-02 8.7065e-03 -2.2982e-01 1.7588e-01 -6.1718e-01 3.9584e-02 2.2432e-02 -4.1464e-02 -7.1870e-01 -4.6901e-02 2.5797e-01 -5.9489e-02 -4.3003e-02 -2.3439e-01 -2.1073e-01 -1.1413e-01 -9.9058e-03 -1.9488e-01 -5.9853e-02 -1.7369e-02 -8.3793e-03 -2.0737e-02 -1.1381e-01 -2.5733e-01 -4.0734e-02 -9.6979e-02 -2.1968e-02 1.5230e-01 -7.4555e-02 -4.6226e-02 1.1519e+00 -6.6186e-02 -1.3559e-01 3.5417e-04 3.8838e-01 1.7161e-01 -1.4956e-01 -3.3606e-02 -2.9772e-02 5.1747e+00 -1.1044e-02 4.4701e-01 6.2482e-02 8.8564e-01 -4.5456e-02 -1.1325e-02 3.7680e-02 1.2905e-01 1.9643e-02 -2.6110e-02
7.2186e-01 2.2334e+00 -3.0291e-01 1.2378e-01 -1.0661e+00 4.4533e-01 7.5326e-01 1.6506e-01 -7.9250e-01 1.9618e-01 -1.0992e+00 -1.4105e-01 2.5299e-01 -1.0777e-03 5.5922e-03 -1.2973e-02 -2.2623e-01 -1.3545e-01 -1.1969e-01 -3.3202e-01 -2.0117e-01 -3.7355e-02 2.5912e-03 -3.6850e-02 3.7534e-02 -3.2603e-01 -1.0081e-01 -3.5690e-02 -1.5523e-01 8.1435e-01 2.7750e-01 -9.4055e-02 6.3969e-01 7.4196e-01 -4.1272e-01 7.8345e-02 -5.5089e-01 -6.2479e-01 1.7378e+00 -6.3019e-02 -2.5206e-02 -1.1044e-02 8.3229e+00 -6.5995e-02 -1.5338e-01 -3.9738e-02 -5.0193e-02 -3.7124e-02 -1.3157e-01 -7.5338e-02 -8.3372e-01 8.0817e-04
2.2329e+00 3.4350e+00 4.2668e+00 1.1617e-01 9.6525e+00 5.9806e+00 -1.8622e+00 -8.5934e+00 5.3653e-02 1.9794e-02 -4.6134e-01 -2.7333e-01 4.2459e-01 1.9230e+00 -2.3626e-01 -1.2361e+00 -1.3214e+00 1.7537e-01 3.9797e-01 -8.1905e-01 -7.2629e-02 1.9898e-01 -4.1938e-02 1.9671e-01 -1.1697e+01 -2.2253e+00 1.4356e+00 -2.7157e-01 2.9371e-02 -3.4687e+00 -8.1267e-01 3.9708e+00 1.0115e+01 2.0076e+00 1.0458e+01 1.8054e+00 1.2582e+01 9.8123e+00 -3.9451e-01 -1.7551e-01 1.0111e-01 4.4701e-01 -6.5995e-02 2.5039e+01 -4.2905e-01 -2.0679e-01 4.9712e-01 -2.0220e-01 -5.8004e-01 -3.6575e-01 4.3492e-02 -4.9647e-03
-2.1682e+00 -2.5909e+00 -2.0877e+00 -2.1428e-01 1.6513e+00 -1.4738e+00 -4.4836e-01 -1.1724e+00 1.3592e+00 6.0565e-01 7.0432e-02 -1.2098e-01 -5.6485e-01 -3.1566e-01 -1.2774e-01 -6.9973e-01 2.5543e+00 2.3678e+00 -1.1836e-01 2.9533e+00 -1.2279e-01 -1.0359e-01 -7.1393e-02 5.9111e-02 -2.2762e+00 3.0409e+00 -1.0752e-01 -1.8116e-01 -1.1524e-01 -2.0298e+00 1.5105e-01 -2.3446e-01 -4.0307e-01 -1.9172e+00 6.0241e-01 -1.3661e+00 2.5087e-01 7.6322e-01 1.1303e+00 -1.7087e-01 -1.2489e-01 6.2482e-02 -1.5338e-01 -4.2905e-01 1.7237e+01 -1.6752e-01 -2.2683e-01 2.9437e-02 -1.8531e-01 -8.1463e-02 1.2954e+00 -4.8882e-01
3.0857e+00 7.0482e+00 -3.5266e-01 1.1622e-01 -3.8312e+00 1.1882e-01 1.2119e+00 -1.1155e+00 -1.5992e-03 4.7857e-01 -1.1222e+01 -9.9896e-02 -3.2840e-01 7.5741e-01 -2.8178e-01 -1.1691e+00 -1.6544e+00 -3.9416e-01 -8.7900e-02 5.4267e-02 9.2450e-01 -7.8889e-02 4.9298e-01 -1.1015e-01 -4.0982e+00 -3.8316e-01 -6.5988e-02 -7.7494e-01 -2.9976e-01 2.5969e-01 -1.5802e-01 -1.4141e-01 1.4828e+01 -5.4881e-01 -1.4980e-01 -4.6644e-01 2.3197e+00 -3.2804e-01 -1.7474e-01 -7.8786e-02 -3.7496e-02 8.8564e-01 -3.9738e-02 -2.0679e-01 -1.6752e-01 2.3324e+01 1.0054e-01 1.4781e-02 -5.7243e-01 -2.6252e-01 -8.3770e-03 4.8663e-02
-1.1277e-01 1.4892e+00 2.9586e-01 -8.6705e-02 -1.5461e+00 1.0705e+00 -3.1418e-02 6.6833e-01 -4.0871e-01 -6.6599e-01 8.2304e-01 -2.2885e-02 1.5164e+00 4.2647e-01 -1.7146e-01 -4.2112e-01 -5.0657e-01 -3.4230e-01 -7.7216e-02 2.8809e-01 -2.7429e-01 -4.0856e-02 -4.3639e-02 -5.3172e-02 6.3769e-02 -6.5273e-01 -5.6633e-02 -2.7124e-01 -1.2902e-01 2.6904e+00 -3.1534e-01 -1.1722e-01 -1.2483e+00 2.8863e+00 -1.4816e+00 2.9928e+00 -1.5797e+00 -1.9347e+00 1.4133e+00 -1.3046e-01 -5.0916e-02 -4.5456e-02 -5.0193e-02 4.9712e-01 -2.2683e-01 1.0054e-01 1.0448e+01 -4.6441e-02 -1.9876e-01 -7.4064e-02 -4.2979e-01 -2.2369e-01
-2.3861e+00 1.8957e+00 -5.7118e-01 1.1640e-01 2.4654e+00 -1.5746e-01 2.1248e+00 -1.7147e+00 4.6495e-03 -2.1713e-01 3.5069e-01 -3.5303e-01 -3.2110e-01 -1.2537e-01 -4.7472e-02 -1.1174e-01 1.2712e+00 -1.0610e-01 -7.8619e-02 -4.4814e-01 -6.7667e-02 -5.5505e-03 -3.1121e-02 -1.2205e-02 -1.9679e+00 3.2346e+00 -1.1098e-01 1.4359e-02 -5.2258e-02 -7.7750e-01 -6.3281e-02 -6.8110e-03 -5.7615e-01 -2.1784e-01 -4.1903e-01 -1.3380e-01 -8.3802e-01 -8.7955e-01 -2.1566e-02 1.3627e-01 1.2510e-02 -1.1325e-02 -3.7124e-02 -2.0220e-01 2.9437e-02 1.4781e-02 -4.6441e-02 8.3261e+00 -1.1976e-01 4.0415e+00 -1.0007e-03 4.2082e-02
-1.3744e+00 -5.2082e+00 9.3026e-02 -6.4959e-02 5.3417e+00 -7.2343e-01 4.9482e+00 -4.3972e-01 6.0212e-02 -1.7128e-01 1.1517e+00 -6.7095e-02 -1.0163e+00 -1.3400e-01 -2.9427e-01 -3.6107e-01 1.7411e-01 -4.5985e-01 -7.4435e-02 -2.0105e+00 -8.8741e-01 4.7536e-01 -4.6619e-02 -2.0242e-01 -1.9588e+00 -2.0926e+00 3.9468e-01 -5.5165e-01 3.2076e+00 1.6931e+00 -5.0928e-01 1.5250e-01 -1.1440e+00 4.6888e-01 -1.1344e-01 5.2747e-01 -4.0907e+00 -3.1965e+00 -7.4606e-02 -1.2232e-01 -5.5335e-02 3.7680e-02 -1.3157e-01 -5.8004e-01 -1.8531e-01 -5.7243e-01 -1.9876e-01 -1.1976e-01 2.4922e+01 -2.1436e-01 6.8210e-02 9.9947e-02
-3.2337e+00 2.5230e+00 -4.7975e-01 1.4659e-02 2.2704e+00 -2.0885e-01 2.1944e+00 -1.7804e+00 -9.0717e-02 -5.7210e-01 1.2501e+00 -3.0371e-01 1.9065e+00 -1.0612e-01 -1.0196e-01 -4.2441e-01 2.1431e+00 -4.7082e-01 -7.1998e-02 -6.3140e-01 -1.3343e-01 -7.3710e-02 -6.9272e-02 5.2381e-01 -2.2332e+00 2.8754e+00 -1.8962e-01 2.0170e-02 -1.7380e-01 1.5608e+00 -6.6122e-01 5.7417e-01 -2.3723e+00 1.8600e+00 -2.0554e+00 2.6892e+00 -2.2018e+00 -2.2591e+00 -4.2088e-01 2.8778e-02 -1.3095e-01 1.2905e-01 -7.5338e-02 -3.6575e-01 -8.1463e-02 -2.6252e-01 -7.4064e-02 4.0415e+00 -2.1436e-01 1.5043e+01 -1.2723e-01 2.2182e-02
-1.2923e-01 -3.2225e+00 -1.1017e+00 -9.8437e-01 -9.6630e-01 -8.4900e-01 1.9061e-01 -5.6700e-01 1.8177e+01 -1.8921e-01 -3.5916e-01 -1.0414e+00 -9.3595e-02 -3.7974e-02 7.2367e-04 -3.8305e+00 8.4473e-02 6.8230e-02 -1.7168e+00 -8.9279e-02 -1.6325e+00 -1.1007e-01 -4.5539e-01 -2.1637e-02 -6.5344e-01 2.2099e-01 3.2439e-01 -8.2141e-01 -3.4774e-01 -5.3598e-01 -5.6329e-01 9.1161e-01 7.9560e-02 -1.7255e-01 2.7388e-01 -2.2279e+00 -2.2677e-01 3.8030e-01 -5.5810e-01 -2.6010e-01 1.6245e+00 1.9643e-02 -8.3372e-01 4.3492e-02 1.2954e+00 -8.3770e-03 -4.2979e-01 -1.0007e-03 6.8210e-02 -1.2723e-01 2.0157e+01 -4.7627e+00
-2.9779e-01 2.9889e-01 -4.0352e-01 1.1805e+01 -1.7763e-01 2.2222e-01 -1.0919e+00 -6.2887e-01 -4.6588e+00 3.3552e-01 5.4847e+00 3.4265e+00 3.0038e-01 -6.9857e-02 -3.6116e-02 7.6023e+00 1.8668e-01 -2.1149e-02 1.5646e+00 5.7999e-02 1.1061e+00 2.7295e-02 1.7242e-01 7.0344e-02 1.3506e-01 -3.0466e-01 2.9302e-02 -1.9875e-01 -1.9296e-01 -2.9254e-01 4.5587e-03 -3.0120e-01 3.9768e-01 -5.7606e-01 3.7594e-01 6.9873e-01 -1.2782e+00 -4.8194e-01 -4.9517e-01 -3.6864e-01 -7.0216e-02 -2.6110e-02 8.0817e-04 -4.9647e-03 -4.8882e-01 4.8663e-02 -2.2369e-01 4.2082e-02 9.9947e-02 2.2182e-02 -4.7627e+00 2.0815e+01
