2.3966e+01 1.5900e+00 2.5243e-01 2.5478e-01 -2.1885e+00 -4.4237e+00 1.6903e-01 3.3214e+00 -1.5813e+00 2.1678e-02 -6.5289e-01 1.4874e-01 1.0220e-01 1.2943e+00 8.1331e-01 -3.8861e-01 8.8428e-01 -4.8446e-01 1.1164e-01 1.6098e+00 -2.5739e+00 -3.1565e-01 -6.7381e-01 -1.9021e-01 -4.2176e-01 -4.3680e-01 -6.2108e-02 -1.1191e+00 -2.3519e-01 8.0442e-01 -3.1650e-01 -1.7085e+00 -6.9854e-02 -5.9307e-01 9.2044e-01 -2.0054e-01 -2.5575e-02 1.2546e+00 -4.8998e-01 3.1341e-01 -1.2542e-01 1.8916e+00 -1.8572e-01 -1.4578e-01 -3.8943e-01 -3.6766e-02 3.2602e-02 -1.2130e-01 -1.3243e-01 -1.3178e-01 -1.2318e+00 -3.9859e+00
1.5900e+00 8.4549e+01 -4.3798e+00 1.8431e+00 -1.5194e+01 -2.6985e-01 -2.3425e+01 1.7710e+00 -3.1320e+00 -1.6108e+00 -2.1235e+01 -1.4181e-01 -1.4510e+00 1.9643e+01 -2.4540e+00 1.4940e+00 -2.0445e+00 -1.9525e+00 1.0815e+00 6.0514e+00 -3.8924e-01 -1.0030e+00 1.8753e+00 6.8734e-01 2.7400e+00 1.9540e+00 -9.2375e-01 -5.5433e-01 2.3595e+00 -1.2609e+01 2.5242e+00 3.1705e+00 -4.1863e-01 6.9530e-02 -7.3394e+00 4.6820e-01 -2.5896e-01 1.4118e+00 1.0494e+01 3.5001e-01 1.7415e+00 -6.4121e-01 -9.8062e-01 3.4723e-01 9.0228e-01 -8.0803e-02 7.7871e-01 -8.0770e-01 1.3738e+00 -1.7092e-01 -4.9057e-03 -5.0436e-01
2.5243e-01 -4.3798e+00 8.6427e+01 -2.8944e+01 -4.9951e+00 1.0065e+01 1.3798e+00 -2.4635e+01 -9.1169e-02 2.3614e+01 7.7179e+00 6.1732e-01 8.0876e-01 -1.3061e+01 -9.7230e+00 6.4136e-01 2.6117e+01 1.5620e+00 -2.3316e+00 7.2537e-03 -2.2840e+00 -7.3618e-01 -2.4743e+01 -1.3376e+01 -6.4685e+00 -1.2185e+01 -5.1833e-01 -8.1376e+00 2.3269e-01 1.8916e+00 5.3196e-01 3.3383e+01 5.6760e-01 -1.5086e+00 -1.8278e+01 4.4884e+00 5.5906e+00 -1.9615e+00 -2.4930e+01 -4.6448e-01 -2.9737e+00 8.4412e-01 -2.9481e+00 9.6856e-01 -3.4739e-01 -1.2515e+00 2.0184e-01 -5.1527e-01 -2.8117e-01 9.5359e-01 1.0795e+00 -2.7814e+00
2.5478e-01 1.8431e+00 -2.8944e+01 8.0144e+01 -9.9511e+00 -5.2156e+00 1.0666e-01 5.2328e+00 2.2466e-01 -1.5842e+01 4.3107e+00 3.3125e-01 5.0798e-01 -1.4776e+01 3.7329e+00 -3.3785e+00 -1.1287e+01 -2.5133e+00 3.2837e-01 9.2524e-01 1.1371e+00 6.3572e-01 1.0394e+00 3.5724e+00 1.9199e-02 7.9301e-01 2.9759e-01 1.7424e+00 -1.8465e+00 2.2707e+00 -7.3758e-01 -3.6596e+00 6.3328e-02 -3.1978e-01 6.8600e+00 -5.1925e+00 -6.8680e+00 -5.7488e-03 4.0132e+00 -3.2849e-01 3.1012e+00 -4.6812e-01 1.2296e+00 -2.6694e+00 -1.8857e-01 -6.1990e-01 -2.5009e-01 -9.1925e-01 -3.6153e-01 -4.1623e+00 -2.9803e-01 -3.5788e-01
-2.1885e+00 -1.5194e+01 -4.9951e+00 -9.9511e+00 7.0234e+01 -1.7739e+00 3.0139e+00 1.7472e+01 1.2414e+01 2.7310e+00 8.1340e+00 -4.2904e-01 -1.2716e+00 1.6114e+01 -2.7363e+00 2.0707e+00 -2.1145e+00 -7.1305e-01 1.0841e+00 -3.0695e+00 5.7664e-01 4.4270e-01 3.7709e+00 4.1834e+00 -4.1354e+00 -1.1196e+00 1.9133e+00 2.3385e+00 -1.7245e+00 1.1540e+01 -1.1145e+00 -3.3217e+00 -3.6985e-01 1.6134e-01 2.0505e+00 -1.6528e+00 -1.5829e+00 -2.6714e-02 -1.2518e+01 2.2972e+00 -9.1947e-01 -5.8423e-01 1.0157e+00 2.6938e+00 -1.0833e+00 -2.0310e-01 -6.8183e-01 -5.0728e-01 -1.8691e+00 1.3754e+00 -8.7993e-01 3.0309e-01
-4.4237e+00 -2.6985e-01 1.0065e+01 -5.2156e+00 -1.7739e+00 6.1148e+01 -5.3868e-01 -3.4232e+00 -8.6866e-01 -1.0233e+00 -2.4647e-01 8.3232e-01 -1.4923e+00 4.1786e+00 1.1131e-01 -2.6542e-01 -1.8434e+01 1.0715e+00 -6.8817e-01 -7.7530e-01 -1.1699e+00 -1.9599e-02 1.0071e+01 -6.9620e-01 2.0021e-01 -2.6368e-01 -2.9753e-01 1.6322e-01 1.3146e-01 -5.1670e-02 -1.1799e+00 -1.5067e+01 2.2831e-01 -2.2691e+00 3.5777e-01 -7.2711e-02 6.6613e-01 -7.6138e-02 1.6455e+01 -6.5650e-01 -1.5629e-01 -3.3040e-01 -1.5039e+00 -5.0552e-01 -6.9870e-01 7.0463e-01 -2.8869e-02 4.4770e-01 1.5645e-01 5.8610e-01 2.3403e+00 -6.4553e+00
1.6903e-01 -2.3425e+01 1.3798e+00 1.0666e-01 3.0139e+00 -5.3868e-01 5.7531e+01 -9.3228e+00 2.5121e-01 -9.8049e+00 -1.1594e+01 -7.5802e-01 -7.5208e-01 3.4506e+00 6.7887e-01 -9.8674e-01 2.1782e+00 2.7946e+00 4.5238e-02 -2.3596e+00 -4.8939e-01 1.9942e-01 -4.8355e-01 -2.1917e+00 -2.9396e+00 -2.4023e+00 -1.6089e-01 -5.1050e+00 -2.7477e+00 5.2102e+00 -2.6700e+00 3.5002e+00 -1.9117e-01 -4.2992e-01 -6.2599e+00 -3.0544e-01 -1.3280e+00 -1.6314e+00 -1.3688e+01 -2.3400e+00 -7.2720e-01 -1.4450e-02 3.5124e-01 -1.1456e-01 -1.7907e+00 4.8804e-01 -3.9882e-01 1.7868e+00 -1.0329e+00 -4.8162e-01 -2.7907e-01 -7.7132e-01
3.3214e+00 1.7710e+00 -2.4635e+01 5.2328e+00 1.7472e+01 -3.4232e+00 -9.3228e+00 9.1926e+01 1.3154e+01 -1.6542e+01 2.6342e+01 -9.7745e-01 -2.4261e+00 8.5574e+00 4.1447e+00 -5.9542e+00 -1.8718e+01 -1.1596e+00 6.6629e-01 -6.3129e+00 -1.9390e+00 5.4089e+00 1.6870e+01 1.4455e+01 1.3503e+01 1.0213e+01 -3.7113e-01 1.9405e+01 -5.3100e+00 2.4669e+01 6.0755e+00 -1.6400e+01 1.0799e-01 1.4795e+00 3.7073e+01 -2.7554e+00 -3.9239e-01 6.0732e+00 4.3193e+00 7.5387e-01 3.7299e+00 -1.0188e+00 -6.4061e-01 -1.1966e+00 1.2242e+01 -1.8163e-02 -9.5532e-01 -9.4314e-01 -2.4573e+00 -5.9831e-01 -2.6749e+00 -2.4038e+00
-1.5813e+00 -3.1320e+00 -9.1169e-02 2.2466e-01 1.2414e+01 -8.6866e-01 2.5121e-01 1.3154e+01 2.5449e+01 -1.2900e+00 1.4353e+01 -2.7253e-03 2.6354e-01 6.0344e-01 -1.9642e+00 -1.8500e+00 -1.5750e-03 -2.5329e-01 -3.2079e-01 -1.9470e+00 -9.7296e-02 -1.4497e-01 1.1095e-01 -2.2095e-01 -2.3988e+00 -4.2721e-01 2.9160e-01 -3.3640e-01 -1.2016e+00 7.9205e+00 4.9860e-01 -7.0896e-01 -9.0511e-02 -6.1084e-01 -9.0584e-01 -2.7910e-01 2.2024e-01 -2.3387e-01 -6.6698e+00 2.9287e+00 -2.6064e-01 -1.9967e-01 7.7837e-02 -2.3900e-01 -3.3807e-01 1.8898e-01 -4.5776e-01 -4.2301e-02 -1.5932e+00 -1.8653e-01 -2.6179e-01 -5.1164e-02
2.1678e-02 -1.6108e+00 2.3614e+01 -1.5842e+01 2.7310e+00 -1.0233e+00 -9.8049e+00 -1.6542e+01 -1.2900e+00 6.5454e+01 1.1703e+01 -1.9025e-01 2.1625e+00 -9.4405e+00 -7.2273e+00 -1.4223e+00 2.5181e+01 -1.1906e+00 -1.0965e+00 -1.0733e+00 2.9865e-01 -3.0422e-02 -1.8496e+01 -9.5206e+00 -5.7271e+00 -2.4130e+01 6.4633e-03 -7.9903e+00 8.9565e-02 2.9105e+00 -4.7412e-01 1.1884e+01 3.8449e-01 5.1224e-02 -1.0884e+01 2.9525e+00 -2.7169e+00 -1.0308e+00 -1.8399e+01 -4.0703e-01 1.8015e+00 -4.0846e-01 -1.0093e+00 3.5981e-01 -2.6879e-01 -6.8987e-02 -1.1921e-01 3.7998e-01 -7.6417e-02 2.3497e+00 6.6993e-01 4.1325e-01
-6.5289e-01 -2.1235e+01 7.7179e+00 4.3107e+00 8.1340e+00 -2.4647e-01 -1.1594e+01 2.6342e+01 1.4353e+01 1.1703e+01 1.0591e+02 -1.5636e+00 3.4847e+00 -2.6747e+01 -4.8695e+00 -4.5497e+00 7.9506e+00 2.7070e+00 -1.4479e+00 -5.9632e+00 1.5861e-01 -2.6428e+00 -9.6325e+00 -8.1568e-01 -5.7547e+00 -8.4422e-02 -7.0122e-02 -9.2059e+00 -3.6100e+00 4.0217e+01 -3.9063e+00 5.6027e+00 4.7704e-01 -8.0980e-01 3.1263e+01 -2.5146e+00 1.8925e-01 4.7804e+00 -6.3915e+00 5.1055e+00 3.4825e+00 3.7765e-01 -7.0201e-01 -2.2985e+00 9.8046e+00 1.3789e-01 -7.4572e-01 2.4180e-01 -1.0642e+00 -1.2960e+00 5.8849e-01 -7.3782e-02
1.4874e-01 -1.4181e-01 6.1732e-01 3.3125e-01 -4.2904e-01 8.3232e-01 -7.5802e-01 -9.7745e-01 -2.7253e-03 -1.9025e-01 -1.5636e+00 1.2749e+01 -2.2246e-01 -7.3437e-01 -3.0510e-01 -1.7977e-01 3.2819e-01 2.0679e-01 3.8939e-01 -1.5756e-01 -1.1596e+00 -3.2562e-01 -9.8704e-01 -2.0440e-01 -2.4614e-02 -9.4857e-01 -7.9764e-02 -8.6665e-01 -3.4315e-01 -1.1745e+00 -3.6294e-01 1.3979e-01 9.1732e-02 -1.7048e-01 -1.4350e+00 -2.6159e-01 5.3114e-02 3.5393e-01 -5.5532e-01 2.2652e-01 -1.4268e-01 7.1111e-02 3.6116e-01 -6.3021e-02 -4.3072e-01 -1.9085e-02 -8.0921e-02 -9.1837e-02 -1.0359e-01 -4.9345e-02 4.6979e-01 -1.0107e+00
1.0220e-01 -1.4510e+00 8.0876e-01 5.0798e-01 -1.2716e+00 -1.4923e+00 -7.5208e-01 -2.4261e+00 2.6354e-01 2.1625e+00 3.4847e+00 -2.2246e-01 2.3919e+01 -9.6522e-01 -7.5199e-01 -3.6327e-01 1.0516e-01 -3.4289e-01 -1.8953e-01 -7.6951e-01 2.3913e-02 -2.4523e-01 -1.4154e+00 -1.1020e+00 -7.5180e-01 6.2737e+00 -1.8388e-01 4.3654e+00 -9.2029e-01 -1.6251e-01 -7.6618e-01 1.7460e+00 1.1862e-01 -1.9188e-01 5.7882e-01 9.3059e-01 -2.6619e-01 -7.7467e-01 -1.3897e+00 2.9914e+00 -2.4171e-01 -2.6361e-01 -1.9386e-01 3.2280e-01 -9.7840e-01 -1.3918e-01 -3.6272e-02 6.2221e-01 9.5463e-01 -7.5892e-02 -1.1223e-01 -3.8284e-02
1.2943e+00 1.9643e+01 -1.3061e+01 -1.4776e+01 1.6114e+01 4.1786e+00 3.4506e+00 8.5574e+00 6.0344e-01 -9.4405e+00 -2.6747e+01 -7.3437e-01 -9.6522e-01 1.2151e+02 4.7483e+00 3.3026e+00 -2.0724e+00 -2.9191e+00 1.6563e+00 5.2549e-01 1.1828e+00 -3.8704e-01 8.5646e+00 1.1349e+01 6.1207e+00 -2.6764e+00 9.6180e-01 6.8396e+00 -3.3330e+00 -8.4759e+00 -7.8290e-01 -1.6778e+01 -6.3238e-01 1.3141e+00 2.3131e-02 4.7674e+00 -9.9081e+00 2.6441e+00 -9.5447e+00 3.1657e-01 -1.8538e+00 -1.9043e+00 -2.2514e+00 3.2830e+00 -5.3224e+00 2.3335e+00 7.4433e-02 -2.0877e-01 -3.1289e-02 3.9852e+00 -1.8742e+00 3.3617e-03
8.1331e-01 -2.4540e+00 -9.7230e+00 3.7329e+00 -2.7363e+00 1.1131e-01 6.7887e-01 4.1447e+00 -1.9642e+00 -7.2273e+00 -4.8695e+00 -3.0510e-01 -7.5199e-01 4.7483e+00 2.3648e+01 -1.3459e-01 -9.0163e+00 -3.5534e-01 -3.2039e-01 -7.3419e-01 9.2154e-02 -6.3727e-01 8.8144e+00 6.7405e+00 6.5580e+00 7.6616e+00 -1.1433e-01 5.6260e+00 -5.1216e-01 -5.2376e-01 -2.2325e-01 -6.4134e+00 -9.3501e-02 6.4913e-01 4.2016e+00 -4.1412e-01 -9.8180e-01 -2.3823e-01 5.5808e+00 -2.8273e-01 -2.6487e-01 -2.9068e-01 -3.2038e-01 -3.0292e-01 -2.2616e-01 2.4000e-04 -4.2200e-04 -3.5663e-01 -3.0368e-01 -2.1888e-01 -9.9914e-02 3.0276e-02
-3.8861e-01 1.4940e+00 6.4136e-01 -3.3785e+00 2.0707e+00 -2.6542e-01 -9.8674e-01 -5.9542e+00 -1.8500e+00 -1.4223e+00 -4.5497e+00 -1.7977e-01 -3.6327e-01 3.3026e+00 -1.3459e-01 3.3102e+01 3.2112e+00 -8.4045e-01 6.0046e-01 -1.5374e+00 1.7487e-01 -1.0817e+00 -3.0282e+00 -5.8603e-01 -8.0294e-01 -4.4500e+00 1.4541e+00 -4.2621e+00 1.2432e+01 -1.0744e+01 -2.0941e-02 2.7871e+00 -2.1218e-01 -1.9760e-01 -4.5990e+00 -5.4100e-01 -9.2808e-01 -1.3386e+00 -8.0335e+00 -8.0337e-01 -9.5372e-01 -2.4483e-01 -3.6831e-01 -2.0187e-01 -1.4177e+00 -7.2433e-02 -1.9599e-01 -2.8565e-01 -5.0395e-01 -3.4775e-03 8.7895e-03 -9.1452e-02
8.8428e-01 -2.0445e+00 2.6117e+01 -1.1287e+01 -2.1145e+00 -1.8434e+01 2.1782e+00 -1.8718e+01 -1.5750e-03 2.5181e+01 7.9506e+00 3.2819e-01 1.0516e-01 -2.0724e+00 -9.0163e+00 3.2112e+00 1.1488e+02 -5.2962e+00 -2.0219e+00 7.4912e-01 6.1007e+00 3.6802e-01 -7.1892e+01 -1.2273e+01 -1.0529e+01 -5.6339e+01 -1.5847e-01 -2.5664e+00 3.2864e-01 1.3700e+00 6.7080e+00 6.1607e+01 -1.5482e-01 -2.7798e+00 -2.3541e+01 -4.0078e-01 -8.3088e+00 1.0161e-01 -7.7342e+01 4.3841e-01 -2.7986e+00 1.5015e+00 -5.9282e-01 1.2089e+00 6.9674e-01 1.2417e+00 3.3341e-01 2.8622e-02 4.7053e-01 1.7394e+00 1.3413e+01 3.9313e+00
-4.8446e-01 -1.9525e+00 1.5620e+00 -2.5133e+00 -7.1305e-01 1.0715e+00 2.7946e+00 -1.1596e+00 -2.5329e-01 -1.1906e+00 2.7070e+00 2.0679e-01 -3.4289e-01 -2.9191e+00 -3.5534e-01 -8.4045e-01 -5.2962e+00 1.9700e+01 2.5423e-02 -3.0816e-01 -3.2356e+00 -3.3976e-01 2.7940e+00 -4.0528e-01 7.1334e-02 3.6438e+00 -8.2999e-02 -1.6299e+00 -4.5253e-01 -6.6285e-01 -1.0582e+00 -7.9748e-01 -6.8575e-02 -3.0273e-01 2.0299e+00 -6.1004e-01 7.5965e-01 3.6688e-01 6.2354e+00 2.3202e-02 -4.6195e-01 -1.1334e-01 1.0048e+00 -2.6042e-02 -1.2774e-01 -1.0611e-01 -6.6416e-02 -1.1656e-01 -1.6190e-01 -1.0745e-01 2.9096e-01 -1.9183e+00
1.1164e-01 1.0815e+00 -2.3316e+00 3.2837e-01 1.0841e+00 -6.8817e-01 4.5238e-02 6.6629e-01 -3.2079e-01 -1.0965e+00 -1.4479e+00 3.8939e-01 -1.8953e-01 1.6563e+00 -3.2039e-01 6.0046e-01 -2.0219e+00 2.5423e-02 1.4554e+01 -2.6037e-01 -4.3435e-01 -4.9461e-01 1.9559e+00 5.3803e-01 -3.6293e-01 8.3930e-01 1.2527e-01 9.6000e-01 -2.9967e-01 -4.4274e-02 9.1393e-01 6.7425e-01 -1.0461e-01 4.4697e-02 -1.0593e+00 -2.3425e-01 8.6873e-01 1.0813e+00 4.9305e-01 -2.0913e-01 -1.1088e-01 -1.1080e-01 -2.1157e-02 -9.0189e-02 -2.5472e-01 -8.4842e-02 -6.1833e-02 -1.7969e-01 9.3937e-01 -1.5897e-01 -9.8277e-01 2.3937e-01
1.6098e+00 6.0514e+00 7.2537e-03 9.2524e-01 -3.0695e+00 -7.7530e-01 -2.3596e+00 -6.3129e+00 -1.9470e+00 -1.0733e+00 -5.9632e+00 -1.5756e-01 -7.6951e-01 5.2549e-01 -7.3419e-01 -1.5374e+00 7.4912e-01 -3.0816e-01 -2.6037e-01 2.6465e+01 5.5292e-02 -1.4259e+00 -9.4489e-01 2.0891e+00 -1.5589e+00 5.0235e+00 -1.6064e-01 4.0457e-01 -1.6764e+00 -5.8371e+00 -1.3586e+00 1.1262e+00 7.0396e-02 -7.0967e-02 2.5705e-01 -3.5496e-01 -2.7599e-01 -1.3098e+00 2.5684e+00 2.7549e+00 -2.7212e-01 1.6888e+00 -7.9361e-02 -3.5133e-01 3.6812e+00 -5.8762e-02 -2.6880e-01 -4.2839e-01 -1.8308e-01 -2.6768e-01 6.2720e-02 2.6491e-02
-2.5739e+00 -3.8924e-01 -2.2840e+00 1.1371e+00 5.7664e-01 -1.1699e+00 -4.8939e-01 -1.9390e+00 -9.7296e-02 2.9865e-01 1.5861e-01 -1.1596e+00 2.3913e-02 1.1828e+00 9.2154e-02 1.7487e-01 6.1007e+00 -3.2356e+00 -4.3435e-01 5.5292e-02 2.3120e+01 1.1312e-01 1.2844e+00 -6.0666e-01 -2.5125e-01 -6.8206e+00 8.5213e-03 1.0267e-01 6.3886e-02 -4.4424e-01 2.8720e-01 6.3427e+00 -3.1010e-01 -1.1415e+00 -6.3144e-02 3.2338e-01 -1.2637e+00 -1.3301e-01 -4.2421e+00 -1.6001e-01 -8.2275e-02 1.9978e-01 -4.4272e+00 -9.3467e-04 -3.3152e-01 6.1213e-02 -2.2356e-02 1.7455e-01 -8.3555e-03 -9.2551e-02 1.0722e+00 1.3480e+01
-3.1565e-01 -1.0030e+00 -7.3618e-01 6.3572e-01 4.4270e-01 -1.9599e-02 1.9942e-01 5.4089e+00 -1.4497e-01 -3.0422e-02 -2.6428e+00 -3.2562e-01 -2.4523e-01 -3.8704e-01 -6.3727e-01 -1.0817e+00 3.6802e-01 -3.3976e-01 -4.9461e-01 -1.4259e+00 1.1312e-01 2.4661e+01 8.0219e-01 3.5626e-01 -1.5009e+00 -3.0050e+00 7.7053e-01 -1.4833e+00 -1.4238e+00 -3.9502e+00 1.0485e+01 -8.2020e-03 -1.7045e-01 -1.0728e-01 1.2219e+01 1.4932e-01 -3.1405e-01 -2.9910e-01 6.2681e+00 -8.0514e-01 5.1925e-01 -1.7170e-01 5.5738e-01 -1.3635e-01 -4.5541e-01 -3.1030e-02 -1.3630e-01 -2.4414e-01 -3.7488e-01 1.0286e-01 2.3995e-02 1.5227e-01
-6.7381e-01 1.8753e+00 -2.4743e+01 1.0394e+00 3.7709e+00 1.0071e+01 -4.8355e-01 1.6870e+01 1.1095e-01 -1.8496e+01 -9.6325e+00 -9.8704e-01 -1.4154e+00 8.5646e+00 8.8144e+00 -3.0282e+00 -7.1892e+01 2.7940e+00 1.9559e+00 -9.4489e-01 1.2844e+00 8.0219e-01 1.0201e+02 1.2390e+01 7.1256e+00 4.9872e+01 2.6300e-01 -2.2659e-01 -9.5129e-01 -3.6341e+00 -7.0685e+00 -6.2168e+01 -2.3159e-01 2.9694e-01 1.7813e+01 3.3421e+00 3.4839e+00 4.7248e-01 6.5423e+01 9.9358e-02 2.8708e+00 -1.1302e+00 2.7413e+00 3.4082e-03 -1.1319e+00 -1.4448e+00 -4.3584e-01 8.6032e-01 -2.6250e-01 2.3250e-01 -6.7947e-01 1.0182e+00
-1.9021e-01 6.8734e-01 -1.3376e+01 3.5724e+00 4.1834e+00 -6.9620e-01 -2.1917e+00 1.4455e+01 -2.2095e-01 -9.5206e+00 -8.1568e-01 -2.0440e-01 -1.1020e+00 1.1349e+01 6.7405e+00 -5.8603e-01 -1.2273e+01 -4.0528e-01 5.3803e-01 2.0891e+00 -6.0666e-01 3.5626e-01 1.2390e+01 3.1382e+01 7.6019e+00 1.4386e+01 3.1806e-02 1.3916e+01 -1.2602e-01 1.5269e+00 -1.5859e+00 -1.1553e+01 -1.1998e-01 8.4472e-01 1.6322e+01 -1.2575e+00 -1.0096e+00 9.4969e-01 1.3138e+01 3.1456e-01 -2.7882e-01 -3.8824e-01 -1.6573e-01 -7.5604e-01 -6.4116e-01 6.5724e-01 -4.1875e-02 -2.5779e-01 -9.8092e-02 -7.0052e-01 4.2253e-02 -1.0488e+00
-4.2176e-01 2.7400e+00 -6.4685e+00 1.9199e-02 -4.1354e+00 2.0021e-01 -2.9396e+00 1.3503e+01 -2.3988e+00 -5.7271e+00 -5.7547e+00 -2.4614e-02 -7.5180e-01 6.1207e+00 6.5580e+00 -8.0294e-01 -1.0529e+01 7.1334e-02 -3.6293e-01 -1.5589e+00 -2.5125e-01 -1.5009e+00 7.1256e+00 7.6019e+00 3.0607e+01 7.7304e+00 -1.4490e-01 1.5691e+01 -1.3447e+00 5.8030e+00 -1.3390e+00 -6.0426e+00 4.1191e-01 1.7843e+00 5.8157e+00 -2.8093e-01 1.4119e+00 -8.1509e-01 7.1114e+00 -6.5313e-01 -2.5541e-01 -2.7801e-01 -2.5682e-01 -3.9867e-01 -7.7689e-01 8.1707e-02 -2.5132e-01 -4.5413e-01 -4.0452e-01 -2.4142e-01 -3.5217e-02 -3.9803e-01
-4.3680e-01 1.9540e+00 -1.2185e+01 7.9301e-01 -1.1196e+00 -2.6368e-01 -2.4023e+00 1.0213e+01 -4.2721e-01 -2.4130e+01 -8.4422e-02 -9.4857e-01 6.2737e+00 -2.6764e+00 7.6616e+00 -4.4500e+00 -5.6339e+01 3.6438e+00 8.3930e-01 5.0235e+00 -6.8206e+00 -3.0050e+00 4.9872e+01 1.4386e+01 7.7304e+00 1.2928e+02 -6.1759e-01 1.6532e+00 -3.4631e+00 -7.5377e+00 -7.7108e+00 -1.9076e+01 1.0788e-01 4.7020e+00 3.3019e+01 -5.2080e+00 1.2497e+01 -1.1553e+00 5.6178e+01 2.1978e+00 -2.0502e+00 -1.5279e+00 7.8015e+00 -1.3175e-01 -5.4689e-01 -1.1611e+00 1.1632e+00 -5.8891e-01 2.8782e-01 -1.5231e+00 -3.9475e+00 1.0623e+01
-6.2108e-02 -9.2375e-01 -5.1833e-01 2.9759e-01 1.9133e+00 -2.9753e-01 -1.6089e-01 -3.7113e-01 2.9160e-01 6.4633e-03 -7.0122e-02 -7.9764e-02 -1.8388e-01 9.6180e-01 -1.1433e-01 1.4541e+00 -1.5847e-01 -8.2999e-02 1.2527e-01 -1.6064e-01 8.5213e-03 7.7053e-01 2.6300e-01 3.1806e-02 -1.4490e-01 -6.1759e-01 6.2223e+00 -4.7954e-01 -1.9118e-01 2.1030e-01 5.5621e-01 -2.8220e-01 -2.6632e-02 5.7627e-02 -2.7544e-01 -1.0300e-01 -1.5025e-01 1.5835e-03 -4.4588e-01 4.4988e-01 5.7252e-01 -4.4516e-02 -4.6706e-02 2.6443e-01 -2.5063e-01 5.6959e-02 2.4607e-03 -5.7953e-02 -2.0966e-02 -1.5608e-02 4.2678e-02 -1.0197e-03
-1.1191e+00 -5.5433e-01 -8.1376e+00 1.7424e+00 2.3385e+00 1.6322e-01 -5.1050e+00 1.9405e+01 -3.3640e-01 -7.9903e+00 -9.2059e+00 -8.6665e-01 4.3654e+00 6.8396e+00 5.6260e+00 -4.2621e+00 -2.5664e+00 -1.6299e+00 9.6000e-01 4.0457e-01 1.0267e-01 -1.4833e+00 -2.2659e-01 1.3916e+01 1.5691e+01 1.6532e+00 -4.7954e-01 8.6086e+01 -3.4779e+00 6.3257e+00 1.1688e+01 -2.0671e+00 2.5631e-01 2.0423e+00 -1.4021e+00 -3.0274e+00 -3.9677e+00 8.2671e-01 -1.2018e+01 -1.7010e+00 -1.3929e+00 -4.5678e-01 -1.0669e+00 -9.6538e-01 -2.6167e+00 -3.7704e-01 -5.0814e-01 -4.4271e-01 -7.0132e-01 -5.7691e-02 -1.9172e-01 -1.0315e-01
-2.3519e-01 2.3595e+00 2.3269e-01 -1.8465e+00 -1.7245e+00 1.3146e-01 -2.7477e+00 -5.3100e+00 -1.2016e+00 8.9565e-02 -3.6100e+00 -3.4315e-01 -9.2029e-01 -3.3330e+00 -5.1216e-01 1.2432e+01 3.2864e-01 -4.5253e-01 -2.9967e-01 -1.6764e+00 6.3886e-02 -1.4238e+00 -9.5129e-01 -1.2602e-01 -1.3447e+00 -3.4631e+00 -1.9118e-01 -3.4779e+00 2.8032e+01 -1.0984e+01 -1.4437e+00 1.6801e-01 1.3151e-01 -2.6399e-02 -7.4592e+00 -3.4892e-01 -5.2343e-01 -1.2094e+00 -7.3161e+00 -1.1184e+00 -7.0466e-01 6.2264e-01 1.2017e+00 -2.7083e-01 -6.4084e-01 -3.0032e-02 -1.5498e-01 7.0250e-02 -5.2444e-01 3.4440e-01 6.1023e-02 3.0539e-02
8.0442e-01 -1.2609e+01 1.8916e+00 2.2707e+00 1.1540e+01 -5.1670e-02 5.2102e+00 2.4669e+01 7.9205e+00 2.9105e+00 4.0217e+01 -1.1745e+00 -1.6251e-01 -8.4759e+00 -5.2376e-01 -1.0744e+01 1.3700e+00 -6.6285e-01 -4.4274e-02 -5.8371e+00 -4.4424e-01 -3.9502e+00 -3.6341e+00 1.5269e+00 5.8030e+00 -7.5377e+00 2.1030e-01 6.3257e+00 -1.0984e+01 9.2379e+01 -6.9821e+00 6.8762e+00 3.5675e-01 2.2198e-01 2.3053e+01 -2.5899e-01 -5.7407e-01 7.0139e+00 -2.8121e+01 3.5314e+00 2.5518e+00 -7.4833e-01 -6.4675e-01 -9.4093e-01 8.4557e+00 3.6603e-01 -1.3198e+00 7.0800e-01 6.1258e-01 -7.1639e-01 4.7715e-02 -5.3835e-01
-3.1650e-01 2.5242e+00 5.3196e-01 -7.3758e-01 -1.1145e+00 -1.1799e+00 -2.6700e+00 6.0755e+00 4.9860e-01 -4.7412e-01 -3.9063e+00 -3.6294e-01 -7.6618e-01 -7.8290e-01 -2.2325e-01 -2.0941e-02 6.7080e+00 -1.0582e+00 9.1393e-01 -1.3586e+00 2.8720e-01 1.0485e+01 -7.0685e+00 -1.5859e+00 -1.3390e+00 -7.7108e+00 5.5621e-01 1.1688e+01 -1.4437e+00 -6.9821e+00 4.1066e+01 6.8470e+00 5.8670e-02 -2.3708e-01 6.9299e+00 -8.5152e-01 -2.0523e+00 -1.0890e+00 5.0631e+00 -8.2747e-01 -9.4908e-01 -3.0050e-01 -4.7803e-01 -4.0167e-01 -6.6120e-01 -2.6441e-01 1.2059e-01 -3.0701e-01 -9.9742e-03 5.5698e-01 1.5535e-01 3.2435e-01
-1.7085e+00 3.1705e+00 3.3383e+01 -3.6596e+00 -3.3217e+00 -1.5067e+01 3.5002e+00 -1.6400e+01 -7.0896e-01 1.1884e+01 5.6027e+00 1.3979e-01 1.7460e+00 -1.6778e+01 -6.4134e+00 2.7871e+00 6.1607e+01 -7.9748e-01 6.7425e-01 1.1262e+00 6.3427e+00 -8.2020e-03 -6.2168e+01 -1.1553e+01 -6.0426e+00 -1.9076e+01 -2.8220e-01 -2.0671e+00 1.6801e-01 6.8762e+00 6.8470e+00 1.1732e+02 -2.3556e-02 -2.8831e+00 -2.4913e+01 -5.8978e+00 9.3514e+00 1.8887e-01 -6.3352e+01 9.2521e-02 -3.1277e+00 1.2315e+00 -1.8961e+00 1.4637e+00 1.0843e+00 9.0002e-01 3.5920e-01 -2.9593e+00 3.2784e-01 -4.4158e-01 5.9527e+00 5.9184e+00
-6.9854e-02 -4.1863e-01 5.6760e-01 6.3328e-02 -3.6985e-01 2.2831e-01 -1.9117e-01 1.0799e-01 -9.0511e-02 3.8449e-01 4.7704e-01 9.1732e-02 1.1862e-01 -6.3238e-01 -9.3501e-02 -2.1218e-01 -1.5482e-01 -6.8575e-02 -1.0461e-01 7.0396e-02 -3.1010e-01 -1.7045e-01 -2.3159e-01 -1.1998e-01 4.1191e-01 1.0788e-01 -2.6632e-02 2.5631e-01 1.3151e-01 3.5675e-01 5.8670e-02 -2.3556e-02 6.1048e+00 -7.9443e-02 -4.1795e-01 -1.5459e-01 -1.4600e-01 -1.0607e-01 3.9556e-01 -6.0453e-02 -6.6519e-02 -4.9639e-02 4.6261e-02 -3.7843e-02 1.6256e-01 -4.5537e-02 -2.5753e-02 -8.3200e-02 -5.4312e-02 1.5319e-01 1.6061e-01 -2.0264e-01
-5.9307e-01 6.9530e-02 -1.5086e+00 -3.1978e-01 1.6134e-01 -2.2691e+00 -4.2992e-01 1.4795e+00 -6.1084e-01 5.1224e-02 -8.0980e-01 -1.7048e-01 -1.9188e-01 1.3141e+00 6.4913e-01 -1.9760e-01 -2.7798e+00 -3.0273e-01 4.4697e-02 -7.0967e-02 -1.1415e+00 -1.0728e-01 2.9694e-01 8.4472e-01 1.7843e+00 4.7020e+00 5.7627e-02 2.0423e+00 -2.6399e-02 2.2198e-01 -2.3708e-01 -2.8831e+00 -7.9443e-02 1.3847e+01 5.8092e-01 -1.2754e-01 -1.0528e-01 -7.6339e-02 -1.9537e+00 -4.7977e-01 -7.7688e-02 -1.1937e-01 -1.7959e-01 -7.1213e-02 -2.7801e-01 8.1951e-01 -4.7840e-02 -1.2631e-01 4.3742e-02 -9.1731e-02 -3.9116e+00 6.0356e+00
9.2044e-01 -7.3394e+00 -1.8278e+01 6.8600e+00 2.0505e+00 3.5777e-01 -6.2599e+00 3.7073e+01 -9.0584e-01 -1.0884e+01 3.1263e+01 -1.4350e+00 5.7882e-01 2.3131e-02 4.2016e+00 -4.5990e+00 -2.3541e+01 2.0299e+00 -1.0593e+00 2.5705e-01 -6.3144e-02 1.2219e+01 1.7813e+01 1.6322e+01 5.8157e+00 3.3019e+01 -2.7544e-01 -1.4021e+00 -7.4592e+00 2.3053e+01 6.9299e+00 -2.4913e+01 -4.1795e-01 5.8092e-01 1.1212e+02 -2.2542e+00 -2.0699e+00 2.6267e+00 4.6275e+01 4.1261e+00 3.4379e+00 -1.3891e+00 -1.2691e+00 -2.9299e+00 1.3634e+01 -2.5818e-02 2.3200e-01 -1.2576e+00 3.3673e-01 -8.7206e-01 -1.1276e-01 -2.1076e-01
-2.0054e-01 4.6820e-01 4.4884e+00 -5.1925e+00 -1.6528e+00 -7.2711e-02 -3.0544e-01 -2.7554e+00 -2.7910e-01 2.9525e+00 -2.5146e+00 -2.6159e-01 9.3059e-01 4.7674e+00 -4.1412e-01 -5.4100e-01 -4.0078e-01 -6.1004e-01 -2.3425e-01 -3.5496e-01 3.2338e-01 1.4932e-01 3.3421e+00 -1.2575e+00 -2.8093e-01 -5.2080e+00 -1.0300e-01 -3.0274e+00 -3.4892e-01 -2.5899e-01 -8.5152e-01 -5.8978e+00 -1.5459e-01 -1.2754e-01 -2.2542e+00 2.6085e+01 9.3002e-01 3.5806e-01 1.5710e+00 -3.2881e-01 -3.0360e-01 -3.0795e-01 -3.7157e-01 4.3747e-01 -4.4584e-01 2.0176e-01 7.2050e-01 -1.9397e-01 -1.5872e-01 1.9225e+00 3.6340e-02 1.2088e-01
-2.5575e-02 -2.5896e-01 5.5906e+00 -6.8680e+00 -1.5829e+00 6.6613e-01 -1.3280e+00 -3.9239e-01 2.2024e-01 -2.7169e+00 1.8925e-01 5.3114e-02 -2.6619e-01 -9.9081e+00 -9.8180e-01 -9.2808e-01 -8.3088e+00 7.5965e-01 8.6873e-01 -2.7599e-01 -1.2637e+00 -3.1405e-01 3.4839e+00 -1.0096e+00 1.4119e+00 1.2497e+01 -1.5025e-01 -3.9677e+00 -5.2343e-01 -5.7407e-01 -2.0523e+00 9.3514e+00 -1.4600e-01 -1.0528e-01 -2.0699e+00 9.3002e-01 3.3924e+01 -5.3559e-01 1.3468e+01 1.1230e-01 -9.7348e-01 -2.8820e-01 -1.9050e-01 1.1426e+00 2.8400e-01 -3.9075e-01 -1.6691e-01 -4.8589e-01 -1.0511e-01 -7.0440e-01 3.0744e-01 3.1919e-01
1.2546e+00 1.4118e+00 -1.9615e+00 -5.7488e-03 -2.6714e-02 -7.6138e-02 -1.6314e+00 6.0732e+00 -2.3387e-01 -1.0308e+00 4.7804e+00 3.5393e-01 -7.7467e-01 2.6441e+00 -2.3823e-01 -1.3386e+00 1.0161e-01 3.6688e-01 1.0813e+00 -1.3098e+00 -1.3301e-01 -2.9910e-01 4.7248e-01 9.4969e-01 -8.1509e-01 -1.1553e+00 1.5835e-03 8.2671e-01 -1.2094e+00 7.0139e+00 -1.0890e+00 1.8887e-01 -1.0607e-01 -7.6339e-02 2.6267e+00 3.5806e-01 -5.3559e-01 2.1568e+01 -4.4165e+00 -1.0322e+00 4.3794e+00 -1.8040e-01 8.0467e-04 -2.5781e-01 6.3310e+00 7.7305e-01 -6.4609e-02 -1.8355e-01 -2.5937e-01 -7.9815e-02 1.3304e-01 -2.2835e-01
-4.8998e-01 1.0494e+01 -2.4930e+01 4.0132e+00 -1.2518e+01 1.6455e+01 -1.3688e+01 4.3193e+00 -6.6698e+00 -1.8399e+01 -6.3915e+00 -5.5532e-01 -1.3897e+00 -9.5447e+00 5.5808e+00 -8.0335e+00 -7.7342e+01 6.2354e+00 4.9305e-01 2.5684e+00 -4.2421e+00 6.2681e+00 6.5423e+01 1.3138e+01 7.1114e+00 5.6178e+01 -4.4588e-01 -1.2018e+01 -7.3161e+00 -2.8121e+01 5.0631e+00 -6.3352e+01 3.9556e-01 -1.9537e+00 4.6275e+01 1.5710e+00 1.3468e+01 -4.4165e+00 1.9416e+02 -6.2021e+00 7.5081e-01 -2.9037e+00 -3.2912e-01 -2.0156e+00 -7.7638e+00 -1.6400e+00 6.5465e-01 1.7293e+00 -4.6889e-01 -2.8021e-01 1.0516e+01 -7.6383e+00
3.1341e-01 3.5001e-01 -4.6448e-01 -3.2849e-01 2.2972e+00 -6.5650e-01 -2.3400e+00 7.5387e-01 2.9287e+00 -4.0703e-01 5.1055e+00 2.2652e-01 2.9914e+00 3.1657e-01 -2.8273e-01 -8.0337e-01 4.3841e-01 2.3202e-02 -2.0913e-01 2.7549e+00 -1.6001e-01 -8.0514e-01 9.9358e-02 3.1456e-01 -6.5313e-01 2.1978e+00 4.4988e-01 -1.7010e+00 -1.1184e+00 3.5314e+00 -8.2747e-01 9.2521e-02 -6.0453e-02 -4.7977e-01 4.1261e+00 -3.2881e-01 1.1230e-01 -1.0322e+00 -6.2021e+00 2.7931e+01 -4.6430e-01 5.2047e-02 -5.5830e-02 -2.0768e-01 2.9824e+00 -3.7178e-03 3.5754e-01 -3.1803e-01 4.2530e-01 -1.7794e-01 -4.6060e-01 -4.4911e-01
-1.2542e-01 1.7415e+00 -2.9737e+00 3.1012e+00 -9.1947e-01 -1.5629e-01 -7.2720e-01 3.7299e+00 -2.6064e-01 1.8015e+00 3.4825e+00 -1.4268e-01 -2.4171e-01 -1.8538e+00 -2.6487e-01 -9.5372e-01 -2.7986e+00 -4.6195e-01 -1.1088e-01 -2.7212e-01 -8.2275e-02 5.1925e-01 2.8708e+00 -2.7882e-01 -2.5541e-01 -2.0502e+00 5.7252e-01 -1.3929e+00 -7.0466e-01 2.5518e+00 -9.4908e-01 -3.1277e+00 -6.6519e-02 -7.7688e-02 3.4379e+00 -3.0360e-01 -9.7348e-01 4.3794e+00 7.5081e-01 -4.6430e-01 1.3669e+01 -8.0086e-02 -2.7584e-01 -5.0225e-02 4.6064e+00 8.7353e-02 -6.1899e-02 -7.2223e-02 -1.6903e-01 -1.6391e-01 9.6657e-01 -2.0451e-01
1.8916e+00 -6.4121e-01 8.4412e-01 -4.6812e-01 -5.8423e-01 -3.3040e-01 -1.4450e-02 -1.0188e+00 -1.9967e-01 -4.0846e-01 3.7765e-01 7.1111e-02 -2.6361e-01 -1.9043e+00 -2.9068e-01 -2.4483e-01 1.5015e+00 -1.1334e-01 -1.1080e-01 1.6888e+00 1.9978e-01 -1.7170e-01 -1.1302e+00 -3.8824e-01 -2.7801e-01 -1.5279e+00 -4.4516e-02 -4.5678e-01 6.2264e-01 -7.4833e-01 -3.0050e-01 1.2315e+00 -4.9639e-02 -1.1937e-01 -1.3891e+00 -3.0795e-01 -2.8820e-01 -1.8040e-01 -2.9037e+00 5.2047e-02 -8.0086e-02 1.4659e+01 -2.0079e-01 -1.4167e-01 -2.8278e-01 -1.0428e-01 -3.3008e-02 -1.2466e-01 -3.5968e-02 -1.7031e-01 -3.5863e-01 -2.5155e-01
-1.8572e-01 -9.8062e-01 -2.9481e+00 1.2296e+00 1.0157e+00 -1.5039e+00 3.5124e-01 -6.4061e-01 7.7837e-02 -1.0093e+00 -7.0201e-01 3.6116e-01 -1.9386e-01 -2.2514e+00 -3.2038e-01 -3.6831e-01 -5.9282e-01 1.0048e+00 -2.1157e-02 -7.9361e-02 -4.4272e+00 5.5738e-01 2.7413e+00 -1.6573e-01 -2.5682e-01 7.8015e+00 -4.6706e-02 -1.0669e+00 1.2017e+00 -6.4675e-01 -4.7803e-01 -1.8961e+00 4.6261e-02 -1.7959e-01 -1.2691e+00 -3.7157e-01 -1.9050e-01 8.0467e-04 -3.2912e-01 -5.5830e-02 -2.7584e-01 -2.0079e-01 1.7347e+01 1.0948e-01 2.7079e-01 -1.1643e-01 -5.2649e-02 -2.2702e-01 -7.4763e-02 -4.6087e-02 1.6595e-01 6.6019e-01
-1.4578e-01 3.4723e-01 9.6856e-01 -2.6694e+00 2.6938e+00 -5.0552e-01 -1.1456e-01 -1.1966e+00 -2.3900e-01 3.5981e-01 -2.2985e+00 -6.3021e-02 3.2280e-01 3.2830e+00 -3.0292e-01 -2.0187e-01 1.2089e+00 -2.6042e-02 -9.0189e-02 -3.5133e-01 -9.3467e-04 -1.3635e-01 3.4082e-03 -7.5604e-01 -3.9867e-01 -1.3175e-01 2.6443e-01 -9.6538e-01 -2.7083e-01 -9.4093e-01 -4.0167e-01 1.4637e+00 -3.7843e-02 -7.1213e-02 -2.9299e+00 4.3747e-01 1.1426e+00 -2.5781e-01 -2.0156e+00 -2.0768e-01 -5.0225e-02 -1.4167e-01 1.0948e-01 1.1526e+01 -4.2384e-01 -6.2398e-02 -3.4216e-02 -4.9936e-02 -2.0996e-02 -1.6105e-01 -3.3960e-02 -5.6386e-02
-3.8943e-01 9.0228e-01 -3.4739e-01 -1.8857e-01 -1.0833e+00 -6.9870e-01 -1.7907e+00 1.2242e+01 -3.3807e-01 -2.6879e-01 9.8046e+00 -4.3072e-01 -9.7840e-01 -5.3224e+00 -2.2616e-01 -1.4177e+00 6.9674e-01 -1.2774e-01 -2.5472e-01 3.6812e+00 -3.3152e-01 -4.5541e-01 -1.1319e+00 -6.4116e-01 -7.7689e-01 -5.4689e-01 -2.5063e-01 -2.6167e+00 -6.4084e-01 8.4557e+00 -6.6120e-01 1.0843e+00 1.6256e-01 -2.7801e-01 1.3634e+01 -4.4584e-01 2.8400e-01 6.3310e+00 -7.7638e+00 2.9824e+00 4.6064e+00 -2.8278e-01 2.7079e-01 -4.2384e-01 2.9316e+01 -1.0196e-01 1.0435e-02 -2.4266e-01 -3.0501e-01 -1.2132e-01 -5.3973e-01 2.1300e+00
-3.6766e-02 -8.0803e-02 -1.2515e+00 -6.1990e-01 -2.0310e-01 7.0463e-01 4.8804e-01 -1.8163e-02 1.8898e-01 -6.8987e-02 1.3789e-01 -1.9085e-02 -1.3918e-01 2.3335e+00 2.4000e-04 -7.2433e-02 1.2417e+00 -1.0611e-01 -8.4842e-02 -5.8762e-02 6.1213e-02 -3.1030e-02 -1.4448e+00 6.5724e-01 8.1707e-02 -1.1611e+00 5.6959e-02 -3.7704e-01 -3.0032e-02 3.6603e-01 -2.6441e-01 9.0002e-01 -4.5537e-02 8.1951e-01 -2.5818e-02 2.0176e-01 -3.9075e-01 7.7305e-01 -1.6400e+00 -3.7178e-03 8.7353e-02 -1.0428e-01 -1.1643e-01 -6.2398e-02 -1.0196e-01 8.2593e+00 -2.0288e-02 -2.0619e-01 -2.1522e-02 -5.5551e-02 -3.6329e-02 -8.5492e-03
3.2602e-02 7.7871e-01 2.0184e-01 -2.5009e-01 -6.8183e-01 -2.8869e-02 -3.9882e-01 -9.5532e-01 -4.5776e-01 -1.1921e-01 -7.4572e-01 -8.0921e-02 -3.6272e-02 7.4433e-02 -4.2200e-04 -1.9599e-01 3.3341e-01 -6.6416e-02 -6.1833e-02 -2.6880e-01 -2.2356e-02 -1.3630e-01 -4.3584e-01 -4.1875e-02 -2.5132e-01 1.1632e+00 2.4607e-03 -5.0814e-01 -1.5498e-01 -1.3198e+00 1.2059e-01 3.5920e-01 -2.5753e-02 -4.7840e-02 2.3200e-01 7.2050e-01 -1.6691e-01 -6.4609e-02 6.5465e-01 3.5754e-01 -6.1899e-02 -3.3008e-02 -5.2649e-02 -3.4216e-02 1.0435e-02 -2.0288e-02 5.8295e+00 -5.4002e-02 -7.0094e-02 -1.9172e-02 -1.1205e-02 -6.7749e-02
-1.2130e-01 -8.0770e-01 -5.1527e-01 -9.1925e-01 -5.0728e-01 4.4770e-01 1.7868e+00 -9.4314e-01 -4.2301e-02 3.7998e-01 2.4180e-01 -9.1837e-02 6.2221e-01 -2.0877e-01 -3.5663e-01 -2.8565e-01 2.8622e-02 -1.1656e-01 -1.7969e-01 -4.2839e-01 1.7455e-01 -2.4414e-01 8.6032e-01 -2.5779e-01 -4.5413e-01 -5.8891e-01 -5.7953e-02 -4.4271e-01 7.0250e-02 7.0800e-01 -3.0701e-01 -2.9593e+00 -8.3200e-02 -1.2631e-01 -1.2576e+00 -1.9397e-01 -4.8589e-01 -1.8355e-01 1.7293e+00 -3.1803e-01 -7.2223e-02 -1.2466e-01 -2.2702e-01 -4.9936e-02 -2.4266e-01 -2.0619e-01 -5.4002e-02 1.4224e+01 -1.6949e-01 -2.9113e-02 8.0040e-02 4.7192e-02
-1.3243e-01 1.3738e+00 -2.8117e-01 -3.6153e-01 -1.8691e+00 1.5645e-01 -1.0329e+00 -2.4573e+00 -1.5932e+00 -7.6417e-02 -1.0642e+00 -1.0359e-01 9.5463e-01 -3.1289e-02 -3.0368e-01 -5.0395e-01 4.7053e-01 -1.6190e-01 9.3937e-01 -1.8308e-01 -8.3555e-03 -3.7488e-01 -2.6250e-01 -9.8092e-02 -4.0452e-01 2.8782e-01 -2.0966e-02 -7.0132e-01 -5.2444e-01 6.1258e-01 -9.9742e-03 3.2784e-01 -5.4312e-02 4.3742e-02 3.3673e-01 -1.5872e-01 -1.0511e-01 -2.5937e-01 -4.6889e-01 4.2530e-01 -1.6903e-01 -3.5968e-02 -7.4763e-02 -2.0996e-02 -3.0501e-01 -2.1522e-02 -7.0094e-02 -1.6949e-01 1.1159e+01 -8.2339e-02 -3.3793e-02 -7.7657e-02
-1.3178e-01 -1.7092e-01 9.5359e-01 -4.1623e+00 1.3754e+00 5.8610e-01 -4.8162e-01 -5.9831e-01 -1.8653e-01 2.3497e+00 -1.2960e+00 -4.9345e-02 -7.5892e-02 3.9852e+00 -2.1888e-01 -3.4775e-03 1.7394e+00 -1.0745e-01 -1.5897e-01 -2.6768e-01 -9.2551e-02 1.0286e-01 2.3250e-01 -7.0052e-01 -2.4142e-01 -1.5231e+00 -1.5608e-02 -5.7691e-02 3.4440e-01 -7.1639e-01 5.5698e-01 -4.4158e-01 1.5319e-01 -9.1731e-02 -8.7206e-01 1.9225e+00 -7.0440e-01 -7.9815e-02 -2.8021e-01 -1.7794e-01 -1.6391e-01 -1.7031e-01 -4.6087e-02 -1.6105e-01 -1.2132e-01 -5.5551e-02 -1.9172e-02 -2.9113e-02 -8.2339e-02 1.2078e+01 -6.6586e-01 -3.1195e-02
-1.2318e+00 -4.9057e-03 1.0795e+00 -2.9803e-01 -8.7993e-01 2.3403e+00 -2.7907e-01 -2.6749e+00 -2.6179e-01 6.6993e-01 5.8849e-01 4.6979e-01 -1.1223e-01 -1.8742e+00 -9.9914e-02 8.7895e-03 1.3413e+01 2.9096e-01 -9.8277e-01 6.2720e-02 1.0722e+00 2.3995e-02 -6.7947e-01 4.2253e-02 -3.5217e-02 -3.9475e+00 4.2678e-02 -1.9172e-01 6.1023e-02 4.7715e-02 1.5535e-01 5.9527e+00 1.6061e-01 -3.9116e+00 -1.1276e-01 3.6340e-02 3.0744e-01 1.3304e-01 1.0516e+01 -4.6060e-01 9.6657e-01 -3.5863e-01 1.6595e-01 -3.3960e-02 -5.3973e-01 -3.6329e-02 -1.1205e-02 8.0040e-02 -3.3793e-02 -6.6586e-01 2.3761e+01 -4.3117e+00
-3.9859e+00 -5.0436e-01 -2.7814e+00 -3.5788e-01 3.0309e-01 -6.4553e+00 -7.7132e-01 -2.4038e+00 -5.1164e-02 4.1325e-01 -7.3782e-02 -1.0107e+00 -3.8284e-02 3.3617e-03 3.0276e-02 -9.1452e-02 3.9313e+00 -1.9183e+00 2.3937e-01 2.6491e-02 1.3480e+01 1.5227e-01 1.0182e+00 -1.0488e+00 -3.9803e-01 1.0623e+01 -1.0197e-03 -1.0315e-01 3.0539e-02 -5.3835e-01 3.2435e-01 5.9184e+00 -2.0264e-01 6.0356e+00 -2.1076e-01 1.2088e-01 3.1919e-01 -2.2835e-01 -7.6383e+00 -4.4911e-01 -2.0451e-01 -2.5155e-01 6.6019e-01 -5.6386e-02 2.1300e+00 -8.5492e-03 -6.7749e-02 4.7192e-02 -7.7657e-02 -3.1195e-02 -4.3117e+00 2.6054e+01
