6.7900e+01 -1.6315e-01 -3.6451e-01 -8.4084e-01 -3.3576e+00 -1.8845e-01 2.4116e+01 -1.4878e-01 1.0613e+00 1.2717e+01 1.2425e-02 -2.8963e+00 -2.2212e-02 -5.3953e+00 -7.0417e-01 3.3037e+01 -4.4765e+00 4.9301e-01 4.2842e-01 3.1572e+01 -6.7791e+00 3.8874e+00 1.6843e-01 -2.6999e+01 -3.1485e-01 5.6011e-02 -2.7410e+01 -2.3801e+00 1.6723e-02 1.5748e+00 -7.9015e+00 -2.4863e-01 -1.4104e+01 -3.4695e+00 2.9136e+00 8.1139e-02 2.6370e+00 -6.3969e+00 -2.6736e+00 -3.0156e-01 -1.0561e+00 2.4957e+01 -2.1655e+00 -4.5858e-01 1.1337e-01 1.3369e-01 -1.9465e-01 -3.5295e-01 4.2684e-02 1.5583e+00 -4.3024e+00 3.7324e+00
-1.6315e-01 1.0661e+02 2.7356e+00 -5.7559e+00 -1.8149e+01 -3.7233e+00 -4.6843e+00 8.8822e+00 -6.4040e+00 -3.0249e+00 -2.3137e+00 4.5380e+00 -6.9609e+00 3.2357e-01 -4.0608e+00 -2.2970e+00 -2.2827e+00 -5.8180e+00 9.3679e-01 -3.3082e+01 1.1532e+01 -1.6569e+00 1.3619e+00 1.0369e+01 -3.8512e+00 5.2402e-02 1.7863e+01 6.0237e-01 4.6722e+00 -4.3710e+00 -1.4084e+00 3.1284e-01 1.3084e+01 1.6443e-01 -1.1512e+00 -5.0097e-01 -8.4677e-01 4.8095e+00 2.1033e-01 -4.5692e+00 1.7422e+00 -1.1289e+01 7.2889e+00 3.6779e-01 -4.3867e-01 1.3886e+00 2.1919e-01 -8.4828e-01 9.7795e-01 9.6554e-01 2.3622e+00 -3.1240e+00
-3.6451e-01 2.7356e+00 1.9764e+01 -5.0937e-01 3.7701e-01 -1.1139e+00 -7.3953e+00 1.8889e+00 9.3524e-02 -2.1887e-01 -2.5297e+00 -6.6556e-01 -4.2035e-01 -5.3880e-03 1.0391e+00 -6.6750e+00 -1.3408e-01 -9.6386e-01 1.0495e+00 -4.8524e+00 -7.9698e-01 -7.1125e-02 -1.5075e-01 1.2290e+00 -6.2976e-01 -2.9597e-01 -1.4130e-01 -1.9094e-01 -1.0116e+00 -1.4031e+00 -6.9308e-01 3.1184e+00 3.1233e+00 -7.1829e-02 -2.5669e-01 3.1992e-01 -7.0249e-01 -5.3374e-01 -1.8975e-01 5.6032e-01 -9.1361e-02 4.5975e-01 -2.2480e-01 8.3820e-01 -5.2285e-02 -9.2179e-02 7.4177e-01 4.6811e-02 -1.5057e-01 -1.9431e-01 1.9273e-02 1.0056e-01
-8.4084e-01 -5.7559e+00 -5.0937e-01 4.3072e+01 3.9848e+00 1.5711e+01 -1.9860e+00 -9.9499e-01 -1.4313e+00 1.8628e+01 7.3062e-01 -4.5436e-01 1.5456e-01 5.3890e-01 -2.2034e+00 1.1209e+01 2.3699e-01 3.8021e-01 -8.8308e-02 -7.9686e+00 -2.0224e-01 -1.6777e+00 1.4803e-01 2.6585e+00 -1.1096e+00 1.2935e-01 1.4047e+00 -8.7559e-01 -9.0460e-01 8.3136e-02 6.8072e+00 3.4889e-02 -8.1109e-02 5.8387e+00 -1.2627e+00 -1.9442e-01 -8.8147e-01 -1.9387e+00 5.1941e-01 -6.3488e-01 -4.6969e-02 5.9434e+00 -4.2665e+00 1.9099e-01 1.2391e-01 -7.5592e-01 -1.0475e-01 -6.9850e-02 8.5532e-03 5.8333e-02 -5.8681e-01 -1.2884e-01
-3.3576e+00 -1.8149e+01 3.7701e-01 3.9848e+00 5.4924e+01 3.6351e+00 5.6272e-01 3.8854e-01 -1.4419e+00 2.4797e+00 4.3844e-01 3.2220e+00 5.9557e-01 -2.2004e+00 -5.3686e+00 2.4557e+00 1.5985e-01 -3.2401e-01 -7.7655e-02 2.5966e+01 1.4925e+00 -4.4144e-01 -6.8073e-01 -3.4779e+01 1.3623e+00 -8.8619e-02 -1.9979e+01 9.0266e-01 -4.3538e+00 -1.9086e+00 3.7355e-02 -1.0334e-01 -7.7068e+00 4.4104e-01 -1.4419e+00 -6.0891e-01 3.3462e-01 -5.8007e+00 2.1526e-01 -8.2675e-01 -1.0784e+00 7.0261e+00 -9.6213e+00 -5.4543e-02 -2.8723e-01 6.7077e-01 -3.3118e-01 6.4871e-02 -4.4111e-01 -1.4670e+00 1.1952e+01 -7.0514e+00
-1.8845e-01 -3.7233e+00 -1.1139e+00 1.5711e+01 3.6351e+00 3.1353e+01 -3.2775e-01 -8.0415e-01 1.1060e-03 1.6901e+01 8.8345e-01 -2.5558e+00 1.1258e-01 6.8453e-01 -3.2724e+00 7.1712e+00 2.1874e-02 1.2749e-01 -2.2205e-01 -4.7794e+00 2.9879e-01 -9.7842e-01 -4.8203e-01 3.9395e+00 -1.0419e+00 8.1402e-02 3.0722e+00 -7.2332e-01 -9.8106e-01 5.4214e-02 6.4609e+00 -5.3933e-02 5.9807e+00 5.7599e+00 -1.6952e-01 -4.2539e-01 5.2531e-01 -3.1223e+00 3.3317e-01 -6.4949e-01 -1.6362e-02 5.3566e-02 3.3127e+00 1.8168e-01 1.2791e-01 -5.4239e-01 -1.3795e-01 -5.2122e-02 -1.3292e-01 5.5555e-02 8.2296e-02 -2.1533e-02
2.4116e+01 -4.6843e+00 -7.3953e+00 -1.9860e+00 5.6272e-01 -3.2775e-01 7.9721e+01 2.1209e+00 -5.8893e-01 4.2409e+00 2.5257e+00 -1.9403e-01 2.0283e-01 -3.1903e+00 -6.0099e-01 3.2991e+01 -3.4717e+00 1.5242e+00 1.9781e-01 3.0973e+01 -6.1149e+00 -4.2017e+00 4.4360e-03 -1.7396e+01 -6.0782e-01 7.7064e-01 -7.7392e+00 -3.9026e+00 6.0651e-02 5.5739e+00 -3.5423e+00 3.1375e-01 -1.5556e+01 -1.8239e+00 -1.2582e+00 -5.4495e-01 -2.5772e+00 6.9081e+00 -2.7495e+00 -1.7060e+00 -4.9215e-01 7.8075e+00 -2.7092e+00 2.7298e-02 4.6970e-01 -8.5788e-01 -2.5796e-01 -1.0765e+00 4.3358e-01 2.2649e+00 -2.3765e+00 -3.5086e+00
-1.4878e-01 8.8822e+00 1.8889e+00 -9.9499e-01 3.8854e-01 -8.0415e-01 2.1209e+00 5.9163e+01 4.2258e-01 -7.8201e-01 1.2948e+01 -7.6778e+00 8.4594e+00 -7.7991e-01 2.8517e-01 4.1933e-01 -1.8946e+00 -5.5849e+00 -1.5647e-01 -1.7846e+01 2.9837e+01 2.2873e-01 -1.9753e+00 9.6774e+00 -4.7527e+00 -2.1708e+00 -1.5780e-02 -2.5776e-01 1.5618e+00 -1.0496e+01 -9.8342e-01 7.5317e-01 1.4119e+01 -1.1550e+00 -5.9826e-01 2.0512e-01 -1.4064e+00 -2.2103e-01 1.2714e+00 -3.7681e+00 -4.6780e-02 6.0444e-01 -2.5114e-01 -2.4201e-01 1.4498e+00 2.1504e+00 2.0231e-01 -5.9638e-01 1.0712e+00 3.1270e-01 -4.2219e-01 -5.1393e-01
1.0613e+00 -6.4040e+00 9.3524e-02 -1.4313e+00 -1.4419e+00 1.1060e-03 -5.8893e-01 4.2258e-01 4.0566e+01 2.7133e-01 4.2447e-01 -6.5648e-01 -5.6718e-01 -1.8674e+00 3.4839e+00 2.2864e+00 -1.8745e-01 -1.0480e+00 1.0427e-01 9.7506e+00 2.3409e-01 2.0110e+00 3.2032e-02 -2.9502e-01 -1.0152e+00 -1.1986e+00 1.7204e+01 -7.9767e-01 -1.4217e-01 -1.9321e-01 6.5277e-02 -1.1168e-01 1.5736e+00 -1.4389e-01 2.8953e+00 2.7097e-01 1.5363e-01 -8.6548e-01 -5.5084e-01 -6.0301e-01 -2.6140e-01 4.0911e+00 1.0572e+00 -1.8938e-01 -4.0971e-01 1.7020e+00 -3.4094e-01 6.4674e-02 -1.6331e-01 1.9546e-01 -4.3692e-01 3.5247e+00
1.2717e+01 -3.0249e+00 -2.1887e-01 1.8628e+01 2.4797e+00 1.6901e+01 4.2409e+00 -7.8201e-01 2.7133e-01 6.3942e+01 5.4811e+00 -3.7769e+00 5.7539e-01 -1.2652e+01 -1.7352e+00 2.8844e+01 1.2850e+00 4.5436e-01 1.4188e-02 1.0801e+01 -7.8093e+00 3.5728e-01 3.4702e-01 -1.1750e+01 -7.0031e-01 -7.0205e-02 -1.0197e+01 -2.4983e+00 -7.7773e-01 1.2773e+00 1.1308e+01 -9.7546e-02 7.3144e+00 8.2249e+00 -1.2081e+00 2.4949e-01 2.9945e+00 -1.7151e+01 2.4256e+00 -4.5231e-02 -2.2019e+00 1.6991e+01 3.3116e+00 5.6276e-01 5.2422e-01 -6.0201e-01 -1.5204e-01 4.9524e-02 7.5443e-02 6.7453e-01 -5.8001e-02 -3.4660e-02
1.2425e-02 -2.3137e+00 -2.5297e+00 7.3062e-01 4.3844e-01 8.8345e-01 2.5257e+00 1.2948e+01 4.2447e-01 5.4811e+00 6.9064e+01 -3.0998e+00 1.4900e+01 -3.6494e-01 -6.6048e-01 -1.2167e+00 -2.0831e+00 -3.6570e+00 -1.1699e+00 2.0096e-01 5.6042e+00 -1.4385e+00 1.0310e-01 -1.6622e+01 -1.9879e+00 8.5095e+00 -1.6926e+01 -5.6421e-01 -2.2141e+00 -6.7891e+00 -1.2803e-01 -1.1677e+00 2.5885e+00 -2.3152e-01 -4.0811e-01 -1.0317e+00 2.2816e+01 -3.3879e+00 6.6131e+00 -4.7298e-01 -3.6952e-01 -2.2911e+00 -2.0185e-01 -5.3692e-01 -6.8679e-01 1.4231e+00 -3.1028e-01 -7.5519e-01 1.6970e+00 -9.2499e-02 -1.0796e-01 -1.3005e+00
-2.8963e+00 4.5380e+00 -6.6556e-01 -4.5436e-01 3.2220e+00 -2.5558e+00 -1.9403e-01 -7.6778e+00 -6.5648e-01 -3.7769e+00 -3.0998e+00 4.1639e+01 -1.3872e+00 3.4665e+00 5.8789e+00 2.0848e+00 -4.2028e-01 2.5412e-01 1.9764e+00 -6.3899e-01 -2.7989e+00 6.6098e+00 2.4318e+00 -1.5410e+01 -7.8247e-01 -1.0036e-01 3.5215e+00 -3.7611e-01 -1.2650e+00 9.0077e+00 2.3669e+00 -4.5220e-01 -8.3856e+00 1.6293e+00 7.1605e-01 4.3501e-01 -1.8367e+00 -4.5123e+00 -4.4216e-01 9.9198e-01 -1.4231e-01 -4.1962e-01 4.9736e+00 -8.3196e-02 4.5228e-01 3.5503e-01 9.3538e-01 -7.4698e-02 -2.5757e-01 -4.7417e-01 -1.5202e-01 -8.5654e-01
-2.2212e-02 -6.9609e+00 -4.2035e-01 1.5456e-01 5.9557e-01 1.1258e-01 2.0283e-01 8.4594e+00 -5.6718e-01 5.7539e-01 1.4900e+01 -1.3872e+00 2.6231e+01 -5.4275e-02 -4.7672e-01 1.1215e+00 -5.5465e-01 -1.0050e+00 -5.3226e-01 -9.6521e+00 8.9697e+00 2.1037e-01 -3.8241e-01 1.0259e-01 -9.8041e-01 -2.0588e-01 -1.5236e+00 2.5341e-01 -1.2255e+00 -2.4769e+00 -3.9137e-01 -7.8819e-02 5.0039e+00 -6.5093e-01 -2.4496e-01 -4.8216e-01 -1.2811e-01 -8.1921e-01 6.7931e-01 -3.4000e+00 -9.2067e-03 -2.9992e-01 -7.8653e-01 -1.5467e-01 3.4299e-01 1.7322e+00 -9.7650e-02 -3.0740e-01 2.0980e+00 -2.0220e-01 -1.0568e-01 -5.0587e-01
-5.3953e+00 3.2357e-01 -5.3880e-03 5.3890e-01 -2.2004e+00 6.8453e-01 -3.1903e+00 -7.7991e-01 -1.8674e+00 -1.2652e+01 -3.6494e-01 3.4665e+00 -5.4275e-02 3.1130e+01 -9.1698e-01 -7.2931e+00 -4.8766e-01 -8.4869e-01 5.0040e-01 -1.0093e+01 6.5220e+00 6.4662e-02 4.2263e-01 7.1578e+00 -3.8472e-01 2.0472e+00 3.0091e+00 4.6722e+00 6.3730e-01 4.6479e-01 9.3655e-01 2.6491e-01 -1.2211e+00 2.0567e+00 6.4126e-01 -2.3480e-01 -5.4162e-01 1.7184e+00 -1.0668e+00 -2.7834e-01 -5.6600e-01 -1.4859e+00 6.7429e-01 -1.4065e-01 -3.0445e-01 -5.3877e-01 -5.4668e-02 -8.2573e-02 2.2196e-01 -3.5194e-01 -4.6435e-01 1.7128e+00
-7.0417e-01 -4.0608e+00 1.0391e+00 -2.2034e+00 -5.3686e+00 -3.2724e+00 -6.0099e-01 2.8517e-01 3.4839e+00 -1.7352e+00 -6.6048e-01 5.8789e+00 -4.7672e-01 -9.1698e-01 2.9276e+01 -1.3056e+00 -5.9564e-02 -1.9912e-01 3.0782e-01 -3.0656e+00 -1.0397e+00 5.5076e+00 8.8536e-01 5.4932e+00 -3.8579e-01 -1.9822e-01 1.0295e+01 -4.0398e-01 -6.1491e-01 -1.1663e+00 -1.4985e+00 5.1648e-03 -2.1470e+00 -1.2623e+00 1.0812e-01 -1.8752e-01 -2.8415e-01 4.8331e-01 -2.4830e-01 7.4705e-01 -3.6196e-01 -5.6345e+00 5.5946e+00 -8.6079e-02 -1.1937e-01 -2.5204e-01 9.6036e-01 -4.9791e-02 9.0575e-02 1.4500e+00 -2.9218e-01 9.6357e-01
3.3037e+01 -2.2970e+00 -6.6750e+00 1.1209e+01 2.4557e+00 7.1712e+00 3.2991e+01 4.1933e-01 2.2864e+00 2.8844e+01 -1.2167e+00 2.0848e+00 1.1215e+00 -7.2931e+00 -1.3056e+00 9.3065e+01 3.6054e+00 3.9535e+00 2.0362e-01 5.5950e+01 -1.3907e+01 4.5483e-01 -3.2235e-01 -4.5553e+01 -5.1012e-01 1.2372e+00 -4.2755e+01 -4.9443e+00 -1.2962e-01 4.8370e+00 -1.3205e+01 2.5878e-01 -3.4814e+01 -9.2860e+00 -7.1666e-01 -9.9749e-02 4.6503e+00 -1.9958e+01 -3.8019e+00 -8.6366e-01 -9.5284e-01 4.4827e+01 -1.2055e+01 9.9484e-01 8.0501e-01 -4.3033e-01 -8.7039e-01 -7.3524e-01 1.6156e-01 2.7617e+00 -1.2359e-01 3.3586e-01
-4.4765e+00 -2.2827e+00 -1.3408e-01 2.3699e-01 1.5985e-01 2.1874e-02 -3.4717e+00 -1.8946e+00 -1.8745e-01 1.2850e+00 -2.0831e+00 -4.2028e-01 -5.5465e-01 -4.8766e-01 -5.9564e-02 3.6054e+00 1.7767e+01 7.7063e-01 -1.0380e-01 -8.2612e-01 -2.7024e+00 -5.0262e-01 -8.8789e-02 2.1146e+00 -6.6484e-02 -2.4431e-01 2.6146e+00 -2.5528e-01 -2.2639e-01 -1.1510e+00 -4.4773e-01 -6.0284e-02 1.6175e+00 1.6461e-02 -8.4391e-02 1.6637e-01 -8.7061e-01 -1.3071e+00 -4.0381e-01 -7.5008e-01 -1.3433e-01 -1.1046e+00 1.6622e-01 -1.4577e-01 -1.5520e-01 3.7010e-01 -3.5509e-02 3.8119e-01 -1.9147e-01 7.2368e-01 -1.1942e-01 -3.6504e-01
4.9301e-01 -5.8180e+00 -9.6386e-01 3.8021e-01 -3.2401e-01 1.2749e-01 1.5242e+00 -5.5849e+00 -1.0480e+00 4.5436e-01 -3.6570e+00 2.5412e-01 -1.0050e+00 -8.4869e-01 -1.9912e-01 3.9535e+00 7.7063e-01 3.5827e+01 -3.0010e-02 1.1861e+01 -5.5634e+00 1.9175e+00 -2.4471e-01 -5.3369e+00 7.5549e+00 -4.4082e-01 -1.7590e+00 -4.9445e-01 4.3173e-01 -5.2199e+00 -7.5178e-01 1.3158e+00 2.5079e+00 1.7536e-01 -2.6063e-01 -6.9556e-02 2.9075e+00 -3.9269e+00 5.0380e-02 -4.0523e-01 -8.7939e-02 3.9183e+00 -2.3234e-01 1.4619e+00 -1.7520e-01 -4.9191e-01 4.7521e-01 8.0550e-01 2.5025e-01 -3.1240e-01 -1.0811e+00 5.7313e-01
4.2842e-01 9.3679e-01 1.0495e+00 -8.8308e-02 -7.7655e-02 -2.2205e-01 1.9781e-01 -1.5647e-01 1.0427e-01 1.4188e-02 -1.1699e+00 1.9764e+00 -5.3226e-01 5.0040e-01 3.0782e-01 2.0362e-01 -1.0380e-01 -3.0010e-02 9.6846e+00 1.0693e+00 -2.7507e+00 5.1643e-01 -1.2946e-01 -1.9062e+00 -2.3384e-01 -3.3233e-02 -4.3017e-01 3.9996e-02 1.0625e+00 1.1804e+00 -2.9139e-02 -2.8494e-01 -1.9238e+00 -4.2816e-01 9.2198e-02 8.8822e-02 4.8342e-02 2.7347e-02 -6.2926e-02 -1.2074e+00 -2.1017e-02 2.2108e+00 -4.0903e-01 9.9799e-01 -8.7952e-02 -7.8323e-02 1.9338e-01 8.9754e-02 -5.2712e-02 -8.1227e-02 -2.3639e-01 1.8789e-01
3.1572e+01 -3.3082e+01 -4.8524e+00 -7.9686e+00 2.5966e+01 -4.7794e+00 3.0973e+01 -1.7846e+01 9.7506e+00 1.0801e+01 2.0096e-01 -6.3899e-01 -9.6521e+00 -1.0093e+01 -3.0656e+00 5.5950e+01 -8.2612e-01 1.1861e+01 1.0693e+00 2.0801e+02 -5.8218e+01 1.4191e+00 -1.5386e+00 -1.0033e+02 8.6743e-01 4.3613e+00 -8.4207e+01 -4.0315e+00 1.4915e+00 1.8330e+01 -2.2567e+01 -1.8540e+00 -8.5173e+01 -1.5286e+01 5.8821e-02 -1.5215e+00 1.8784e+01 -2.0762e+01 2.1651e+00 1.7869e+01 -2.9805e+00 5.1011e+01 -2.3163e+01 3.1868e-01 -2.1206e+00 1.3284e+00 -4.8570e-01 -1.3103e-01 -9.4862e-01 2.0940e+00 2.4680e+00 -1.8094e+00
-6.7791e+00 1.1532e+01 -7.9698e-01 -2.0224e-01 1.4925e+00 2.9879e-01 -6.1149e+00 2.9837e+01 2.3409e-01 -7.8093e+00 5.6042e+00 -2.7989e+00 8.9697e+00 6.5220e+00 -1.0397e+00 -1.3907e+01 -2.7024e+00 -5.5634e+00 -2.7507e+00 -5.8218e+01 9.0852e+01 1.1040e+00 -1.9060e+00 2.1842e+01 -1.3126e+00 -3.0791e+00 1.2291e+01 4.5940e+00 4.3367e-01 -1.8295e+01 1.3236e+00 1.3954e+00 3.6564e+01 2.1323e+00 -1.4668e-02 -2.4287e-02 -6.2814e+00 4.4281e-01 -9.8502e-03 -1.1459e+01 -3.5680e-01 -6.3752e+00 4.0058e+00 -1.2686e+00 -5.3961e-02 9.0618e-01 1.3076e-01 -5.1592e-01 8.3035e-01 -7.8708e-01 9.4266e-02 -1.1489e+00
3.8874e+00 -1.6569e+00 -7.1125e-02 -1.6777e+00 -4.4144e-01 -9.7842e-01 -4.2017e+00 2.2873e-01 2.0110e+00 3.5728e-01 -1.4385e+00 6.6098e+00 2.1037e-01 6.4662e-02 5.5076e+00 4.5483e-01 -5.0262e-01 1.9175e+00 5.1643e-01 1.4191e+00 1.1040e+00 2.7088e+01 -1.4008e-01 -5.5514e+00 -2.7926e-01 -3.4048e-01 6.6789e-01 -2.4434e-01 1.3072e+00 -1.1400e-01 4.3097e-02 -8.3176e-02 -9.0479e-01 1.7527e-01 3.8429e+00 5.6865e-01 3.1481e+00 -5.3729e+00 -2.5103e-01 1.0668e+00 -2.5332e-01 3.0709e+00 4.3060e+00 -6.8843e-02 -1.3196e-01 -3.8836e-01 1.0549e+00 -5.9949e-02 -1.0937e-01 -4.5640e-01 -2.9911e+00 3.1225e+00
1.6843e-01 1.3619e+00 -1.5075e-01 1.4803e-01 -6.8073e-01 -4.8203e-01 4.4360e-03 -1.9753e+00 3.2032e-02 3.4702e-01 1.0310e-01 2.4318e+00 -3.8241e-01 4.2263e-01 8.8536e-01 -3.2235e-01 -8.8789e-02 -2.4471e-01 -1.2946e-01 -1.5386e+00 -1.9060e+00 -1.4008e-01 1.1697e+01 -3.0407e+00 -2.4283e-01 5.6585e-01 -4.8746e-01 -5.9917e-02 -3.9519e-01 -5.2922e-01 3.1528e-01 -7.8692e-02 1.8517e+00 3.2565e-01 4.0611e-01 -4.0064e-02 4.3582e-01 -9.6595e-01 7.7574e-01 -7.2099e-01 -1.4654e-01 -3.6170e-01 9.3956e-01 -8.6606e-02 3.2590e-01 8.3688e-01 -9.1397e-02 -8.3254e-02 -3.5447e-02 -1.4366e-01 -6.4099e-02 -1.7175e-01
-2.6999e+01 1.0369e+01 1.2290e+00 2.6585e+00 -3.4779e+01 3.9395e+00 -1.7396e+01 9.6774e+00 -2.9502e-01 -1.1750e+01 -1.6622e+01 -1.5410e+01 1.0259e-01 7.1578e+00 5.4932e+00 -4.5553e+01 2.1146e+00 -5.3369e+00 -1.9062e+00 -1.0033e+02 2.1842e+01 -5.5514e+00 -3.0407e+00 1.7506e+02 1.1187e+00 -8.3656e+00 1.1420e+02 1.0637e+00 3.6941e+00 1.4178e-01 2.4594e+01 -6.4699e-01 4.8018e+01 1.7971e+01 -1.6947e+00 -7.3065e-01 -2.9074e+01 2.3553e+01 -2.8429e+00 7.8576e+00 1.9885e+00 -6.2802e+01 2.3896e+01 1.8080e+00 1.9367e-01 -5.4887e-01 -4.1050e-01 6.7037e-01 1.1060e+00 -2.1258e+00 5.4857e+00 3.9181e+00
-3.1485e-01 -3.8512e+00 -6.2976e-01 -1.1096e+00 1.3623e+00 -1.0419e+00 -6.0782e-01 -4.7527e+00 -1.0152e+00 -7.0031e-01 -1.9879e+00 -7.8247e-01 -9.8041e-01 -3.8472e-01 -3.8579e-01 -5.1012e-01 -6.6484e-02 7.5549e+00 -2.3384e-01 8.6743e-01 -1.3126e+00 -2.7926e-01 -2.4283e-01 1.1187e+00 2.0373e+01 -3.8016e-01 4.8712e-01 1.0994e+00 -6.3007e-01 -1.9681e+00 8.7402e-01 -2.3521e-01 4.7795e+00 1.0104e+00 3.6348e-01 -2.4115e-01 -6.4562e-01 -6.1858e-01 3.2710e-01 -2.5828e+00 -2.5128e-02 -7.2617e-01 9.0480e-01 -2.2753e-01 -8.0260e-02 -4.2644e-01 -1.2285e-01 6.2629e-01 4.9897e-01 -8.7083e-02 3.1194e-01 -7.0038e-02
5.6011e-02 5.2402e-02 -2.9597e-01 1.2935e-01 -8.8619e-02 8.1402e-02 7.7064e-01 -2.1708e+00 -1.1986e+00 -7.0205e-02 8.5095e+00 -1.0036e-01 -2.0588e-01 2.0472e+00 -1.9822e-01 1.2372e+00 -2.4431e-01 -4.4082e-01 -3.3233e-02 4.3613e+00 -3.0791e+00 -3.4048e-01 5.6585e-01 -8.3656e+00 -3.8016e-01 1.8432e+01 -1.0488e+01 -3.0234e-01 -1.8160e-01 -2.1747e+00 -3.2199e-01 -5.4246e-02 3.0582e+00 5.4235e-01 -1.7480e-01 -7.4003e-03 9.7059e+00 -3.5256e+00 7.6398e-02 -1.4051e+00 -1.3067e-01 2.4386e+00 -1.7706e-01 -1.1894e-01 -4.4221e-02 -3.2641e-01 -7.3602e-02 -1.2069e-01 -2.6918e-01 -9.6174e-02 4.7358e-01 -6.3684e-01
-2.7410e+01 1.7863e+01 -1.4130e-01 1.4047e+00 -1.9979e+01 3.0722e+00 -7.7392e+00 -1.5780e-02 1.7204e+01 -1.0197e+01 -1.6926e+01 3.5215e+00 -1.5236e+00 3.0091e+00 1.0295e+01 -4.2755e+01 2.6146e+00 -1.7590e+00 -4.3017e-01 -8.4207e+01 1.2291e+01 6.6789e-01 -4.8746e-01 1.1420e+02 4.8712e-01 -1.0488e+01 1.6292e+02 7.5109e-01 2.0699e+00 4.8421e+00 2.4860e+01 3.1337e-01 4.7972e+01 1.6668e+01 -2.0263e+00 -4.0284e-01 -3.0356e+01 2.1802e+01 -2.9470e+00 2.6585e+00 2.0716e+00 -7.2408e+01 2.6164e+01 1.6262e+00 7.5639e-01 3.5832e+00 7.0179e-01 6.4077e-01 5.6770e-01 -2.4732e+00 1.9174e+00 -4.7620e+00
-2.3801e+00 6.0237e-01 -1.9094e-01 -8.7559e-01 9.0266e-01 -7.2332e-01 -3.9026e+00 -2.5776e-01 -7.9767e-01 -2.4983e+00 -5.6421e-01 -3.7611e-01 2.5341e-01 4.6722e+00 -4.0398e-01 -4.9443e+00 -2.5528e-01 -4.9445e-01 3.9996e-02 -4.0315e+00 4.5940e+00 -2.4434e-01 -5.9917e-02 1.0637e+00 1.0994e+00 -3.0234e-01 7.5109e-01 1.5607e+01 -3.8588e-02 -8.9843e-01 4.3268e-01 -2.6935e-02 -1.0078e+00 6.7221e-01 -1.4670e-01 -9.8636e-02 -7.9033e-01 2.1931e-02 3.1256e-02 -2.5164e-01 -2.0008e-01 -2.2351e+00 4.6615e-01 -1.2607e-01 7.8971e-02 -2.3483e-01 -5.1990e-02 -6.1621e-02 1.4143e-01 -1.7313e-01 -1.1101e-01 -6.4465e-01
1.6723e-02 4.6722e+00 -1.0116e+00 -9.0460e-01 -4.3538e+00 -9.8106e-01 6.0651e-02 1.5618e+00 -1.4217e-01 -7.7773e-01 -2.2141e+00 -1.2650e+00 -1.2255e+00 6.3730e-01 -6.1491e-01 -1.2962e-01 -2.2639e-01 4.3173e-01 1.0625e+00 1.4915e+00 4.3367e-01 1.3072e+00 -3.9519e-01 3.6941e+00 -6.3007e-01 -1.8160e-01 2.0699e+00 -3.8588e-02 2.1496e+01 -1.3253e+00 -3.9695e-01 -4.8915e-01 8.9766e-01 -1.1845e+00 4.1841e-01 -3.4597e-01 -1.5968e-02 -1.1903e-01 -1.5009e-01 -3.2324e+00 -1.3946e-01 2.5546e+00 -2.1147e+00 9.7327e-01 -1.5773e-01 -1.5183e-01 -1.2629e-01 1.9374e-02 1.0016e-01 -1.5122e-01 1.1089e+00 5.2028e-02
1.5748e+00 -4.3710e+00 -1.4031e+00 8.3136e-02 -1.9086e+00 5.4214e-02 5.5739e+00 -1.0496e+01 -1.9321e-01 1.2773e+00 -6.7891e+00 9.0077e+00 -2.4769e+00 4.6479e-01 -1.1663e+00 4.8370e+00 -1.1510e+00 -5.2199e+00 1.1804e+00 1.8330e+01 -1.8295e+01 -1.1400e-01 -5.2922e-01 1.4178e-01 -1.9681e+00 -2.1747e+00 4.8421e+00 -8.9843e-01 -1.3253e+00 6.2141e+01 1.5559e+00 -6.7242e-01 -3.6971e+01 -5.3948e-01 -2.7336e-01 5.8079e-01 -4.1844e+00 1.1195e+00 -4.7544e-01 2.4407e+00 -2.0318e-01 -4.5875e-01 -2.5761e-01 -7.4120e-01 3.3042e-02 -6.5859e-01 -1.7922e-01 -7.3601e-02 6.0779e-01 -5.5362e-01 -6.4892e-01 1.7231e-01
-7.9015e+00 -1.4084e+00 -6.9308e-01 6.8072e+00 3.7355e-02 6.4609e+00 -3.5423e+00 -9.8342e-01 6.5277e-02 1.1308e+01 -1.2803e-01 2.3669e+00 -3.9137e-01 9.3655e-01 -1.4985e+00 -1.3205e+01 -4.4773e-01 -7.5178e-01 -2.9139e-02 -2.2567e+01 1.3236e+00 4.3097e-02 3.1528e-01 2.4594e+01 8.7402e-01 -3.2199e-01 2.4860e+01 4.3268e-01 -3.9695e-01 1.5559e+00 4.9728e+01 2.8806e-01 3.1505e+01 2.5077e+01 -6.1663e-01 -6.4844e-01 -4.9379e+00 -1.7266e+01 1.6967e+00 -1.1451e-01 -4.5655e-01 -9.1776e+00 2.3639e+01 1.5903e+00 2.1161e-01 -4.8674e-01 -1.3761e-01 -4.9496e-02 -1.3698e-01 -8.4983e-01 -1.4282e-01 -1.5685e-01
-2.4863e-01 3.1284e-01 3.1184e+00 3.4889e-02 -1.0334e-01 -5.3933e-02 3.1375e-01 7.5317e-01 -1.1168e-01 -9.7546e-02 -1.1677e+00 -4.5220e-01 -7.8819e-02 2.6491e-01 5.1648e-03 2.5878e-01 -6.0284e-02 1.3158e+00 -2.8494e-01 -1.8540e+00 1.3954e+00 -8.3176e-02 -7.8692e-02 -6.4699e-01 -2.3521e-01 -5.4246e-02 3.1337e-01 -2.6935e-02 -4.8915e-01 -6.7242e-01 2.8806e-01 9.6499e+00 1.8948e+00 -4.0377e-01 -1.5598e-01 -1.0020e-01 -2.3292e-01 -3.4289e-01 -4.7727e-02 2.3391e+00 -4.4023e-02 -1.0201e-01 2.5228e-01 4.1073e-01 1.6249e-02 -7.8579e-02 -4.9690e-02 -7.6745e-02 2.0843e-02 -9.9678e-02 3.8839e-02 -1.9407e-01
-1.4104e+01 1.3084e+01 3.1233e+00 -8.1109e-02 -7.7068e+00 5.9807e+00 -1.5556e+01 1.4119e+01 1.5736e+00 7.3144e+00 2.5885e+00 -8.3856e+00 5.0039e+00 -1.2211e+00 -2.1470e+00 -3.4814e+01 1.6175e+00 2.5079e+00 -1.9238e+00 -8.5173e+01 3.6564e+01 -9.0479e-01 1.8517e+00 4.8018e+01 4.7795e+00 3.0582e+00 4.7972e+01 -1.0078e+00 8.9766e-01 -3.6971e+01 3.1505e+01 1.8948e+00 1.7045e+02 1.8823e+01 -7.3807e-01 -8.6796e-01 -9.2287e+00 -1.5417e+01 4.1678e-01 -2.8589e+01 -2.8644e-01 -4.0229e+01 4.3001e+01 6.4035e-01 1.8118e+00 1.4842e+00 8.7765e-02 1.5404e+00 3.7829e-01 -3.5447e+00 6.1800e-03 1.7082e+00
-3.4695e+00 1.6443e-01 -7.1829e-02 5.8387e+00 4.4104e-01 5.7599e+00 -1.8239e+00 -1.1550e+00 -1.4389e-01 8.2249e+00 -2.3152e-01 1.6293e+00 -6.5093e-01 2.0567e+00 -1.2623e+00 -9.2860e+00 1.6461e-02 1.7536e-01 -4.2816e-01 -1.5286e+01 2.1323e+00 1.7527e-01 3.2565e-01 1.7971e+01 1.0104e+00 5.4235e-01 1.6668e+01 6.7221e-01 -1.1845e+00 -5.3948e-01 2.5077e+01 -4.0377e-01 1.8823e+01 3.8435e+01 -6.6067e-01 -3.7774e-01 -2.0983e+00 -1.0515e+01 2.8161e+00 -7.2626e-01 -3.7698e-01 -1.1911e+01 2.1331e+01 -9.2774e-02 5.3723e-01 -2.9698e-01 -1.7695e-01 -2.1568e-02 -1.3531e-01 -3.0018e-01 3.4868e-03 -6.7339e-02
2.9136e+00 -1.1512e+00 -2.5669e-01 -1.2627e+00 -1.4419e+00 -1.6952e-01 -1.2582e+00 -5.9826e-01 2.8953e+00 -1.2081e+00 -4.0811e-01 7.1605e-01 -2.4496e-01 6.4126e-01 1.0812e-01 -7.1666e-01 -8.4391e-02 -2.6063e-01 9.2198e-02 5.8821e-02 -1.4668e-02 3.8429e+00 4.0611e-01 -1.6947e+00 3.6348e-01 -1.7480e-01 -2.0263e+00 -1.4670e-01 4.1841e-01 -2.7336e-01 -6.1663e-01 -1.5598e-01 -7.3807e-01 -6.6067e-01 1.3604e+01 7.0181e-01 -9.4385e-02 -6.0717e-01 1.9856e-01 -8.2751e-01 -1.1190e-01 4.9857e+00 -1.1810e-01 -7.3461e-02 4.6325e-02 -3.7844e-01 -1.1111e-01 -6.5860e-02 -2.7283e-02 -1.2659e-01 -2.3329e+00 4.5337e+00
8.1139e-02 -5.0097e-01 3.1992e-01 -1.9442e-01 -6.0891e-01 -4.2539e-01 -5.4495e-01 2.0512e-01 2.7097e-01 2.4949e-01 -1.0317e+00 4.3501e-01 -4.8216e-01 -2.3480e-01 -1.8752e-01 -9.9749e-02 1.6637e-01 -6.9556e-02 8.8822e-02 -1.5215e+00 -2.4287e-02 5.6865e-01 -4.0064e-02 -7.3065e-01 -2.4115e-01 -7.4003e-03 -4.0284e-01 -9.8636e-02 -3.4597e-01 5.8079e-01 -6.4844e-01 -1.0020e-01 -8.6796e-01 -3.7774e-01 7.0181e-01 1.0703e+01 -5.1618e-01 -5.2841e-02 -2.7791e-01 -9.6695e-01 -5.9261e-02 1.3481e+00 -5.0652e-02 -1.2779e-01 2.2895e+00 3.7217e-02 -4.8859e-02 -8.3985e-02 3.0732e-03 -7.4125e-02 -6.9072e-01 6.3468e-01
2.6370e+00 -8.4677e-01 -7.0249e-01 -8.8147e-01 3.3462e-01 5.2531e-01 -2.5772e+00 -1.4064e+00 1.5363e-01 2.9945e+00 2.2816e+01 -1.8367e+00 -1.2811e-01 -5.4162e-01 -2.8415e-01 4.6503e+00 -8.7061e-01 2.9075e+00 4.8342e-02 1.8784e+01 -6.2814e+00 3.1481e+00 4.3582e-01 -2.9074e+01 -6.4562e-01 9.7059e+00 -3.0356e+01 -7.9033e-01 -1.5968e-02 -4.1844e+00 -4.9379e+00 -2.3292e-01 -9.2287e+00 -2.0983e+00 -9.4385e-02 -5.1618e-01 5.2495e+01 -1.0805e+01 4.9135e+00 -1.3828e+00 -7.5884e-01 5.7452e+00 -3.1560e+00 -5.2022e-01 -5.0771e-01 -4.5824e-01 -2.8071e-02 -2.3458e-01 -3.2810e-01 -1.4131e+00 -3.0088e-02 -8.9300e-01
-6.3969e+00 4.8095e+00 -5.3374e-01 -1.9387e+00 -5.8007e+00 -3.1223e+00 6.9081e+00 -2.2103e-01 -8.6548e-01 -1.7151e+01 -3.3879e+00 -4.5123e+00 -8.1921e-01 1.7184e+00 4.8331e-01 -1.9958e+01 -1.3071e+00 -3.9269e+00 2.7347e-02 -2.0762e+01 4.4281e-01 -5.3729e+00 -9.6595e-01 2.3553e+01 -6.1858e-01 -3.5256e+00 2.1802e+01 2.1931e-02 -1.1903e-01 1.1195e+00 -1.7266e+01 -3.4289e-01 -1.5417e+01 -1.0515e+01 -6.0717e-01 -5.2841e-02 -1.0805e+01 7.7524e+01 -9.4983e-01 -6.9382e-01 1.3727e+00 -4.0012e+01 -1.8615e+01 -9.5951e-01 -8.0325e-01 7.3371e-01 -7.4508e-02 2.6272e-02 1.5316e-01 2.1576e+00 -8.7313e-01 7.9893e+00
-2.6736e+00 2.1033e-01 -1.8975e-01 5.1941e-01 2.1526e-01 3.3317e-01 -2.7495e+00 1.2714e+00 -5.5084e-01 2.4256e+00 6.6131e+00 -4.4216e-01 6.7931e-01 -1.0668e+00 -2.4830e-01 -3.8019e+00 -4.0381e-01 5.0380e-02 -6.2926e-02 2.1651e+00 -9.8502e-03 -2.5103e-01 7.7574e-01 -2.8429e+00 3.2710e-01 7.6398e-02 -2.9470e+00 3.1256e-02 -1.5009e-01 -4.7544e-01 1.6967e+00 -4.7727e-02 4.1678e-01 2.8161e+00 1.9856e-01 -2.7791e-01 4.9135e+00 -9.4983e-01 1.9376e+01 -2.4599e-01 -3.6682e-01 -3.2965e+00 1.9477e+00 -5.2200e-02 8.9603e-01 -1.3152e-01 -5.0450e-02 -3.3982e-02 2.2419e-01 -2.3190e-01 1.3374e-02 -7.2513e-01
-3.0156e-01 -4.5692e+00 5.6032e-01 -6.3488e-01 -8.2675e-01 -6.4949e-01 -1.7060e+00 -3.7681e+00 -6.0301e-01 -4.5231e-02 -4.7298e-01 9.9198e-01 -3.4000e+00 -2.7834e-01 7.4705e-01 -8.6366e-01 -7.5008e-01 -4.0523e-01 -1.2074e+00 1.7869e+01 -1.1459e+01 1.0668e+00 -7.2099e-01 7.8576e+00 -2.5828e+00 -1.4051e+00 2.6585e+00 -2.5164e-01 -3.2324e+00 2.4407e+00 -1.1451e-01 2.3391e+00 -2.8589e+01 -7.2626e-01 -8.2751e-01 -9.6695e-01 -1.3828e+00 -6.9382e-01 -2.4599e-01 5.5280e+01 2.5957e-01 5.6025e-01 6.2184e-01 -6.9180e-01 -1.2342e-01 2.3748e+00 6.4704e-02 -5.7148e-01 -9.4053e-01 6.8427e-01 6.6202e-01 -1.0628e+00
-1.0561e+00 1.7422e+00 -9.1361e-02 -4.6969e-02 -1.0784e+00 -1.6362e-02 -4.9215e-01 -4.6780e-02 -2.6140e-01 -2.2019e+00 -3.6952e-01 -1.4231e-01 -9.2067e-03 -5.6600e-01 -3.6196e-01 -9.5284e-01 -1.3433e-01 -8.7939e-02 -2.1017e-02 -2.9805e+00 -3.5680e-01 -2.5332e-01 -1.4654e-01 1.9885e+00 -2.5128e-02 -1.3067e-01 2.0716e+00 -2.0008e-01 -1.3946e-01 -2.0318e-01 -4.5655e-01 -4.4023e-02 -2.8644e-01 -3.7698e-01 -1.1190e-01 -5.9261e-02 -7.5884e-01 1.3727e+00 -3.6682e-01 2.5957e-01 1.2149e+01 -2.2674e+00 7.9699e-01 2.9263e-02 -1.0767e-01 -1.6416e-01 -3.9371e-02 -3.6245e-02 -2.1393e-02 -1.7853e-01 8.2698e-02 -2.7682e-01
2.4957e+01 -1.1289e+01 4.5975e-01 5.9434e+00 7.0261e+00 5.3566e-02 7.8075e+00 6.0444e-01 4.0911e+00 1.6991e+01 -2.2911e+00 -4.1962e-01 -2.9992e-01 -1.4859e+00 -5.6345e+00 4.4827e+01 -1.1046e+00 3.9183e+00 2.2108e+00 5.1011e+01 -6.3752e+00 3.0709e+00 -3.6170e-01 -6.2802e+01 -7.2617e-01 2.4386e+00 -7.2408e+01 -2.2351e+00 2.5546e+00 -4.5875e-01 -9.1776e+00 -1.0201e-01 -4.0229e+01 -1.1911e+01 4.9857e+00 1.3481e+00 5.7452e+00 -4.0012e+01 -3.2965e+00 5.6025e-01 -2.2674e+00 1.2825e+02 -3.4964e+01 -1.0598e+00 -4.7009e-01 -1.4090e+00 -4.2271e-02 -4.3166e-01 1.5943e-01 3.2641e+00 -3.2628e+00 1.6160e+01
-2.1655e+00 7.2889e+00 -2.2480e-01 -4.2665e+00 -9.6213e+00 3.3127e+00 -2.7092e+00 -2.5114e-01 1.0572e+00 3.3116e+00 -2.0185e-01 4.9736e+00 -7.8653e-01 6.7429e-01 5.5946e+00 -1.2055e+01 1.6622e-01 -2.3234e-01 -4.0903e-01 -2.3163e+01 4.0058e+00 4.3060e+00 9.3956e-01 2.3896e+01 9.0480e-01 -1.7706e-01 2.6164e+01 4.6615e-01 -2.1147e+00 -2.5761e-01 2.3639e+01 2.5228e-01 4.3001e+01 2.1331e+01 -1.1810e-01 -5.0652e-02 -3.1560e+00 -1.8615e+01 1.9477e+00 6.2184e-01 7.9699e-01 -3.4964e+01 6.4188e+01 1.5970e+00 4.5072e-01 1.0214e+00 7.6459e-01 -9.1902e-02 1.9856e-01 -1.2348e+00 2.2439e-01 3.5477e+00
-4.5858e-01 3.6779e-01 8.3820e-01 1.9099e-01 -5.4543e-02 1.8168e-01 2.7298e-02 -2.4201e-01 -1.8938e-01 5.6276e-01 -5.3692e-01 -8.3196e-02 -1.5467e-01 -1.4065e-01 -8.6079e-02 9.9484e-01 -1.4577e-01 1.4619e+00 9.9799e-01 3.1868e-01 -1.2686e+00 -6.8843e-02 -8.6606e-02 1.8080e+00 -2.2753e-01 -1.1894e-01 1.6262e+00 -1.2607e-01 9.7327e-01 -7.4120e-01 1.5903e+00 4.1073e-01 6.4035e-01 -9.2774e-02 -7.3461e-02 -1.2779e-01 -5.2022e-01 -9.5951e-01 -5.2200e-02 -6.9180e-01 2.9263e-02 -1.0598e+00 1.5970e+00 9.7077e+00 -9.8809e-02 -1.0520e-01 -3.6716e-02 -5.7123e-02 -8.6973e-02 -7.0474e-02 3.5470e-02 -9.2669e-02
1.1337e-01 -4.3867e-01 -5.2285e-02 1.2391e-01 -2.8723e-01 1.2791e-01 4.6970e-01 1.4498e+00 -4.0971e-01 5.2422e-01 -6.8679e-01 4.5228e-01 3.4299e-01 -3.0445e-01 -1.1937e-01 8.0501e-01 -1.5520e-01 -1.7520e-01 -8.7952e-02 -2.1206e+00 -5.3961e-02 -1.3196e-01 3.2590e-01 1.9367e-01 -8.0260e-02 -4.4221e-02 7.5639e-01 7.8971e-02 -1.5773e-01 3.3042e-02 2.1161e-01 1.6249e-02 1.8118e+00 5.3723e-01 4.6325e-02 2.2895e+00 -5.0771e-01 -8.0325e-01 8.9603e-01 -1.2342e-01 -1.0767e-01 -4.7009e-01 4.5072e-01 -9.8809e-02 1.2140e+01 -9.7907e-02 -4.4936e-02 -1.2711e-01 -8.1988e-02 -1.4539e-01 -2.1302e-01 -7.4804e-02
1.3369e-01 1.3886e+00 -9.2179e-02 -7.5592e-01 6.7077e-01 -5.4239e-01 -8.5788e-01 2.1504e+00 1.7020e+00 -6.0201e-01 1.4231e+00 3.5503e-01 1.7322e+00 -5.3877e-01 -2.5204e-01 -4.3033e-01 3.7010e-01 -4.9191e-01 -7.8323e-02 1.3284e+00 9.0618e-01 -3.8836e-01 8.3688e-01 -5.4887e-01 -4.2644e-01 -3.2641e-01 3.5832e+00 -2.3483e-01 -1.5183e-01 -6.5859e-01 -4.8674e-01 -7.8579e-02 1.4842e+00 -2.9698e-01 -3.7844e-01 3.7217e-02 -4.5824e-01 7.3371e-01 -1.3152e-01 2.3748e+00 -1.6416e-01 -1.4090e+00 1.0214e+00 -1.0520e-01 -9.7907e-02 1.5805e+01 3.3528e-02 -6.6819e-02 2.0723e+00 -1.2082e-01 1.1261e-01 -2.8030e-01
-1.9465e-01 2.1919e-01 7.4177e-01 -1.0475e-01 -3.3118e-01 -1.3795e-01 -2.5796e-01 2.0231e-01 -3.4094e-01 -1.5204e-01 -3.1028e-01 9.3538e-01 -9.7650e-02 -5.4668e-02 9.6036e-01 -8.7039e-01 -3.5509e-02 4.7521e-01 1.9338e-01 -4.8570e-01 1.3076e-01 1.0549e+00 -9.1397e-02 -4.1050e-01 -1.2285e-01 -7.3602e-02 7.0179e-01 -5.1990e-02 -1.2629e-01 -1.7922e-01 -1.3761e-01 -4.9690e-02 8.7765e-02 -1.7695e-01 -1.1111e-01 -4.8859e-02 -2.8071e-02 -7.4508e-02 -5.0450e-02 6.4704e-02 -3.9371e-02 -4.2271e-02 7.6459e-01 -3.6716e-02 -4.4936e-02 3.3528e-02 6.7287e+00 -8.0725e-03 -6.6115e-02 -8.3057e-02 -5.1719e-01 7.7839e-01
-3.5295e-01 -8.4828e-01 4.6811e-02 -6.9850e-02 6.4871e-02 -5.2122e-02 -1.0765e+00 -5.9638e-01 6.4674e-02 4.9524e-02 -7.5519e-01 -7.4698e-02 -3.0740e-01 -8.2573e-02 -4.9791e-02 -7.3524e-01 3.8119e-01 8.0550e-01 8.9754e-02 -1.3103e-01 -5.1592e-01 -5.9949e-02 -8.3254e-02 6.7037e-01 6.2629e-01 -1.2069e-01 6.4077e-01 -6.1621e-02 1.9374e-02 -7.3601e-02 -4.9496e-02 -7.6745e-02 1.5404e+00 -2.1568e-02 -6.5860e-02 -8.3985e-02 -2.3458e-01 2.6272e-02 -3.3982e-02 -5.7148e-01 -3.6245e-02 -4.3166e-01 -9.1902e-02 -5.7123e-02 -1.2711e-01 -6.6819e-02 -8.0725e-03 7.2570e+00 -2.6875e-02 -7.9704e-02 -1.0875e-01 3.8170e-02
4.2684e-02 9.7795e-01 -1.5057e-01 8.5532e-03 -4.4111e-01 -1.3292e-01 4.3358e-01 1.0712e+00 -1.6331e-01 7.5443e-02 1.6970e+00 -2.5757e-01 2.0980e+00 2.2196e-01 9.0575e-02 1.6156e-01 -1.9147e-01 2.5025e-01 -5.2712e-02 -9.4862e-01 8.3035e-01 -1.0937e-01 -3.5447e-02 1.1060e+00 4.9897e-01 -2.6918e-01 5.6770e-01 1.4143e-01 1.0016e-01 6.0779e-01 -1.3698e-01 2.0843e-02 3.7829e-01 -1.3531e-01 -2.7283e-02 3.0732e-03 -3.2810e-01 1.5316e-01 2.2419e-01 -9.4053e-01 -2.1393e-02 1.5943e-01 1.9856e-01 -8.6973e-02 -8.1988e-02 2.0723e+00 -6.6115e-02 -2.6875e-02 9.5013e+00 7.5566e-02 8.2994e-02 4.7092e-02
1.5583e+00 9.6554e-01 -1.9431e-01 5.8333e-02 -1.4670e+00 5.5555e-02 2.2649e+00 3.1270e-01 1.9546e-01 6.7453e-01 -9.2499e-02 -4.7417e-01 -2.0220e-01 -3.5194e-01 1.4500e+00 2.7617e+00 7.2368e-01 -3.1240e-01 -8.1227e-02 2.0940e+00 -7.8708e-01 -4.5640e-01 -1.4366e-01 -2.1258e+00 -8.7083e-02 -9.6174e-02 -2.4732e+00 -1.7313e-01 -1.5122e-01 -5.5362e-01 -8.4983e-01 -9.9678e-02 -3.5447e+00 -3.0018e-01 -1.2659e-01 -7.4125e-02 -1.4131e+00 2.1576e+00 -2.3190e-01 6.8427e-01 -1.7853e-01 3.2641e+00 -1.2348e+00 -7.0474e-02 -1.4539e-01 -1.2082e-01 -8.3057e-02 -7.9704e-02 7.5566e-02 1.3690e+01 2.7499e-02 3.9097e-03
-4.3024e+00 2.3622e+00 1.9273e-02 -5.8681e-01 1.1952e+01 8.2296e-02 -2.3765e+00 -4.2219e-01 -4.3692e-01 -5.8001e-02 -1.0796e-01 -1.5202e-01 -1.0568e-01 -4.6435e-01 -2.9218e-01 -1.2359e-01 -1.1942e-01 -1.0811e+00 -2.3639e-01 2.4680e+00 9.4266e-02 -2.9911e+00 -6.4099e-02 5.4857e+00 3.1194e-01 4.7358e-01 1.9174e+00 -1.1101e-01 1.1089e+00 -6.4892e-01 -1.4282e-01 3.8839e-02 6.1800e-03 3.4868e-03 -2.3329e+00 -6.9072e-01 -3.0088e-02 -8.7313e-01 1.3374e-02 6.6202e-01 8.2698e-02 -3.2628e+00 2.2439e-01 3.5470e-02 -2.1302e-01 1.1261e-01 -5.1719e-01 -1.0875e-01 8.2994e-02 2.7499e-02 1.8273e+01 -3.9252e+00
3.7324e+00 -3.1240e+00 1.0056e-01 -1.2884e-01 -7.0514e+00 -2.1533e-02 -3.5086e+00 -5.1393e-01 3.5247e+00 -3.4660e-02 -1.3005e+00 -8.5654e-01 -5.0587e-01 1.7128e+00 9.6357e-01 3.3586e-01 -3.6504e-01 5.7313e-01 1.8789e-01 -1.8094e+00 -1.1489e+00 3.1225e+00 -1.7175e-01 3.9181e+00 -7.0038e-02 -6.3684e-01 -4.7620e+00 -6.4465e-01 5.2028e-02 1.7231e-01 -1.5685e-01 -1.9407e-01 1.7082e+00 -6.7339e-02 4.5337e+00 6.3468e-01 -8.9300e-01 7.9893e+00 -7.2513e-01 -1.0628e+00 -2.7682e-01 1.6160e+01 3.5477e+00 -9.2669e-02 -7.4804e-02 -2.8030e-01 7.7839e-01 3.8170e-02 4.7092e-02 3.9097e-03 -3.9252e+00 2.7105e+01
