2.0397e+01 -3.6774e+00 -4.2956e-01 -1.6474e+00 -1.7992e+00 -3.6666e+00 -2.1672e+00 1.5094e+00 -2.9299e+00 -5.4272e+00 -3.6909e-01 -3.4125e-01 8.1795e-01 4.6428e-01 -7.0444e-01 3.0718e-01 -4.0909e+00 -3.0680e+00 -7.4788e-01 -4.8601e-01 -1.3375e-01 -1.0099e+00 -3.2043e+00 3.3037e-01 -3.3608e-01 -6.5619e-01 6.5950e+00 -1.7839e-01 -8.6909e-02 -7.9095e-01 -3.4233e+00 -3.7824e-01 3.2742e+00 -6.2911e-01 -2.8605e+00 4.7637e+00 -1.8933e-01 -4.5684e+00 5.6358e-02 -5.6583e-01 -1.8261e-01 -1.3677e-01 9.4012e-02 5.1112e-02 -1.8186e-01 -1.4846e-01 -8.9700e-02 -2.6596e-01 -1.1006e-01 -8.1715e-02 1.4930e+00 -2.0096e+00
-3.6774e+00 7.6942e+01 -1.8054e+00 -4.9287e+00 -1.0724e+01 1.0581e+01 -3.2387e-01 -6.2650e-01 -3.8829e+01 1.8825e+01 -4.1623e-01 7.7519e+00 3.8829e-01 9.1408e+00 4.6018e+00 -4.2353e-01 -6.9376e+00 -2.8850e+00 -1.0234e+00 -2.5738e+00 5.0939e-01 -1.6181e+01 2.2069e+01 1.5150e-01 -1.6408e+00 -4.0958e+00 -5.9730e+00 -8.8791e-01 -1.4499e-01 1.2306e+00 1.8741e+01 -1.8456e-01 -5.7357e+00 -3.1636e+00 3.3024e+00 -2.3206e+00 -3.9831e-01 8.0932e+00 5.1443e+00 -3.6809e+00 -4.5739e-01 2.4132e-01 -4.4055e-02 1.3554e-01 -6.1953e-01 -9.2358e-02 -5.6136e-01 1.4376e+00 1.7302e-02 1.4818e+00 -1.0107e-01 -3.8852e+00
-4.2956e-01 -1.8054e+00 7.0964e+01 -4.0210e-02 1.4272e+01 -7.3712e+00 -3.0757e+00 -1.0706e+00 -1.3049e+01 -5.4419e+00 2.7197e-01 8.0883e+00 -7.7939e-01 2.1980e+00 2.8038e+00 -1.3082e+00 4.8876e+00 -3.8146e+00 1.7943e+00 -2.3749e+00 -4.2710e-02 -1.3335e+00 -5.6675e-01 -2.1970e+00 -7.0171e-01 2.3043e+00 -9.4888e-01 2.1005e+00 -2.8312e+00 -9.5000e+00 4.3422e+00 2.4209e+00 4.4255e+00 -1.8133e+00 -6.8661e+00 -3.8937e-01 -7.3387e-01 -4.7489e+00 6.7515e+00 6.6209e-01 -1.5622e+00 -2.6295e-01 -7.0526e-01 2.1768e-01 3.1162e-01 6.6612e-01 -2.9797e-01 -1.4491e+00 5.9887e-01 -1.4267e+00 -3.6667e-01 -7.7958e-01
-1.6474e+00 -4.9287e+00 -4.0210e-02 2.5540e+01 -5.4050e-01 -8.3547e+00 -1.0216e-02 2.6496e+00 -2.5619e+00 -1.5307e-01 9.4025e-01 -3.9838e-01 -7.8921e-02 -1.1109e-01 -2.3250e-01 2.4425e-01 2.0100e+00 1.4339e+00 9.1528e-02 -6.7754e+00 -2.2412e-01 -5.5000e-01 -7.3921e-01 -1.0142e-01 -8.9490e-01 1.3634e+00 2.2624e+00 -2.9147e-02 -5.2069e-02 -7.1965e-01 1.0411e+00 -4.4551e-01 5.6066e-01 3.7658e-02 3.1420e-01 -2.6963e-01 1.3222e+00 1.6817e+00 9.5882e-02 2.3382e-01 -2.0086e-01 9.1912e-03 -2.7643e-02 7.2640e-03 1.4440e-03 3.9809e-01 2.4002e-01 -4.1364e-01 -4.0000e-01 -9.4337e-03 2.2201e+00 1.6650e+01
-1.7992e+00 -1.0724e+01 1.4272e+01 -5.4050e-01 9.3401e+01 -1.0882e+01 -1.1136e+01 -2.4524e-01 -9.7900e+00 -9.9104e+00 -1.6445e+00 2.5036e+01 -2.7500e+00 -3.3652e+00 3.0281e+01 4.2645e-01 1.8337e+01 1.7995e+01 -4.9525e+00 -8.1156e-01 -1.7964e+00 -5.5279e+00 8.0307e-01 -7.8842e-02 2.9770e-01 -1.2577e+00 -1.7074e+00 -5.7392e-01 -2.9146e+00 4.0456e+00 3.6569e+00 2.1545e+00 -3.7969e+00 -3.5410e+00 -1.2234e+01 -1.5144e+00 2.6079e-01 -1.8162e+00 1.6416e+01 -2.6144e+00 -1.3031e+00 6.4880e-01 4.0410e-01 -2.0375e-02 -7.9847e-01 -7.0802e-01 -6.3891e-01 -5.5230e-01 -3.7736e-01 -3.4489e-01 5.0754e-02 -7.5359e-01
-3.6666e+00 1.0581e+01 -7.3712e+00 -8.3547e+00 -1.0882e+01 6.2525e+01 7.7940e-01 -4.6282e+00 -6.1241e+00 1.7369e+01 -1.9299e-01 4.4610e+00 -1.2564e-01 -9.4866e+00 1.9885e+00 -4.9410e-01 -3.1426e+01 -2.6958e+01 -7.5605e+00 8.5021e+00 -3.1806e-01 7.1786e+00 1.8164e+01 2.5956e-01 -1.8743e+00 -3.1574e+00 -7.0005e+00 -6.6779e-01 5.4269e-01 3.1618e-01 2.5580e+01 7.0603e-01 -5.5193e+00 -2.5712e+00 -5.3751e+00 -2.8244e+00 -5.5343e-01 -1.2279e+01 4.4609e+00 -2.8204e+00 -2.7070e-01 2.9970e-01 -1.9379e-01 -5.1070e-02 -4.0580e-01 2.5615e-02 -2.8932e-01 -1.1247e-02 -1.1724e-01 8.4890e-01 -4.7534e+00 -1.6974e-01
-2.1672e+00 -3.2387e-01 -3.0757e+00 -1.0216e-02 -1.1136e+01 7.7940e-01 5.5108e+01 -5.8318e-01 -4.9465e+00 1.0039e+00 1.3061e+00 -1.1449e+01 1.4210e+00 -2.1075e-01 -2.3319e+01 -1.8059e+00 -1.6547e+00 -6.5099e-01 -6.9183e-01 -1.3178e+00 8.7092e-02 -2.8097e+00 4.2089e+00 -1.5771e+00 -1.4846e-01 -3.3705e-01 -3.2947e-01 -3.9660e-01 2.2604e+00 2.8813e+00 4.8818e+00 -1.1771e+00 -6.5349e+00 -4.6324e-01 -3.0853e+00 -1.6677e-01 7.8295e-01 -3.2598e+00 3.0944e+00 -4.3761e-01 -5.4457e-01 -6.1537e-03 6.5037e-01 -7.9699e-02 -2.7269e-01 2.1900e+00 -6.3979e-01 -8.4104e-01 1.5533e-04 -4.7379e-01 -6.9035e-01 -5.2299e-01
1.5094e+00 -6.2650e-01 -1.0706e+00 2.6496e+00 -2.4524e-01 -4.6282e+00 -5.8318e-01 2.0498e+01 1.1980e-01 -1.4497e-01 2.5291e-01 -4.8095e-01 -7.7815e-02 4.4558e-03 6.4110e-01 -8.0844e-01 7.3162e+00 3.3000e+00 1.6401e-01 -3.7520e+00 6.2376e-02 -8.5074e-01 -9.2457e-02 -1.3159e-01 1.3960e-01 1.0922e-01 -2.3609e+00 -2.5388e-02 -2.4118e-01 7.3542e-02 -7.8613e-01 3.7173e-02 -8.3677e-03 -3.2791e+00 -8.2665e-01 -3.4488e-02 -1.1247e+00 5.2502e+00 8.4562e-01 -4.4000e-02 -8.0122e-03 3.7975e-02 -1.4819e-02 -4.3819e-02 5.5185e-03 -1.0613e-01 9.6593e-02 -2.2787e-01 -5.5946e-02 1.9507e-03 1.3727e+01 -2.0650e-01
-2.9299e+00 -3.8829e+01 -1.3049e+01 -2.5619e+00 -9.7900e+00 -6.1241e+00 -4.9465e+00 1.1980e-01 1.2417e+02 -8.4260e+00 -1.7979e+00 -1.4116e+01 -2.0650e+00 -5.9890e+00 -5.8349e+00 5.7566e-01 5.5123e+00 -1.1118e+01 -6.9925e+00 5.0450e+00 -1.2718e+00 2.2092e+01 -2.0658e+01 -4.5822e-01 6.3686e+00 7.4437e-01 -5.3936e-01 1.1054e+00 -2.3746e+00 1.3861e+01 -2.2727e+01 -1.9346e+00 6.2258e+00 -5.7502e+00 1.7744e+01 -2.0416e+00 -3.3656e-01 -8.9401e-02 -5.9817e+00 -3.7551e+00 1.0157e-02 -9.1229e-01 1.2189e+00 -2.5816e-01 1.5681e+00 -9.9115e-01 1.3990e+00 -2.9071e-01 1.1985e+00 1.0153e+00 -2.4985e-01 -3.1976e+00
-5.4272e+00 1.8825e+01 -5.4419e+00 -1.5307e-01 -9.9104e+00 1.7369e+01 1.0039e+00 -1.4497e-01 -8.4260e+00 6.4812e+01 -1.0678e+00 5.9988e+00 1.6746e-01 4.5976e+00 4.2034e+00 -4.6824e-01 -4.7210e+00 9.1209e+00 5.6301e+00 1.4853e+00 -4.3052e-03 -8.7777e+00 1.1587e+01 5.6441e-02 -7.7908e-01 -3.2543e+00 -9.0730e+00 -1.4311e+00 9.9089e-01 5.1752e-02 1.2338e+01 -4.6204e-01 -9.0865e+00 3.1999e+00 2.6183e+01 -3.6554e+00 7.5161e-02 1.6829e+00 4.0827e+00 2.7051e+00 3.6712e-01 -4.5117e-02 -2.4734e-01 2.2899e-01 -9.2078e-01 1.6733e-01 1.3198e+00 2.8393e-01 -5.3431e-01 7.5260e-01 -1.2930e-01 -1.9820e-02
-3.6909e-01 -4.1623e-01 2.7197e-01 9.4025e-01 -1.6445e+00 -1.9299e-01 1.3061e+00 2.5291e-01 -1.7979e+00 -1.0678e+00 3.3420e+01 -5.4856e-01 -3.7142e-01 -5.2034e-01 6.4498e-01 1.2443e+00 -1.1453e+01 1.0006e+01 -1.5888e-01 -1.3830e+00 -2.2655e-01 -1.9071e+00 7.1676e-01 -7.0921e-02 -2.4393e-01 1.6391e+01 -1.0405e+00 -1.2072e-01 1.3669e+00 -6.0906e-01 7.3416e-01 7.4527e-01 -1.3549e+00 6.4356e-01 -3.7858e+00 -2.2547e-01 1.8091e-01 -1.0774e+01 8.4373e-01 1.1920e+00 -1.1962e-01 2.3198e+00 -1.6463e-01 -6.1231e-02 -9.9749e-02 -3.6427e-01 -2.6654e-01 -1.4515e-01 -1.0610e-01 -1.4928e-01 -3.4665e-01 4.4586e-01
-3.4125e-01 7.7519e+00 8.0883e+00 -3.9838e-01 2.5036e+01 4.4610e+00 -1.1449e+01 -4.8095e-01 -1.4116e+01 5.9988e+00 -5.4856e-01 6.8028e+01 1.7230e+00 -3.7104e-01 2.0279e+01 3.1896e-01 -3.0003e+00 -4.1749e+00 2.7685e-01 -7.6131e-01 -2.1488e+00 -4.4990e+00 -1.1548e+01 -2.2548e-01 -4.3702e-01 -1.4529e+00 -1.0824e+00 -1.6789e-01 -6.7286e-01 2.9575e+00 9.3337e+00 -3.4916e-01 3.3617e+00 -6.4122e-01 -6.1114e+00 3.4910e+00 6.9933e-02 -1.6814e+01 1.0788e+01 -1.4504e-01 -4.0967e-01 -3.8191e-01 -1.9152e-01 2.5355e-02 -2.2047e-02 2.7161e+00 -4.5163e-01 1.1815e+00 3.4637e-01 -1.3632e-01 6.4347e-01 -1.9038e-01
8.1795e-01 3.8829e-01 -7.7939e-01 -7.8921e-02 -2.7500e+00 -1.2564e-01 1.4210e+00 -7.7815e-02 -2.0650e+00 1.6746e-01 -3.7142e-01 1.7230e+00 1.6575e+01 9.2200e-01 -2.8347e+00 7.0112e-02 -9.1779e-01 -4.7790e-01 -4.0636e-01 -4.4383e-01 -2.4631e-01 -5.9531e-01 -2.3907e+00 -6.6134e-02 6.9436e-02 -2.7767e-01 -1.1647e-01 -6.4391e-02 -3.0287e-01 -2.3446e-01 1.1108e+00 -8.1374e-02 5.3065e-01 -6.8779e-02 2.0641e+00 -2.7944e-01 -2.0626e-01 2.3332e+00 -1.4322e+00 -5.2577e-02 -1.2878e-01 -8.2185e-02 -6.9452e-02 -3.7977e-02 -4.1757e-02 1.4040e+00 2.0099e-02 -2.5469e-01 3.4876e-02 -3.4479e-02 -1.2767e-01 -3.2955e-01
4.6428e-01 9.1408e+00 2.1980e+00 -1.1109e-01 -3.3652e+00 -9.4866e+00 -2.1075e-01 4.4558e-03 -5.9890e+00 4.5976e+00 -5.2034e-01 -3.7104e-01 9.2200e-01 2.4482e+01 -9.8292e-01 -8.8083e-02 9.8873e+00 1.1355e+01 5.7979e+00 -2.1035e-01 1.4499e-01 -2.1099e+00 -5.9571e+00 5.1875e-02 -2.1747e-01 -1.3831e+00 -1.0169e+00 -1.7810e-01 -1.5097e-01 -8.6457e-02 -5.1983e+00 -3.0505e-01 -1.6186e+00 -1.0969e+00 9.2393e+00 -7.4690e-01 -1.2313e-02 5.3587e+00 -1.0937e+00 -1.2648e+00 -1.2361e-01 -1.4015e-01 -6.2739e-02 3.7616e-02 -2.8397e-01 -1.4804e-01 1.0309e-01 -1.7014e-01 9.1352e-02 2.6971e-01 -5.2157e-02 7.4150e-02
-7.0444e-01 4.6018e+00 2.8038e+00 -2.3250e-01 3.0281e+01 1.9885e+00 -2.3319e+01 6.4110e-01 -5.8349e+00 4.2034e+00 6.4498e-01 2.0279e+01 -2.8347e+00 -9.8292e-01 1.0073e+02 5.3926e+00 -2.0846e+00 -4.1758e+00 -2.1297e+00 -1.8028e-02 -5.2309e-01 1.5203e-01 4.4070e+00 -1.3509e+00 -5.2301e-01 1.7485e+00 -5.8009e-01 1.1547e-02 -3.6875e+00 4.4632e+00 1.0556e+01 6.8746e+00 4.1257e+00 -1.4756e+00 -1.6407e+01 -1.2012e-01 -5.1653e-01 -1.4289e+01 1.3190e+01 -1.1558e-01 9.3455e-01 1.2395e+00 5.3512e-01 6.0201e-02 8.2490e-01 -9.1619e-01 -8.0776e-01 1.4170e+00 2.9957e-01 9.7700e-01 -3.8498e-02 -2.5430e-01
3.0718e-01 -4.2353e-01 -1.3082e+00 2.4425e-01 4.2645e-01 -4.9410e-01 -1.8059e+00 -8.0844e-01 5.7566e-01 -4.6824e-01 1.2443e+00 3.1896e-01 7.0112e-02 -8.8083e-02 5.3926e+00 2.0252e+01 -2.4804e+00 3.0994e-01 -3.2627e-01 2.1784e+00 -4.7444e-01 -1.1577e+00 1.4382e+00 -1.2727e-01 -6.3783e-03 1.7290e+00 3.7094e-01 -1.2955e-01 -3.8801e-01 8.2318e-01 2.4344e-01 -9.5022e-01 2.2981e+00 2.2509e-01 -1.1445e+00 2.7880e-01 -1.7621e-01 6.9873e-02 1.8305e+00 -1.7121e-01 -1.7050e-01 1.3620e+00 -1.9175e-01 -5.8980e-03 -2.1726e-01 1.8572e-02 -2.7727e-01 1.4951e+00 -7.9878e-02 -1.7562e-01 -2.8682e-01 1.1760e-01
-4.0909e+00 -6.9376e+00 4.8876e+00 2.0100e+00 1.8337e+01 -3.1426e+01 -1.6547e+00 7.3162e+00 5.5123e+00 -4.7210e+00 -1.1453e+01 -3.0003e+00 -9.1779e-01 9.8873e+00 -2.0846e+00 -2.4804e+00 9.0428e+01 4.1303e+01 8.8116e+00 1.8485e+00 -1.2999e+00 5.8789e-02 -1.5207e+01 -2.1044e-01 2.1011e+00 -1.2176e+01 -8.5096e+00 6.1244e-01 -1.2681e+00 -3.7827e-03 -2.0951e+01 -1.5372e-01 1.1093e+00 4.5141e-02 1.9110e+01 -2.1880e+00 -5.1968e-01 4.7336e+01 -3.1177e+00 3.0693e+00 2.6099e-01 -1.1132e+00 5.3572e-01 8.3570e-02 8.9628e-01 1.9871e-01 9.6445e-01 -6.1641e-01 -6.7733e-02 -5.9945e-01 5.6168e+00 6.3558e-01
-3.0680e+00 -2.8850e+00 -3.8146e+00 1.4339e+00 1.7995e+01 -2.6958e+01 -6.5099e-01 3.3000e+00 -1.1118e+01 9.1209e+00 1.0006e+01 -4.1749e+00 -4.7790e-01 1.1355e+01 -4.1758e+00 3.0994e-01 4.1303e+01 9.3108e+01 1.0824e+01 -5.1206e-01 -2.3081e+00 -1.9561e-01 -1.3523e+01 -1.7184e-01 -2.7335e-01 1.0225e+01 -7.2370e+00 -1.3749e+00 -9.2521e-02 -6.5239e-01 -2.0496e+01 -3.3611e-01 -8.7766e+00 2.2394e+00 2.2329e+01 -1.7993e+00 -2.0243e-01 2.5499e+01 -3.4934e+00 3.5176e+00 6.2625e-01 4.3326e-01 4.4847e-01 1.2935e-01 -5.4027e-01 -5.6778e-01 1.1917e+00 -2.6803e-02 -7.3223e-01 -4.5525e-01 1.8230e+00 4.3337e-01
-7.4788e-01 -1.0234e+00 1.7943e+00 9.1528e-02 -4.9525e+00 -7.5605e+00 -6.9183e-01 1.6401e-01 -6.9925e+00 5.6301e+00 -1.5888e-01 2.7685e-01 -4.0636e-01 5.7979e+00 -2.1297e+00 -3.2627e-01 8.8116e+00 1.0824e+01 3.0265e+01 -7.8949e-01 1.6655e-02 -3.0165e+00 -3.5407e+00 -8.6279e-02 4.3454e-01 4.0755e-01 -7.7938e-01 -1.6289e-01 1.6005e-01 -2.4876e-01 -4.5158e+00 -6.2007e-01 -7.5192e-01 1.1260e+01 -3.1832e+00 -5.8805e-01 -1.1428e-01 -3.6263e+00 -2.3079e+00 1.0738e+01 1.0374e+00 -1.2325e-01 -1.2376e-01 -3.5446e-02 -2.4595e-01 6.6262e-01 3.7400e-01 -1.3739e-01 -1.2112e-01 1.8003e-01 1.5452e-01 1.4073e-02
-4.8601e-01 -2.5738e+00 -2.3749e+00 -6.7754e+00 -8.1156e-01 8.5021e+00 -1.3178e+00 -3.7520e+00 5.0450e+00 1.4853e+00 -1.3830e+00 -7.6131e-01 -4.4383e-01 -2.1035e-01 -1.8028e-02 2.1784e+00 1.8485e+00 -5.1206e-01 -7.8949e-01 3.3722e+01 -1.4511e-01 -1.6549e+00 1.9242e+00 3.1491e-01 -3.3236e-01 2.4737e+00 -1.8593e+00 -2.7567e-02 9.6552e-02 2.2106e+00 -2.6059e+00 -1.7488e-01 -1.2927e+00 -1.1247e+00 3.7998e+00 -4.3747e-01 -4.9415e-01 -1.3653e+00 9.1211e-01 -5.4334e-01 -1.3230e-01 -8.2930e-02 4.8576e-02 -5.3693e-02 -1.3612e-01 -3.8505e-01 -2.7893e-01 -4.4049e-01 -1.8962e-01 -1.6261e-01 -4.2035e+00 3.9668e+00
-1.3375e-01 5.0939e-01 -4.2710e-02 -2.2412e-01 -1.7964e+00 -3.1806e-01 8.7092e-02 6.2376e-02 -1.2718e+00 -4.3052e-03 -2.2655e-01 -2.1488e+00 -2.4631e-01 1.4499e-01 -5.2309e-01 -4.7444e-01 -1.2999e+00 -2.3081e+00 1.6655e-02 -1.4511e-01 1.8896e+01 -3.1170e-01 2.4655e-02 -1.6335e-01 -1.2110e-01 1.3271e+00 -3.5898e-01 5.1271e-01 1.8322e+00 -1.1482e+00 8.0593e-01 1.0131e+00 -1.0353e+00 3.9238e-01 -1.0262e+00 -3.3735e-01 -1.2754e-01 -1.5673e+00 -8.6229e-01 8.6700e-04 -1.2207e-01 8.9783e-01 -1.5088e-01 -4.1081e-02 -4.0166e-02 -2.9202e-01 4.2343e-01 -1.1501e-01 1.7168e-01 -1.3003e-01 -7.2255e-03 -2.5000e-01
-1.0099e+00 -1.6181e+01 -1.3335e+00 -5.5000e-01 -5.5279e+00 7.1786e+00 -2.8097e+00 -8.5074e-01 2.2092e+01 -8.7777e+00 -1.9071e+00 -4.4990e+00 -5.9531e-01 -2.1099e+00 1.5203e-01 -1.1577e+00 5.8789e-02 -1.9561e-01 -3.0165e+00 -1.6549e+00 -3.1170e-01 8.0848e+01 -2.9723e+01 -4.1506e-01 -9.1763e-01 -5.7344e+00 -1.2533e+00 6.7663e-03 -1.5246e+00 -3.3087e+00 3.3553e+00 1.2177e+01 -4.3840e+00 -2.4401e+00 -5.4126e+00 4.3961e-01 -4.5305e-01 -9.0070e+00 -1.2521e+01 -2.2207e+00 -1.8894e-01 -8.2133e-01 2.4079e-01 -7.2653e-02 -1.1740e-01 -5.1012e-01 -3.9817e-01 -4.8700e-01 1.1955e-01 -7.5817e-02 -1.6443e-01 -7.9368e-01
-3.2043e+00 2.2069e+01 -5.6675e-01 -7.3921e-01 8.0307e-01 1.8164e+01 4.2089e+00 -9.2457e-02 -2.0658e+01 1.1587e+01 7.1676e-01 -1.1548e+01 -2.3907e+00 -5.9571e+00 4.4070e+00 1.4382e+00 -1.5207e+01 -1.3523e+01 -3.5407e+00 1.9242e+00 2.4655e-02 -2.9723e+01 9.9744e+01 1.1141e-01 -8.0757e-01 -1.4060e-01 -3.1602e+00 -4.4246e-01 1.2769e+00 4.8674e+00 2.4173e+01 -1.1249e+01 3.5243e+00 -9.5260e-01 -1.6755e+01 -6.3028e+00 3.3902e-01 5.0963e+00 3.1062e+01 -1.9368e+00 -5.6763e-01 -5.7833e-01 4.1720e-01 6.4729e-02 3.2872e-01 -4.3057e+00 -2.6625e-01 -2.4819e-01 -4.6262e-01 2.4328e+00 -9.3970e-01 3.3052e-01
3.3037e-01 1.5150e-01 -2.1970e+00 -1.0142e-01 -7.8842e-02 2.5956e-01 -1.5771e+00 -1.3159e-01 -4.5822e-01 5.6441e-02 -7.0921e-02 -2.2548e-01 -6.6134e-02 5.1875e-02 -1.3509e+00 -1.2727e-01 -2.1044e-01 -1.7184e-01 -8.6279e-02 3.1491e-01 -1.6335e-01 -4.1506e-01 1.1141e-01 8.5586e+00 3.7462e-01 -1.6598e-01 -8.2912e-02 7.8407e-01 -7.6874e-02 -1.6525e-03 2.8330e-01 -3.1506e-01 -5.0769e-01 6.6987e-03 -2.5883e-01 -1.5008e-01 -5.5251e-02 2.6121e+00 1.4726e+00 -8.1571e-02 -3.5677e-02 -5.7727e-02 2.5027e-01 2.4407e-02 7.4469e-02 -9.9229e-02 -9.8659e-02 1.2483e-01 1.9709e-02 -7.6995e-02 1.1939e-02 -1.3367e-01
-3.3608e-01 -1.6408e+00 -7.0171e-01 -8.9490e-01 2.9770e-01 -1.8743e+00 -1.4846e-01 1.3960e-01 6.3686e+00 -7.7908e-01 -2.4393e-01 -4.3702e-01 6.9436e-02 -2.1747e-01 -5.2301e-01 -6.3783e-03 2.1011e+00 -2.7335e-01 4.3454e-01 -3.3236e-01 -1.2110e-01 -9.1763e-01 -8.0757e-01 3.7462e-01 1.4523e+01 -4.6389e-01 -4.2793e-01 2.1920e-01 -1.5117e-04 -2.1204e-01 -1.9047e+00 7.1549e-02 7.4631e-02 -5.0535e-01 6.0195e-01 -9.4647e-02 -1.1520e-01 2.4986e+00 -3.2551e-01 -4.9674e-01 2.5025e-03 -1.9427e-02 -4.5369e-02 1.5720e-02 1.0781e+00 -1.3528e-02 -8.7361e-02 -1.2648e-01 1.0564e-01 -8.2869e-02 9.8783e-02 -1.1007e+00
-6.5619e-01 -4.0958e+00 2.3043e+00 1.3634e+00 -1.2577e+00 -3.1574e+00 -3.3705e-01 1.0922e-01 7.4437e-01 -3.2543e+00 1.6391e+01 -1.4529e+00 -2.7767e-01 -1.3831e+00 1.7485e+00 1.7290e+00 -1.2176e+01 1.0225e+01 4.0755e-01 2.4737e+00 1.3271e+00 -5.7344e+00 -1.4060e-01 -1.6598e-01 -4.6389e-01 4.6314e+01 -1.1657e+00 -1.1675e-02 -8.0408e-01 -4.5085e-01 -4.3468e+00 -4.4353e-01 4.1731e-01 -9.8928e-01 -2.2362e+00 -5.7899e-01 -1.6726e-01 -1.0998e+01 2.3410e-01 1.9262e+00 -1.0135e-01 1.8992e+00 -1.1186e-01 -5.9705e-02 1.5985e+00 -3.1160e-01 -5.3182e-01 -2.4871e-01 -1.0535e-01 -2.4005e-01 -6.0064e-01 7.8130e-01
6.5950e+00 -5.9730e+00 -9.4888e-01 2.2624e+00 -1.7074e+00 -7.0005e+00 -3.2947e-01 -2.3609e+00 -5.3936e-01 -9.0730e+00 -1.0405e+00 -1.0824e+00 -1.1647e-01 -1.0169e+00 -5.8009e-01 3.7094e-01 -8.5096e+00 -7.2370e+00 -7.7938e-01 -1.8593e+00 -3.5898e-01 -1.2533e+00 -3.1602e+00 -8.2912e-02 -4.2793e-01 -1.1657e+00 2.7409e+01 -1.6323e-01 -1.2581e-01 5.5092e-02 -5.9966e+00 -5.6710e-01 3.4929e+00 -8.3581e-01 -4.3745e+00 5.0801e+00 2.5422e+00 -9.1119e+00 -5.5861e-01 -7.4318e-01 9.1743e-02 -2.2817e-01 -8.7745e-02 1.5876e-01 -6.9531e-02 1.1738e-01 -1.6463e-01 9.8270e-02 2.2531e-01 -2.8167e-01 -2.4863e+00 1.1208e+00
-1.7839e-01 -8.8791e-01 2.1005e+00 -2.9147e-02 -5.7392e-01 -6.6779e-01 -3.9660e-01 -2.5388e-02 1.1054e+00 -1.4311e+00 -1.2072e-01 -1.6789e-01 -6.4391e-02 -1.7810e-01 1.1547e-02 -1.2955e-01 6.1244e-01 -1.3749e+00 -1.6289e-01 -2.7567e-02 5.1271e-01 6.7663e-03 -4.4246e-01 7.8407e-01 2.1920e-01 -1.1675e-02 -1.6323e-01 7.9730e+00 1.5151e-01 -3.3992e-01 -5.7773e-01 2.0424e-01 1.6370e+00 -2.9459e-01 -7.2593e-01 -1.3056e-01 -6.1758e-02 1.4229e+00 1.6641e-02 -2.9404e-01 -7.4312e-02 -7.9200e-02 -3.8712e-02 6.5862e-02 1.0714e-01 -6.6408e-02 -6.5770e-02 -1.0211e-01 -2.3940e-02 -7.7134e-02 -4.3355e-02 -2.1769e-02
-8.6909e-02 -1.4499e-01 -2.8312e+00 -5.2069e-02 -2.9146e+00 5.4269e-01 2.2604e+00 -2.4118e-01 -2.3746e+00 9.9089e-01 1.3669e+00 -6.7286e-01 -3.0287e-01 -1.5097e-01 -3.6875e+00 -3.8801e-01 -1.2681e+00 -9.2521e-02 1.6005e-01 9.6552e-02 1.8322e+00 -1.5246e+00 1.2769e+00 -7.6874e-02 -1.5117e-04 -8.0408e-01 -1.2581e-01 1.5151e-01 1.5612e+01 -6.4524e-01 7.3265e-01 -4.2966e-01 -1.4377e+00 3.6551e-01 -6.7301e-02 -6.3824e-02 6.8061e-01 -6.4622e-01 1.0002e+00 -4.8567e-02 -9.1190e-02 -3.4839e-02 -1.2824e-01 -4.0771e-02 -9.6756e-02 -2.9263e-01 -1.4123e-01 -1.8134e-01 -1.0067e-01 -9.7159e-02 -4.2168e-01 -1.1248e-01
-7.9095e-01 1.2306e+00 -9.5000e+00 -7.1965e-01 4.0456e+00 3.1618e-01 2.8813e+00 7.3542e-02 1.3861e+01 5.1752e-02 -6.0906e-01 2.9575e+00 -2.3446e-01 -8.6457e-02 4.4632e+00 8.2318e-01 -3.7827e-03 -6.5239e-01 -2.4876e-01 2.2106e+00 -1.1482e+00 -3.3087e+00 4.8674e+00 -1.6525e-03 -2.1204e-01 -4.5085e-01 5.5092e-02 -3.3992e-01 -6.4524e-01 4.2702e+01 2.7668e+00 -2.6622e+00 -5.2307e+00 -5.9077e-01 -2.9899e+00 -8.1626e-01 -7.0367e-02 -7.6722e+00 1.1740e+01 -1.1247e-01 -3.6637e-01 -3.2528e-02 1.9013e+00 6.1681e-02 2.2374e-01 -5.1425e-01 -5.2130e-01 1.1821e+00 -2.5652e-01 1.3009e+00 1.9917e-01 -9.2322e-01
-3.4233e+00 1.8741e+01 4.3422e+00 1.0411e+00 3.6569e+00 2.5580e+01 4.8818e+00 -7.8613e-01 -2.2727e+01 1.2338e+01 7.3416e-01 9.3337e+00 1.1108e+00 -5.1983e+00 1.0556e+01 2.4344e-01 -2.0951e+01 -2.0496e+01 -4.5158e+00 -2.6059e+00 8.0593e-01 3.3553e+00 2.4173e+01 2.8330e-01 -1.9047e+00 -4.3468e+00 -5.9966e+00 -5.7773e-01 7.3265e-01 2.7668e+00 7.3270e+01 -9.3343e-01 -1.2813e+01 -5.4065e+00 -3.1758e+01 -2.8922e+00 1.9786e-01 -2.2467e+01 1.5993e+01 -3.0035e+00 -1.1257e+00 2.5651e-01 4.2408e-01 3.1455e-03 -4.2888e-01 1.0807e+00 -2.0129e+00 9.3929e-01 2.2498e-01 1.1212e+00 -7.4293e-01 6.0116e-01
-3.7824e-01 -1.8456e-01 2.4209e+00 -4.4551e-01 2.1545e+00 7.0603e-01 -1.1771e+00 3.7173e-02 -1.9346e+00 -4.6204e-01 7.4527e-01 -3.4916e-01 -8.1374e-02 -3.0505e-01 6.8746e+00 -9.5022e-01 -1.5372e-01 -3.3611e-01 -6.2007e-01 -1.7488e-01 1.0131e+00 1.2177e+01 -1.1249e+01 -3.1506e-01 7.1549e-02 -4.4353e-01 -5.6710e-01 2.0424e-01 -4.2966e-01 -2.6622e+00 -9.3343e-01 2.6776e+01 -2.0965e+00 -4.5831e-02 -1.9558e+00 5.7861e-01 -1.9478e-01 -2.3857e+00 -6.8968e+00 -4.8343e-01 -9.3655e-02 6.3612e-01 -2.7623e-03 -2.8287e-02 1.5545e-01 -7.5708e-02 -3.6633e-01 -9.8143e-02 5.8808e-02 -1.8784e-01 -6.8921e-02 -1.6424e-01
3.2742e+00 -5.7357e+00 4.4255e+00 5.6066e-01 -3.7969e+00 -5.5193e+00 -6.5349e+00 -8.3677e-03 6.2258e+00 -9.0865e+00 -1.3549e+00 3.3617e+00 5.3065e-01 -1.6186e+00 4.1257e+00 2.2981e+00 1.1093e+00 -8.7766e+00 -7.5192e-01 -1.2927e+00 -1.0353e+00 -4.3840e+00 3.5243e+00 -5.0769e-01 7.4631e-02 4.1731e-01 3.4929e+00 1.6370e+00 -1.4377e+00 -5.2307e+00 -1.2813e+01 -2.0965e+00 6.6046e+01 1.0381e+00 4.9059e+00 4.6898e+00 -5.0702e-01 2.3900e+01 -1.4808e+01 3.1166e-01 4.8131e-01 -6.5927e-01 -5.1569e-01 -6.0044e-02 -5.0842e-01 -1.3762e-03 1.0752e+00 -1.0940e+00 4.7627e-01 -3.8194e-01 -2.0843e-01 2.6948e-01
-6.2911e-01 -3.1636e+00 -1.8133e+00 3.7658e-02 -3.5410e+00 -2.5712e+00 -4.6324e-01 -3.2791e+00 -5.7502e+00 3.1999e+00 6.4356e-01 -6.4122e-01 -6.8779e-02 -1.0969e+00 -1.4756e+00 2.2509e-01 4.5141e-02 2.2394e+00 1.1260e+01 -1.1247e+00 3.9238e-01 -2.4401e+00 -9.5260e-01 6.6987e-03 -5.0535e-01 -9.8928e-01 -8.3581e-01 -2.9459e-01 3.6551e-01 -5.9077e-01 -5.4065e+00 -4.5831e-02 1.0381e+00 3.0263e+01 -3.7412e+00 4.1513e-01 -1.7176e-01 -1.3511e+01 -2.9343e+00 1.2634e+01 1.3454e+00 -1.9193e-01 -1.2768e-01 -2.2443e-02 -4.2868e-01 -1.3761e-01 1.3417e+00 3.0095e-03 1.9857e-01 -1.5912e-01 1.2699e+00 -1.9365e-01
-2.8605e+00 3.3024e+00 -6.8661e+00 3.1420e-01 -1.2234e+01 -5.3751e+00 -3.0853e+00 -8.2665e-01 1.7744e+01 2.6183e+01 -3.7858e+00 -6.1114e+00 2.0641e+00 9.2393e+00 -1.6407e+01 -1.1445e+00 1.9110e+01 2.2329e+01 -3.1832e+00 3.7998e+00 -1.0262e+00 -5.4126e+00 -1.6755e+01 -2.5883e-01 6.0195e-01 -2.2362e+00 -4.3745e+00 -7.2593e-01 -6.7301e-02 -2.9899e+00 -3.1758e+01 -1.9558e+00 4.9059e+00 -3.7412e+00 1.1960e+02 -2.5158e+00 -5.0538e-01 4.7592e+01 -2.2593e+01 -5.8094e+00 -2.0754e-01 -6.6625e-01 -3.9589e-01 1.4231e-01 -1.5315e+00 4.6261e+00 3.8164e+00 -1.6554e+00 -6.3866e-01 -9.7769e-01 2.8204e-02 2.8895e-01
4.7637e+00 -2.3206e+00 -3.8937e-01 -2.6963e-01 -1.5144e+00 -2.8244e+00 -1.6677e-01 -3.4488e-02 -2.0416e+00 -3.6554e+00 -2.2547e-01 3.4910e+00 -2.7944e-01 -7.4690e-01 -1.2012e-01 2.7880e-01 -2.1880e+00 -1.7993e+00 -5.8805e-01 -4.3747e-01 -3.3735e-01 4.3961e-01 -6.3028e+00 -1.5008e-01 -9.4647e-02 -5.7899e-01 5.0801e+00 -1.3056e-01 -6.3824e-02 -8.1626e-01 -2.8922e+00 5.7861e-01 4.6898e+00 4.1513e-01 -2.5158e+00 1.8818e+01 8.8373e-02 -7.7889e+00 -8.0476e-01 -2.4574e-01 -1.6679e-01 -1.3554e-01 -8.0015e-02 2.9714e-02 -1.1608e-01 -2.0919e-01 -9.3164e-02 1.0443e+00 2.3318e-02 -2.2199e-01 1.4107e-01 -3.3566e-01
-1.8933e-01 -3.9831e-01 -7.3387e-01 1.3222e+00 2.6079e-01 -5.5343e-01 7.8295e-01 -1.1247e+00 -3.3656e-01 7.5161e-02 1.8091e-01 6.9933e-02 -2.0626e-01 -1.2313e-02 -5.1653e-01 -1.7621e-01 -5.1968e-01 -2.0243e-01 -1.1428e-01 -4.9415e-01 -1.2754e-01 -4.5305e-01 3.3902e-01 -5.5251e-02 -1.1520e-01 -1.6726e-01 2.5422e+00 -6.1758e-02 6.8061e-01 -7.0367e-02 1.9786e-01 -1.9478e-01 -5.0702e-01 -1.7176e-01 -5.0538e-01 8.8373e-02 1.0041e+01 -3.3352e-01 3.3086e-01 -8.2280e-02 -4.3413e-02 -4.0757e-02 -5.5814e-02 1.2003e-01 -3.2945e-02 7.3142e-02 -2.8146e-02 4.6701e-02 -6.4945e-02 -2.4834e-02 -1.2371e+00 8.4628e-01
-4.5684e+00 8.0932e+00 -4.7489e+00 1.6817e+00 -1.8162e+00 -1.2279e+01 -3.2598e+00 5.2502e+00 -8.9401e-02 1.6829e+00 -1.0774e+01 -1.6814e+01 2.3332e+00 5.3587e+00 -1.4289e+01 6.9873e-02 4.7336e+01 2.5499e+01 -3.6263e+00 -1.3653e+00 -1.5673e+00 -9.0070e+00 5.0963e+00 2.6121e+00 2.4986e+00 -1.0998e+01 -9.1119e+00 1.4229e+00 -6.4622e-01 -7.6722e+00 -2.2467e+01 -2.3857e+00 2.3900e+01 -1.3511e+01 4.7592e+01 -7.7889e+00 -3.3352e-01 1.6863e+02 -4.5404e+01 -8.2760e+00 2.9322e-01 -1.2354e+00 -5.7558e-01 -6.8498e-02 1.5135e-03 3.4906e+00 3.7295e-01 -1.7245e+00 -4.2642e-01 7.1625e-01 4.3478e+00 5.8637e-01
5.6358e-02 5.1443e+00 6.7515e+00 9.5882e-02 1.6416e+01 4.4609e+00 3.0944e+00 8.4562e-01 -5.9817e+00 4.0827e+00 8.4373e-01 1.0788e+01 -1.4322e+00 -1.0937e+00 1.3190e+01 1.8305e+00 -3.1177e+00 -3.4934e+00 -2.3079e+00 9.1211e-01 -8.6229e-01 -1.2521e+01 3.1062e+01 1.4726e+00 -3.2551e-01 2.3410e-01 -5.5861e-01 1.6641e-02 1.0002e+00 1.1740e+01 1.5993e+01 -6.8968e+00 -1.4808e+01 -2.9343e+00 -2.2593e+01 -8.0476e-01 3.3086e-01 -4.5404e+01 9.2182e+01 -1.2119e+00 -1.2381e+00 6.3868e-01 1.3048e+00 1.6602e-01 8.9957e-01 -3.3669e+00 -2.3110e+00 1.0146e-01 -8.1102e-01 9.3558e-01 1.5363e-01 1.8658e-01
-5.6583e-01 -3.6809e+00 6.6209e-01 2.3382e-01 -2.6144e+00 -2.8204e+00 -4.3761e-01 -4.4000e-02 -3.7551e+00 2.7051e+00 1.1920e+00 -1.4504e-01 -5.2577e-02 -1.2648e+00 -1.1558e-01 -1.7121e-01 3.0693e+00 3.5176e+00 1.0738e+01 -5.4334e-01 8.6700e-04 -2.2207e+00 -1.9368e+00 -8.1571e-02 -4.9674e-01 1.9262e+00 -7.4318e-01 -2.9404e-01 -4.8567e-02 -1.1247e-01 -3.0035e+00 -4.8343e-01 3.1166e-01 1.2634e+01 -5.8094e+00 -2.4574e-01 -8.2280e-02 -8.2760e+00 -1.2119e+00 1.9581e+01 1.1729e+00 -5.3228e-02 -4.1596e-02 1.8017e-02 -8.6379e-02 2.8845e-03 1.6618e-02 1.7423e-01 -5.4023e-02 -1.6544e-01 -2.7583e-02 1.5698e-01
-1.8261e-01 -4.5739e-01 -1.5622e+00 -2.0086e-01 -1.3031e+00 -2.7070e-01 -5.4457e-01 -8.0122e-03 1.0157e-02 3.6712e-01 -1.1962e-01 -4.0967e-01 -1.2878e-01 -1.2361e-01 9.3455e-01 -1.7050e-01 2.6099e-01 6.2625e-01 1.0374e+00 -1.3230e-01 -1.2207e-01 -1.8894e-01 -5.6763e-01 -3.5677e-02 2.5025e-03 -1.0135e-01 9.1743e-02 -7.4312e-02 -9.1190e-02 -3.6637e-01 -1.1257e+00 -9.3655e-02 4.8131e-01 1.3454e+00 -2.0754e-01 -1.6679e-01 -4.3413e-02 2.9322e-01 -1.2381e+00 1.1729e+00 9.6138e+00 1.0975e+00 6.0982e-03 2.7739e-02 -6.6100e-02 -5.3609e-02 7.9405e-02 1.0966e-01 3.6570e-02 -5.9605e-02 -4.0142e-02 -1.8953e-01
-1.3677e-01 2.4132e-01 -2.6295e-01 9.1912e-03 6.4880e-01 2.9970e-01 -6.1537e-03 3.7975e-02 -9.1229e-01 -4.5117e-02 2.3198e+00 -3.8191e-01 -8.2185e-02 -1.4015e-01 1.2395e+00 1.3620e+00 -1.1132e+00 4.3326e-01 -1.2325e-01 -8.2930e-02 8.9783e-01 -8.2133e-01 -5.7833e-01 -5.7727e-02 -1.9427e-02 1.8992e+00 -2.2817e-01 -7.9200e-02 -3.4839e-02 -3.2528e-02 2.5651e-01 6.3612e-01 -6.5927e-01 -1.9193e-01 -6.6625e-01 -1.3554e-01 -4.0757e-02 -1.2354e+00 6.3868e-01 -5.3228e-02 1.0975e+00 9.9808e+00 1.0248e-01 -2.6249e-02 -7.7087e-02 3.7309e-01 -9.7702e-02 -6.3100e-02 -5.3503e-02 -1.0481e-01 1.5119e-02 3.9210e-02
9.4012e-02 -4.4055e-02 -7.0526e-01 -2.7643e-02 4.0410e-01 -1.9379e-01 6.5037e-01 -1.4819e-02 1.2189e+00 -2.4734e-01 -1.6463e-01 -1.9152e-01 -6.9452e-02 -6.2739e-02 5.3512e-01 -1.9175e-01 5.3572e-01 4.4847e-01 -1.2376e-01 4.8576e-02 -1.5088e-01 2.4079e-01 4.1720e-01 2.5027e-01 -4.5369e-02 -1.1186e-01 -8.7745e-02 -3.8712e-02 -1.2824e-01 1.9013e+00 4.2408e-01 -2.7623e-03 -5.1569e-01 -1.2768e-01 -3.9589e-01 -8.0015e-02 -5.5814e-02 -5.7558e-01 1.3048e+00 -4.1596e-02 6.0982e-03 1.0248e-01 7.4408e+00 -2.0731e-02 -2.5757e-02 8.4655e-02 -3.5913e-02 -6.1638e-02 -3.5280e-02 -4.3144e-02 -6.4490e-02 4.8796e-02
5.1112e-02 1.3554e-01 2.1768e-01 7.2640e-03 -2.0375e-02 -5.1070e-02 -7.9699e-02 -4.3819e-02 -2.5816e-01 2.2899e-01 -6.1231e-02 2.5355e-02 -3.7977e-02 3.7616e-02 6.0201e-02 -5.8980e-03 8.3570e-02 1.2935e-01 -3.5446e-02 -5.3693e-02 -4.1081e-02 -7.2653e-02 6.4729e-02 2.4407e-02 1.5720e-02 -5.9705e-02 1.5876e-01 6.5862e-02 -4.0771e-02 6.1681e-02 3.1455e-03 -2.8287e-02 -6.0044e-02 -2.2443e-02 1.4231e-01 2.9714e-02 1.2003e-01 -6.8498e-02 1.6602e-01 1.8017e-02 2.7739e-02 -2.6249e-02 -2.0731e-02 3.5605e+00 1.3187e-02 3.4088e-03 -2.7706e-02 -5.3213e-03 1.2381e-01 -2.0375e-02 -5.0625e-03 -2.5805e-03
-1.8186e-01 -6.1953e-01 3.1162e-01 1.4440e-03 -7.9847e-01 -4.0580e-01 -2.7269e-01 5.5185e-03 1.5681e+00 -9.2078e-01 -9.9749e-02 -2.2047e-02 -4.1757e-02 -2.8397e-01 8.2490e-01 -2.1726e-01 8.9628e-01 -5.4027e-01 -2.4595e-01 -1.3612e-01 -4.0166e-02 -1.1740e-01 3.2872e-01 7.4469e-02 1.0781e+00 1.5985e+00 -6.9531e-02 1.0714e-01 -9.6756e-02 2.2374e-01 -4.2888e-01 1.5545e-01 -5.0842e-01 -4.2868e-01 -1.5315e+00 -1.1608e-01 -3.2945e-02 1.5135e-03 8.9957e-01 -8.6379e-02 -6.6100e-02 -7.7087e-02 -2.5757e-02 1.3187e-02 1.0096e+01 -1.2302e-02 -7.6730e-02 -8.0374e-02 -8.0562e-03 -8.7133e-02 -2.9106e-02 -1.9759e-02
-1.4846e-01 -9.2358e-02 6.6612e-01 3.9809e-01 -7.0802e-01 2.5615e-02 2.1900e+00 -1.0613e-01 -9.9115e-01 1.6733e-01 -3.6427e-01 2.7161e+00 1.4040e+00 -1.4804e-01 -9.1619e-01 1.8572e-02 1.9871e-01 -5.6778e-01 6.6262e-01 -3.8505e-01 -2.9202e-01 -5.1012e-01 -4.3057e+00 -9.9229e-02 -1.3528e-02 -3.1160e-01 1.1738e-01 -6.6408e-02 -2.9263e-01 -5.1425e-01 1.0807e+00 -7.5708e-02 -1.3762e-03 -1.3761e-01 4.6261e+00 -2.0919e-01 7.3142e-02 3.4906e+00 -3.3669e+00 2.8845e-03 -5.3609e-02 3.7309e-01 8.4655e-02 3.4088e-03 -1.2302e-02 1.3875e+01 -5.2581e-02 -8.7803e-02 -1.1908e-01 3.2635e-01 -1.7729e-01 2.3402e-01
-8.9700e-02 -5.6136e-01 -2.9797e-01 2.4002e-01 -6.3891e-01 -2.8932e-01 -6.3979e-01 9.6593e-02 1.3990e+00 1.3198e+00 -2.6654e-01 -4.5163e-01 2.0099e-02 1.0309e-01 -8.0776e-01 -2.7727e-01 9.6445e-01 1.1917e+00 3.7400e-01 -2.7893e-01 4.2343e-01 -3.9817e-01 -2.6625e-01 -9.8659e-02 -8.7361e-02 -5.3182e-01 -1.6463e-01 -6.5770e-02 -1.4123e-01 -5.2130e-01 -2.0129e+00 -3.6633e-01 1.0752e+00 1.3417e+00 3.8164e+00 -9.3164e-02 -2.8146e-02 3.7295e-01 -2.3110e+00 1.6618e-02 7.9405e-02 -9.7702e-02 -3.5913e-02 -2.7706e-02 -7.6730e-02 -5.2581e-02 1.1360e+01 -8.8048e-02 -4.3754e-02 -9.8177e-02 1.7495e-02 1.9164e-01
-2.6596e-01 1.4376e+00 -1.4491e+00 -4.1364e-01 -5.5230e-01 -1.1247e-02 -8.4104e-01 -2.2787e-01 -2.9071e-01 2.8393e-01 -1.4515e-01 1.1815e+00 -2.5469e-01 -1.7014e-01 1.4170e+00 1.4951e+00 -6.1641e-01 -2.6803e-02 -1.3739e-01 -4.4049e-01 -1.1501e-01 -4.8700e-01 -2.4819e-01 1.2483e-01 -1.2648e-01 -2.4871e-01 9.8270e-02 -1.0211e-01 -1.8134e-01 1.1821e+00 9.3929e-01 -9.8143e-02 -1.0940e+00 3.0095e-03 -1.6554e+00 1.0443e+00 4.6701e-02 -1.7245e+00 1.0146e-01 1.7423e-01 1.0966e-01 -6.3100e-02 -6.1638e-02 -5.3213e-03 -8.0374e-02 -8.7803e-02 -8.8048e-02 1.4425e+01 -4.9375e-02 6.3438e-02 -1.0760e-01 7.1276e-01
-1.1006e-01 1.7302e-02 5.9887e-01 -4.0000e-01 -3.7736e-01 -1.1724e-01 1.5533e-04 -5.5946e-02 1.1985e+00 -5.3431e-01 -1.0610e-01 3.4637e-01 3.4876e-02 9.1352e-02 2.9957e-01 -7.9878e-02 -6.7733e-02 -7.3223e-01 -1.2112e-01 -1.8962e-01 1.7168e-01 1.1955e-01 -4.6262e-01 1.9709e-02 1.0564e-01 -1.0535e-01 2.2531e-01 -2.3940e-02 -1.0067e-01 -2.5652e-01 2.2498e-01 5.8808e-02 4.7627e-01 1.9857e-01 -6.3866e-01 2.3318e-02 -6.4945e-02 -4.2642e-01 -8.1102e-01 -5.4023e-02 3.6570e-02 -5.3503e-02 -3.5280e-02 1.2381e-01 -8.0562e-03 -1.1908e-01 -4.3754e-02 -4.9375e-02 6.4440e+00 -5.8220e-02 -8.8961e-02 -5.6170e-01
-8.1715e-02 1.4818e+00 -1.4267e+00 -9.4337e-03 -3.4489e-01 8.4890e-01 -4.7379e-01 1.9507e-03 1.0153e+00 7.5260e-01 -1.4928e-01 -1.3632e-01 -3.4479e-02 2.6971e-01 9.7700e-01 -1.7562e-01 -5.9945e-01 -4.5525e-01 1.8003e-01 -1.6261e-01 -1.3003e-01 -7.5817e-02 2.4328e+00 -7.6995e-02 -8.2869e-02 -2.4005e-01 -2.8167e-01 -7.7134e-02 -9.7159e-02 1.3009e+00 1.1212e+00 -1.8784e-01 -3.8194e-01 -1.5912e-01 -9.7769e-01 -2.2199e-01 -2.4834e-02 7.1625e-01 9.3558e-01 -1.6544e-01 -5.9605e-02 -1.0481e-01 -4.3144e-02 -2.0375e-02 -8.7133e-02 3.2635e-01 -9.8177e-02 6.3438e-02 -5.8220e-02 9.4362e+00 -1.5027e-02 1.6017e-02
1.4930e+00 -1.0107e-01 -3.6667e-01 2.2201e+00 5.0754e-02 -4.7534e+00 -6.9035e-01 1.3727e+01 -2.4985e-01 -1.2930e-01 -3.4665e-01 6.4347e-01 -1.2767e-01 -5.2157e-02 -3.8498e-02 -2.8682e-01 5.6168e+00 1.8230e+00 1.5452e-01 -4.2035e+00 -7.2255e-03 -1.6443e-01 -9.3970e-01 1.1939e-02 9.8783e-02 -6.0064e-01 -2.4863e+00 -4.3355e-02 -4.2168e-01 1.9917e-01 -7.4293e-01 -6.8921e-02 -2.0843e-01 1.2699e+00 2.8204e-02 1.4107e-01 -1.2371e+00 4.3478e+00 1.5363e-01 -2.7583e-02 -4.0142e-02 1.5119e-02 -6.4490e-02 -5.0625e-03 -2.9106e-02 -1.7729e-01 1.7495e-02 -1.0760e-01 -8.8961e-02 -1.5027e-02 1.5435e+01 -6.1800e-01
-2.0096e+00 -3.8852e+00 -7.7958e-01 1.6650e+01 -7.5359e-01 -1.6974e-01 -5.2299e-01 -2.0650e-01 -3.1976e+00 -1.9820e-02 4.4586e-01 -1.9038e-01 -3.2955e-01 7.4150e-02 -2.5430e-01 1.1760e-01 6.3558e-01 4.3337e-01 1.4073e-02 3.9668e+00 -2.5000e-01 -7.9368e-01 3.3052e-01 -1.3367e-01 -1.1007e+00 7.8130e-01 1.1208e+00 -2.1769e-02 -1.1248e-01 -9.2322e-01 6.0116e-01 -1.6424e-01 2.6948e-01 -1.9365e-01 2.8895e-01 -3.3566e-01 8.4628e-01 5.8637e-01 1.8658e-01 1.5698e-01 -1.8953e-01 3.9210e-02 4.8796e-02 -2.5805e-03 -1.9759e-02 2.3402e-01 1.9164e-01 7.1276e-01 -5.6170e-01 1.6017e-02 -6.1800e-01 2.1156e+01
