7.0987e+01 -2.8817e+01 -1.4128e+01 4.0992e+00 1.1417e+01 -6.9332e-01 1.5079e+00 -4.2511e+00 -3.1910e+00 2.5007e+01 -7.2023e-01 -3.5033e-01 7.1340e-01 -7.4641e-01 1.9637e+00 -4.9081e-01 -1.1142e+00 -1.6922e+00 8.0535e-01 9.4532e+00 -2.3644e+00 -5.0196e+00 -9.5360e-01 -1.6993e+01 1.8356e+01 2.3354e+01 1.5147e+00 -5.6766e-02 -2.2784e+00 -1.7121e-01 8.9553e+00 -1.3303e+00 3.9012e+00 -6.8620e-01 9.4437e+00 -8.0929e+00 1.3341e+00 -3.5113e-01 -7.6116e-02 -7.5545e+00 -5.3172e-01 2.6777e-02 -1.6216e-01 9.4769e-01 1.2349e-01 1.7207e-01 -1.6302e-01 2.5926e-01 4.5033e-01 -2.4237e+00 -4.5632e+00 -3.2590e+00
-2.8817e+01 1.4187e+02 1.0180e+01 -5.4830e+00 -1.9854e+01 -4.7656e+01 3.8792e+01 7.5755e-01 4.9572e-01 -2.1603e+01 1.1609e+01 -5.6351e+00 -2.7079e+00 -4.9866e-01 -5.5399e-01 -1.0445e+00 -8.9303e+00 -4.4075e+00 8.3267e-01 -1.6435e+01 2.4636e+00 1.9046e-01 2.2295e+01 1.9160e+01 -2.5913e+01 -1.6192e+01 3.3662e+00 -2.5212e+00 3.9344e+01 -6.6749e-01 -6.1890e+01 -1.1821e+00 -3.0523e+01 -3.6250e-01 2.4453e+01 5.3191e+01 5.3921e+01 -3.2295e+00 2.4826e-01 -9.5203e-01 2.9930e-01 -3.3368e-02 1.2852e+00 -5.8944e-01 -1.3430e+00 -5.7733e-01 -9.0730e-01 8.2788e-01 2.6689e-02 9.4547e-01 -6.8071e-02 2.6021e-01
-1.4128e+01 1.0180e+01 5.5601e+01 -1.6186e+01 -2.0824e-01 1.8949e+00 6.5336e+00 3.5573e-01 -1.8752e-01 -2.2412e+01 2.2845e-01 -8.2271e-01 6.4991e+00 -5.8279e-01 -1.5756e+00 -4.3301e-01 -3.1231e+00 2.2347e+00 -9.1763e-01 -6.3262e+00 5.1192e+00 2.9848e+00 -6.0600e-01 1.8330e+01 -1.5418e+01 -1.9106e+01 -8.5225e-01 1.9879e-01 -1.3937e-02 -4.3599e-01 -9.7769e+00 1.6389e+00 -1.8938e+00 -1.4555e-01 -2.2149e+00 -2.5716e+00 8.6314e+00 -2.0102e+00 -2.9347e-01 2.6943e-02 -6.0227e-03 2.2462e+00 -5.1877e-02 1.6184e+00 -2.4662e-01 -3.7119e-02 -1.2058e-01 -1.8534e-01 5.5837e-01 1.3552e+00 -2.7612e-01 -2.9729e-01
4.0992e+00 -5.4830e+00 -1.6186e+01 4.0127e+01 -1.3790e+00 -1.1401e+00 -5.5091e+00 -1.9825e+00 1.9620e-01 1.0842e+01 3.9429e-02 -1.6490e+00 -6.1240e+00 -3.4453e-01 -8.1537e-01 -8.1440e-02 4.5228e+00 -3.4914e+00 -2.0374e-01 -6.7908e+00 -2.1352e+00 -1.8818e+00 2.5565e-01 -7.6524e+00 3.6539e+00 5.4075e+00 -2.9266e-01 5.9804e-02 1.5186e+00 -5.8288e-03 9.4794e+00 -3.0639e+00 -1.8165e+00 1.0609e-01 -3.9930e+00 -7.5029e-02 -7.7209e+00 7.2590e-01 1.2186e-01 2.3318e+00 -8.2681e-02 -8.3066e-01 5.6499e-02 -3.3878e-01 2.6822e-01 -2.0704e-02 -1.5760e-01 -2.3902e-01 -1.0430e-01 -7.6354e-01 -2.0908e+00 1.4038e-01
1.1417e+01 -1.9854e+01 -2.0824e-01 -1.3790e+00 6.8361e+01 2.3378e+01 -2.1065e+01 -4.4890e+00 -1.5868e-01 -9.7314e-01 1.7216e+00 -2.1015e-01 4.3761e+00 3.4859e+00 -4.6295e-02 1.6624e-01 -9.5390e+00 -5.0215e+00 -1.1328e+00 -7.2541e+00 -8.1916e-01 -1.2147e+00 -4.4989e+00 -1.3923e+00 -3.7676e+00 2.8355e+00 2.6314e+00 -7.9397e-01 -1.2802e+01 -2.6694e+00 2.1941e+01 -5.9624e-01 2.1882e+01 -1.6003e+00 -1.0691e+01 -1.4687e+01 -5.7399e+00 -2.5672e+00 -9.3218e-02 -8.4429e+00 -4.8607e-02 1.3122e+00 -3.8126e-01 -2.9136e-01 2.4777e-01 -2.0255e-01 -2.4853e-01 5.3707e-01 9.0892e-01 1.1448e+00 -5.4886e+00 3.3512e-01
-6.9332e-01 -4.7656e+01 1.8949e+00 -1.1401e+00 2.3378e+01 8.8911e+01 -4.9182e+01 1.2655e-01 -7.6657e-01 -1.1321e+00 -1.5700e+01 7.4166e+00 -4.6921e+00 -1.1235e-01 -2.3695e+00 -2.4836e-01 5.5429e+00 1.1045e+00 -8.0485e-01 -2.3956e+00 -6.7587e-01 -8.3355e-01 -3.1784e+01 -7.7991e-01 1.6056e+00 2.1528e+00 8.8062e+00 -1.0531e+00 -4.0326e+01 -1.2566e+00 3.6788e+01 -3.5535e-01 3.3275e+01 -7.6007e-01 -2.9708e+01 -3.6056e+01 -3.6874e+01 -2.0408e+00 -6.4539e-01 2.2228e+00 1.6906e-01 4.9295e-01 -1.5165e-01 -2.4340e-01 7.8468e-01 5.1572e-02 5.5082e-01 7.4811e-01 6.0486e-01 3.3704e-01 5.4035e-01 -7.7611e-01
1.5079e+00 3.8792e+01 6.5336e+00 -5.5091e+00 -2.1065e+01 -4.9182e+01 1.1836e+02 -6.4403e-01 7.9505e-03 -2.4695e-01 1.1301e+01 2.9512e+00 3.5734e+00 -4.3291e+00 9.5265e-01 -4.4095e-03 -9.7434e+00 2.0507e-01 -1.9527e-01 2.3745e+01 -1.0698e+00 -3.5719e+00 2.0389e+01 -2.2109e+00 1.8536e+00 6.0070e-01 1.1199e+01 5.2703e-01 6.3273e+01 1.7413e+00 -5.7543e+01 -7.3752e-01 -4.4326e+01 6.7936e-01 6.0036e+01 2.7284e+01 6.0973e+01 3.0139e+00 2.7675e-01 -1.2546e+01 -1.0238e+00 3.9249e-01 8.5543e-01 -4.7232e-02 -1.5528e+00 -7.1863e-01 -9.2887e-01 1.1707e+00 -4.4505e-01 -6.3796e-01 -1.2614e+00 1.4230e-01
-4.2511e+00 7.5755e-01 3.5573e-01 -1.9825e+00 -4.4890e+00 1.2655e-01 -6.4403e-01 2.1641e+01 6.0375e-03 -8.2030e-01 3.1792e-03 6.4555e-02 -4.8557e-01 -1.0702e+00 2.7097e-01 -1.3440e-01 -5.4013e-02 1.2397e+01 1.1526e-01 -7.9733e-01 5.5283e-02 -1.7095e+00 -9.2253e-01 3.1420e+00 8.0423e+00 7.4122e-01 -5.6794e-01 -7.8788e-01 -6.1629e-01 1.6921e-01 -1.1204e+00 -1.2209e+00 7.4773e-01 -9.3525e-01 -2.9483e-01 4.8066e-01 -4.4786e-01 -3.2521e-01 7.9547e-02 7.9005e-02 -7.1413e-02 8.8716e-02 -9.9616e-02 2.9510e-02 -7.6233e-03 5.8259e-02 -7.7542e-01 -6.0750e-02 -1.6311e-01 -2.7214e-01 1.4370e+01 4.9398e-03
-3.1910e+00 4.9572e-01 -1.8752e-01 1.9620e-01 -1.5868e-01 -7.6657e-01 7.9505e-03 6.0375e-03 2.0081e+01 -6.2025e-01 -6.1016e-01 -5.0257e-01 -2.2019e-01 -6.2641e-01 3.7550e-03 3.5895e-02 -1.7334e-01 7.1670e-03 -6.9029e-02 8.8507e-01 -5.0975e-01 1.4106e+00 4.0166e-01 1.6732e-02 -2.7374e-02 -3.9980e-02 -1.6657e+00 2.3654e-02 -6.5285e-01 -4.6171e-02 -9.6208e-01 1.6802e-03 -8.0573e-01 4.2244e-01 3.4635e-01 8.4331e-01 -1.3654e+00 5.4798e-02 3.2788e-02 -1.0317e-01 9.1244e-02 -4.4635e-01 7.9709e-02 -1.5157e-01 -3.7586e-01 4.5701e-02 -6.7899e-02 5.9595e-02 -2.4651e-01 4.2160e-02 -1.6668e-01 1.7052e+01
2.5007e+01 -2.1603e+01 -2.2412e+01 1.0842e+01 -9.7314e-01 -1.1321e+00 -2.4695e-01 -8.2030e-01 -6.2025e-01 6.3168e+01 1.2438e+00 1.6084e-01 2.1154e+00 -1.9994e-01 1.8074e+00 -3.5350e-01 1.4033e+00 1.6599e+00 6.5595e-01 1.0360e+01 -4.9023e+00 -5.5133e+00 -7.5906e-01 -3.0344e+01 3.0234e+01 4.2457e+01 1.1236e+00 -1.0215e-01 -3.1136e+00 7.5592e-01 2.7457e+01 -1.5071e+00 1.8186e+00 9.0269e-02 7.7118e+00 2.8886e+00 -1.3721e+01 -1.9180e+00 1.0054e+00 -5.2567e+00 -8.0971e-01 -2.0604e+00 1.5841e-01 -1.4269e+00 5.1588e-02 2.4608e-01 -9.9979e-02 1.2099e-01 -1.5761e+00 -8.5481e-01 -1.5786e+00 -5.3155e-01
-7.2023e-01 1.1609e+01 2.2845e-01 3.9429e-02 1.7216e+00 -1.5700e+01 1.1301e+01 3.1792e-03 -6.1016e-01 1.2438e+00 2.9453e+01 -1.8570e+00 -1.3738e-01 -1.3144e-01 2.4864e-02 3.4025e-01 -1.2717e+00 -1.2286e+00 -3.0790e-01 -1.2469e+00 -2.2810e-01 -1.7116e+00 1.5444e+01 -1.0436e-01 -4.9037e-02 3.5996e-01 -2.6018e+00 -4.3364e-02 1.1434e+01 -5.6838e-01 -9.9027e+00 -3.9667e-02 -1.4075e+01 -6.3491e-02 1.3081e+01 1.1516e+01 1.4881e+01 4.5056e-01 7.7129e-01 -7.3530e-01 -3.5582e-01 -1.6677e-01 -3.1264e-01 1.1670e-01 -3.8882e-01 -7.0384e-02 -4.5727e-01 -3.9303e-01 -1.7879e-01 -1.1679e-01 -1.6367e-01 -6.8030e-01
-3.5033e-01 -5.6351e+00 -8.2271e-01 -1.6490e+00 -2.1015e-01 7.4166e+00 2.9512e+00 6.4555e-02 -5.0257e-01 1.6084e-01 -1.8570e+00 2.9033e+01 -1.0385e+00 -1.8591e-01 -4.5831e-01 -2.4455e-01 4.5816e+00 5.4440e-01 -3.0502e-01 5.6087e+00 -2.4630e-01 -1.1731e+00 -3.5677e+00 -3.3483e-01 4.0274e-01 -5.3978e-03 -2.1655e+00 -3.9849e-02 -2.8341e+00 3.8557e+00 7.6714e+00 -3.5185e-01 2.7047e+00 -1.2145e-01 -6.9700e+00 -8.5701e+00 -6.7618e+00 -4.7653e-01 -1.6366e-01 2.0792e+00 8.6602e-02 -1.8219e-01 -2.2988e-01 -1.1182e-01 -2.9034e-01 5.5635e-03 -2.5068e-02 -2.6762e-01 -1.4917e-01 -1.3179e-01 -7.9017e-02 -5.1398e-01
7.1340e-01 -2.7079e+00 6.4991e+00 -6.1240e+00 4.3761e+00 -4.6921e+00 3.5734e+00 -4.8557e-01 -2.2019e-01 2.1154e+00 -1.3738e-01 -1.0385e+00 3.3464e+01 4.1189e+00 -3.2808e-01 -4.7523e-03 -4.1866e+00 -9.7680e-01 -4.0864e-01 -5.0263e+00 1.0474e-01 -1.0686e+00 2.7030e+00 -2.4366e+00 1.9083e+00 1.6885e+00 -1.0341e+00 -6.2353e-01 5.3270e+00 5.6143e-01 8.5084e+00 -5.0022e-01 -1.1158e-01 -1.1248e-01 -7.7526e+00 -3.0335e+00 -4.7788e+00 -1.7673e+00 -1.1258e-01 -4.5486e+00 -4.2758e-02 -3.2435e-01 -2.4683e-02 1.1745e-01 -2.3261e-01 -1.7769e-01 1.9902e-01 5.1124e-02 -2.6200e-01 -1.4451e-01 -6.4793e-01 -1.3639e-01
-7.4641e-01 -4.9866e-01 -5.8279e-01 -3.4453e-01 3.4859e+00 -1.1235e-01 -4.3291e+00 -1.0702e+00 -6.2641e-01 -1.9994e-01 -1.3144e-01 -1.8591e-01 4.1189e+00 1.8428e+01 4.0314e-01 -1.4588e-01 -1.2603e+00 -7.4132e-01 -1.6463e-01 -1.4303e+00 -2.4449e-01 1.1307e+00 -3.0484e-01 3.1427e-01 -1.3625e+00 1.0795e-01 -1.0670e+00 -3.3649e-01 2.2038e+00 1.7724e+00 3.2337e+00 3.4933e-04 9.9672e-01 -9.4043e-02 -1.8859e+00 -1.3234e+00 -1.5494e+00 -3.3914e-01 -6.2483e-02 -1.5331e+00 2.1211e+00 -9.2076e-02 -1.5632e-01 -2.5489e-02 6.5773e-03 -9.5221e-02 -1.1408e-01 1.1858e-01 -1.7926e-01 4.4354e-01 -5.2930e-01 -6.7986e-01
1.9637e+00 -5.5399e-01 -1.5756e+00 -8.1537e-01 -4.6295e-02 -2.3695e+00 9.5265e-01 2.7097e-01 3.7550e-03 1.8074e+00 2.4864e-02 -4.5831e-01 -3.2808e-01 4.0314e-01 1.6054e+01 -8.1662e-02 -1.7912e-01 7.7615e-01 -2.7307e-01 -6.4876e-01 -6.2282e-01 -5.5694e-01 2.4262e+00 -2.6588e+00 2.6448e+00 2.7968e+00 3.4532e+00 -8.3092e-02 4.8660e-01 -4.6971e-01 3.0905e+00 -2.9262e-01 -9.6667e-06 -6.2979e-02 -2.2077e+00 5.4909e-01 -2.1009e+00 -2.6819e-01 -1.3911e-01 -4.8635e-01 7.2494e-01 -1.0477e-01 -1.0434e-01 -5.5381e-02 -1.2480e-02 -2.6004e-02 1.4963e-02 -7.8636e-02 2.2107e-03 -3.7251e-01 2.0927e-01 -5.2497e-02
-4.9081e-01 -1.0445e+00 -4.3301e-01 -8.1440e-02 1.6624e-01 -2.4836e-01 -4.4095e-03 -1.3440e-01 3.5895e-02 -3.5350e-01 3.4025e-01 -2.4455e-01 -4.7523e-03 -1.4588e-01 -8.1662e-02 9.2266e+00 1.3425e+00 8.3788e-02 -4.8469e-02 2.3431e-01 -2.0628e-01 -4.2224e-01 -7.5724e-02 3.8080e-01 -4.8795e-01 5.0282e-01 3.2365e-01 5.6963e-01 1.6980e-01 -9.5987e-02 -7.9572e-01 -1.7155e-01 -7.7610e-01 -1.1206e-01 5.8866e-01 2.6721e-01 1.0049e-01 -3.7015e-01 -2.2803e-02 9.2276e-01 4.6477e-02 -8.1853e-02 3.4651e-01 4.9489e-01 -6.3972e-02 -5.0225e-02 -2.9324e-02 2.5923e-01 4.3119e-01 -5.5518e-02 -1.9692e-01 9.0003e-03
-1.1142e+00 -8.9303e+00 -3.1231e+00 4.5228e+00 -9.5390e+00 5.5429e+00 -9.7434e+00 -5.4013e-02 -1.7334e-01 1.4033e+00 -1.2717e+00 4.5816e+00 -4.1866e+00 -1.2603e+00 -1.7912e-01 1.3425e+00 5.7515e+01 2.6953e-01 8.8257e-01 -6.0346e+00 -7.4350e-01 -1.4361e+00 3.5485e-01 -6.9969e-01 7.5608e-01 2.0329e+00 5.0821e-02 3.1508e+00 -1.0557e+01 1.8527e+00 4.5023e-01 -8.1949e-01 -1.0369e+01 -1.4547e-01 -1.0732e+01 2.1622e+00 -1.1898e+01 -3.5412e+00 -2.1445e-01 3.4830e+01 -2.2061e-01 -3.4505e-01 4.6802e-01 -1.4519e-01 1.7799e-02 -1.6455e-01 -9.0849e-02 -1.7367e-01 -3.4242e-01 -2.4950e-02 9.4430e-02 -2.0327e-01
-1.6922e+00 -4.4075e+00 2.2347e+00 -3.4914e+00 -5.0215e+00 1.1045e+00 2.0507e-01 1.2397e+01 7.1670e-03 1.6599e+00 -1.2286e+00 5.4440e-01 -9.7680e-01 -7.4132e-01 7.7615e-01 8.3788e-02 2.6953e-01 3.4550e+01 2.7913e-01 9.5858e-01 4.0538e-01 -6.9211e-01 -2.1705e+00 7.8132e+00 1.6798e+01 3.4907e+00 5.2872e-01 -4.6443e-01 -2.7676e-01 8.4971e-01 3.0406e+00 -7.9480e-01 -3.8722e-01 -1.2616e+00 8.8048e-01 -9.3183e-01 5.9696e-01 -2.6722e+00 -9.6741e-02 3.4985e-01 2.0459e-01 1.3621e-01 -2.2762e-02 1.1048e-01 -6.0860e-03 6.4942e-02 -6.7005e-01 4.6509e-02 -3.4618e-02 -5.8045e-01 1.0413e+01 7.2027e-03
8.0535e-01 8.3267e-01 -9.1763e-01 -2.0374e-01 -1.1328e+00 -8.0485e-01 -1.9527e-01 1.1526e-01 -6.9029e-02 6.5595e-01 -3.0790e-01 -3.0502e-01 -4.0864e-01 -1.6463e-01 -2.7307e-01 -4.8469e-02 8.8257e-01 2.7913e-01 1.2000e+01 -7.2718e-01 1.0098e+00 5.9713e-01 -3.5421e-01 -1.0077e-01 1.7870e-01 1.8991e-01 -5.8926e-01 -1.1669e-01 -1.3247e+00 -7.0518e-02 -4.2221e-01 9.6105e-02 2.2619e+00 -5.0915e-02 -1.7329e+00 -4.4963e-01 1.4227e-01 3.5075e-01 6.0440e-03 -5.1336e-01 -2.7133e-03 1.1272e-02 -2.8946e-02 -8.0628e-02 -1.3983e-01 -3.8586e-02 -6.1821e-02 -2.6669e-02 -8.7253e-02 -1.4756e-01 9.7613e-02 -8.9159e-02
9.4532e+00 -1.6435e+01 -6.3262e+00 -6.7908e+00 -7.2541e+00 -2.3956e+00 2.3745e+01 -7.9733e-01 8.8507e-01 1.0360e+01 -1.2469e+00 5.6087e+00 -5.0263e+00 -1.4303e+00 -6.4876e-01 2.3431e-01 -6.0346e+00 9.5858e-01 -7.2718e-01 9.1682e+01 -1.7061e+00 8.9484e+00 -1.9499e+00 -4.5219e+00 4.4612e+00 1.1275e+01 -2.4371e+00 2.5433e+00 1.9431e+01 2.1285e+00 -3.2229e+01 2.8595e+00 -5.3553e+00 -1.1888e+00 4.1481e+01 -9.0047e+00 3.8622e+01 5.9800e+00 -2.5277e-01 -1.2483e+01 -2.7314e-01 2.6721e-02 -6.2120e-01 -1.7473e-01 -5.5220e-01 4.1113e-01 1.2645e+00 2.6645e-01 -7.1474e-01 -6.4352e-01 -5.2138e-01 6.1174e-01
-2.3644e+00 2.4636e+00 5.1192e+00 -2.1352e+00 -8.1916e-01 -6.7587e-01 -1.0698e+00 5.5283e-02 -5.0975e-01 -4.9023e+00 -2.2810e-01 -2.4630e-01 1.0474e-01 -2.4449e-01 -6.2282e-01 -2.0628e-01 -7.4350e-01 4.0538e-01 1.0098e+00 -1.7061e+00 1.7209e+01 7.1745e+00 -1.5154e-01 5.0328e+00 -4.9926e+00 -4.3137e+00 -8.9515e-01 1.6708e-01 -1.1332e+00 -1.9394e-01 -1.5420e+00 -3.8369e-01 2.1396e+00 -5.2984e-02 -3.0147e+00 -3.6500e-01 1.4950e+00 1.0127e+00 -5.0867e-02 -1.1617e+00 -4.0174e-02 -2.0602e-01 -5.7255e-03 -1.5403e-01 5.8050e-03 7.7827e-02 -2.3805e-02 -1.1788e-02 -2.2799e-01 -3.1294e-01 -5.8474e-02 -5.7333e-01
-5.0196e+00 1.9046e-01 2.9848e+00 -1.8818e+00 -1.2147e+00 -8.3355e-01 -3.5719e+00 -1.7095e+00 1.4106e+00 -5.5133e+00 -1.7116e+00 -1.1731e+00 -1.0686e+00 1.1307e+00 -5.5694e-01 -4.2224e-01 -1.4361e+00 -6.9211e-01 5.9713e-01 8.9484e+00 7.1745e+00 4.8528e+01 1.3641e+00 9.9924e+00 -1.2501e+01 -9.5844e+00 -3.7407e+00 1.0036e+00 -4.4017e+00 -1.4689e+00 -1.6158e+00 3.9174e+00 7.2275e+00 -6.6951e-01 -9.7527e+00 -5.7752e+00 1.6990e+00 3.8363e-01 -1.7274e-01 -1.5806e+00 -5.1916e-01 -4.8335e-01 -1.7603e-01 -3.5232e-01 -1.6082e-01 8.0613e-01 1.1189e+00 -2.0179e-01 -6.9701e-01 -4.7680e-01 -8.7446e-01 1.1639e+00
-9.5360e-01 2.2295e+01 -6.0600e-01 2.5565e-01 -4.4989e+00 -3.1784e+01 2.0389e+01 -9.2253e-01 4.0166e-01 -7.5906e-01 1.5444e+01 -3.5677e+00 2.7030e+00 -3.0484e-01 2.4262e+00 -7.5724e-02 3.5485e-01 -2.1705e+00 -3.5421e-01 -1.9499e+00 -1.5154e-01 1.3641e+00 4.6279e+01 1.7228e-01 5.8160e-02 -1.3697e+00 -6.5703e+00 -1.8339e-01 2.5390e+01 2.2317e+00 -2.3779e+01 7.7705e-01 -1.2511e+01 -1.4689e-01 1.2376e+01 2.3147e+01 2.5786e+01 -4.8531e-01 4.6393e-01 1.0569e+00 -1.6687e-01 -1.2355e-01 1.7430e-01 7.9100e-02 -4.2994e-01 -1.4165e-01 -5.6844e-01 -7.2290e-01 -4.8048e-01 -4.2270e-01 -1.1496e+00 4.3801e-01
-1.6993e+01 1.9160e+01 1.8330e+01 -7.6524e+00 -1.3923e+00 -7.7991e-01 -2.2109e+00 3.1420e+00 1.6732e-02 -3.0344e+01 -1.0436e-01 -3.3483e-01 -2.4366e+00 3.1427e-01 -2.6588e+00 3.8080e-01 -6.9969e-01 7.8132e+00 -1.0077e-01 -4.5219e+00 5.0328e+00 9.9924e+00 1.7228e-01 6.6235e+01 -4.7738e+01 -3.9039e+01 -2.0261e+00 3.1759e-01 9.2226e-01 1.5047e+00 -2.5288e+01 1.2396e+00 -2.2970e+00 -3.7472e-01 -7.6967e+00 -5.2093e+00 3.3327e+01 -3.5252e-01 -4.6814e-01 3.4529e+00 1.0321e+00 1.5395e+00 5.3512e-02 1.2891e+00 -1.3835e-01 -1.1832e-01 -3.1319e-01 -1.6515e-01 1.9667e+00 7.3102e-01 2.4405e+00 -1.4040e-01
1.8356e+01 -2.5913e+01 -1.5418e+01 3.6539e+00 -3.7676e+00 1.6056e+00 1.8536e+00 8.0423e+00 -2.7374e-02 3.0234e+01 -4.9037e-02 4.0274e-01 1.9083e+00 -1.3625e+00 2.6448e+00 -4.8795e-01 7.5608e-01 1.6798e+01 1.7870e-01 4.4612e+00 -4.9926e+00 -1.2501e+01 5.8160e-02 -4.7738e+01 7.5270e+01 3.8706e+01 1.5820e+00 -5.6513e-01 -1.3242e+00 -1.0545e+00 2.4944e+01 -1.3487e+00 1.5290e+00 -1.6755e+00 7.1557e+00 4.2988e+00 -3.5719e+01 -2.8433e+00 2.7833e-01 -4.0104e+00 -1.1437e+00 -1.7158e+00 -8.1088e-02 9.0752e-01 1.7058e-02 1.3748e-01 -4.5995e-01 -1.0672e-02 -8.2964e-01 -1.0848e+00 7.0533e+00 1.0226e-01
2.3354e+01 -1.6192e+01 -1.9106e+01 5.4075e+00 2.8355e+00 2.1528e+00 6.0070e-01 7.4122e-01 -3.9980e-02 4.2457e+01 3.5996e-01 -5.3978e-03 1.6885e+00 1.0795e-01 2.7968e+00 5.0282e-01 2.0329e+00 3.4907e+00 1.8991e-01 1.1275e+01 -4.3137e+00 -9.5844e+00 -1.3697e+00 -3.9039e+01 3.8706e+01 6.7082e+01 2.5300e+00 1.2782e-01 -8.3168e-01 -8.2426e-01 3.5863e+01 -3.2592e+00 6.4319e+00 1.0311e-01 1.1810e+01 5.1240e+00 -1.5729e+01 -3.5161e+00 9.8195e-01 -6.4106e+00 -6.7413e-01 -1.7119e+00 6.7683e-02 -1.0890e+00 -5.6445e-01 5.8328e-01 -5.2144e-02 1.1054e-01 -1.4404e+00 -6.6182e-01 3.6042e-01 1.0257e-01
1.5147e+00 3.3662e+00 -8.5225e-01 -2.9266e-01 2.6314e+00 8.8062e+00 1.1199e+01 -5.6794e-01 -1.6657e+00 1.1236e+00 -2.6018e+00 -2.1655e+00 -1.0341e+00 -1.0670e+00 3.4532e+00 3.2365e-01 5.0821e-02 5.2872e-01 -5.8926e-01 -2.4371e+00 -8.9515e-01 -3.7407e+00 -6.5703e+00 -2.0261e+00 1.5820e+00 2.5300e+00 3.8680e+01 -2.0830e-01 1.3432e+01 -2.1526e+00 -1.0257e+01 -1.7101e-01 -1.6155e+01 -2.7806e-01 1.5182e+01 1.0088e+01 9.3398e+00 -5.4712e-01 -2.4578e-01 -2.5066e-01 -8.6364e-01 2.1825e-01 6.2678e-01 4.1796e-02 5.3686e-01 -1.0340e-01 -1.4674e-01 2.2231e+00 3.1422e-01 -3.5412e-01 -7.2096e-01 1.3979e+00
-5.6766e-02 -2.5212e+00 1.9879e-01 5.9804e-02 -7.9397e-01 -1.0531e+00 5.2703e-01 -7.8788e-01 2.3654e-02 -1.0215e-01 -4.3364e-02 -3.9849e-02 -6.2353e-01 -3.3649e-01 -8.3092e-02 5.6963e-01 3.1508e+00 -4.6443e-01 -1.1669e-01 2.5433e+00 1.6708e-01 1.0036e+00 -1.8339e-01 3.1759e-01 -5.6513e-01 1.2782e-01 -2.0830e-01 1.1504e+01 -4.0665e-01 -1.0596e-01 1.0562e+00 5.8673e-01 -3.3809e-01 -4.3083e-02 4.8305e+00 2.1102e+00 6.5613e-01 -9.0442e-01 1.7508e-03 2.1208e+00 1.9654e-02 -3.0198e-02 -1.6121e-01 -3.2492e-02 -9.2943e-03 -6.5575e-02 5.1980e-01 -4.0806e-02 1.7890e-03 -5.9345e-02 -1.3310e-01 1.9718e-02
-2.2784e+00 3.9344e+01 -1.3937e-02 1.5186e+00 -1.2802e+01 -4.0326e+01 6.3273e+01 -6.1629e-01 -6.5285e-01 -3.1136e+00 1.1434e+01 -2.8341e+00 5.3270e+00 2.2038e+00 4.8660e-01 1.6980e-01 -1.0557e+01 -2.7676e-01 -1.3247e+00 1.9431e+01 -1.1332e+00 -4.4017e+00 2.5390e+01 9.2226e-01 -1.3242e+00 -8.3168e-01 1.3432e+01 -4.0665e-01 1.2036e+02 9.3040e-01 -6.7242e+01 3.7141e-01 -5.5340e+01 -8.8580e-01 6.8897e+01 3.8537e+01 7.4539e+01 1.2059e+00 4.5038e-01 -1.2213e+01 1.2082e+00 -2.7888e-01 1.2068e+00 1.8528e-02 -1.5027e+00 -8.3420e-01 -7.0075e-01 1.4609e+00 -5.2332e-01 -6.8366e-01 -1.3059e+00 -7.3414e-01
-1.7121e-01 -6.6749e-01 -4.3599e-01 -5.8288e-03 -2.6694e+00 -1.2566e+00 1.7413e+00 1.6921e-01 -4.6171e-02 7.5592e-01 -5.6838e-01 3.8557e+00 5.6143e-01 1.7724e+00 -4.6971e-01 -9.5987e-02 1.8527e+00 8.4971e-01 -7.0518e-02 2.1285e+00 -1.9394e-01 -1.4689e+00 2.2317e+00 1.5047e+00 -1.0545e+00 -8.2426e-01 -2.1526e+00 -1.0596e-01 9.3040e-01 2.0040e+01 -5.0463e-01 1.1073e+00 -2.3810e+00 -8.6793e-02 2.0189e+00 -5.3393e-01 2.5420e+00 -4.1363e-01 4.7517e-02 -7.6225e-01 8.1872e-01 -9.9970e-02 6.9083e-01 -5.2140e-02 7.3440e-02 -5.2221e-02 2.0541e-01 -2.3999e-01 -1.6634e-01 -1.2470e-01 5.7242e-02 -5.9523e-02
8.9553e+00 -6.1890e+01 -9.7769e+00 9.4794e+00 2.1941e+01 3.6788e+01 -5.7543e+01 -1.1204e+00 -9.6208e-01 2.7457e+01 -9.9027e+00 7.6714e+00 8.5084e+00 3.2337e+00 3.0905e+00 -7.9572e-01 4.5023e-01 3.0406e+00 -4.2221e-01 -3.2229e+01 -1.5420e+00 -1.6158e+00 -2.3779e+01 -2.5288e+01 2.4944e+01 3.5863e+01 -1.0257e+01 1.0562e+00 -6.7242e+01 -5.0463e-01 1.7417e+02 -2.7514e+00 6.0341e+01 -2.0395e-01 -7.8405e+01 -4.4330e+01 -1.0710e+02 -2.7549e+00 1.3249e+00 -6.0249e+00 -1.6896e+00 -1.8890e+00 -1.3564e+00 -1.1671e+00 1.7658e+00 1.1073e+00 6.8682e-01 -1.6731e+00 -6.0043e-01 2.2548e-01 4.3960e+00 -7.8002e-01
-1.3303e+00 -1.1821e+00 1.6389e+00 -3.0639e+00 -5.9624e-01 -3.5535e-01 -7.3752e-01 -1.2209e+00 1.6802e-03 -1.5071e+00 -3.9667e-02 -3.5185e-01 -5.0022e-01 3.4933e-04 -2.9262e-01 -1.7155e-01 -8.1949e-01 -7.9480e-01 9.6105e-02 2.8595e+00 -3.8369e-01 3.9174e+00 7.7705e-01 1.2396e+00 -1.3487e+00 -3.2592e+00 -1.7101e-01 5.8673e-01 3.7141e-01 1.1073e+00 -2.7514e+00 1.9911e+01 -3.1589e-01 -1.8847e-01 -8.6298e-01 -6.9707e-01 -3.4112e+00 -9.8571e-02 -7.9509e-02 -1.4882e+00 -9.1879e-02 -2.3590e-01 -3.6861e-02 -1.3227e-01 -1.4892e-01 -1.2811e-01 1.4251e+00 -5.5785e-02 -2.1303e-01 5.7236e-01 -1.3904e-01 -2.9322e-02
3.9012e+00 -3.0523e+01 -1.8938e+00 -1.8165e+00 2.1882e+01 3.3275e+01 -4.4326e+01 7.4773e-01 -8.0573e-01 1.8186e+00 -1.4075e+01 2.7047e+00 -1.1158e-01 9.9672e-01 -9.6667e-06 -7.7610e-01 -1.0369e+01 -3.8722e-01 2.2619e+00 -5.3553e+00 2.1396e+00 7.2275e+00 -1.2511e+01 -2.2970e+00 1.5290e+00 6.4319e+00 -1.6155e+01 -3.3809e-01 -5.5340e+01 -2.3810e+00 6.0341e+01 -3.1589e-01 9.7542e+01 -2.2865e-01 -5.4824e+01 -3.9854e+01 -4.6917e+01 1.0720e+00 -6.6725e-01 -9.8883e+00 1.3977e+00 -1.2361e-01 -1.2151e+00 -4.8257e-01 8.9796e-01 2.3292e-01 4.6043e-01 -1.6011e+00 2.1047e-01 4.1391e-01 8.5579e-01 -5.1365e-01
-6.8620e-01 -3.6250e-01 -1.4555e-01 1.0609e-01 -1.6003e+00 -7.6007e-01 6.7936e-01 -9.3525e-01 4.2244e-01 9.0269e-02 -6.3491e-02 -1.2145e-01 -1.1248e-01 -9.4043e-02 -6.2979e-02 -1.1206e-01 -1.4547e-01 -1.2616e+00 -5.0915e-02 -1.1888e+00 -5.2984e-02 -6.6951e-01 -1.4689e-01 -3.7472e-01 -1.6755e+00 1.0311e-01 -2.7806e-01 -4.3083e-02 -8.8580e-01 -8.6793e-02 -2.0395e-01 -1.8847e-01 -2.2865e-01 1.1996e+01 -6.6672e-01 -2.7353e-01 -2.6364e+00 2.1436e-01 -2.4668e-02 5.5452e-01 -3.6527e-03 -6.5788e-02 2.7816e-01 -6.4850e-02 2.7896e-01 -1.5005e-01 -7.0836e-02 8.2346e-02 6.6216e-01 3.4844e-02 -1.2797e+00 5.4328e-01
9.4437e+00 2.4453e+01 -2.2149e+00 -3.9930e+00 -1.0691e+01 -2.9708e+01 6.0036e+01 -2.9483e-01 3.4635e-01 7.7118e+00 1.3081e+01 -6.9700e+00 -7.7526e+00 -1.8859e+00 -2.2077e+00 5.8866e-01 -1.0732e+01 8.8048e-01 -1.7329e+00 4.1481e+01 -3.0147e+00 -9.7527e+00 1.2376e+01 -7.6967e+00 7.1557e+00 1.1810e+01 1.5182e+01 4.8305e+00 6.8897e+01 2.0189e+00 -7.8405e+01 -8.6298e-01 -5.4824e+01 -6.6672e-01 1.3748e+02 3.5762e+01 9.1306e+01 2.5422e+00 5.6411e-01 -1.6970e+01 -1.6687e+00 -1.7498e-01 1.4879e+00 3.0331e-01 -1.3826e+00 -6.1024e-01 -4.6503e-01 1.8474e+00 -9.6538e-01 -1.1820e+00 -1.0091e+00 2.6604e-01
-8.0929e+00 5.3191e+01 -2.5716e+00 -7.5029e-02 -1.4687e+01 -3.6056e+01 2.7284e+01 4.8066e-01 8.4331e-01 2.8886e+00 1.1516e+01 -8.5701e+00 -3.0335e+00 -1.3234e+00 5.4909e-01 2.6721e-01 2.1622e+00 -9.3183e-01 -4.4963e-01 -9.0047e+00 -3.6500e-01 -5.7752e+00 2.3147e+01 -5.2093e+00 4.2988e+00 5.1240e+00 1.0088e+01 2.1102e+00 3.8537e+01 -5.3393e-01 -4.4330e+01 -6.9707e-01 -3.9854e+01 -2.7353e-01 3.5762e+01 1.1126e+02 3.6335e+01 1.8310e+00 3.8628e-01 -3.4728e+00 7.1848e-01 -8.6289e-01 3.3196e-01 -4.3266e-02 -7.2724e-01 5.7512e-01 -1.4451e-01 1.0472e+00 -8.8978e-01 -9.3843e-01 3.5076e-02 7.8798e-01
1.3341e+00 5.3921e+01 8.6314e+00 -7.7209e+00 -5.7399e+00 -3.6874e+01 6.0973e+01 -4.4786e-01 -1.3654e+00 -1.3721e+01 1.4881e+01 -6.7618e+00 -4.7788e+00 -1.5494e+00 -2.1009e+00 1.0049e-01 -1.1898e+01 5.9696e-01 1.4227e-01 3.8622e+01 1.4950e+00 1.6990e+00 2.5786e+01 3.3327e+01 -3.5719e+01 -1.5729e+01 9.3398e+00 6.5613e-01 7.4539e+01 2.5420e+00 -1.0710e+02 -3.4112e+00 -4.6917e+01 -2.6364e+00 9.1306e+01 3.6335e+01 1.8958e+02 7.7351e-01 4.6243e-02 -1.7050e+01 2.5336e+00 1.5787e+00 1.3838e+00 -5.0443e-01 -1.4461e+00 -1.1187e+00 -7.7144e-01 1.0998e+00 -4.0739e-01 -5.9627e-02 -2.3310e+00 -1.9734e+00
-3.5113e-01 -3.2295e+00 -2.0102e+00 7.2590e-01 -2.5672e+00 -2.0408e+00 3.0139e+00 -3.2521e-01 5.4798e-02 -1.9180e+00 4.5056e-01 -4.7653e-01 -1.7673e+00 -3.3914e-01 -2.6819e-01 -3.7015e-01 -3.5412e+00 -2.6722e+00 3.5075e-01 5.9800e+00 1.0127e+00 3.8363e-01 -4.8531e-01 -3.5252e-01 -2.8433e+00 -3.5161e+00 -5.4712e-01 -9.0442e-01 1.2059e+00 -4.1363e-01 -2.7549e+00 -9.8571e-02 1.0720e+00 2.1436e-01 2.5422e+00 1.8310e+00 7.7351e-01 3.1246e+01 -5.6587e-03 -5.7827e+00 -1.2126e-01 -2.2596e-01 -2.5283e-01 -1.0320e-01 -1.9711e-01 9.3247e-01 -1.0995e-01 -3.2924e-02 -1.1527e-02 -1.4212e-01 -5.1507e-01 4.2826e-02
-7.6116e-02 2.4826e-01 -2.9347e-01 1.2186e-01 -9.3218e-02 -6.4539e-01 2.7675e-01 7.9547e-02 3.2788e-02 1.0054e+00 7.7129e-01 -1.6366e-01 -1.1258e-01 -6.2483e-02 -1.3911e-01 -2.2803e-02 -2.1445e-01 -9.6741e-02 6.0440e-03 -2.5277e-01 -5.0867e-02 -1.7274e-01 4.6393e-01 -4.6814e-01 2.7833e-01 9.8195e-01 -2.4578e-01 1.7508e-03 4.5038e-01 4.7517e-02 1.3249e+00 -7.9509e-02 -6.6725e-01 -2.4668e-02 5.6411e-01 3.8628e-01 4.6243e-02 -5.6587e-03 6.2314e+00 -1.5650e-01 -6.0071e-02 -4.1407e-03 -3.1966e-02 -2.5979e-02 -3.7782e-02 -1.0834e-02 -3.6069e-02 -3.2048e-02 -4.8922e-02 1.1503e+00 4.8742e-02 2.4491e-02
-7.5545e+00 -9.5203e-01 2.6943e-02 2.3318e+00 -8.4429e+00 2.2228e+00 -1.2546e+01 7.9005e-02 -1.0317e-01 -5.2567e+00 -7.3530e-01 2.0792e+00 -4.5486e+00 -1.5331e+00 -4.8635e-01 9.2276e-01 3.4830e+01 3.4985e-01 -5.1336e-01 -1.2483e+01 -1.1617e+00 -1.5806e+00 1.0569e+00 3.4529e+00 -4.0104e+00 -6.4106e+00 -2.5066e-01 2.1208e+00 -1.2213e+01 -7.6225e-01 -6.0249e+00 -1.4882e+00 -9.8883e+00 5.5452e-01 -1.6970e+01 -3.4728e+00 -1.7050e+01 -5.7827e+00 -1.5650e-01 6.9832e+01 -2.7092e-01 -8.8851e-01 -6.3214e-01 -3.9527e-01 -3.9352e-01 -1.8785e-01 -2.7203e-01 -1.5716e-01 -4.7733e-01 -1.9199e-01 -3.1002e-01 -1.5480e-01
-5.3172e-01 2.9930e-01 -6.0227e-03 -8.2681e-02 -4.8607e-02 1.6906e-01 -1.0238e+00 -7.1413e-02 9.1244e-02 -8.0971e-01 -3.5582e-01 8.6602e-02 -4.2758e-02 2.1211e+00 7.2494e-01 4.6477e-02 -2.2061e-01 2.0459e-01 -2.7133e-03 -2.7314e-01 -4.0174e-02 -5.1916e-01 -1.6687e-01 1.0321e+00 -1.1437e+00 -6.7413e-01 -8.6364e-01 1.9654e-02 1.2082e+00 8.1872e-01 -1.6896e+00 -9.1879e-02 1.3977e+00 -3.6527e-03 -1.6687e+00 7.1848e-01 2.5336e+00 -1.2126e-01 -6.0071e-02 -2.7092e-01 8.7733e+00 -7.1541e-02 1.4051e-01 -6.3135e-02 -2.4771e-02 8.1377e-03 2.4436e-01 -6.1982e-03 -8.0086e-02 -6.4958e-02 -5.3940e-02 7.9258e-02
2.6777e-02 -3.3368e-02 2.2462e+00 -8.3066e-01 1.3122e+00 4.9295e-01 3.9249e-01 8.8716e-02 -4.4635e-01 -2.0604e+00 -1.6677e-01 -1.8219e-01 -3.2435e-01 -9.2076e-02 -1.0477e-01 -8.1853e-02 -3.4505e-01 1.3621e-01 1.1272e-02 2.6721e-02 -2.0602e-01 -4.8335e-01 -1.2355e-01 1.5395e+00 -1.7158e+00 -1.7119e+00 2.1825e-01 -3.0198e-02 -2.7888e-01 -9.9970e-02 -1.8890e+00 -2.3590e-01 -1.2361e-01 -6.5788e-02 -1.7498e-01 -8.6289e-01 1.5787e+00 -2.2596e-01 -4.1407e-03 -8.8851e-01 -7.1541e-02 1.1357e+01 -1.8604e-02 -9.4076e-02 -3.9246e-02 1.1232e-01 -6.4935e-02 -3.3549e-02 -1.1706e-01 -1.1382e-01 -6.2756e-02 3.0845e-02
-1.6216e-01 1.2852e+00 -5.1877e-02 5.6499e-02 -3.8126e-01 -1.5165e-01 8.5543e-01 -9.9616e-02 7.9709e-02 1.5841e-01 -3.1264e-01 -2.2988e-01 -2.4683e-02 -1.5632e-01 -1.0434e-01 3.4651e-01 4.6802e-01 -2.2762e-02 -2.8946e-02 -6.2120e-01 -5.7255e-03 -1.7603e-01 1.7430e-01 5.3512e-02 -8.1088e-02 6.7683e-02 6.2678e-01 -1.6121e-01 1.2068e+00 6.9083e-01 -1.3564e+00 -3.6861e-02 -1.2151e+00 2.7816e-01 1.4879e+00 3.3196e-01 1.3838e+00 -2.5283e-01 -3.1966e-02 -6.3214e-01 1.4051e-01 -1.8604e-02 6.9003e+00 -2.5662e-02 -4.2577e-02 -1.6233e-02 -4.6634e-02 2.5496e-01 -3.7187e-02 -5.0807e-02 -1.2625e-01 8.0235e-02
9.4769e-01 -5.8944e-01 1.6184e+00 -3.3878e-01 -2.9136e-01 -2.4340e-01 -4.7232e-02 2.9510e-02 -1.5157e-01 -1.4269e+00 1.1670e-01 -1.1182e-01 1.1745e-01 -2.5489e-02 -5.5381e-02 4.9489e-01 -1.4519e-01 1.1048e-01 -8.0628e-02 -1.7473e-01 -1.5403e-01 -3.5232e-01 7.9100e-02 1.2891e+00 9.0752e-01 -1.0890e+00 4.1796e-02 -3.2492e-02 1.8528e-02 -5.2140e-02 -1.1671e+00 -1.3227e-01 -4.8257e-01 -6.4850e-02 3.0331e-01 -4.3266e-02 -5.0443e-01 -1.0320e-01 -2.5979e-02 -3.9527e-01 -6.3135e-02 -9.4076e-02 -2.5662e-02 6.7998e+00 -4.5249e-02 -2.1195e-02 -1.1045e-03 -3.7189e-02 2.0310e+00 -9.5710e-02 1.5743e-03 -1.8541e-01
1.2349e-01 -1.3430e+00 -2.4662e-01 2.6822e-01 2.4777e-01 7.8468e-01 -1.5528e+00 -7.6233e-03 -3.7586e-01 5.1588e-02 -3.8882e-01 -2.9034e-01 -2.3261e-01 6.5773e-03 -1.2480e-02 -6.3972e-02 1.7799e-02 -6.0860e-03 -1.3983e-01 -5.5220e-01 5.8050e-03 -1.6082e-01 -4.2994e-01 -1.3835e-01 1.7058e-02 -5.6445e-01 5.3686e-01 -9.2943e-03 -1.5027e+00 7.3440e-02 1.7658e+00 -1.4892e-01 8.9796e-01 2.7896e-01 -1.3826e+00 -7.2724e-01 -1.4461e+00 -1.9711e-01 -3.7782e-02 -3.9352e-01 -2.4771e-02 -3.9246e-02 -4.2577e-02 -4.5249e-02 1.0432e+01 1.3504e-01 -2.0742e-02 -6.3025e-02 1.0548e+00 -4.7104e-02 -8.1735e-02 3.1011e-01
1.7207e-01 -5.7733e-01 -3.7119e-02 -2.0704e-02 -2.0255e-01 5.1572e-02 -7.1863e-01 5.8259e-02 4.5701e-02 2.4608e-01 -7.0384e-02 5.5635e-03 -1.7769e-01 -9.5221e-02 -2.6004e-02 -5.0225e-02 -1.6455e-01 6.4942e-02 -3.8586e-02 4.1113e-01 7.7827e-02 8.0613e-01 -1.4165e-01 -1.1832e-01 1.3748e-01 5.8328e-01 -1.0340e-01 -6.5575e-02 -8.3420e-01 -5.2221e-02 1.1073e+00 -1.2811e-01 2.3292e-01 -1.5005e-01 -6.1024e-01 5.7512e-01 -1.1187e+00 9.3247e-01 -1.0834e-02 -1.8785e-01 8.1377e-03 1.1232e-01 -1.6233e-02 -2.1195e-02 1.3504e-01 5.9429e+00 1.3215e-02 8.3748e-03 -5.2057e-02 -2.0251e-02 -2.0649e-02 4.8919e-02
-1.6302e-01 -9.0730e-01 -1.2058e-01 -1.5760e-01 -2.4853e-01 5.5082e-01 -9.2887e-01 -7.7542e-01 -6.7899e-02 -9.9979e-02 -4.5727e-01 -2.5068e-02 1.9902e-01 -1.1408e-01 1.4963e-02 -2.9324e-02 -9.0849e-02 -6.7005e-01 -6.1821e-02 1.2645e+00 -2.3805e-02 1.1189e+00 -5.6844e-01 -3.1319e-01 -4.5995e-01 -5.2144e-02 -1.4674e-01 5.1980e-01 -7.0075e-01 2.0541e-01 6.8682e-01 1.4251e+00 4.6043e-01 -7.0836e-02 -4.6503e-01 -1.4451e-01 -7.7144e-01 -1.0995e-01 -3.6069e-02 -2.7203e-01 2.4436e-01 -6.4935e-02 -4.6634e-02 -1.1045e-03 -2.0742e-02 1.3215e-02 8.3159e+00 4.4638e-02 6.2991e-02 -5.9057e-02 1.4962e+00 -8.0346e-02
2.5926e-01 8.2788e-01 -1.8534e-01 -2.3902e-01 5.3707e-01 7.4811e-01 1.1707e+00 -6.0750e-02 5.9595e-02 1.2099e-01 -3.9303e-01 -2.6762e-01 5.1124e-02 1.1858e-01 -7.8636e-02 2.5923e-01 -1.7367e-01 4.6509e-02 -2.6669e-02 2.6645e-01 -1.1788e-02 -2.0179e-01 -7.2290e-01 -1.6515e-01 -1.0672e-02 1.1054e-01 2.2231e+00 -4.0806e-02 1.4609e+00 -2.3999e-01 -1.6731e+00 -5.5785e-02 -1.6011e+00 8.2346e-02 1.8474e+00 1.0472e+00 1.0998e+00 -3.2924e-02 -3.2048e-02 -1.5716e-01 -6.1982e-03 -3.3549e-02 2.5496e-01 -3.7189e-02 -6.3025e-02 8.3748e-03 4.4638e-02 7.3086e+00 2.1261e-02 -7.1893e-02 -1.3773e-01 5.9430e-02
4.5033e-01 2.6689e-02 5.5837e-01 -1.0430e-01 9.0892e-01 6.0486e-01 -4.4505e-01 -1.6311e-01 -2.4651e-01 -1.5761e+00 -1.7879e-01 -1.4917e-01 -2.6200e-01 -1.7926e-01 2.2107e-03 4.3119e-01 -3.4242e-01 -3.4618e-02 -8.7253e-02 -7.1474e-01 -2.2799e-01 -6.9701e-01 -4.8048e-01 1.9667e+00 -8.2964e-01 -1.4404e+00 3.1422e-01 1.7890e-03 -5.2332e-01 -1.6634e-01 -6.0043e-01 -2.1303e-01 2.1047e-01 6.6216e-01 -9.6538e-01 -8.8978e-01 -4.0739e-01 -1.1527e-02 -4.8922e-02 -4.7733e-01 -8.0086e-02 -1.1706e-01 -3.7187e-02 2.0310e+00 1.0548e+00 -5.2057e-02 6.2991e-02 2.1261e-02 1.1804e+01 -1.1879e-01 -3.3160e-01 -2.7202e-01
-2.4237e+00 9.4547e-01 1.3552e+00 -7.6354e-01 1.1448e+00 3.3704e-01 -6.3796e-01 -2.7214e-01 4.2160e-02 -8.5481e-01 -1.1679e-01 -1.3179e-01 -1.4451e-01 4.4354e-01 -3.7251e-01 -5.5518e-02 -2.4950e-02 -5.8045e-01 -1.4756e-01 -6.4352e-01 -3.1294e-01 -4.7680e-01 -4.2270e-01 7.3102e-01 -1.0848e+00 -6.6182e-01 -3.5412e-01 -5.9345e-02 -6.8366e-01 -1.2470e-01 2.2548e-01 5.7236e-01 4.1391e-01 3.4844e-02 -1.1820e+00 -9.3843e-01 -5.9627e-02 -1.4212e-01 1.1503e+00 -1.9199e-01 -6.4958e-02 -1.1382e-01 -5.0807e-02 -9.5710e-02 -4.7104e-02 -2.0251e-02 -5.9057e-02 -7.1893e-02 -1.1879e-01 1.0350e+01 -3.5437e-01 3.8912e-02
-4.5632e+00 -6.8071e-02 -2.7612e-01 -2.0908e+00 -5.4886e+00 5.4035e-01 -1.2614e+00 1.4370e+01 -1.6668e-01 -1.5786e+00 -1.6367e-01 -7.9017e-02 -6.4793e-01 -5.2930e-01 2.0927e-01 -1.9692e-01 9.4430e-02 1.0413e+01 9.7613e-02 -5.2138e-01 -5.8474e-02 -8.7446e-01 -1.1496e+00 2.4405e+00 7.0533e+00 3.6042e-01 -7.2096e-01 -1.3310e-01 -1.3059e+00 5.7242e-02 4.3960e+00 -1.3904e-01 8.5579e-01 -1.2797e+00 -1.0091e+00 3.5076e-02 -2.3310e+00 -5.1507e-01 4.8742e-02 -3.1002e-01 -5.3940e-02 -6.2756e-02 -1.2625e-01 1.5743e-03 -8.1735e-02 -2.0649e-02 1.4962e+00 -1.3773e-01 -3.3160e-01 -3.5437e-01 1.8300e+01 -1.8395e-01
-3.2590e+00 2.6021e-01 -2.9729e-01 1.4038e-01 3.3512e-01 -7.7611e-01 1.4230e-01 4.9398e-03 1.7052e+01 -5.3155e-01 -6.8030e-01 -5.1398e-01 -1.3639e-01 -6.7986e-01 -5.2497e-02 9.0003e-03 -2.0327e-01 7.2027e-03 -8.9159e-02 6.1174e-01 -5.7333e-01 1.1639e+00 4.3801e-01 -1.4040e-01 1.0226e-01 1.0257e-01 1.3979e+00 1.9718e-02 -7.3414e-01 -5.9523e-02 -7.8002e-01 -2.9322e-02 -5.1365e-01 5.4328e-01 2.6604e-01 7.8798e-01 -1.9734e+00 4.2826e-02 2.4491e-02 -1.5480e-01 7.9258e-02 3.0845e-02 8.0235e-02 -1.8541e-01 3.1011e-01 4.8919e-02 -8.0346e-02 5.9430e-02 -2.7202e-01 3.8912e-02 -1.8395e-01 1.8392e+01
