1.4824e+02 -7.1459e+01 1.1187e+01 -3.3038e+00 4.6511e-01 -2.4401e+01 -4.0917e+00 7.3212e+00 -3.3132e+00 2.5264e+00 1.8836e+00 5.4647e+00 -5.8228e+01 4.3441e+00 2.1391e+00 1.1105e+01 6.6818e+00 -9.5917e-01 2.6211e+00 -7.2506e-01 -3.9082e+00 -5.3777e+00 -1.4620e+00 -7.2623e-01 2.1666e+00 5.0773e+00 3.5917e+00 -7.0739e+00 -2.0505e+00 -1.8445e+00 6.6153e-01 1.1694e+01 -4.5604e-02 -1.3448e+00 2.1446e-01 -1.9575e-01 -2.0405e+01 2.7436e+01 -7.6778e+00 -1.9258e+01 -4.6383e+00 1.1446e+00 5.7938e-02 -6.5156e-01 -9.4824e-02 -4.1293e+00 5.8112e-01 -3.9674e-01 1.8028e-01 3.5239e-01 9.8767e-01 -1.9553e+00
-7.1459e+01 1.1499e+02 -7.0683e+00 1.5756e+00 -1.5654e-01 1.9059e+01 1.2342e+01 -5.4024e+00 -1.1180e+01 -2.5169e+01 6.3568e+00 -2.9936e+00 4.6809e+01 1.6022e+00 4.8525e+00 1.8521e+00 6.4596e+00 2.1088e-01 -9.0518e-01 -1.1397e+00 -1.7482e+00 2.7748e+00 7.3323e-01 -5.2721e+00 -1.2838e+00 -1.3687e-01 -5.1049e+00 4.6376e+00 1.4898e+00 8.3139e-01 -6.6904e-01 3.2676e+00 -5.0932e-01 -9.1873e-01 1.5599e+00 -6.3969e-01 1.3527e+01 -1.9268e+01 3.2306e+00 1.7411e+01 2.7334e+00 1.0678e+00 4.8847e-01 1.9221e+00 6.1873e-01 2.4689e+00 -2.9680e-02 2.9869e-01 -1.7616e-01 -5.5337e-01 4.3812e-01 1.6714e+00
1.1187e+01 -7.0683e+00 7.6917e+01 -2.9495e+00 9.8156e+00 -6.9455e+00 1.7150e+01 -3.8105e-03 -2.6006e+01 -1.7641e+01 6.0950e+00 -1.1268e+00 -6.4136e+00 -1.3273e+00 -6.1360e+00 5.9615e+00 3.5052e+00 8.4072e-01 2.2488e-01 1.1868e+00 -2.8478e-01 -7.9963e-01 -1.2167e+00 -2.2260e+00 9.4864e-01 -6.3815e+00 -8.7951e+00 1.9737e+00 5.3672e-01 -2.2914e-01 7.5386e-01 1.0933e+01 -4.0369e+00 -2.5492e+00 -1.9006e-01 -2.0213e-01 1.3168e+00 -3.3142e+00 -3.7075e-01 1.8072e+00 -1.4575e+00 -2.3504e+00 1.0046e-01 -5.2152e-01 -2.1349e+00 -1.5338e+00 -2.5427e-01 -3.2404e-01 2.6232e-01 3.0068e-02 -2.4573e+00 -1.0479e+00
-3.3038e+00 1.5756e+00 -2.9495e+00 2.4808e+01 2.7494e-01 -7.1984e-01 -2.0306e+00 -7.5251e-01 -1.8618e-01 -2.3518e-01 -1.6782e+00 -5.3795e-02 6.9898e-01 -4.6301e-02 6.3590e-02 -5.0700e+00 6.1243e-01 -5.1374e-01 7.5499e-01 -2.2566e-02 -1.2082e-01 -6.3491e+00 -3.3712e-01 -3.7674e-01 -8.7914e-01 3.4788e-01 2.6649e-01 1.8439e-02 4.2363e-02 -2.4904e-01 1.8191e-01 1.4076e-01 4.7741e-02 3.6408e-01 6.4878e-02 -4.2162e-01 4.2774e-01 1.3911e+00 -1.8063e-01 5.7768e-02 3.0886e-01 -7.5114e-02 2.5609e-02 -4.5174e-02 8.1921e-02 4.1822e-02 -7.2596e-01 1.6380e-01 1.1065e-02 -7.0920e-02 1.7411e+01 -4.9633e+00
4.6511e-01 -1.5654e-01 9.8156e+00 2.7494e-01 4.6334e+01 -1.0505e+00 2.5840e+01 -2.5486e+01 -3.2742e+01 -2.6283e+01 1.0386e+00 2.6608e+00 -2.6816e+01 -1.7462e+01 1.2784e+00 -2.4448e+00 1.7288e+01 1.2130e+00 -1.4462e-01 3.1637e+00 5.8531e-01 -8.8133e-01 -3.0498e-01 -1.9661e-01 1.0777e+00 -3.6510e-01 1.2870e+01 -2.0493e+00 -1.6720e+00 -3.5975e-01 -1.6189e+00 1.3031e+01 -3.6916e-01 -1.5217e+00 -4.6402e-01 -3.1709e-01 -4.3724e+00 -6.1671e-01 -1.3197e+00 2.4025e+00 1.4801e-01 1.9231e+00 5.5762e-02 -3.4672e-01 -2.1744e-01 -5.4191e-01 -1.2476e-01 -6.2753e-01 1.6199e-01 -2.1903e-01 3.5383e-03 1.8594e-01
-2.4401e+01 1.9059e+01 -6.9455e+00 -7.1984e-01 -1.0505e+00 4.7959e+01 -1.6354e+01 -7.6031e+00 1.3670e+01 1.0227e+01 1.0397e+00 -6.0702e+00 3.2291e+01 8.2436e-01 -2.1061e-02 1.2818e+00 -5.6040e+00 2.3007e-03 -6.5402e-02 5.8545e-01 -2.3100e-01 -5.4204e-01 1.9138e-02 -5.0908e+00 -7.3899e-01 -1.3863e+00 -4.3570e+00 4.0180e-01 -3.9794e-01 -4.0661e-01 -2.0353e-01 -9.2038e+00 -8.6713e-01 -2.1291e-01 -4.9374e-01 -2.2921e-01 2.3480e+01 -1.8044e+01 -2.0627e+00 1.4174e+01 -2.2131e+00 -1.5664e-01 -1.6738e-01 -2.4347e-01 -9.9676e-02 4.8669e+00 1.3527e-01 5.1060e-01 -1.7294e-02 -1.6711e-01 -1.0005e+00 -4.3761e-01
-4.0917e+00 1.2342e+01 1.7150e+01 -2.0306e+00 2.5840e+01 -1.6354e+01 1.0316e+02 -2.3384e+01 -5.4275e+01 -4.7119e+01 -3.4537e+00 -2.9849e+00 -4.8589e+01 -1.7994e+01 7.6201e+00 -5.7163e+00 3.1856e+01 1.4211e+00 -4.8893e-01 2.6482e+00 7.2938e-01 -2.6779e+00 -1.0089e+00 -2.5325e+00 -9.6440e-03 -3.8878e-02 1.6392e+01 -4.4843e+00 -1.5839e+00 -1.0097e+00 -1.0347e+00 3.6868e+01 -5.0368e-01 -2.0006e+00 -5.0358e-02 1.5000e-01 -2.4242e+01 2.2674e+01 6.0932e+00 -1.0061e+01 7.7283e+00 1.2910e+00 5.2408e-01 2.6232e+00 -3.4075e-01 -1.8979e+00 -5.4807e-01 -7.8479e-01 1.5341e-01 -2.1556e-01 -1.7743e+00 -3.7606e-01
7.3212e+00 -5.4024e+00 -3.8105e-03 -7.5251e-01 -2.5486e+01 -7.6031e+00 -2.3384e+01 6.9243e+01 2.6207e+01 1.8800e+01 -1.1677e+01 -5.2962e-01 1.8689e+01 3.0535e+01 -7.7201e+00 -9.2151e+00 -1.3282e+01 -9.2866e-01 2.4884e-02 -4.3045e+00 -8.8529e-01 -4.3402e-03 6.0773e-01 6.5923e+00 -8.8594e-01 -4.8017e+00 -1.1980e+01 6.0135e+00 6.4987e-01 2.2390e-01 8.4469e-01 -5.9550e+00 1.8236e+00 4.5053e-01 -7.4829e-02 -4.1063e-01 -3.7425e+00 2.6033e+00 -7.7826e-01 -1.3626e+00 -1.9248e+00 -4.3268e+00 -1.7657e-01 1.1274e-01 1.7604e+00 2.3041e-01 -2.0359e-01 -2.1337e-01 -5.5070e-01 -4.6323e-01 -1.2407e+00 -3.7816e-01
-3.3132e+00 -1.1180e+01 -2.6006e+01 -1.8618e-01 -3.2742e+01 1.3670e+01 -5.4275e+01 2.6207e+01 8.8112e+01 5.2328e+01 -1.7701e+00 -4.2050e-04 4.5817e+01 2.1695e+01 -6.6634e-01 5.7545e+00 -3.2872e+01 -8.4368e-01 2.0428e-01 -2.9679e+00 -7.2837e-01 1.2427e+00 1.0318e+00 2.1636e+00 -1.6643e+00 3.6694e+00 -6.7755e+00 -2.0763e+00 1.1664e+00 1.0796e-01 1.7772e+00 -3.1218e+01 4.2457e-01 1.7183e+00 -8.6972e-01 -3.8694e-01 1.7421e+01 -1.2497e+01 -3.5552e+00 4.4495e+00 -4.6646e+00 -1.7674e+00 -3.8313e-01 -3.1370e-01 2.4857e-01 -1.3283e+00 3.0923e-01 8.5500e-01 3.8418e-02 -1.9725e-01 3.2708e-01 -3.7098e-01
2.5264e+00 -2.5169e+01 -1.7641e+01 -2.3518e-01 -2.6283e+01 1.0227e+01 -4.7119e+01 1.8800e+01 5.2328e+01 9.4876e+01 8.4466e+00 8.4846e-01 2.8913e+01 2.1724e+01 -4.5563e+00 5.8023e+00 -3.8806e+01 -1.2342e+00 -4.0737e-03 -2.8444e+00 -3.9662e-01 -3.5205e-01 7.6264e-01 1.7316e+00 -1.4769e+00 1.0602e+00 -1.1546e+01 6.7177e+00 2.3593e-01 -8.6573e-01 3.8632e-01 -3.5640e+01 -8.6083e-04 2.6238e+00 -2.0504e+00 -3.9309e-01 1.7888e+01 -1.3996e+01 6.1517e+00 1.2452e+00 5.1638e+00 -2.7854e+00 -6.7068e-01 -1.6928e+00 -1.1422e-01 1.8060e+00 -7.4496e-02 6.3702e-01 -1.8513e-03 7.2121e-01 1.1214e-01 -6.2728e-02
1.8836e+00 6.3568e+00 6.0950e+00 -1.6782e+00 1.0386e+00 1.0397e+00 -3.4537e+00 -1.1677e+01 -1.7701e+00 8.4466e+00 8.8188e+01 1.7286e+01 1.3677e+01 -8.5747e+00 -7.3224e+00 3.6111e+01 -8.4124e+00 -1.0996e+00 5.8528e-02 -1.5655e+00 -1.5396e+00 6.6772e+00 -1.0437e+00 -3.0731e+00 -5.8666e-01 -5.5504e+00 -1.0472e+01 1.8489e+00 -7.6737e-01 3.3210e-01 -2.1977e+00 -8.7358e+00 -1.8410e+00 1.8056e+00 -4.2388e-01 -4.5574e-01 1.7430e+01 -2.4899e+01 1.5408e-01 1.5018e+01 -2.8276e-01 -6.5096e-01 -5.2719e-02 5.2350e-01 -4.2654e-02 -4.7444e-01 -5.7035e-01 -5.0244e-01 2.4650e-01 4.2499e-01 -5.6388e-01 2.0465e+00
5.4647e+00 -2.9936e+00 -1.1268e+00 -5.3795e-02 2.6608e+00 -6.0702e+00 -2.9849e+00 -5.2962e-01 -4.2050e-04 8.4846e-01 1.7286e+01 4.9000e+01 -6.1720e+00 -9.0498e+00 -3.5608e+00 1.7133e+01 -8.7964e+00 -3.4253e-01 -7.6357e-02 -2.9847e-01 -4.2318e-01 6.9470e-01 -5.5675e-01 5.9053e+00 3.9337e-01 -4.6932e+00 -4.5986e+00 -2.9250e+00 -1.2257e-01 1.0841e-01 2.0509e-01 -4.1751e+00 1.1096e+00 2.8668e+00 4.7205e-01 -3.5252e-01 1.9534e+00 -6.3125e+00 2.8546e+00 4.5933e+00 3.2370e+00 1.5218e+00 -4.0109e-02 -3.4043e-01 -2.9754e-01 -1.8731e-01 -3.8504e-01 -3.2077e-02 -1.4423e-01 -2.3208e-01 -3.0156e-01 1.0962e+00
-5.8228e+01 4.6809e+01 -6.4136e+00 6.9898e-01 -2.6816e+01 3.2291e+01 -4.8589e+01 1.8689e+01 4.5817e+01 2.8913e+01 1.3677e+01 -6.1720e+00 1.7272e+02 4.3330e+01 -3.0193e+01 1.2499e+01 -5.6669e+01 -1.1424e-01 -4.1870e-01 -2.4548e+00 -3.7530e+00 2.8668e+00 2.3127e+00 -3.5872e+00 -1.6585e+00 -2.5873e+01 -3.7219e+01 1.7551e+01 4.0744e+00 1.4655e+00 1.4069e+00 -2.6221e+01 5.9758e-01 3.5900e+00 1.4400e+00 -8.5621e-01 6.3490e+01 -6.4094e+01 -1.3812e+00 4.7230e+01 -6.0767e+00 -4.9169e-02 -3.8620e-01 1.9248e+00 7.5685e-01 5.0519e+00 -4.7697e-01 1.7788e+00 -4.5140e-02 -2.0321e-01 1.0631e+00 1.9667e+00
4.3441e+00 1.6022e+00 -1.3273e+00 -4.6301e-02 -1.7462e+01 8.2436e-01 -1.7994e+01 3.0535e+01 2.1695e+01 2.1724e+01 -8.5747e+00 -9.0498e+00 4.3330e+01 7.4681e+01 -1.6265e+01 -1.1860e+01 -3.9668e+01 -6.0600e-01 1.5715e-01 -4.3802e+00 -5.9822e-01 2.6457e-01 1.9376e+00 -1.2093e+00 -8.5675e-01 -1.3351e+01 -3.1864e+01 1.2996e+01 1.4473e+00 3.4660e-01 1.4702e+00 -1.0834e+01 2.6728e+00 3.4017e-01 3.2891e-01 -2.3665e-01 2.1303e+01 -2.3797e+01 1.5119e+00 1.4495e+01 -5.2752e-01 -4.8546e+00 -1.4560e-01 -2.2077e-01 1.2958e+00 -4.5474e-01 -3.2343e-01 1.3289e+00 -1.6727e-01 -4.9719e-01 -2.6582e-03 2.1953e-01
2.1391e+00 4.8525e+00 -6.1360e+00 6.3590e-02 1.2784e+00 -2.1061e-02 7.6201e+00 -7.7201e+00 -6.6634e-01 -4.5563e+00 -7.3224e+00 -3.5608e+00 -3.0193e+01 -1.6265e+01 5.5256e+01 -4.2364e+00 1.8958e+01 -3.8970e-01 -3.1752e-01 -2.4665e-01 6.2090e-01 -5.9861e-01 4.8029e-01 -8.3954e-01 2.7332e+00 3.0945e+01 1.7411e+01 -5.5742e+00 -6.6219e-01 -4.1957e-01 -3.7833e-01 1.0887e+00 -9.7236e-01 -9.7039e-01 -4.8322e-01 1.3918e+00 -1.9312e+01 1.9180e+01 -1.8114e+00 -2.2346e+01 -1.5059e+00 2.7991e+00 8.3985e-01 8.4984e-01 -6.0998e-01 -7.9546e-01 7.5408e-02 -5.5481e-01 1.8149e-01 -1.6969e-01 -8.1051e-02 1.8012e-01
1.1105e+01 1.8521e+00 5.9615e+00 -5.0700e+00 -2.4448e+00 1.2818e+00 -5.7163e+00 -9.2151e+00 5.7545e+00 5.8023e+00 3.6111e+01 1.7133e+01 1.2499e+01 -1.1860e+01 -4.2364e+00 5.3195e+01 -1.2361e+01 -3.2385e-01 -9.1759e-02 -2.0165e-01 -4.5748e-01 -6.5980e-01 2.5828e-01 -2.3424e+00 -7.1678e-01 -3.8674e+00 -4.4112e+00 -1.9944e+00 -1.5146e-01 -1.4411e-01 -3.4724e-01 -5.6669e+00 -1.2189e+00 2.3634e+00 -2.7501e-01 -3.5690e-01 1.1911e+01 -1.8476e+01 2.9848e-01 1.3393e+01 -5.4959e-01 6.2848e-01 -1.1605e-02 1.1008e+00 -3.2350e-01 1.2425e-01 4.6807e-01 -2.5880e-03 3.5219e-01 6.5798e-01 3.9540e+00 -1.7341e+00
6.6818e+00 6.4596e+00 3.5052e+00 6.1243e-01 1.7288e+01 -5.6040e+00 3.1856e+01 -1.3282e+01 -3.2872e+01 -3.8806e+01 -8.4124e+00 -8.7964e+00 -5.6669e+01 -3.9668e+01 1.8958e+01 -1.2361e+01 8.5479e+01 8.7657e-01 -2.9847e-01 3.2402e+00 -2.7698e-01 -1.0018e+00 -1.9272e+00 -1.6559e+00 -6.3780e-01 1.5926e+01 3.6532e+01 -1.1149e+01 -1.4259e+00 -3.3365e-01 -1.2780e+00 2.7893e+01 -1.1569e+00 -3.4568e+00 4.9754e-02 -6.4273e-02 -3.8276e+01 3.8080e+01 -2.8020e+00 -1.9550e+01 -1.4039e+00 3.5803e+00 1.8233e-02 -2.2045e-01 -1.1756e-01 -1.0359e+00 -1.3171e-01 -1.2030e+00 -3.5131e-01 -2.4267e-01 3.2490e-02 3.4599e-01
-9.5917e-01 2.1088e-01 8.4072e-01 -5.1374e-01 1.2130e+00 2.3007e-03 1.4211e+00 -9.2866e-01 -8.4368e-01 -1.2342e+00 -1.0996e+00 -3.4253e-01 -1.1424e-01 -6.0600e-01 -3.8970e-01 -3.2385e-01 8.7657e-01 1.1221e+01 9.2600e-01 -1.1098e-01 -1.1617e-01 6.9906e-01 1.8673e-01 -8.6530e-03 5.8849e-01 1.8110e+00 9.0225e-01 4.4492e+00 -1.3501e-01 -7.1390e-02 -1.9894e-01 -8.9126e-01 -2.7036e-01 -7.6233e-02 6.1817e-02 -6.0639e-02 -1.1951e+00 7.4144e-01 -1.2913e-01 -2.0074e+00 -1.6837e-01 1.9839e+00 -2.2995e-02 -7.3107e-02 -4.5235e-02 -1.2891e-01 -6.1702e-02 1.5501e+00 -6.2652e-02 1.6658e-02 -6.3199e-01 2.8301e-01
2.6211e+00 -9.0518e-01 2.2488e-01 7.5499e-01 -1.4462e-01 -6.5402e-02 -4.8893e-01 2.4884e-02 2.0428e-01 -4.0737e-03 5.8528e-02 -7.6357e-02 -4.1870e-01 1.5715e-01 -3.1752e-01 -9.1759e-02 -2.9847e-01 9.2600e-01 1.1083e+01 8.3153e-01 8.6795e-02 -8.8394e-01 -9.8980e-02 -1.0676e-01 6.2517e-01 -6.3610e-02 -6.9676e-02 1.2812e-01 -4.6218e-02 -5.3730e-02 -5.7967e-02 -5.7333e-05 -9.9222e-02 -2.0629e-01 -6.5070e-02 -6.1435e-02 -3.7819e-01 -6.0890e-01 -6.6084e-02 -1.0192e+00 -2.4424e-01 -4.2915e-01 -1.4856e-02 -5.6964e-02 -9.7658e-02 -6.3675e-02 -1.5146e-01 -8.8642e-02 1.1195e-01 6.9242e-02 3.6083e-01 -2.4330e+00
-7.2506e-01 -1.1397e+00 1.1868e+00 -2.2566e-02 3.1637e+00 5.8545e-01 2.6482e+00 -4.3045e+00 -2.9679e+00 -2.8444e+00 -1.5655e+00 -2.9847e-01 -2.4548e+00 -4.3802e+00 -2.4665e-01 -2.0165e-01 3.2402e+00 -1.1098e-01 8.3153e-01 1.8167e+01 5.8512e-01 -2.9525e-01 -2.7578e-01 -5.1554e-01 -1.5365e-01 -1.2036e-02 2.2964e+00 -2.5721e+00 -4.0232e-01 -1.3231e-01 -5.1203e-01 3.1450e-01 -1.5805e-01 -2.8384e-02 -2.3267e-02 -7.0408e-02 -1.6456e+00 -2.1665e-01 -5.9938e-01 -1.2947e+00 -1.1802e-01 6.1321e-01 -3.4443e-02 -2.9479e-01 -9.7260e-02 -1.0975e-01 -1.2796e-01 -7.1396e-02 8.4405e-03 2.2904e-02 4.4580e-02 -5.7501e-01
-3.9082e+00 -1.7482e+00 -2.8478e-01 -1.2082e-01 5.8531e-01 -2.3100e-01 7.2938e-01 -8.8529e-01 -7.2837e-01 -3.9662e-01 -1.5396e+00 -4.2318e-01 -3.7530e+00 -5.9822e-01 6.2090e-01 -4.5748e-01 -2.7698e-01 -1.1617e-01 8.6795e-02 5.8512e-01 1.5418e+01 -5.2771e-01 1.1989e-01 -2.2331e-01 -1.4647e-01 -3.6325e-01 -1.5185e-01 -1.1618e+00 -2.6474e-01 1.5315e-01 -3.5554e-01 -6.1940e-01 -7.5153e-02 -6.9578e-03 -1.1498e-01 -6.2581e-02 1.1882e+00 2.1513e-01 -5.9438e-02 -4.1410e-01 -4.0914e-01 -1.9360e-01 6.3817e-03 -9.7413e-02 2.9460e-02 -2.8500e-02 3.5157e-01 -2.0001e-01 -1.4124e-02 1.6580e-01 -1.7832e-01 1.7512e-01
-5.3777e+00 2.7748e+00 -7.9963e-01 -6.3491e+00 -8.8133e-01 -5.4204e-01 -2.6779e+00 -4.3402e-03 1.2427e+00 -3.5205e-01 6.6772e+00 6.9470e-01 2.8668e+00 2.6457e-01 -5.9861e-01 -6.5980e-01 -1.0018e+00 6.9906e-01 -8.8394e-01 -2.9525e-01 -5.2771e-01 3.1561e+01 -5.0608e-01 -3.8601e-01 -7.3944e-01 -4.0728e-01 -8.8313e-01 -2.8659e+00 -5.8766e-01 1.3231e-01 -7.4587e-01 -5.6762e-01 3.2892e-01 -3.0457e-01 1.3292e-01 -2.4626e-01 -1.1505e+00 -4.8653e+00 -1.5717e-02 1.1283e+00 -1.2392e-01 -8.1167e-01 -1.1067e-02 -2.2118e-01 5.5454e-02 -2.0040e-01 1.1808e-01 -2.6983e-01 -3.1175e-02 -8.4251e-02 -7.6906e+00 1.4229e+01
-1.4620e+00 7.3323e-01 -1.2167e+00 -3.3712e-01 -3.0498e-01 1.9138e-02 -1.0089e+00 6.0773e-01 1.0318e+00 7.6264e-01 -1.0437e+00 -5.5675e-01 2.3127e+00 1.9376e+00 4.8029e-01 2.5828e-01 -1.9272e+00 1.8673e-01 -9.8980e-02 -2.7578e-01 1.1989e-01 -5.0608e-01 1.5687e+01 -2.1455e-01 7.6142e-01 -5.1986e-01 -1.6962e+00 -5.5139e-01 -6.3339e-01 -1.6139e-01 -8.6354e-01 -6.8837e-01 -1.5117e-01 3.6059e-02 -2.0806e-01 -8.1159e-02 1.4972e+00 6.6296e-01 1.9647e+00 -2.4607e+00 -1.6078e-01 -3.2073e-01 3.0595e-01 -1.8059e-01 -1.2205e-01 6.1658e-01 -6.0209e-02 -9.3084e-02 2.5007e-01 -6.0330e-02 1.3419e-01 -1.4413e-01
-7.2623e-01 -5.2721e+00 -2.2260e+00 -3.7674e-01 -1.9661e-01 -5.0908e+00 -2.5325e+00 6.5923e+00 2.1636e+00 1.7316e+00 -3.0731e+00 5.9053e+00 -3.5872e+00 -1.2093e+00 -8.3954e-01 -2.3424e+00 -1.6559e+00 -8.6530e-03 -1.0676e-01 -5.1554e-01 -2.2331e-01 -3.8601e-01 -2.1455e-01 1.8835e+01 3.0834e-01 -6.6509e-01 -1.5656e-01 -9.0036e-01 -1.1196e-01 2.3484e-01 -8.5698e-02 -1.2247e+00 1.4404e+00 -1.4683e-01 -1.4827e-01 4.7712e-01 -6.9411e+00 7.2255e+00 -2.1382e-01 -6.2640e+00 -6.0485e-01 5.5152e-02 -1.5918e-02 -1.4896e-01 -6.1698e-02 -2.5153e-01 -1.8613e-01 1.3401e-01 -8.2843e-02 -5.6620e-02 -5.7215e-01 3.2564e-01
2.1666e+00 -1.2838e+00 9.4864e-01 -8.7914e-01 1.0777e+00 -7.3899e-01 -9.6440e-03 -8.8594e-01 -1.6643e+00 -1.4769e+00 -5.8666e-01 3.9337e-01 -1.6585e+00 -8.5675e-01 2.7332e+00 -7.1678e-01 -6.3780e-01 5.8849e-01 6.2517e-01 -1.5365e-01 -1.4647e-01 -7.3944e-01 7.6142e-01 3.0834e-01 1.4961e+01 -4.4611e-01 -4.3845e-01 -7.2480e-01 -1.2779e-01 -1.6068e-01 -4.3930e-02 8.2467e-01 -8.2685e-02 -1.7715e-01 -8.7902e-02 2.1627e-02 -5.5217e-01 -4.5595e-01 9.8519e-01 2.0110e-01 1.8059e+00 -1.0501e-02 -3.3413e-02 -2.0347e-01 -4.5491e-02 -1.4140e-01 -9.8343e-02 -9.0661e-02 -5.2089e-02 -6.2925e-02 -1.2143e+00 -4.4294e-01
5.0773e+00 -1.3687e-01 -6.3815e+00 3.4788e-01 -3.6510e-01 -1.3863e+00 -3.8878e-02 -4.8017e+00 3.6694e+00 1.0602e+00 -5.5504e+00 -4.6932e+00 -2.5873e+01 -1.3351e+01 3.0945e+01 -3.8674e+00 1.5926e+01 1.8110e+00 -6.3610e-02 -1.2036e-02 -3.6325e-01 -4.0728e-01 -5.1986e-01 -6.6509e-01 -4.4611e-01 4.6351e+01 1.7591e+01 -3.0029e+00 1.1872e-01 -9.3339e-02 1.5734e-01 -4.6345e+00 1.1945e-01 -2.7246e+00 -3.3180e-01 9.3215e-01 -2.5448e+01 2.3202e+01 -1.6164e+00 -2.6340e+01 -1.4096e+00 5.5058e+00 9.2522e-03 -3.4188e-01 -8.1165e-01 -2.7753e-01 1.3262e-02 -6.7920e-01 -2.3598e-01 -1.9709e-01 3.6253e-02 1.8039e-01
3.5917e+00 -5.1049e+00 -8.7951e+00 2.6649e-01 1.2870e+01 -4.3570e+00 1.6392e+01 -1.1980e+01 -6.7755e+00 -1.1546e+01 -1.0472e+01 -4.5986e+00 -3.7219e+01 -3.1864e+01 1.7411e+01 -4.4112e+00 3.6532e+01 9.0225e-01 -6.9676e-02 2.2964e+00 -1.5185e-01 -8.8313e-01 -1.6962e+00 -1.5656e-01 -4.3845e-01 1.7591e+01 6.7219e+01 -1.0649e+01 4.7829e+00 -3.6178e-01 4.4208e+00 9.7030e+00 -1.0846e+00 -3.3816e+00 3.0744e-01 -3.0385e-01 -3.1426e+01 2.7267e+01 -2.9902e+00 -1.2615e+01 -1.6404e+00 4.7853e+00 1.8640e-02 1.2120e-01 -7.4961e-01 -8.0317e-01 -7.7480e-02 -1.1868e+00 -1.2774e-01 -1.5307e-01 -7.0469e-02 1.7534e-01
-7.0739e+00 4.6376e+00 1.9737e+00 1.8439e-02 -2.0493e+00 4.0180e-01 -4.4843e+00 6.0135e+00 -2.0763e+00 6.7177e+00 1.8489e+00 -2.9250e+00 1.7551e+01 1.2996e+01 -5.5742e+00 -1.9944e+00 -1.1149e+01 4.4492e+00 1.2812e-01 -2.5721e+00 -1.1618e+00 -2.8659e+00 -5.5139e-01 -9.0036e-01 -7.2480e-01 -3.0029e+00 -1.0649e+01 7.8386e+01 6.0890e+00 2.3589e+00 5.2069e+00 -6.6113e+00 -2.2079e+00 5.5488e+00 -2.3505e-01 6.4619e-01 1.0258e+01 -1.6207e+01 -1.4647e+00 2.5060e+00 -1.3532e+00 2.2956e-01 -1.2009e-01 -4.5404e-01 6.2341e-02 -6.7561e-01 3.3594e-01 9.0747e-01 -7.8944e-01 -2.8469e-01 6.0024e-01 -1.0849e-01
-2.0505e+00 1.4898e+00 5.3672e-01 4.2363e-02 -1.6720e+00 -3.9794e-01 -1.5839e+00 6.4987e-01 1.1664e+00 2.3593e-01 -7.6737e-01 -1.2257e-01 4.0744e+00 1.4473e+00 -6.6219e-01 -1.5146e-01 -1.4259e+00 -1.3501e-01 -4.6218e-02 -4.0232e-01 -2.6474e-01 -5.8766e-01 -6.3339e-01 -1.1196e-01 -1.2779e-01 1.1872e-01 4.7829e+00 6.0890e+00 1.6227e+01 2.7331e+00 6.9127e+00 -8.3262e-01 -9.8921e-02 9.2273e-02 7.5868e-01 -7.3802e-02 1.4836e-01 -6.6470e-02 -2.8341e-01 -9.1323e-01 5.4485e-02 -8.3828e-02 -6.5228e-02 -1.4034e-01 -3.2373e-02 -8.5796e-02 -4.8023e-02 -1.2443e-01 -1.3406e-01 -7.4477e-02 -1.2917e-02 -1.7112e-02
-1.8445e+00 8.3139e-01 -2.2914e-01 -2.4904e-01 -3.5975e-01 -4.0661e-01 -1.0097e+00 2.2390e-01 1.0796e-01 -8.6573e-01 3.3210e-01 1.0841e-01 1.4655e+00 3.4660e-01 -4.1957e-01 -1.4411e-01 -3.3365e-01 -7.1390e-02 -5.3730e-02 -1.3231e-01 1.5315e-01 1.3231e-01 -1.6139e-01 2.3484e-01 -1.6068e-01 -9.3339e-02 -3.6178e-01 2.3589e+00 2.7331e+00 9.3384e+00 -1.9368e-01 -1.2906e-01 -1.1809e-02 -3.5449e-02 -7.9506e-02 -3.4357e-02 -4.1508e-01 7.6323e-01 -3.5004e-01 -8.5669e-01 -1.8852e-01 5.9425e-02 1.9384e-02 -3.6883e-02 2.4924e-02 -1.1961e-01 -2.5120e-03 -1.7579e-02 -4.8719e-02 -5.6813e-02 -3.4556e-01 -1.1786e-01
6.6153e-01 -6.6904e-01 7.5386e-01 1.8191e-01 -1.6189e+00 -2.0353e-01 -1.0347e+00 8.4469e-01 1.7772e+00 3.8632e-01 -2.1977e+00 2.0509e-01 1.4069e+00 1.4702e+00 -3.7833e-01 -3.4724e-01 -1.2780e+00 -1.9894e-01 -5.7967e-02 -5.1203e-01 -3.5554e-01 -7.4587e-01 -8.6354e-01 -8.5698e-02 -4.3930e-02 1.5734e-01 4.4208e+00 5.2069e+00 6.9127e+00 -1.9368e-01 1.8165e+01 -9.9790e-01 -9.2013e-02 -2.0298e-01 8.3284e-01 -4.0225e-02 6.5158e-01 -1.0176e+00 -7.1830e-01 -4.9634e-01 -1.6146e-01 3.7066e-02 -3.0765e-02 -1.9633e-01 2.2999e-01 -2.7906e-02 -3.1560e-02 -1.9494e-01 -1.3638e-01 -2.4872e-02 1.0467e-01 -3.4814e-02
1.1694e+01 3.2676e+00 1.0933e+01 1.4076e-01 1.3031e+01 -9.2038e+00 3.6868e+01 -5.9550e+00 -3.1218e+01 -3.5640e+01 -8.7358e+00 -4.1751e+00 -2.6221e+01 -1.0834e+01 1.0887e+00 -5.6669e+00 2.7893e+01 -8.9126e-01 -5.7333e-05 3.1450e-01 -6.1940e-01 -5.6762e-01 -6.8837e-01 -1.2247e+00 8.2467e-01 -4.6345e+00 9.7030e+00 -6.6113e+00 -8.3262e-01 -1.2906e-01 -9.9790e-01 6.6149e+01 5.2176e+00 -2.0637e+00 -3.7303e-01 -4.7169e-01 -2.6529e+01 2.0859e+01 -6.8870e-01 -2.5760e+00 -2.7722e+00 1.7195e+00 6.7659e-01 6.0639e-01 -4.9968e-01 1.3764e-02 -1.5556e-01 -6.9915e-01 -1.1452e-02 -2.2776e-01 -2.8795e-01 2.1875e-01
-4.5604e-02 -5.0932e-01 -4.0369e+00 4.7741e-02 -3.6916e-01 -8.6713e-01 -5.0368e-01 1.8236e+00 4.2457e-01 -8.6083e-04 -1.8410e+00 1.1096e+00 5.9758e-01 2.6728e+00 -9.7236e-01 -1.2189e+00 -1.1569e+00 -2.7036e-01 -9.9222e-02 -1.5805e-01 -7.5153e-02 3.2892e-01 -1.5117e-01 1.4404e+00 -8.2685e-02 1.1945e-01 -1.0846e+00 -2.2079e+00 -9.8921e-02 -1.1809e-02 -9.2013e-02 5.2176e+00 1.4503e+01 -7.7095e-01 -6.2141e-02 1.3800e-04 -5.1021e+00 2.6315e+00 -3.3994e-01 2.4865e+00 -2.8909e-01 2.0595e-01 3.0664e-02 -4.0634e-02 -2.9031e-01 8.9340e-01 -6.9781e-02 -2.2010e-01 -6.9123e-02 2.6536e-02 -4.0792e-02 3.4804e-02
-1.3448e+00 -9.1873e-01 -2.5492e+00 3.6408e-01 -1.5217e+00 -2.1291e-01 -2.0006e+00 4.5053e-01 1.7183e+00 2.6238e+00 1.8056e+00 2.8668e+00 3.5900e+00 3.4017e-01 -9.7039e-01 2.3634e+00 -3.4568e+00 -7.6233e-02 -2.0629e-01 -2.8384e-02 -6.9578e-03 -3.0457e-01 3.6059e-02 -1.4683e-01 -1.7715e-01 -2.7246e+00 -3.3816e+00 5.5488e+00 9.2273e-02 -3.5449e-02 -2.0298e-01 -2.0637e+00 -7.7095e-01 1.6993e+01 7.9991e-02 5.3953e-01 2.5774e+00 -3.2966e+00 4.7140e-01 1.7395e+00 3.2052e-01 -9.5353e-01 -2.0527e-02 2.4533e-01 -4.5348e-01 -2.0374e-01 1.5961e-01 2.0715e-02 -9.7177e-02 2.2994e-01 1.7870e-01 -9.5011e-02
2.1446e-01 1.5599e+00 -1.9006e-01 6.4878e-02 -4.6402e-01 -4.9374e-01 -5.0358e-02 -7.4829e-02 -8.6972e-01 -2.0504e+00 -4.2388e-01 4.7205e-01 1.4400e+00 3.2891e-01 -4.8322e-01 -2.7501e-01 4.9754e-02 6.1817e-02 -6.5070e-02 -2.3267e-02 -1.1498e-01 1.3292e-01 -2.0806e-01 -1.4827e-01 -8.7902e-02 -3.3180e-01 3.0744e-01 -2.3505e-01 7.5868e-01 -7.9506e-02 8.3284e-01 -3.7303e-01 -6.2141e-02 7.9991e-02 1.1772e+01 -1.1255e-01 -2.2420e+00 3.5544e-01 -2.9754e-01 1.1213e+00 -5.7701e-01 -3.2974e-02 -5.4721e-02 4.8083e-01 1.9326e-01 -2.4098e-01 4.2012e-02 -6.4570e-02 -3.9885e-02 -3.2599e-02 2.3913e-02 4.1677e-02
-1.9575e-01 -6.3969e-01 -2.0213e-01 -4.2162e-01 -3.1709e-01 -2.2921e-01 1.5000e-01 -4.1063e-01 -3.8694e-01 -3.9309e-01 -4.5574e-01 -3.5252e-01 -8.5621e-01 -2.3665e-01 1.3918e+00 -3.5690e-01 -6.4273e-02 -6.0639e-02 -6.1435e-02 -7.0408e-02 -6.2581e-02 -2.4626e-01 -8.1159e-02 4.7712e-01 2.1627e-02 9.3215e-01 -3.0385e-01 6.4619e-01 -7.3802e-02 -3.4357e-02 -4.0225e-02 -4.7169e-01 1.3800e-04 5.3953e-01 -1.1255e-01 8.5320e+00 -1.3522e-01 5.8591e-02 -4.5055e-03 3.1888e-01 -2.6645e-01 7.5019e-01 -3.7993e-02 9.7368e-03 4.1410e-02 1.7814e-01 -4.5852e-02 1.7848e-01 1.5932e-01 -2.5481e-02 -5.4591e-01 6.0402e-01
-2.0405e+01 1.3527e+01 1.3168e+00 4.2774e-01 -4.3724e+00 2.3480e+01 -2.4242e+01 -3.7425e+00 1.7421e+01 1.7888e+01 1.7430e+01 1.9534e+00 6.3490e+01 2.1303e+01 -1.9312e+01 1.1911e+01 -3.8276e+01 -1.1951e+00 -3.7819e-01 -1.6456e+00 1.1882e+00 -1.1505e+00 1.4972e+00 -6.9411e+00 -5.5217e-01 -2.5448e+01 -3.1426e+01 1.0258e+01 1.4836e-01 -4.1508e-01 6.5158e-01 -2.6529e+01 -5.1021e+00 2.5774e+00 -2.2420e+00 -1.3522e-01 1.1512e+02 -7.3129e+01 -8.6039e+00 4.0828e+01 -5.7549e+00 -4.7795e+00 -1.8092e-01 -4.2890e-01 5.7662e-01 5.8076e+00 4.2124e-01 8.2758e-01 1.5006e-01 -1.6667e-01 4.8113e-01 -3.3340e+00
2.7436e+01 -1.9268e+01 -3.3142e+00 1.3911e+00 -6.1671e-01 -1.8044e+01 2.2674e+01 2.6033e+00 -1.2497e+01 -1.3996e+01 -2.4899e+01 -6.3125e+00 -6.4094e+01 -2.3797e+01 1.9180e+01 -1.8476e+01 3.8080e+01 7.4144e-01 -6.0890e-01 -2.1665e-01 2.1513e-01 -4.8653e+00 6.6296e-01 7.2255e+00 -4.5595e-01 2.3202e+01 2.7267e+01 -1.6207e+01 -6.6470e-02 7.6323e-01 -1.0176e+00 2.0859e+01 2.6315e+00 -3.2966e+00 3.5544e-01 5.8591e-02 -7.3129e+01 1.7643e+02 1.1274e+01 -1.2236e+02 8.5772e+00 1.1446e+01 4.1955e-01 9.5156e-01 -1.5060e+00 -5.5128e+00 -3.1731e-01 -1.6849e+00 7.6243e-01 -4.8269e-02 7.5644e-01 8.3810e+00
-7.6778e+00 3.2306e+00 -3.7075e-01 -1.8063e-01 -1.3197e+00 -2.0627e+00 6.0932e+00 -7.7826e-01 -3.5552e+00 6.1517e+00 1.5408e-01 2.8546e+00 -1.3812e+00 1.5119e+00 -1.8114e+00 2.9848e-01 -2.8020e+00 -1.2913e-01 -6.6084e-02 -5.9938e-01 -5.9438e-02 -1.5717e-02 1.9647e+00 -2.1382e-01 9.8519e-01 -1.6164e+00 -2.9902e+00 -1.4647e+00 -2.8341e-01 -3.5004e-01 -7.1830e-01 -6.8870e-01 -3.3994e-01 4.7140e-01 -2.9754e-01 -4.5055e-03 -8.6039e+00 1.1274e+01 3.7978e+01 -9.4602e+00 1.7879e+01 -2.9938e-01 -1.6061e-01 -3.6927e-01 -2.9198e-01 -1.2079e+00 -9.7050e-02 -1.5112e-01 5.5463e-01 1.1806e-01 -2.6582e-02 3.0993e-01
-1.9258e+01 1.7411e+01 1.8072e+00 5.7768e-02 2.4025e+00 1.4174e+01 -1.0061e+01 -1.3626e+00 4.4495e+00 1.2452e+00 1.5018e+01 4.5933e+00 4.7230e+01 1.4495e+01 -2.2346e+01 1.3393e+01 -1.9550e+01 -2.0074e+00 -1.0192e+00 -1.2947e+00 -4.1410e-01 1.1283e+00 -2.4607e+00 -6.2640e+00 2.0110e-01 -2.6340e+01 -1.2615e+01 2.5060e+00 -9.1323e-01 -8.5669e-01 -4.9634e-01 -2.5760e+00 2.4865e+00 1.7395e+00 1.1213e+00 3.1888e-01 4.0828e+01 -1.2236e+02 -9.4602e+00 1.5179e+02 -1.0009e+01 -1.1004e+01 -5.0196e-01 -7.4196e-01 5.5931e-01 5.1462e+00 -3.9723e-01 1.1992e+00 4.6827e-01 -3.2550e-01 3.1967e-02 9.3595e+00
-4.6383e+00 2.7334e+00 -1.4575e+00 3.0886e-01 1.4801e-01 -2.2131e+00 7.7283e+00 -1.9248e+00 -4.6646e+00 5.1638e+00 -2.8276e-01 3.2370e+00 -6.0767e+00 -5.2752e-01 -1.5059e+00 -5.4959e-01 -1.4039e+00 -1.6837e-01 -2.4424e-01 -1.1802e-01 -4.0914e-01 -1.2392e-01 -1.6078e-01 -6.0485e-01 1.8059e+00 -1.4096e+00 -1.6404e+00 -1.3532e+00 5.4485e-02 -1.8852e-01 -1.6146e-01 -2.7722e+00 -2.8909e-01 3.2052e-01 -5.7701e-01 -2.6645e-01 -5.7549e+00 8.5772e+00 1.7879e+01 -1.0009e+01 3.2621e+01 2.4966e-01 -1.5296e-01 -4.7753e-01 -1.7659e-01 -1.0445e+00 -2.1176e-01 -1.7330e-01 7.2313e-02 1.3370e-01 1.7790e-01 2.6293e-01
1.1446e+00 1.0678e+00 -2.3504e+00 -7.5114e-02 1.9231e+00 -1.5664e-01 1.2910e+00 -4.3268e+00 -1.7674e+00 -2.7854e+00 -6.5096e-01 1.5218e+00 -4.9169e-02 -4.8546e+00 2.7991e+00 6.2848e-01 3.5803e+00 1.9839e+00 -4.2915e-01 6.1321e-01 -1.9360e-01 -8.1167e-01 -3.2073e-01 5.5152e-02 -1.0501e-02 5.5058e+00 4.7853e+00 2.2956e-01 -8.3828e-02 5.9425e-02 3.7066e-02 1.7195e+00 2.0595e-01 -9.5353e-01 -3.2974e-02 7.5019e-01 -4.7795e+00 1.1446e+01 -2.9938e-01 -1.1004e+01 2.4966e-01 3.3901e+01 -8.9789e-02 -2.4200e-01 -2.9178e-01 2.2664e-01 -3.1562e-01 -2.1821e-01 -1.4733e-01 -1.2756e-01 2.3935e-01 2.0428e+00
5.7938e-02 4.8847e-01 1.0046e-01 2.5609e-02 5.5762e-02 -1.6738e-01 5.2408e-01 -1.7657e-01 -3.8313e-01 -6.7068e-01 -5.2719e-02 -4.0109e-02 -3.8620e-01 -1.4560e-01 8.3985e-01 -1.1605e-02 1.8233e-02 -2.2995e-02 -1.4856e-02 -3.4443e-02 6.3817e-03 -1.1067e-02 3.0595e-01 -1.5918e-02 -3.3413e-02 9.2522e-03 1.8640e-02 -1.2009e-01 -6.5228e-02 1.9384e-02 -3.0765e-02 6.7659e-01 3.0664e-02 -2.0527e-02 -5.4721e-02 -3.7993e-02 -1.8092e-01 4.1955e-01 -1.6061e-01 -5.0196e-01 -1.5296e-01 -8.9789e-02 4.0682e+00 -1.0709e-02 -2.0046e-02 2.5638e-02 -1.1578e-03 -3.8285e-03 5.9139e-02 -1.3635e-02 7.1883e-03 -7.1986e-02
-6.5156e-01 1.9221e+00 -5.2152e-01 -4.5174e-02 -3.4672e-01 -2.4347e-01 2.6232e+00 1.1274e-01 -3.1370e-01 -1.6928e+00 5.2350e-01 -3.4043e-01 1.9248e+00 -2.2077e-01 8.4984e-01 1.1008e+00 -2.2045e-01 -7.3107e-02 -5.6964e-02 -2.9479e-01 -9.7413e-02 -2.2118e-01 -1.8059e-01 -1.4896e-01 -2.0347e-01 -3.4188e-01 1.2120e-01 -4.5404e-01 -1.4034e-01 -3.6883e-02 -1.9633e-01 6.0639e-01 -4.0634e-02 2.4533e-01 4.8083e-01 9.7368e-03 -4.2890e-01 9.5156e-01 -3.6927e-01 -7.4196e-01 -4.7753e-01 -2.4200e-01 -1.0709e-02 1.2986e+01 -1.4511e-02 5.5797e-02 -5.6611e-02 -3.0665e-02 -5.2205e-03 1.4263e-02 7.6168e-02 -6.2962e-02
-9.4824e-02 6.1873e-01 -2.1349e+00 8.1921e-02 -2.1744e-01 -9.9676e-02 -3.4075e-01 1.7604e+00 2.4857e-01 -1.1422e-01 -4.2654e-02 -2.9754e-01 7.5685e-01 1.2958e+00 -6.0998e-01 -3.2350e-01 -1.1756e-01 -4.5235e-02 -9.7658e-02 -9.7260e-02 2.9460e-02 5.5454e-02 -1.2205e-01 -6.1698e-02 -4.5491e-02 -8.1165e-01 -7.4961e-01 6.2341e-02 -3.2373e-02 2.4924e-02 2.2999e-01 -4.9968e-01 -2.9031e-01 -4.5348e-01 1.9326e-01 4.1410e-02 5.7662e-01 -1.5060e+00 -2.9198e-01 5.5931e-01 -1.7659e-01 -2.9178e-01 -2.0046e-02 -1.4511e-02 9.4626e+00 -1.3563e-01 -4.6739e-02 -1.4089e-01 -5.6802e-02 -4.2603e-02 2.2360e-02 -4.0122e-01
-4.1293e+00 2.4689e+00 -1.5338e+00 4.1822e-02 -5.4191e-01 4.8669e+00 -1.8979e+00 2.3041e-01 -1.3283e+00 1.8060e+00 -4.7444e-01 -1.8731e-01 5.0519e+00 -4.5474e-01 -7.9546e-01 1.2425e-01 -1.0359e+00 -1.2891e-01 -6.3675e-02 -1.0975e-01 -2.8500e-02 -2.0040e-01 6.1658e-01 -2.5153e-01 -1.4140e-01 -2.7753e-01 -8.0317e-01 -6.7561e-01 -8.5796e-02 -1.1961e-01 -2.7906e-02 1.3764e-02 8.9340e-01 -2.0374e-01 -2.4098e-01 1.7814e-01 5.8076e+00 -5.5128e+00 -1.2079e+00 5.1462e+00 -1.0445e+00 2.2664e-01 2.5638e-02 5.5797e-02 -1.3563e-01 1.4163e+01 -5.8409e-02 -7.2576e-02 -1.2868e-02 -8.6187e-02 1.4775e-02 -2.0102e-02
5.8112e-01 -2.9680e-02 -2.5427e-01 -7.2596e-01 -1.2476e-01 1.3527e-01 -5.4807e-01 -2.0359e-01 3.0923e-01 -7.4496e-02 -5.7035e-01 -3.8504e-01 -4.7697e-01 -3.2343e-01 7.5408e-02 4.6807e-01 -1.3171e-01 -6.1702e-02 -1.5146e-01 -1.2796e-01 3.5157e-01 1.1808e-01 -6.0209e-02 -1.8613e-01 -9.8343e-02 1.3262e-02 -7.7480e-02 3.3594e-01 -4.8023e-02 -2.5120e-03 -3.1560e-02 -1.5556e-01 -6.9781e-02 1.5961e-01 4.2012e-02 -4.5852e-02 4.2124e-01 -3.1731e-01 -9.7050e-02 -3.9723e-01 -2.1176e-01 -3.1562e-01 -1.1578e-03 -5.6611e-02 -4.6739e-02 -5.8409e-02 8.4701e+00 1.3235e-01 -1.9251e-02 -2.2681e-02 -1.3321e-02 -3.1739e-01
-3.9674e-01 2.9869e-01 -3.2404e-01 1.6380e-01 -6.2753e-01 5.1060e-01 -7.8479e-01 -2.1337e-01 8.5500e-01 6.3702e-01 -5.0244e-01 -3.2077e-02 1.7788e+00 1.3289e+00 -5.5481e-01 -2.5880e-03 -1.2030e+00 1.5501e+00 -8.8642e-02 -7.1396e-02 -2.0001e-01 -2.6983e-01 -9.3084e-02 1.3401e-01 -9.0661e-02 -6.7920e-01 -1.1868e+00 9.0747e-01 -1.2443e-01 -1.7579e-02 -1.9494e-01 -6.9915e-01 -2.2010e-01 2.0715e-02 -6.4570e-02 1.7848e-01 8.2758e-01 -1.6849e+00 -1.5112e-01 1.1992e+00 -1.7330e-01 -2.1821e-01 -3.8285e-03 -3.0665e-02 -1.4089e-01 -7.2576e-02 1.3235e-01 1.0065e+01 -2.8248e-02 -4.4858e-02 2.2168e-01 -4.0398e-02
1.8028e-01 -1.7616e-01 2.6232e-01 1.1065e-02 1.6199e-01 -1.7294e-02 1.5341e-01 -5.5070e-01 3.8418e-02 -1.8513e-03 2.4650e-01 -1.4423e-01 -4.5140e-02 -1.6727e-01 1.8149e-01 3.5219e-01 -3.5131e-01 -6.2652e-02 1.1195e-01 8.4405e-03 -1.4124e-02 -3.1175e-02 2.5007e-01 -8.2843e-02 -5.2089e-02 -2.3598e-01 -1.2774e-01 -7.8944e-01 -1.3406e-01 -4.8719e-02 -1.3638e-01 -1.1452e-02 -6.9123e-02 -9.7177e-02 -3.9885e-02 1.5932e-01 1.5006e-01 7.6243e-01 5.5463e-01 4.6827e-01 7.2313e-02 -1.4733e-01 5.9139e-02 -5.2205e-03 -5.6802e-02 -1.2868e-02 -1.9251e-02 -2.8248e-02 6.4506e+00 5.3589e-01 -1.6612e-03 1.0323e-02
3.5239e-01 -5.5337e-01 3.0068e-02 -7.0920e-02 -2.1903e-01 -1.6711e-01 -2.1556e-01 -4.6323e-01 -1.9725e-01 7.2121e-01 4.2499e-01 -2.3208e-01 -2.0321e-01 -4.9719e-01 -1.6969e-01 6.5798e-01 -2.4267e-01 1.6658e-02 6.9242e-02 2.2904e-02 1.6580e-01 -8.4251e-02 -6.0330e-02 -5.6620e-02 -6.2925e-02 -1.9709e-01 -1.5307e-01 -2.8469e-01 -7.4477e-02 -5.6813e-02 -2.4872e-02 -2.2776e-01 2.6536e-02 2.2994e-01 -3.2599e-02 -2.5481e-02 -1.6667e-01 -4.8269e-02 1.1806e-01 -3.2550e-01 1.3370e-01 -1.2756e-01 -1.3635e-02 1.4263e-02 -4.2603e-02 -8.6187e-02 -2.2681e-02 -4.4858e-02 5.3589e-01 5.9142e+00 -1.0464e-01 -1.8061e-01
9.8767e-01 4.3812e-01 -2.4573e+00 1.7411e+01 3.5383e-03 -1.0005e+00 -1.7743e+00 -1.2407e+00 3.2708e-01 1.1214e-01 -5.6388e-01 -3.0156e-01 1.0631e+00 -2.6582e-03 -8.1051e-02 3.9540e+00 3.2490e-02 -6.3199e-01 3.6083e-01 4.4580e-02 -1.7832e-01 -7.6906e+00 1.3419e-01 -5.7215e-01 -1.2143e+00 3.6253e-02 -7.0469e-02 6.0024e-01 -1.2917e-02 -3.4556e-01 1.0467e-01 -2.8795e-01 -4.0792e-02 1.7870e-01 2.3913e-02 -5.4591e-01 4.8113e-01 7.5644e-01 -2.6582e-02 3.1967e-02 1.7790e-01 2.3935e-01 7.1883e-03 7.6168e-02 2.2360e-02 1.4775e-02 -1.3321e-02 2.2168e-01 -1.6612e-03 -1.0464e-01 2.1507e+01 -6.8750e+00
-1.9553e+00 1.6714e+00 -1.0479e+00 -4.9633e+00 1.8594e-01 -4.3761e-01 -3.7606e-01 -3.7816e-01 -3.7098e-01 -6.2728e-02 2.0465e+00 1.0962e+00 1.9667e+00 2.1953e-01 1.8012e-01 -1.7341e+00 3.4599e-01 2.8301e-01 -2.4330e+00 -5.7501e-01 1.7512e-01 1.4229e+01 -1.4413e-01 3.2564e-01 -4.4294e-01 1.8039e-01 1.7534e-01 -1.0849e-01 -1.7112e-02 -1.1786e-01 -3.4814e-02 2.1875e-01 3.4804e-02 -9.5011e-02 4.1677e-02 6.0402e-01 -3.3340e+00 8.3810e+00 3.0993e-01 9.3595e+00 2.6293e-01 2.0428e+00 -7.1986e-02 -6.2962e-02 -4.0122e-01 -2.0102e-02 -3.1739e-01 -4.0398e-02 1.0323e-02 -1.8061e-01 -6.8750e+00 3.1428e+01
