7.0450e+01 -9.9365e+00 -1.4747e+00 2.6448e+00 3.2209e-02 -3.9571e+00 7.7551e+00 1.4548e+00 1.1321e+00 1.6977e+01 1.4106e+01 6.4877e+00 -3.2863e+00 3.1488e+00 -5.7843e-01 2.1033e-01 -3.2372e-02 -6.5643e+00 2.3121e+00 -8.7962e-01 9.4136e-01 4.5856e-01 4.1067e+00 1.8830e+00 -3.2105e-01 -4.4780e-01 2.4715e+00 -1.4350e+00 1.2907e-01 9.6521e-02 -2.3455e-01 1.3554e+00 1.3944e-01 4.4130e-01 1.0515e+00 -3.9798e-01 -5.2820e-01 -9.6247e-01 3.1812e+00 -7.8813e-01 -5.6457e-01 -4.0465e-01 -1.9493e+00 2.1545e-01 3.9901e-01 -1.5412e+00 -7.3715e-02 -1.3196e-01 -6.7446e-02 -1.0318e+00 1.0827e-01 -4.5411e-02
-9.9365e+00 7.2575e+01 -2.4613e+00 -1.2334e+00 -1.7016e+01 1.9732e+01 -2.5967e+01 6.7177e+00 4.4591e+00 -2.9994e+00 -5.0026e+00 -1.1877e+01 1.4723e+00 5.1037e+00 1.6048e+01 -3.6952e+00 -6.9133e-02 1.3439e+01 -1.0013e+01 -2.9490e+00 -1.9885e+00 1.4950e+01 3.3814e+00 1.6737e-02 -3.6828e+00 -5.1845e-03 -8.5069e+00 7.0800e+00 -6.1101e-01 -3.1856e+00 7.1895e+00 -3.9794e-01 5.3548e-01 -9.6455e-02 -1.2894e+00 1.1435e+01 3.2263e-02 7.8715e+00 4.7887e+00 -3.6482e-01 -5.8121e-01 7.4532e-02 -5.7321e-01 -7.8386e-01 -5.0974e-01 4.6598e+00 -2.3652e-01 2.8748e-01 -8.8378e-01 -6.9144e-01 -2.8057e-02 2.6984e-02
-1.4747e+00 -2.4613e+00 3.6827e+01 -3.2043e-01 3.5440e+00 -7.2456e+00 4.4371e+00 -5.6664e-02 -4.1661e+00 -2.2035e+00 2.3968e-01 2.4665e+00 -1.1770e-01 -3.5303e+00 7.1936e-01 1.4264e-01 -1.3154e-01 4.6933e+00 3.6284e+00 4.0433e-01 -2.7074e+00 1.1954e+00 1.0657e+00 -6.6740e-01 1.8177e+00 -1.3911e+00 1.5375e+00 5.9241e-01 -1.8957e-01 9.7806e-01 -2.7832e+00 -7.0389e+00 1.0203e+01 -3.9336e-02 8.1439e-01 -2.4688e+00 1.8106e+00 -3.0140e-02 1.3324e+00 -3.2067e-01 1.7335e-01 7.9873e-02 7.7231e-01 6.1626e-02 1.7815e-01 -9.7673e-01 -7.4830e-01 1.4192e-01 2.4565e-01 1.6255e-01 1.5108e+01 2.3458e+00
2.6448e+00 -1.2334e+00 -3.2043e-01 1.0335e+02 -1.8023e+00 7.6910e+00 -6.5170e+00 -3.1612e+00 -1.6405e+01 5.4257e+00 5.6048e+00 9.1974e+00 1.2215e+00 -3.3079e+00 -5.9815e+00 4.6781e-01 4.6783e-04 1.1668e+01 -4.3158e+00 1.2462e+00 -3.3064e+00 3.4552e+00 7.8862e+00 5.6862e+00 -1.2388e-01 1.1206e+00 -4.4898e+00 3.3135e-02 1.8590e+00 2.6360e-01 8.1522e+00 -5.6491e-01 1.5357e+00 3.9617e-01 -1.7883e+00 1.6184e+00 5.3921e+00 -2.4317e+00 1.4398e+00 -1.6664e+00 3.3823e+00 8.7435e-02 1.0654e+01 -1.1248e+00 6.4277e-01 7.2342e-01 -2.8275e-01 -5.6449e-01 -6.0019e-01 -2.3762e-01 7.7251e-01 1.4854e+00
3.2209e-02 -1.7016e+01 3.5440e+00 -1.8023e+00 6.7774e+01 -3.9246e+01 3.4372e+01 -2.6627e-01 -4.2520e+01 -3.9086e+00 -3.0045e+00 2.0600e+00 4.5731e+00 -1.9366e+01 -8.1173e+00 2.9317e+00 -4.4649e-02 -2.3714e+01 2.3294e+01 2.3575e+00 -1.1670e+00 -4.5221e+00 -3.5003e+00 3.3880e+00 1.1864e+01 -3.5538e-01 6.3214e+00 9.2012e+00 -2.4673e+00 -3.5276e+00 -2.0337e+01 -2.3572e+00 1.0747e+00 1.5664e+00 -9.2935e-01 -5.1925e+00 7.2926e-01 3.4751e+00 6.0030e+00 -3.1890e-01 -5.1727e-01 3.4338e-01 -7.0205e-01 -2.1978e-01 6.0409e-02 -3.2453e-01 5.0592e-01 -5.1954e-02 9.2270e-01 1.2481e-01 -1.7164e-02 -7.9583e-03
-3.9571e+00 1.9732e+01 -7.2456e+00 7.6910e+00 -3.9246e+01 9.6744e+01 -5.0176e+01 -3.8219e+00 4.6689e+01 4.1071e+00 -1.2535e+00 -4.8686e+00 -9.0857e+00 4.7508e+01 -9.7113e-01 -7.0918e+00 6.3362e-03 4.6651e+01 -2.6607e+01 -2.3974e+00 -5.2977e+00 1.8490e+00 -7.0403e+00 2.0890e+00 -9.2708e+00 8.5823e-01 -5.8568e+00 -8.9835e+00 -3.8798e+00 3.7943e+00 3.6873e+01 6.0020e+00 -2.3408e+00 -1.7998e+00 -6.1906e-01 3.4996e+00 2.4010e+00 1.0379e+00 -9.6835e+00 -3.3998e-01 -2.9897e-01 7.9093e-02 -1.4378e-01 -4.7482e-01 -3.9403e-01 6.7163e-02 -5.9883e-01 -2.6973e-01 -1.1870e+00 1.0092e-01 -2.2678e+00 -1.4690e-01
7.7551e+00 -2.5967e+01 4.4371e+00 -6.5170e+00 3.4372e+01 -5.0176e+01 1.1321e+02 1.9671e+00 -5.4917e+01 -4.7102e-01 -7.1109e-01 2.5127e+00 1.2394e+00 -4.6318e+01 -1.4577e+01 6.8248e-01 -3.7541e-02 -3.3725e+01 1.7524e+01 -2.2710e+00 -5.7977e-01 3.1416e+00 -1.0858e+00 -1.2862e+00 1.2749e+01 -2.9345e-01 7.0804e+00 6.0015e-01 -1.5777e+00 -4.9975e+00 -2.6231e+01 -4.5611e+00 3.7459e+00 1.4024e+00 -2.5026e+00 -6.3266e+00 2.6763e+00 -1.5386e+00 2.8251e+01 5.6027e-01 1.0587e+00 5.0080e-01 1.5813e-01 -7.5132e-01 -9.9242e-02 -2.0675e+00 2.0548e-01 -1.8877e-01 5.3014e-01 -5.0385e-01 3.5126e-02 -6.4358e-01
1.4548e+00 6.7177e+00 -5.6664e-02 -3.1612e+00 -2.6627e-01 -3.8219e+00 1.9671e+00 5.8348e+01 -4.5865e-01 5.2229e+00 9.5568e+00 1.2076e+00 6.3437e-01 -1.1278e+00 -7.9877e-02 -2.7040e-01 -1.8950e-01 6.8416e-01 -4.3378e+00 1.3357e-01 8.5359e-01 3.5499e+00 3.4509e-01 -3.9896e-01 6.6987e-01 -2.2921e-01 5.8630e-02 3.3210e+00 -6.2135e-02 1.6009e-01 -4.5522e-01 -3.6782e+00 -6.1452e-01 -1.7134e-01 7.1809e-01 9.5979e-01 -4.0526e-02 4.1849e+00 -1.8948e+00 -3.9190e-01 -6.3895e-02 1.8028e-01 2.4091e-01 -2.7263e+00 -3.9159e-01 2.5388e+00 6.6227e-03 -9.4540e-02 1.5116e-02 -1.4164e+00 -1.0909e+00 -4.5478e-02
1.1321e+00 4.4591e+00 -4.1661e+00 -1.6405e+01 -4.2520e+01 4.6689e+01 -5.4917e+01 -4.5865e-01 1.2848e+02 6.8897e+00 1.4064e+01 -9.4402e+00 -3.1869e+00 3.3768e+01 8.8820e+00 -2.6871e+00 2.5266e-01 2.5998e+01 -1.9944e+01 1.0844e+00 -8.1769e+00 6.0999e+00 7.4130e-01 -3.2838e-01 -1.1278e+01 -6.8447e-01 -4.9628e+00 -1.1804e+01 2.4183e+00 2.8965e+00 1.4480e+01 4.2410e+00 9.8597e-01 -1.4824e+00 1.4472e+00 1.4454e+00 6.7348e-01 -7.2875e+00 -2.1894e+01 1.2276e+00 -2.8303e+00 -2.6692e-01 -4.3638e+00 -4.2475e+00 -3.6365e-01 4.1933e-01 -4.6675e-01 -2.1196e-01 -1.2151e+00 2.2508e-01 -1.5814e+00 1.9767e+00
1.6977e+01 -2.9994e+00 -2.2035e+00 5.4257e+00 -3.9086e+00 4.1071e+00 -4.7102e-01 5.2229e+00 6.8897e+00 3.2877e+01 1.5730e+01 6.4426e-01 -1.0547e+00 2.2854e+00 -3.4926e-01 -4.6951e-01 -1.1200e-01 1.3352e-01 -2.0671e+00 -3.1177e-01 -2.1927e-01 -3.1213e-01 3.4277e-01 1.1278e+00 -1.7389e+00 -7.0454e-02 1.2398e-01 -4.1715e+00 9.2943e-02 1.0290e-01 8.3871e-01 -3.6017e-01 -1.1460e+00 4.5998e-02 4.9145e-01 2.3532e-02 -5.8878e-01 -2.7460e+00 3.8046e-01 -5.5565e-01 2.1161e-01 2.6678e-01 -2.3487e-01 -3.1616e-01 -7.0308e-02 -6.2009e-02 -1.2526e-01 3.3533e-02 -1.0557e-03 -7.3798e-01 -2.0723e+00 -8.3601e-01
1.4106e+01 -5.0026e+00 2.3968e-01 5.6048e+00 -3.0045e+00 -1.2535e+00 -7.1109e-01 9.5568e+00 1.4064e+01 1.5730e+01 5.1678e+01 9.2337e-01 1.0182e+00 4.0990e+00 -4.1895e-01 1.0626e-01 -4.1104e-02 -9.1919e-01 -4.4139e+00 -1.8186e+00 -3.9402e-01 -4.7580e+00 6.2581e-01 9.9591e-01 4.2130e-01 -1.2822e-02 2.5273e-01 -4.5673e+00 1.7472e-01 -4.9875e-01 1.0833e+00 6.5848e-01 8.8784e-01 -1.8905e-01 1.4333e+00 3.0717e-01 -2.9353e-01 -2.9815e+00 -1.6076e+00 -1.4185e+00 4.9957e-02 2.1299e-01 -6.1074e-01 -1.8744e+00 2.3329e-01 -5.2136e-01 2.3878e-01 -7.9833e-01 4.2312e-02 -6.5866e-01 3.3345e-01 9.4469e-01
6.4877e+00 -1.1877e+01 2.4665e+00 9.1974e+00 2.0600e+00 -4.8686e+00 2.5127e+00 1.2076e+00 -9.4402e+00 6.4426e-01 9.2337e-01 6.9816e+01 -2.0864e+00 -2.2235e+00 -1.0459e+01 -2.9143e+00 -1.1915e-02 9.1071e+00 -4.5015e+00 -3.3701e+00 -1.6045e+00 -7.1660e+00 1.8199e+01 -1.3932e+00 1.3460e+00 -7.8860e-03 2.3212e+01 6.1049e+00 1.9797e+00 -2.2273e+00 5.6901e+00 -2.7962e+00 -1.9343e+00 -4.1418e-01 -2.2153e+00 -3.3354e+00 -7.2263e-02 1.6225e+00 -9.4475e+00 -7.4759e-02 3.8407e-02 -4.1693e-01 -4.6011e-01 -1.7077e-02 -4.0727e-01 -1.1271e+00 -1.4355e-01 -2.6878e-01 -1.1973e-01 2.1041e-01 -5.5170e-02 -8.0042e-02
-3.2863e+00 1.4723e+00 -1.1770e-01 1.2215e+00 4.5731e+00 -9.0857e+00 1.2394e+00 6.3437e-01 -3.1869e+00 -1.0547e+00 1.0182e+00 -2.0864e+00 2.3419e+01 -5.2231e+00 2.5728e+00 5.2161e+00 -3.0216e-02 -8.9378e+00 -5.1479e-01 5.0292e+00 2.0750e-01 2.2229e+00 4.6210e+00 -4.1762e-01 -2.4304e-01 -1.3884e-01 -2.3011e+00 8.6476e+00 1.7843e-01 -9.1029e-01 -4.9709e+00 -1.0498e+00 9.1388e-01 4.4721e-01 -4.2239e-01 -1.5225e+00 -4.7154e-01 -4.0470e-01 -2.1429e+00 -1.2570e-01 -1.7672e-01 -1.0872e-01 -4.6103e-01 -2.1677e-01 3.5435e-01 -6.1054e-01 6.3928e-01 -8.4384e-02 1.3066e+00 1.2660e+00 9.0727e-03 1.4255e-01
3.1488e+00 5.1037e+00 -3.5303e+00 -3.3079e+00 -1.9366e+01 4.7508e+01 -4.6318e+01 -1.1278e+00 3.3768e+01 2.2854e+00 4.0990e+00 -2.2235e+00 -5.2231e+00 1.0535e+02 1.1356e+01 5.0650e+00 -1.4291e-01 4.9239e+01 -4.0775e+01 3.6446e+00 -8.3884e+00 -4.9471e+00 -1.3435e+01 -2.5780e-01 -1.1418e+01 1.4226e-01 1.0184e+00 -4.9078e+00 -9.4462e+00 1.8366e+00 2.6471e+01 3.6430e+00 -7.2396e+00 -1.6433e+00 1.8991e+00 1.1314e+00 3.9446e+00 -6.2436e-01 -1.9972e+01 -4.8107e-01 -9.4154e-02 -7.0539e-01 3.1172e-03 2.2446e-01 -1.6509e-01 3.4013e-01 2.2614e-01 1.7361e-01 -6.9190e-02 5.3333e-01 9.6653e-01 3.6835e-01
-5.7843e-01 1.6048e+01 7.1936e-01 -5.9815e+00 -8.1173e+00 -9.7113e-01 -1.4577e+01 -7.9877e-02 8.8820e+00 -3.4926e-01 -4.1895e-01 -1.0459e+01 2.5728e+00 1.1356e+01 6.1015e+01 1.0513e+01 1.3003e-01 3.4926e+00 -9.9745e+00 9.4114e+00 -2.1808e+00 2.0340e+01 -2.7362e+00 -6.3719e-01 -1.3921e+00 -2.9167e-01 -3.1128e+00 1.8838e+00 -2.3610e+00 -2.9181e+00 -1.5443e+01 -4.1109e+00 1.4124e-01 -9.1988e-01 -1.1300e+00 7.4204e+00 -2.9827e-01 -4.2497e-01 5.5628e+00 1.6650e+00 -3.4495e-01 -9.9628e-02 -1.5456e+00 -1.7788e-01 5.1677e-01 -1.3213e+00 5.5911e-01 4.8925e-01 9.4053e-01 -6.4185e-02 3.8747e-01 -7.3361e-01
2.1033e-01 -3.6952e+00 1.4264e-01 4.6781e-01 2.9317e+00 -7.0918e+00 6.8248e-01 -2.7040e-01 -2.6871e+00 -4.6951e-01 1.0626e-01 -2.9143e+00 5.2161e+00 5.0650e+00 1.0513e+01 1.9887e+01 -6.0802e-03 -5.6757e+00 -2.5916e+00 1.2619e+01 -5.2165e-01 2.7317e+00 -6.7223e-01 -2.5050e-01 -1.6394e+00 -5.4464e-02 -2.5195e-02 5.8457e+00 -1.2572e-01 -7.8968e-01 -9.5888e+00 -1.0950e+00 5.9460e-01 -2.7452e-01 1.1814e+00 -1.3181e+00 -1.8245e-01 -1.2145e-01 -2.4882e+00 -1.5146e-01 -1.1585e-01 -1.7554e-01 -3.2761e-01 -7.7704e-02 6.5363e-01 -2.9103e-01 7.0640e-01 1.2797e-01 1.4243e+00 5.1275e-01 -3.0570e-02 2.0096e-02
-3.2372e-02 -6.9133e-02 -1.3154e-01 4.6783e-04 -4.4649e-02 6.3362e-03 -3.7541e-02 -1.8950e-01 2.5266e-01 -1.1200e-01 -4.1104e-02 -1.1915e-02 -3.0216e-02 -1.4291e-01 1.3003e-01 -6.0802e-03 3.8762e+00 1.0522e-01 3.9022e-02 1.9956e-01 -1.5243e-01 -5.0303e-03 -6.1219e-02 -4.7579e-02 -3.7055e-02 5.0233e-03 -8.1505e-02 2.2287e-01 2.1022e-01 2.7330e-03 -2.4871e-01 5.8337e-03 1.9722e-02 -2.3964e-02 -1.4131e-02 -2.9297e-02 -2.2473e-03 1.3889e-01 -1.2502e-01 2.5097e-03 6.5293e-02 9.4722e-03 -5.2212e-02 -4.1780e-02 -6.6493e-03 -4.2033e-02 -1.6280e-03 -1.6882e-02 2.3523e-02 -2.0566e-02 -1.5110e-01 5.0792e-03
-6.5643e+00 1.3439e+01 4.6933e+00 1.1668e+01 -2.3714e+01 4.6651e+01 -3.3725e+01 6.8416e-01 2.5998e+01 1.3352e-01 -9.1919e-01 9.1071e+00 -8.9378e+00 4.9239e+01 3.4926e+00 -5.6757e+00 1.0522e-01 1.0123e+02 -2.6491e+01 -6.9859e+00 -6.9109e+00 3.7262e-02 -8.9396e+00 1.1887e+00 -4.5161e+00 -5.1436e-01 7.0659e+00 -1.1257e+01 -5.0928e+00 3.9996e+00 3.6989e+01 -1.1539e+01 9.9880e-02 -2.6288e+00 -3.3460e+00 6.1315e+00 2.4106e+00 -2.0205e+00 -1.2634e+01 -4.4377e-01 1.4596e+00 1.5061e-01 -1.3606e+00 -7.9857e-01 -9.6233e-01 7.3851e-01 -5.9951e-01 7.1938e-01 -9.6177e-01 8.7017e-01 -5.2792e-02 -1.7376e-02
2.3121e+00 -1.0013e+01 3.6284e+00 -4.3158e+00 2.3294e+01 -2.6607e+01 1.7524e+01 -4.3378e+00 -1.9944e+01 -2.0671e+00 -4.4139e+00 -4.5015e+00 -5.1479e-01 -4.0775e+01 -9.9745e+00 -2.5916e+00 3.9022e-02 -2.6491e+01 9.0800e+01 1.9426e+00 -5.0072e+00 -5.4682e+00 -6.8051e-01 3.9662e+00 1.0500e+01 -3.6155e-01 -2.2804e+00 -3.6446e+00 -3.6706e+00 -1.2660e+00 -2.6757e+01 -2.7565e+00 1.9086e+00 7.9731e-01 9.5485e-01 -3.9631e+00 1.7664e+00 -3.3975e+00 5.4424e-01 -8.8326e-01 -1.2311e+00 4.7949e-01 -5.1239e-02 -9.8353e-01 -4.6695e-01 -4.0717e-02 -6.0498e-02 -6.8581e-01 -1.8774e-02 -2.7302e-01 -6.9767e-03 2.8596e-02
-8.7962e-01 -2.9490e+00 4.0433e-01 1.2462e+00 2.3575e+00 -2.3974e+00 -2.2710e+00 1.3357e-01 1.0844e+00 -3.1177e-01 -1.8186e+00 -3.3701e+00 5.0292e+00 3.6446e+00 9.4114e+00 1.2619e+01 1.9956e-01 -6.9859e+00 1.9426e+00 4.0454e+01 -1.8355e+00 1.0583e+00 -1.2194e+00 -6.2002e-01 -2.1827e+00 1.3773e-01 -7.2367e-02 8.3584e+00 -7.7621e-01 -5.0129e-01 -1.2012e+01 -1.2504e+00 1.3305e+00 -4.1764e-01 -7.6515e-01 -1.7897e+00 8.9192e-01 2.2812e+00 -6.2476e+00 4.9359e-01 -5.5136e-01 -2.3994e-01 -1.3134e+00 2.7297e-01 1.0470e+00 -4.1236e-01 6.2244e-01 -2.3981e-02 1.3075e+00 -4.1716e-01 7.5045e-02 5.7917e-01
9.4136e-01 -1.9885e+00 -2.7074e+00 -3.3064e+00 -1.1670e+00 -5.2977e+00 -5.7977e-01 8.5359e-01 -8.1769e+00 -2.1927e-01 -3.9402e-01 -1.6045e+00 2.0750e-01 -8.3884e+00 -2.1808e+00 -5.2165e-01 -1.5243e-01 -6.9109e+00 -5.0072e+00 -1.8355e+00 4.1228e+01 -2.5938e+00 -6.3965e-01 -7.1063e-01 -9.1875e-01 2.3205e+00 -1.9104e+00 -1.5425e+00 1.3145e+01 1.8923e-01 1.1610e+01 1.1907e+00 -4.5800e-01 -2.8201e-01 3.6506e+00 4.0490e+00 -6.9399e+00 -2.7315e-02 3.4664e+00 -3.9319e-01 -6.3040e-01 -1.4272e-01 -1.2393e+00 -3.7207e-01 8.7031e-01 -4.4838e-01 -1.3340e-03 5.7532e-01 1.6741e-01 8.9778e-02 -1.7202e+00 5.4242e-01
4.5856e-01 1.4950e+01 1.1954e+00 3.4552e+00 -4.5221e+00 1.8490e+00 3.1416e+00 3.5499e+00 6.0999e+00 -3.1213e-01 -4.7580e+00 -7.1660e+00 2.2229e+00 -4.9471e+00 2.0340e+01 2.7317e+00 -5.0303e-03 3.7262e-02 -5.4682e+00 1.0583e+00 -2.5938e+00 6.4329e+01 4.9945e-01 -4.9903e-01 4.0917e+00 4.7194e-02 -9.5348e+00 2.7802e-01 -1.2025e+00 -2.6715e+00 -1.2607e+01 -3.9471e+00 2.6782e-01 -5.1518e-01 -1.7329e+00 7.9015e+00 3.8219e-01 -1.2994e+00 2.3900e+01 6.0804e-01 -6.6980e-01 -1.6664e-01 -1.4847e+00 -2.5421e-01 -2.3967e-02 -1.5400e+00 5.3885e-01 4.9957e-01 4.5212e-01 -4.2248e-01 -1.6414e-01 -2.0190e-01
4.1067e+00 3.3814e+00 1.0657e+00 7.8862e+00 -3.5003e+00 -7.0403e+00 -1.0858e+00 3.4509e-01 7.4130e-01 3.4277e-01 6.2581e-01 1.8199e+01 4.6210e+00 -1.3435e+01 -2.7362e+00 -6.7223e-01 -6.1219e-02 -8.9396e+00 -6.8051e-01 -1.2194e+00 -6.3965e-01 4.9945e-01 3.4510e+01 -1.0139e+00 -7.7689e-01 -2.1000e-01 -6.3020e-01 9.5653e+00 1.2508e+00 -5.9806e-01 -1.3857e+00 -3.5339e-01 1.5628e+00 1.4370e-01 -1.0060e+00 3.4306e-01 -1.7790e-01 1.7398e+00 -1.6755e+00 -3.9007e-02 -2.7967e-01 -5.1440e-02 -1.7691e-01 -1.0165e-01 -1.3617e-01 -2.2961e-01 -5.5322e-02 -9.9401e-02 -7.2316e-02 -3.7810e-02 -4.3341e-02 -1.4383e-02
1.8830e+00 1.6737e-02 -6.6740e-01 5.6862e+00 3.3880e+00 2.0890e+00 -1.2862e+00 -3.9896e-01 -3.2838e-01 1.1278e+00 9.9591e-01 -1.3932e+00 -4.1762e-01 -2.5780e-01 -6.3719e-01 -2.5050e-01 -4.7579e-02 1.1887e+00 3.9662e+00 -6.2002e-01 -7.1063e-01 -4.9903e-01 -1.0139e+00 1.8506e+01 1.2164e-01 1.2116e+00 -1.7492e-01 3.4502e-01 -9.5500e-01 -7.1225e-02 9.7786e-01 1.0023e-01 4.4841e-02 2.7951e-01 -5.8255e-01 1.7538e-01 -4.4763e-01 2.0581e+00 -4.1395e-01 -9.6360e-02 -1.9157e-01 -8.8999e-02 -1.3814e-01 -1.6308e-01 1.8626e-01 1.1717e+00 -3.5298e-02 -1.4315e-01 1.2564e-02 -9.3749e-02 -4.9723e-01 -6.0757e-01
-3.2105e-01 -3.6828e+00 1.8177e+00 -1.2388e-01 1.1864e+01 -9.2708e+00 1.2749e+01 6.6987e-01 -1.1278e+01 -1.7389e+00 4.2130e-01 1.3460e+00 -2.4304e-01 -1.1418e+01 -1.3921e+00 -1.6394e+00 -3.7055e-02 -4.5161e+00 1.0500e+01 -2.1827e+00 -9.1875e-01 4.0917e+00 -7.7689e-01 1.2164e-01 3.7118e+01 -2.0716e-01 2.4458e+00 2.4941e+00 -6.2560e-01 -5.2229e-01 -1.5661e+01 -2.4127e+00 -3.7444e+00 -3.2176e-01 2.0956e-01 -1.9990e+00 1.2292e-01 -6.1113e-01 1.5780e+01 -2.3353e-01 -4.0543e-01 5.7512e-01 -7.7556e-01 1.5036e-01 -1.6985e-01 -8.0973e-01 4.0623e-01 6.2444e-02 -3.7265e-01 -1.7399e-01 3.4391e-02 -2.1521e-01
-4.4780e-01 -5.1845e-03 -1.3911e+00 1.1206e+00 -3.5538e-01 8.5823e-01 -2.9345e-01 -2.2921e-01 -6.8447e-01 -7.0454e-02 -1.2822e-02 -7.8860e-03 -1.3884e-01 1.4226e-01 -2.9167e-01 -5.4464e-02 5.0233e-03 -5.1436e-01 -3.6155e-01 1.3773e-01 2.3205e+00 4.7194e-02 -2.1000e-01 1.2116e+00 -2.0716e-01 9.4538e+00 -2.0417e-01 -2.5597e-01 -2.5189e-01 1.0047e-01 -1.4698e-01 -1.4261e-01 -1.1423e+00 2.2806e-02 2.1964e-01 -8.0370e-02 4.4460e-01 -2.0480e-01 -2.0993e-01 4.9732e-01 -1.4503e-01 -3.5891e-02 -3.9847e-01 -1.5908e-01 -1.1405e-02 1.3062e+00 -1.2531e-02 -4.0120e-02 1.6469e-01 -8.4210e-02 -1.2294e+00 4.3189e-01
2.4715e+00 -8.5069e+00 1.5375e+00 -4.4898e+00 6.3214e+00 -5.8568e+00 7.0804e+00 5.8630e-02 -4.9628e+00 1.2398e-01 2.5273e-01 2.3212e+01 -2.3011e+00 1.0184e+00 -3.1128e+00 -2.5195e-02 -8.1505e-02 7.0659e+00 -2.2804e+00 -7.2367e-02 -1.9104e+00 -9.5348e+00 -6.3020e-01 -1.7492e-01 2.4458e+00 -2.0417e-01 4.7015e+01 5.5106e-02 -1.6479e+00 -2.5916e+00 3.8583e+00 -4.2184e+00 -2.6142e+00 -2.3890e-01 8.0256e-01 -3.7559e+00 4.9206e-01 -7.9116e-01 -9.1871e+00 1.3641e+00 -5.3953e-02 -3.0965e-01 2.5207e-02 -5.1871e-02 -2.3412e-01 -4.6645e-01 -1.3429e-01 3.2002e-01 9.1555e-02 1.5155e-01 -2.0052e-01 -5.7846e-02
-1.4350e+00 7.0800e+00 5.9241e-01 3.3135e-02 9.2012e+00 -8.9835e+00 6.0015e-01 3.3210e+00 -1.1804e+01 -4.1715e+00 -4.5673e+00 6.1049e+00 8.6476e+00 -4.9078e+00 1.8838e+00 5.8457e+00 2.2287e-01 -1.1257e+01 -3.6446e+00 8.3584e+00 -1.5425e+00 2.7802e-01 9.5653e+00 3.4502e-01 2.4941e+00 -2.5597e-01 5.5106e-02 5.4953e+01 3.1187e+00 -1.3646e+00 -9.9252e+00 -1.8572e+00 -2.4546e+00 2.0161e+00 -1.5051e+00 -2.8809e+00 -4.9859e-01 1.9700e+01 -6.2153e+00 -5.0601e-01 -4.3152e-01 -4.6318e-01 -5.0309e-02 -1.5124e-01 3.3982e-01 -6.6204e-01 5.4817e-01 -1.5988e-01 1.0600e+00 -3.2486e-01 -9.0819e-02 -6.2918e-01
1.2907e-01 -6.1101e-01 -1.8957e-01 1.8590e+00 -2.4673e+00 -3.8798e+00 -1.5777e+00 -6.2135e-02 2.4183e+00 9.2943e-02 1.7472e-01 1.9797e+00 1.7843e-01 -9.4462e+00 -2.3610e+00 -1.2572e-01 2.1022e-01 -5.0928e+00 -3.6706e+00 -7.7621e-01 1.3145e+01 -1.2025e+00 1.2508e+00 -9.5500e-01 -6.2560e-01 -2.5189e-01 -1.6479e+00 3.1187e+00 3.6316e+01 -2.7047e-02 9.2701e+00 -2.1621e-01 1.9395e+00 8.4497e-02 3.3922e+00 -6.5332e-01 -7.4208e+00 -1.2636e+00 -7.7546e-01 -1.1339e-01 -4.6888e-01 -1.8090e-01 3.2701e-01 -4.6385e-01 7.7915e-01 -5.6696e-02 9.5200e-04 5.4184e-01 8.4598e-02 1.5044e-01 1.5025e-01 1.9871e-01
9.6521e-02 -3.1856e+00 9.7806e-01 2.6360e-01 -3.5276e+00 3.7943e+00 -4.9975e+00 1.6009e-01 2.8965e+00 1.0290e-01 -4.9875e-01 -2.2273e+00 -9.1029e-01 1.8366e+00 -2.9181e+00 -7.8968e-01 2.7330e-03 3.9996e+00 -1.2660e+00 -5.0129e-01 1.8923e-01 -2.6715e+00 -5.9806e-01 -7.1225e-02 -5.2229e-01 1.0047e-01 -2.5916e+00 -1.3646e+00 -2.7047e-02 1.6842e+01 2.1164e+00 -1.3171e+00 6.6481e-01 -2.6952e-01 -4.1517e-01 -9.5043e-01 -2.5931e-02 -2.0752e-01 -1.0893e+00 -2.7330e-02 -7.4617e-02 5.3723e-01 -4.7070e-01 4.3538e-02 -1.9290e-03 -6.2124e-01 -1.2249e-01 -5.3832e-02 2.2601e-01 -5.1067e-04 4.0883e-03 1.0465e-01
-2.3455e-01 7.1895e+00 -2.7832e+00 8.1522e+00 -2.0337e+01 3.6873e+01 -2.6231e+01 -4.5522e-01 1.4480e+01 8.3871e-01 1.0833e+00 5.6901e+00 -4.9709e+00 2.6471e+01 -1.5443e+01 -9.5888e+00 -2.4871e-01 3.6989e+01 -2.6757e+01 -1.2012e+01 1.1610e+01 -1.2607e+01 -1.3857e+00 9.7786e-01 -1.5661e+01 -1.4698e-01 3.8583e+00 -9.9252e+00 9.2701e+00 2.1164e+00 8.8327e+01 4.0481e+00 1.2593e+00 -2.8842e+00 2.1765e+00 6.6534e+00 -4.8421e+00 -2.1610e+00 -8.4374e+00 -6.3197e-01 1.7948e+00 -3.0255e-01 4.3285e-01 -7.8594e-01 -1.4684e-02 5.5849e-01 -7.8339e-01 -6.4524e-02 -8.1504e-01 -1.1885e-01 -3.0573e-03 -2.6247e-02
1.3554e+00 -3.9794e-01 -7.0389e+00 -5.6491e-01 -2.3572e+00 6.0020e+00 -4.5611e+00 -3.6782e+00 4.2410e+00 -3.6017e-01 6.5848e-01 -2.7962e+00 -1.0498e+00 3.6430e+00 -4.1109e+00 -1.0950e+00 5.8337e-03 -1.1539e+01 -2.7565e+00 -1.2504e+00 1.1907e+00 -3.9471e+00 -3.5339e-01 1.0023e-01 -2.4127e+00 -1.4261e-01 -4.2184e+00 -1.8572e+00 -2.1621e-01 -1.3171e+00 4.0481e+00 2.8329e+01 5.5627e-01 -4.8399e-01 -6.3498e-01 -2.1480e+00 -1.3492e-01 1.2248e-01 -3.3629e+00 -1.2001e-01 -9.7863e-02 -2.7183e-01 1.6021e+00 -1.4216e-01 4.7394e-01 3.8983e-01 -1.0172e-01 -1.0697e-01 1.9988e-01 -8.1013e-02 -2.3182e-01 -3.3031e-02
1.3944e-01 5.3548e-01 1.0203e+01 1.5357e+00 1.0747e+00 -2.3408e+00 3.7459e+00 -6.1452e-01 9.8597e-01 -1.1460e+00 8.8784e-01 -1.9343e+00 9.1388e-01 -7.2396e+00 1.4124e-01 5.9460e-01 1.9722e-02 9.9880e-02 1.9086e+00 1.3305e+00 -4.5800e-01 2.6782e-01 1.5628e+00 4.4841e-02 -3.7444e+00 -1.1423e+00 -2.6142e+00 -2.4546e+00 1.9395e+00 6.6481e-01 1.2593e+00 5.5627e-01 4.6942e+01 4.9290e-01 5.3635e-01 -1.4865e+00 2.6375e+00 1.5677e+00 -1.0742e-01 -2.5499e-01 2.6723e-01 8.0354e-02 -5.3083e+00 -7.8735e-01 2.7883e-01 8.0448e-01 -1.1551e-01 -1.4596e-01 -1.6329e-01 4.7706e-01 1.0632e+01 3.2406e+00
4.4130e-01 -9.6455e-02 -3.9336e-02 3.9617e-01 1.5664e+00 -1.7998e+00 1.4024e+00 -1.7134e-01 -1.4824e+00 4.5998e-02 -1.8905e-01 -4.1418e-01 4.4721e-01 -1.6433e+00 -9.1988e-01 -2.7452e-01 -2.3964e-02 -2.6288e+00 7.9731e-01 -4.1764e-01 -2.8201e-01 -5.1518e-01 1.4370e-01 2.7951e-01 -3.2176e-01 2.2806e-02 -2.3890e-01 2.0161e+00 8.4497e-02 -2.6952e-01 -2.8842e+00 -4.8399e-01 4.9290e-01 1.0823e+01 4.7782e-01 -4.5950e-01 -7.4405e-01 2.0838e-01 1.6184e-02 -2.5259e-02 -7.0786e-02 -6.9947e-02 2.6741e-01 -1.1714e-01 -7.3078e-02 7.7749e-02 8.0426e-02 -4.3837e-02 -3.3205e-02 -7.5713e-02 -2.2647e-01 -8.3508e-01
1.0515e+00 -1.2894e+00 8.1439e-01 -1.7883e+00 -9.2935e-01 -6.1906e-01 -2.5026e+00 7.1809e-01 1.4472e+00 4.9145e-01 1.4333e+00 -2.2153e+00 -4.2239e-01 1.8991e+00 -1.1300e+00 1.1814e+00 -1.4131e-02 -3.3460e+00 9.5485e-01 -7.6515e-01 3.6506e+00 -1.7329e+00 -1.0060e+00 -5.8255e-01 2.0956e-01 2.1964e-01 8.0256e-01 -1.5051e+00 3.3922e+00 -4.1517e-01 2.1765e+00 -6.3498e-01 5.3635e-01 4.7782e-01 2.4660e+01 -5.7959e-01 1.2914e-01 -1.0686e+00 6.9835e+00 -1.6710e-01 8.1034e-01 -1.4298e-01 -1.0890e-01 -1.3957e-01 -1.0827e-01 -1.8051e-01 -3.8915e-02 -2.0184e-01 1.5478e-01 -1.4352e-01 -2.1954e-02 -1.4798e-02
-3.9798e-01 1.1435e+01 -2.4688e+00 1.6184e+00 -5.1925e+00 3.4996e+00 -6.3266e+00 9.5979e-01 1.4454e+00 2.3532e-02 3.0717e-01 -3.3354e+00 -1.5225e+00 1.1314e+00 7.4204e+00 -1.3181e+00 -2.9297e-02 6.1315e+00 -3.9631e+00 -1.7897e+00 4.0490e+00 7.9015e+00 3.4306e-01 1.7538e-01 -1.9990e+00 -8.0370e-02 -3.7559e+00 -2.8809e+00 -6.5332e-01 -9.5043e-01 6.6534e+00 -2.1480e+00 -1.4865e+00 -4.5950e-01 -5.7959e-01 3.1334e+01 4.2770e-01 -3.3828e-01 1.3463e+01 -1.5839e-01 -1.2447e-01 1.7592e-01 1.7610e+00 -1.4257e-01 -2.8813e-01 4.7880e+00 9.7016e-02 -1.3252e-01 -4.9465e-01 -1.6596e-01 6.4144e-02 -3.5319e-02
-5.2820e-01 3.2263e-02 1.8106e+00 5.3921e+00 7.2926e-01 2.4010e+00 2.6763e+00 -4.0526e-02 6.7348e-01 -5.8878e-01 -2.9353e-01 -7.2263e-02 -4.7154e-01 3.9446e+00 -2.9827e-01 -1.8245e-01 -2.2473e-03 2.4106e+00 1.7664e+00 8.9192e-01 -6.9399e+00 3.8219e-01 -1.7790e-01 -4.4763e-01 1.2292e-01 4.4460e-01 4.9206e-01 -4.9859e-01 -7.4208e+00 -2.5931e-02 -4.8421e+00 -1.3492e-01 2.6375e+00 -7.4405e-01 1.2914e-01 4.2770e-01 2.9968e+01 6.3543e-01 2.5387e+00 -1.0363e-01 1.9905e-01 3.2137e-02 2.8045e+00 -3.5726e-01 -8.6616e-01 2.0845e-01 -7.2658e-03 -6.1751e-01 -3.1425e-01 1.3983e-01 2.1843e+00 1.6871e+01
-9.6247e-01 7.8715e+00 -3.0140e-02 -2.4317e+00 3.4751e+00 1.0379e+00 -1.5386e+00 4.1849e+00 -7.2875e+00 -2.7460e+00 -2.9815e+00 1.6225e+00 -4.0470e-01 -6.2436e-01 -4.2497e-01 -1.2145e-01 1.3889e-01 -2.0205e+00 -3.3975e+00 2.2812e+00 -2.7315e-02 -1.2994e+00 1.7398e+00 2.0581e+00 -6.1113e-01 -2.0480e-01 -7.9116e-01 1.9700e+01 -1.2636e+00 -2.0752e-01 -2.1610e+00 1.2248e-01 1.5677e+00 2.0838e-01 -1.0686e+00 -3.3828e-01 6.3543e-01 3.6881e+01 -3.1130e+00 -2.4845e-01 1.6371e-01 2.4863e-02 2.4456e-01 -3.1925e-01 -1.4631e-01 1.9714e-01 -8.8150e-02 -2.8562e-01 -2.8126e-02 -2.9048e-01 -6.3623e-02 8.8505e-02
3.1812e+00 4.7887e+00 1.3324e+00 1.4398e+00 6.0030e+00 -9.6835e+00 2.8251e+01 -1.8948e+00 -2.1894e+01 3.8046e-01 -1.6076e+00 -9.4475e+00 -2.1429e+00 -1.9972e+01 5.5628e+00 -2.4882e+00 -1.2502e-01 -1.2634e+01 5.4424e-01 -6.2476e+00 3.4664e+00 2.3900e+01 -1.6755e+00 -4.1395e-01 1.5780e+01 -2.0993e-01 -9.1871e+00 -6.2153e+00 -7.7546e-01 -1.0893e+00 -8.4374e+00 -3.3629e+00 -1.0742e-01 1.6184e-02 6.9835e+00 1.3463e+01 2.5387e+00 -3.1130e+00 8.6851e+01 -6.0077e-01 1.9599e+00 1.5138e+00 -1.5275e+00 6.9004e+00 -5.9793e-01 -1.4449e+00 1.5452e-01 -7.3396e-01 -5.2486e-01 -3.2238e-01 -5.1656e-01 -1.4659e-01
-7.8813e-01 -3.6482e-01 -3.2067e-01 -1.6664e+00 -3.1890e-01 -3.3998e-01 5.6027e-01 -3.9190e-01 1.2276e+00 -5.5565e-01 -1.4185e+00 -7.4759e-02 -1.2570e-01 -4.8107e-01 1.6650e+00 -1.5146e-01 2.5097e-03 -4.4377e-01 -8.8326e-01 4.9359e-01 -3.9319e-01 6.0804e-01 -3.9007e-02 -9.6360e-02 -2.3353e-01 4.9732e-01 1.3641e+00 -5.0601e-01 -1.1339e-01 -2.7330e-02 -6.3197e-01 -1.2001e-01 -2.5499e-01 -2.5259e-02 -1.6710e-01 -1.5839e-01 -1.0363e-01 -2.4845e-01 -6.0077e-01 9.4706e+00 4.1336e-02 -5.2109e-02 -9.7169e-02 1.8733e+00 -6.8154e-02 -3.4743e-02 3.2117e-02 3.6798e-01 -1.9807e-03 -2.9429e-02 -1.9457e-01 -1.9438e-01
-5.6457e-01 -5.8121e-01 1.7335e-01 3.3823e+00 -5.1727e-01 -2.9897e-01 1.0587e+00 -6.3895e-02 -2.8303e+00 2.1161e-01 4.9957e-02 3.8407e-02 -1.7672e-01 -9.4154e-02 -3.4495e-01 -1.1585e-01 6.5293e-02 1.4596e+00 -1.2311e+00 -5.5136e-01 -6.3040e-01 -6.6980e-01 -2.7967e-01 -1.9157e-01 -4.0543e-01 -1.4503e-01 -5.3953e-02 -4.3152e-01 -4.6888e-01 -7.4617e-02 1.7948e+00 -9.7863e-02 2.6723e-01 -7.0786e-02 8.1034e-01 -1.2447e-01 1.9905e-01 1.6371e-01 1.9599e+00 4.1336e-02 1.2200e+01 -6.1222e-02 -4.0752e-01 -2.0304e-01 -3.0852e-02 -2.2014e-01 -2.2598e-02 7.4370e-01 -3.9214e-02 -1.0594e-01 -6.9548e-02 7.5235e-02
-4.0465e-01 7.4532e-02 7.9873e-02 8.7435e-02 3.4338e-01 7.9093e-02 5.0080e-01 1.8028e-01 -2.6692e-01 2.6678e-01 2.1299e-01 -4.1693e-01 -1.0872e-01 -7.0539e-01 -9.9628e-02 -1.7554e-01 9.4722e-03 1.5061e-01 4.7949e-01 -2.3994e-01 -1.4272e-01 -1.6664e-01 -5.1440e-02 -8.8999e-02 5.7512e-01 -3.5891e-02 -3.0965e-01 -4.6318e-01 -1.8090e-01 5.3723e-01 -3.0255e-01 -2.7183e-01 8.0354e-02 -6.9947e-02 -1.4298e-01 1.7592e-01 3.2137e-02 2.4863e-02 1.5138e+00 -5.2109e-02 -6.1222e-02 7.7691e+00 -3.3219e-02 -3.0360e-02 -3.0302e-02 -9.7479e-02 2.5283e-03 -2.2979e-02 -4.1243e-02 -6.7498e-02 -1.0114e-01 -3.6581e-02
-1.9493e+00 -5.7321e-01 7.7231e-01 1.0654e+01 -7.0205e-01 -1.4378e-01 1.5813e-01 2.4091e-01 -4.3638e+00 -2.3487e-01 -6.1074e-01 -4.6011e-01 -4.6103e-01 3.1172e-03 -1.5456e+00 -3.2761e-01 -5.2212e-02 -1.3606e+00 -5.1239e-02 -1.3134e+00 -1.2393e+00 -1.4847e+00 -1.7691e-01 -1.3814e-01 -7.7556e-01 -3.9847e-01 2.5207e-02 -5.0309e-02 3.2701e-01 -4.7070e-01 4.3285e-01 1.6021e+00 -5.3083e+00 2.6741e-01 -1.0890e-01 1.7610e+00 2.8045e+00 2.4456e-01 -1.5275e+00 -9.7169e-02 -4.0752e-01 -3.3219e-02 2.6004e+01 -6.7218e-01 -8.0171e-02 1.8435e+00 -7.8820e-02 -1.3811e-01 -2.9662e-01 -3.0295e-01 6.0751e-01 2.6539e+00
2.1545e-01 -7.8386e-01 6.1626e-02 -1.1248e+00 -2.1978e-01 -4.7482e-01 -7.5132e-01 -2.7263e+00 -4.2475e+00 -3.1616e-01 -1.8744e+00 -1.7077e-02 -2.1677e-01 2.2446e-01 -1.7788e-01 -7.7704e-02 -4.1780e-02 -7.9857e-01 -9.8353e-01 2.7297e-01 -3.7207e-01 -2.5421e-01 -1.0165e-01 -1.6308e-01 1.5036e-01 -1.5908e-01 -5.1871e-02 -1.5124e-01 -4.6385e-01 4.3538e-02 -7.8594e-01 -1.4216e-01 -7.8735e-01 -1.1714e-01 -1.3957e-01 -1.4257e-01 -3.5726e-01 -3.1925e-01 6.9004e+00 1.8733e+00 -2.0304e-01 -3.0360e-02 -6.7218e-01 1.6600e+01 -1.6331e-01 -3.6861e-01 1.9146e-01 -8.0056e-02 -4.5573e-02 -2.8394e-01 5.8952e-03 -4.6359e-01
3.9901e-01 -5.0974e-01 1.7815e-01 6.4277e-01 6.0409e-02 -3.9403e-01 -9.9242e-02 -3.9159e-01 -3.6365e-01 -7.0308e-02 2.3329e-01 -4.0727e-01 3.5435e-01 -1.6509e-01 5.1677e-01 6.5363e-01 -6.6493e-03 -9.6233e-01 -4.6695e-01 1.0470e+00 8.7031e-01 -2.3967e-02 -1.3617e-01 1.8626e-01 -1.6985e-01 -1.1405e-02 -2.3412e-01 3.3982e-01 7.7915e-01 -1.9290e-03 -1.4684e-02 4.7394e-01 2.7883e-01 -7.3078e-02 -1.0827e-01 -2.8813e-01 -8.6616e-01 -1.4631e-01 -5.9793e-01 -6.8154e-02 -3.0852e-02 -3.0302e-02 -8.0171e-02 -1.6331e-01 7.7542e+00 -7.9805e-02 -7.9450e-04 -4.4982e-02 3.4355e-02 -4.9311e-02 1.1109e-01 1.4635e-02
-1.5412e+00 4.6598e+00 -9.7673e-01 7.2342e-01 -3.2453e-01 6.7163e-02 -2.0675e+00 2.5388e+00 4.1933e-01 -6.2009e-02 -5.2136e-01 -1.1271e+00 -6.1054e-01 3.4013e-01 -1.3213e+00 -2.9103e-01 -4.2033e-02 7.3851e-01 -4.0717e-02 -4.1236e-01 -4.4838e-01 -1.5400e+00 -2.2961e-01 1.1717e+00 -8.0973e-01 1.3062e+00 -4.6645e-01 -6.6204e-01 -5.6696e-02 -6.2124e-01 5.5849e-01 3.8983e-01 8.0448e-01 7.7749e-02 -1.8051e-01 4.7880e+00 2.0845e-01 1.9714e-01 -1.4449e+00 -3.4743e-02 -2.2014e-01 -9.7479e-02 1.8435e+00 -3.6861e-01 -7.9805e-02 1.6150e+01 -3.0199e-02 -1.0480e-01 -1.3057e-01 -2.4486e-01 3.4448e-02 1.2480e-01
-7.3715e-02 -2.3652e-01 -7.4830e-01 -2.8275e-01 5.0592e-01 -5.9883e-01 2.0548e-01 6.6227e-03 -4.6675e-01 -1.2526e-01 2.3878e-01 -1.4355e-01 6.3928e-01 2.2614e-01 5.5911e-01 7.0640e-01 -1.6280e-03 -5.9951e-01 -6.0498e-02 6.2244e-01 -1.3340e-03 5.3885e-01 -5.5322e-02 -3.5298e-02 4.0623e-01 -1.2531e-02 -1.3429e-01 5.4817e-01 9.5200e-04 -1.2249e-01 -7.8339e-01 -1.0172e-01 -1.1551e-01 8.0426e-02 -3.8915e-02 9.7016e-02 -7.2658e-03 -8.8150e-02 1.5452e-01 3.2117e-02 -2.2598e-02 2.5283e-03 -7.8820e-02 1.9146e-01 -7.9450e-04 -3.0199e-02 3.8383e+00 -2.1467e-02 -1.6102e-02 -2.9231e-02 5.6852e-03 -3.2070e-02
-1.3196e-01 2.8748e-01 1.4192e-01 -5.6449e-01 -5.1954e-02 -2.6973e-01 -1.8877e-01 -9.4540e-02 -2.1196e-01 3.3533e-02 -7.9833e-01 -2.6878e-01 -8.4384e-02 1.7361e-01 4.8925e-01 1.2797e-01 -1.6882e-02 7.1938e-01 -6.8581e-01 -2.3981e-02 5.7532e-01 4.9957e-01 -9.9401e-02 -1.4315e-01 6.2444e-02 -4.0120e-02 3.2002e-01 -1.5988e-01 5.4184e-01 -5.3832e-02 -6.4524e-02 -1.0697e-01 -1.4596e-01 -4.3837e-02 -2.0184e-01 -1.3252e-01 -6.1751e-01 -2.8562e-01 -7.3396e-01 3.6798e-01 7.4370e-01 -2.2979e-02 -1.3811e-01 -8.0056e-02 -4.4982e-02 -1.0480e-01 -2.1467e-02 7.2658e+00 1.1026e-01 -6.3387e-02 4.1871e-02 2.6292e-02
-6.7446e-02 -8.8378e-01 2.4565e-01 -6.0019e-01 9.2270e-01 -1.1870e+00 5.3014e-01 1.5116e-02 -1.2151e+00 -1.0557e-03 4.2312e-02 -1.1973e-01 1.3066e+00 -6.9190e-02 9.4053e-01 1.4243e+00 2.3523e-02 -9.6177e-01 -1.8774e-02 1.3075e+00 1.6741e-01 4.5212e-01 -7.2316e-02 1.2564e-02 -3.7265e-01 1.6469e-01 9.1555e-02 1.0600e+00 8.4598e-02 2.2601e-01 -8.1504e-01 1.9988e-01 -1.6329e-01 -3.3205e-02 1.5478e-01 -4.9465e-01 -3.1425e-01 -2.8126e-02 -5.2486e-01 -1.9807e-03 -3.9214e-02 -4.1243e-02 -2.9662e-01 -4.5573e-02 3.4355e-02 -1.3057e-01 -1.6102e-02 1.1026e-01 7.4356e+00 -2.7582e-02 1.1375e-01 -1.7113e-01
-1.0318e+00 -6.9144e-01 1.6255e-01 -2.3762e-01 1.2481e-01 1.0092e-01 -5.0385e-01 -1.4164e+00 2.2508e-01 -7.3798e-01 -6.5866e-01 2.1041e-01 1.2660e+00 5.3333e-01 -6.4185e-02 5.1275e-01 -2.0566e-02 8.7017e-01 -2.7302e-01 -4.1716e-01 8.9778e-02 -4.2248e-01 -3.7810e-02 -9.3749e-02 -1.7399e-01 -8.4210e-02 1.5155e-01 -3.2486e-01 1.5044e-01 -5.1067e-04 -1.1885e-01 -8.1013e-02 4.7706e-01 -7.5713e-02 -1.4352e-01 -1.6596e-01 1.3983e-01 -2.9048e-01 -3.2238e-01 -2.9429e-02 -1.0594e-01 -6.7498e-02 -3.0295e-01 -2.8394e-01 -4.9311e-02 -2.4486e-01 -2.9231e-02 -6.3387e-02 -2.7582e-02 1.1122e+01 8.1777e-02 3.4936e-02
1.0827e-01 -2.8057e-02 1.5108e+01 7.7251e-01 -1.7164e-02 -2.2678e+00 3.5126e-02 -1.0909e+00 -1.5814e+00 -2.0723e+00 3.3345e-01 -5.5170e-02 9.0727e-03 9.6653e-01 3.8747e-01 -3.0570e-02 -1.5110e-01 -5.2792e-02 -6.9767e-03 7.5045e-02 -1.7202e+00 -1.6414e-01 -4.3341e-02 -4.9723e-01 3.4391e-02 -1.2294e+00 -2.0052e-01 -9.0819e-02 1.5025e-01 4.0883e-03 -3.0573e-03 -2.3182e-01 1.0632e+01 -2.2647e-01 -2.1954e-02 6.4144e-02 2.1843e+00 -6.3623e-02 -5.1656e-01 -1.9457e-01 -6.9548e-02 -1.0114e-01 6.0751e-01 5.8952e-03 1.1109e-01 3.4448e-02 5.6852e-03 4.1871e-02 1.1375e-01 8.1777e-02 1.6209e+01 2.3347e+00
-4.5411e-02 2.6984e-02 2.3458e+00 1.4854e+00 -7.9583e-03 -1.4690e-01 -6.4358e-01 -4.5478e-02 1.9767e+00 -8.3601e-01 9.4469e-01 -8.0042e-02 1.4255e-01 3.6835e-01 -7.3361e-01 2.0096e-02 5.0792e-03 -1.7376e-02 2.8596e-02 5.7917e-01 5.4242e-01 -2.0190e-01 -1.4383e-02 -6.0757e-01 -2.1521e-01 4.3189e-01 -5.7846e-02 -6.2918e-01 1.9871e-01 1.0465e-01 -2.6247e-02 -3.3031e-02 3.2406e+00 -8.3508e-01 -1.4798e-02 -3.5319e-02 1.6871e+01 8.8505e-02 -1.4659e-01 -1.9438e-01 7.5235e-02 -3.6581e-02 2.6539e+00 -4.6359e-01 1.4635e-02 1.2480e-01 -3.2070e-02 2.6292e-02 -1.7113e-01 3.4936e-02 2.3347e+00 1.7626e+01
