6.7400e+01 4.4974e-01 8.2958e-01 -3.8143e+00 -1.2032e+00 -9.9521e+00 1.7711e+00 1.6384e-01 -1.5092e+00 -1.2761e+00 6.0366e+00 4.4352e+00 -7.4681e+00 -6.1415e+00 -3.7601e+00 -2.9766e+00 -2.2731e+00 1.9724e-01 -8.9372e-01 -2.9180e+00 -4.7723e-01 3.6750e+00 -2.3809e+00 5.6614e+00 5.8786e+00 -5.2154e-01 -8.9640e+00 -7.8598e-01 2.0043e+01 -8.5523e+00 -1.7089e+00 -6.5345e+00 1.3415e+00 -1.4345e+00 3.0059e+00 4.1453e+00 2.0846e+00 4.7870e+00 3.6544e+00 -7.1140e+00 -2.3961e-01 -1.4510e+00 1.0201e-01 2.7990e-01 -6.9220e-01 -3.9254e-01 4.2777e-01 -2.2565e-01 1.4964e-01 -4.4149e-02 -1.2620e+00 3.5585e-01
4.4974e-01 1.2304e+02 -8.8205e+01 -1.3759e+01 6.0027e-01 4.6513e+01 -5.4869e+01 -1.8209e+01 6.5482e-01 3.4296e+01 -1.2444e+01 3.3866e-01 7.0754e+00 -1.7622e+00 1.5963e+01 2.2860e+01 2.8345e+00 2.8802e-01 -4.3681e+00 3.6136e+00 -1.5106e-01 8.8107e-01 -1.0669e+01 6.0115e+01 5.8629e+01 -1.7532e+00 -6.2007e+01 1.6990e-01 1.4769e+01 -5.4969e+01 -4.6140e-01 -5.7103e+01 -4.6434e+00 7.0711e+00 6.5031e+01 -2.6328e+01 -1.8555e+01 5.1539e+01 4.1398e+01 -4.5077e+01 9.4879e-01 -9.1450e-03 -1.2164e+00 -6.4182e-01 2.5706e+00 5.9810e-01 -2.1607e+00 1.4816e+00 -1.1239e+00 -9.9984e-01 4.4004e+00 -1.5982e+00
8.2958e-01 -8.8205e+01 1.5897e+02 2.1608e+01 -1.4237e+01 -4.6446e+01 8.3245e+01 6.1918e+00 -1.3978e+01 -4.0232e+01 1.8323e+01 -2.1301e+00 -8.3294e+00 1.3533e+00 -2.2219e+01 -2.9701e+01 -1.6655e+00 -1.8332e+00 2.0443e+00 2.6859e+00 1.0757e+00 -2.4746e+00 1.1829e+01 -5.7904e+01 -5.8262e+01 1.3406e+00 6.4962e+01 1.1401e-01 -1.6465e+01 6.2147e+01 -2.6382e+00 6.3800e+01 3.9229e+00 -9.3182e+00 -4.9179e+01 2.5931e+01 3.9892e+00 -5.5250e+01 -4.2306e+01 4.6483e+01 -3.1261e+00 4.7105e-01 5.2627e-02 8.6769e-01 1.1237e+00 -7.7969e-02 1.7499e+00 -1.6486e+00 1.5701e+00 3.8787e-01 -6.4079e-01 -3.0353e+00
-3.8143e+00 -1.3759e+01 2.1608e+01 4.9981e+01 -8.9229e-01 -1.0404e+01 1.1554e+01 3.6283e+00 1.3606e+00 1.6355e+00 -2.4602e-01 2.6069e+00 2.2517e-01 5.4208e-01 -1.0332e+00 -4.5536e-01 2.3804e-01 -1.6678e+00 -2.5482e+00 3.7428e-01 -1.1034e-01 4.1408e-01 -2.3983e-02 -1.0472e+01 -2.2088e+01 2.0657e-01 2.3090e+01 -3.1670e-01 -9.9319e-01 2.2851e+01 1.5569e+00 2.3450e+01 -6.6995e-01 9.6967e-03 -9.8724e+00 2.4022e+00 -1.4094e+01 -2.3170e+01 9.6298e-01 2.1216e+01 -4.2071e-02 -5.7040e-01 9.6839e-01 4.8884e-01 -4.8228e-01 3.2181e-02 9.2518e-02 -6.9429e-01 -2.3183e-01 4.6705e-01 1.9748e-02 7.4256e-02
-1.2032e+00 6.0027e-01 -1.4237e+01 -8.9229e-01 5.9823e+01 -1.1187e+00 -2.2796e+01 -3.5573e+00 -2.5347e-01 -2.0209e-01 -2.4746e+00 3.9791e+00 -1.9130e+00 3.1304e+00 1.5541e+00 6.3412e+00 -4.3137e-01 -1.0238e+00 -8.6675e-01 -1.4999e+00 -6.2170e-01 -1.0793e+00 -1.0141e+00 3.4561e+00 -1.1891e+00 3.3660e+00 -2.5225e+00 -2.7796e-01 -1.1935e+00 1.4656e+00 5.4562e+00 -1.2368e+00 -2.7757e+00 5.3825e+00 5.1516e-01 -5.9594e+00 -3.3748e+00 3.4413e+00 -6.9558e+00 -5.0503e+00 3.4313e-01 9.4322e-02 4.7251e+00 -1.7036e-01 -5.6819e-01 -4.1618e-01 9.2083e-01 -5.5962e-01 -3.7453e-01 1.1740e-02 -2.3193e-03 2.8997e+00
-9.9521e+00 4.6513e+01 -4.6446e+01 -1.0404e+01 -1.1187e+00 8.8697e+01 -5.3398e+01 -6.0188e-01 -4.4187e+00 2.4374e+01 -2.4666e+01 -2.4260e+00 2.8393e+00 -1.9128e+00 9.8066e+00 1.4757e+01 -1.9266e+00 -3.2341e-01 -3.1105e+00 -8.9566e+00 2.9513e-01 1.7585e+00 -4.1840e+00 4.4027e+01 3.5554e+01 -1.4986e+00 -3.8662e+01 -8.6443e-02 8.1405e+00 -3.6676e+01 -1.3301e-01 -3.7559e+01 -4.7080e+00 2.4915e+00 3.7888e+01 -1.1039e+01 -1.9532e+01 1.6070e+01 2.4694e+01 -1.4714e+01 1.0868e+00 1.2972e+00 9.4538e-01 -4.2086e-01 -8.4500e-01 2.0706e+00 -3.0476e+00 7.6658e-01 3.2582e-01 -2.6197e-01 -1.7807e-01 -2.2070e+00
1.7711e+00 -5.4869e+01 8.3245e+01 1.1554e+01 -2.2796e+01 -5.3398e+01 1.4155e+02 2.4923e+00 -1.5811e+01 -3.5016e+01 2.4700e+01 -4.6071e+00 -7.1185e+00 -3.9861e+00 -1.4978e+01 -2.1615e+01 -2.3482e-01 -1.0550e+00 1.6069e+00 5.6881e+00 7.3165e-01 9.4056e-01 1.3269e+01 -4.2840e+01 -5.2225e+01 -1.0868e+00 5.6490e+01 -4.4746e-01 -1.3949e+01 4.9008e+01 -2.4789e+00 5.1703e+01 4.3647e+00 -7.6736e+00 -3.1628e+01 1.6714e+01 2.5984e+00 -4.3554e+01 -3.9176e+01 3.6340e+01 -1.9201e+00 2.3733e-01 -9.6877e-01 1.3155e+00 3.7604e-01 1.0579e+00 2.6651e+00 -2.5619e+00 -4.0471e-01 3.7164e-01 -5.7758e-01 -2.7431e+00
1.6384e-01 -1.8209e+01 6.1918e+00 3.6283e+00 -3.5573e+00 -6.0188e-01 2.4923e+00 4.3255e+01 6.3042e-01 -3.1335e+00 2.7124e-01 -3.7389e+00 3.2391e-01 3.7499e-01 -2.0873e+00 -4.0721e+00 2.3334e-02 -2.6629e+00 -1.9077e-01 -3.9209e-01 1.3613e-01 -6.6103e-01 5.7142e-01 -7.6989e-01 -1.4587e+00 4.9960e-03 -4.6534e+00 -8.9194e-01 8.9795e-01 -2.0423e+00 4.4066e-02 3.9132e+00 -4.8572e-01 -5.6338e+00 -1.9405e+01 -1.0985e+00 2.4055e+01 6.6617e+00 -2.1575e+00 3.6764e+00 -9.9639e-02 -7.5009e-02 -1.4373e-01 -4.4179e-02 -1.3289e+00 -2.9570e-01 4.1456e-02 1.3288e-01 -9.5579e-01 6.9055e-01 2.2706e+00 1.8314e+00
-1.5092e+00 6.5482e-01 -1.3978e+01 1.3606e+00 -2.5347e-01 -4.4187e+00 -1.5811e+01 6.3042e-01 7.1461e+01 4.5026e+00 -3.6862e+00 -3.0412e+00 -3.7032e-01 4.8093e+00 3.9776e+01 3.4532e+01 3.4730e+00 -5.3357e-02 -3.5756e-01 -1.4970e+00 3.0895e-01 -8.0686e+00 -2.8654e+00 1.0865e+01 8.9817e+00 -4.9709e-01 -1.1811e+01 2.4902e-01 1.2657e+00 -1.1581e+01 -2.4419e+00 -9.9596e+00 1.8539e-01 1.1819e+00 8.0460e+00 -8.4803e+00 -7.9213e+00 1.3572e+01 5.1707e+00 -6.5582e+00 2.0413e+00 -8.9403e-01 -1.4186e-02 -2.2414e-01 1.1916e+00 5.4222e-01 -2.6890e-01 -1.7533e+00 5.8544e-01 -2.8366e-01 -2.0475e-01 7.2965e-02
-1.2761e+00 3.4296e+01 -4.0232e+01 1.6355e+00 -2.0209e-01 2.4374e+01 -3.5016e+01 -3.1335e+00 4.5026e+00 6.6667e+01 -1.5270e+01 9.0706e-01 6.2914e+00 1.4473e-01 1.9921e+01 1.8558e+01 -1.9058e+00 -4.2271e-01 -9.6590e-01 -8.1531e-01 -1.5313e-01 1.6626e+00 -9.2950e+00 3.1147e+01 2.8341e+01 -8.0954e-01 -2.9791e+01 -4.5273e-02 1.4668e+01 -3.0361e+01 -2.3428e-01 -3.0177e+01 -2.5085e+00 5.7778e+00 2.5589e+01 -1.7441e+01 -8.9312e+00 2.0039e+01 2.8348e+01 -2.1164e+01 4.1942e-01 -3.5011e-01 9.9561e-01 -3.4287e-01 -1.2498e+00 2.2945e+00 -1.8629e+00 1.4341e+00 2.0659e+00 -2.9891e-01 -2.6173e+00 -1.8590e-01
6.0366e+00 -1.2444e+01 1.8323e+01 -2.4602e-01 -2.4746e+00 -2.4666e+01 2.4700e+01 2.7124e-01 -3.6862e+00 -1.5270e+01 5.1380e+01 6.4501e-01 -2.7330e+00 -7.5132e-01 -4.4872e+00 -5.9120e+00 3.7027e+00 5.3343e-01 1.9885e+00 9.3505e+00 -5.3500e-01 -8.3519e-01 -3.8295e+00 -1.3246e+01 -1.3073e+01 -3.6450e-01 1.2573e+01 2.2534e-01 -3.9849e+00 9.9676e+00 1.5682e+00 1.3057e+01 -2.5983e+00 -2.3875e+00 -1.1319e+01 4.5281e+00 2.2084e+01 1.0239e+01 -1.0873e+01 -8.2013e+00 -4.7526e-01 -4.8235e-01 5.8114e-01 3.4151e-01 2.1435e+00 -2.4674e-01 -1.9191e-01 -8.6458e-01 7.4800e-01 -2.9824e-02 -5.2460e-01 -1.2414e-01
4.4352e+00 3.3866e-01 -2.1301e+00 2.6069e+00 3.9791e+00 -2.4260e+00 -4.6071e+00 -3.7389e+00 -3.0412e+00 9.0706e-01 6.4501e-01 3.5632e+01 -2.0598e+00 -1.4910e+00 -6.1154e+00 -5.3354e+00 -5.9316e-01 -3.6203e-01 -2.3964e-01 1.1191e+00 -3.1065e-01 -1.3356e+00 -1.1857e+00 -1.1032e+00 -3.5287e+00 -3.7054e-01 3.2561e+00 -3.8250e-01 -8.1003e-01 7.9172e+00 -6.4770e-01 2.6861e+00 -2.6807e-01 4.4907e+00 1.7036e-01 -3.2752e+00 -3.8709e+00 -2.9004e+00 2.6377e+00 3.2361e+00 1.9832e+00 -3.0566e-01 -4.9809e-01 -9.7997e-02 -3.7915e-01 -4.0834e-01 9.4424e-01 -4.5962e-01 2.8086e-01 1.4306e-01 -5.5317e-01 1.8765e-01
-7.4681e+00 7.0754e+00 -8.3294e+00 2.2517e-01 -1.9130e+00 2.8393e+00 -7.1185e+00 3.2391e-01 -3.7032e-01 6.2914e+00 -2.7330e+00 -2.0598e+00 3.0178e+01 3.6705e+00 -4.1139e+00 -4.9698e+00 -5.8076e-01 -2.5038e-01 1.9206e-02 -2.1029e+00 -3.5050e-01 -1.2241e+00 -1.2149e+00 -5.2559e-01 8.1756e-02 -2.8895e-01 9.2979e-01 5.1190e-01 -1.7347e+00 2.6805e+00 -3.2847e-01 -2.9706e-01 3.4880e-02 -1.5706e+00 -2.5730e+00 6.4041e+00 -3.7318e+00 -2.5136e+00 3.2514e+00 1.5600e+00 9.0759e-01 -2.1380e-01 -2.7966e-01 -1.7656e-01 -3.0817e-01 -4.8033e-02 -3.0795e-01 -8.8273e-01 -3.0280e-01 1.7159e-01 -3.9002e-01 -3.9991e-01
-6.1415e+00 -1.7622e+00 1.3533e+00 5.4208e-01 3.1304e+00 -1.9128e+00 -3.9861e+00 3.7499e-01 4.8093e+00 1.4473e-01 -7.5132e-01 -1.4910e+00 3.6705e+00 2.8701e+01 7.2225e+00 4.9744e+00 -5.0115e-01 3.5612e+00 4.6968e+00 -1.1160e+00 -1.9052e-01 -1.2461e+00 -1.0580e+00 2.3182e+00 9.7476e-01 3.3293e+00 -2.0577e+00 4.2825e-01 -6.9079e+00 -3.8558e+00 -3.5040e-01 -2.2464e+00 -5.4616e-01 3.1686e-01 6.9660e-02 1.0766e+00 -2.0557e+00 4.1219e-01 5.2385e+00 -3.2992e+00 -1.2002e-01 -1.4716e-01 -3.9077e-01 -7.2592e-02 -1.0426e-01 -2.9353e-01 2.0815e-01 -4.7779e-01 -5.0510e-01 -1.4633e-01 -1.9551e+00 -4.4547e-01
-3.7601e+00 1.5963e+01 -2.2219e+01 -1.0332e+00 1.5541e+00 9.8066e+00 -1.4978e+01 -2.0873e+00 3.9776e+01 1.9921e+01 -4.4872e+00 -6.1154e+00 -4.1139e+00 7.2225e+00 7.9425e+01 5.9526e+01 1.1493e+00 7.1777e-01 1.0414e-01 -4.6347e+00 -6.3264e-01 -8.1747e+00 -3.9933e+00 2.9779e+01 3.7531e+01 -6.6110e-01 -3.5328e+01 7.0316e-01 -7.6809e-01 -3.7018e+01 9.0916e-01 -3.1501e+01 -1.7712e+00 1.0193e+01 2.3663e+01 -1.3640e+01 -7.7412e+00 3.0467e+01 2.2163e+01 -1.9532e+01 2.5537e-01 -1.0479e+00 8.6420e-02 -1.8093e-01 -5.7772e-01 1.3216e+00 -6.2015e-01 -2.1073e+00 5.8276e-01 -3.0153e-01 -2.3104e-01 4.1675e-03
-2.9766e+00 2.2860e+01 -2.9701e+01 -4.5536e-01 6.3412e+00 1.4757e+01 -2.1615e+01 -4.0721e+00 3.4532e+01 1.8558e+01 -5.9120e+00 -5.3354e+00 -4.9698e+00 4.9744e+00 5.9526e+01 8.5908e+01 8.8071e-01 -1.7133e-02 -3.2307e-01 -5.1008e-01 -7.8977e-01 -8.4174e+00 -4.9407e+00 3.2620e+01 3.5060e+01 -9.7905e-01 -3.4129e+01 1.0085e+00 -4.6647e+00 -3.4066e+01 -2.0560e-03 -3.3708e+01 -1.8676e+00 9.9598e+00 2.4287e+01 -1.6399e+01 -6.8690e+00 3.4115e+01 2.3660e+01 -2.0286e+01 1.3409e-01 3.8157e-01 6.6440e-03 -3.2456e-01 -8.5373e-01 1.2735e+00 -1.1699e+00 -1.2231e+00 -1.5006e-01 -4.7385e-02 -7.4494e-02 6.4176e-01
-2.2731e+00 2.8345e+00 -1.6655e+00 2.3804e-01 -4.3137e-01 -1.9266e+00 -2.3482e-01 2.3334e-02 3.4730e+00 -1.9058e+00 3.7027e+00 -5.9316e-01 -5.8076e-01 -5.0115e-01 1.1493e+00 8.8071e-01 1.6660e+01 -6.4102e-02 -6.7951e-02 2.1200e+00 4.0246e-01 -4.1506e-01 -8.1275e-01 -6.0975e-01 -1.0654e+00 -1.9807e-01 8.9546e-01 -1.0498e-01 3.8327e-03 1.1699e+00 -1.2243e-01 1.0691e+00 -4.5717e-01 -4.7755e-01 -5.0480e-01 -2.5056e+00 -9.0707e-01 -1.4629e+00 -2.2542e-01 1.4929e+00 -8.0755e-02 -7.7585e-02 -5.6173e-02 -8.1008e-02 -8.7871e-02 -2.5480e-01 -2.3573e-01 6.8889e-02 -2.0949e-01 -5.6544e-02 -1.3091e-01 -1.8217e-01
1.9724e-01 2.8802e-01 -1.8332e+00 -1.6678e+00 -1.0238e+00 -3.2341e-01 -1.0550e+00 -2.6629e+00 -5.3357e-02 -4.2271e-01 5.3343e-01 -3.6203e-01 -2.5038e-01 3.5612e+00 7.1777e-01 -1.7133e-02 -6.4102e-02 1.5615e+01 3.2879e+00 -5.5896e-01 -1.0470e-01 -4.4086e-01 1.6019e+00 -9.2981e-01 -5.5750e-01 -6.9268e-03 5.7816e-01 -1.4862e-01 -3.1784e-01 -2.1244e+00 -3.9862e-01 -1.0919e+00 1.9435e+00 4.1320e+00 -1.9371e-01 2.2426e+00 -3.5635e-01 3.1833e-01 -1.4361e+00 7.4132e-01 3.6037e-02 -1.3374e-02 -1.8897e-01 -7.7070e-02 -2.1354e-01 2.9924e-01 5.0547e-01 -1.4007e-01 -2.4385e-01 -9.2815e-02 -1.7318e+00 8.8179e-02
-8.9372e-01 -4.3681e+00 2.0443e+00 -2.5482e+00 -8.6675e-01 -3.1105e+00 1.6069e+00 -1.9077e-01 -3.5756e-01 -9.6590e-01 1.9885e+00 -2.3964e-01 1.9206e-02 4.6968e+00 1.0414e-01 -3.2307e-01 -6.7951e-02 3.2879e+00 2.5560e+01 4.6151e-02 1.1419e-01 -4.2529e-01 -4.1466e-01 -2.1697e+00 -1.4647e+00 1.4034e-01 1.4876e+00 -1.4349e-01 -5.2676e-01 -1.2420e+00 -3.4889e-01 -7.9701e-01 -6.5072e-02 -1.2006e-01 -4.0086e+00 2.5779e+00 2.4531e+00 -2.1268e+00 -5.9550e-01 -1.7222e+00 -8.7527e-02 -1.5729e-01 -4.4725e-01 -1.2059e-01 -2.9105e-01 -3.3290e-01 2.5491e-01 6.9268e-02 -2.8632e-01 -5.8251e-02 -1.8366e+00 -2.1286e-01
-2.9180e+00 3.6136e+00 2.6859e+00 3.7428e-01 -1.4999e+00 -8.9566e+00 5.6881e+00 -3.9209e-01 -1.4970e+00 -8.1531e-01 9.3505e+00 1.1191e+00 -2.1029e+00 -1.1160e+00 -4.6347e+00 -5.1008e-01 2.1200e+00 -5.5896e-01 4.6151e-02 4.0048e+01 -5.0902e-01 -8.7271e-01 -2.1751e+00 -1.1463e+01 -1.2085e+01 -4.3223e-01 1.1647e+01 3.4368e-01 -4.7220e+00 1.0688e+01 -1.6614e-01 1.0491e+01 -1.4274e+00 -2.0494e+00 -1.2564e+01 -7.3499e+00 1.6968e+01 7.2818e+00 -8.2838e+00 -2.5222e+00 -2.1715e-01 1.3749e+00 3.0545e-01 -8.2645e-02 2.3885e+00 5.9463e-01 3.0360e-01 1.9981e+00 1.6091e+00 -2.8576e-02 -1.6492e+00 -5.3947e-01
-4.7723e-01 -1.5106e-01 1.0757e+00 -1.1034e-01 -6.2170e-01 2.9513e-01 7.3165e-01 1.3613e-01 3.0895e-01 -1.5313e-01 -5.3500e-01 -3.1065e-01 -3.5050e-01 -1.9052e-01 -6.3264e-01 -7.8977e-01 4.0246e-01 -1.0470e-01 1.1419e-01 -5.0902e-01 9.4101e+00 -1.0789e-01 -2.7039e-01 1.1767e+00 -1.0840e+00 8.4619e-02 -7.5931e-01 -5.6702e-02 1.0193e+00 -6.4889e-01 -1.9138e-01 -6.9791e-01 -2.3259e-01 -3.1523e-01 1.2990e+00 -9.5214e-01 -6.8935e-01 -1.3290e+00 -2.8982e-01 -2.3046e-01 -8.5652e-02 6.2745e-03 -5.7237e-02 -4.4688e-02 -1.3833e-01 -1.0141e-01 -9.3739e-02 -1.1022e-01 2.7708e-01 -3.3856e-02 -5.3353e-03 -1.3724e+00
3.6750e+00 8.8107e-01 -2.4746e+00 4.1408e-01 -1.0793e+00 1.7585e+00 9.4056e-01 -6.6103e-01 -8.0686e+00 1.6626e+00 -8.3519e-01 -1.3356e+00 -1.2241e+00 -1.2461e+00 -8.1747e+00 -8.4174e+00 -4.1506e-01 -4.4086e-01 -4.2529e-01 -8.7271e-01 -1.0789e-01 2.4452e+01 -6.0132e-01 2.7797e+00 1.8641e+00 7.6891e-01 -1.7778e+00 -3.4291e-01 3.7010e+00 -4.0309e+00 8.1115e-01 -2.8550e+00 -4.9432e-01 -1.3302e-01 7.7939e-01 2.3321e+00 -1.5499e+00 -1.1888e+01 5.7861e+00 -3.3524e+00 -9.8732e-02 -2.8810e-01 -2.3050e-01 1.2382e-01 4.5031e-01 8.8028e-01 -4.7878e-03 -2.3201e-01 -3.9211e-01 2.3519e-01 -1.0199e+00 2.2162e+00
-2.3809e+00 -1.0669e+01 1.1829e+01 -2.3983e-02 -1.0141e+00 -4.1840e+00 1.3269e+01 5.7142e-01 -2.8654e+00 -9.2950e+00 -3.8295e+00 -1.1857e+00 -1.2149e+00 -1.0580e+00 -3.9933e+00 -4.9407e+00 -8.1275e-01 1.6019e+00 -4.1466e-01 -2.1751e+00 -2.7039e-01 -6.0132e-01 3.4556e+01 -9.7596e+00 -9.3668e+00 -4.8130e-01 8.6507e+00 -7.0657e-02 -4.9021e+00 8.7090e+00 1.4461e-01 8.9361e+00 -6.6753e-01 -6.9822e-01 -1.0228e+01 1.3111e+00 -3.8891e+00 -1.2460e+01 -9.1770e+00 5.7594e+00 -2.6630e-01 3.4926e-01 -2.8099e-01 3.4754e-02 -1.9245e-01 2.1206e-01 -4.9716e-01 -9.5529e-02 2.0014e-01 3.5382e-01 -2.1032e-01 -3.3295e-02
5.6614e+00 6.0115e+01 -5.7904e+01 -1.0472e+01 3.4561e+00 4.4027e+01 -4.2840e+01 -7.6989e-01 1.0865e+01 3.1147e+01 -1.3246e+01 -1.1032e+00 -5.2559e-01 2.3182e+00 2.9779e+01 3.2620e+01 -6.0975e-01 -9.2981e-01 -2.1697e+00 -1.1463e+01 1.1767e+00 2.7797e+00 -9.7596e+00 1.0512e+02 7.8977e+01 -1.2104e+00 -7.9211e+01 3.6106e-01 2.9060e+01 -7.1444e+01 7.1578e-01 -7.9169e+01 -2.4309e+00 8.1794e+00 7.0926e+01 -3.0105e+01 -2.3143e+01 5.4210e+01 6.0230e+01 -5.6329e+01 1.1838e+00 -1.6503e+00 -1.4289e+00 -3.2073e-01 3.2105e-01 1.9567e-01 -1.6546e+00 -1.3173e+00 -2.8295e-01 -1.9634e-01 2.1299e+00 -1.8000e+00
5.8786e+00 5.8629e+01 -5.8262e+01 -2.2088e+01 -1.1891e+00 3.5554e+01 -5.2225e+01 -1.4587e+00 8.9817e+00 2.8341e+01 -1.3073e+01 -3.5287e+00 8.1756e-02 9.7476e-01 3.7531e+01 3.5060e+01 -1.0654e+00 -5.5750e-01 -1.4647e+00 -1.2085e+01 -1.0840e+00 1.8641e+00 -9.3668e+00 7.8977e+01 1.3830e+02 -1.7570e+00 -1.1590e+02 2.8609e-01 2.8894e+01 -1.0349e+02 3.0243e+00 -1.0368e+02 -3.4384e+00 9.4830e+00 7.3731e+01 -3.9009e+01 1.2659e+01 8.7368e+01 6.6024e+01 -7.9477e+01 4.2439e-01 -1.4394e+00 -2.3807e+00 -6.8950e-01 1.1804e-01 -2.7611e-01 -1.7723e+00 -2.3371e+00 -1.2156e+00 1.3170e-01 1.8881e+01 -6.5610e+00
-5.2154e-01 -1.7532e+00 1.3406e+00 2.0657e-01 3.3660e+00 -1.4986e+00 -1.0868e+00 4.9960e-03 -4.9709e-01 -8.0954e-01 -3.6450e-01 -3.7054e-01 -2.8895e-01 3.3293e+00 -6.6110e-01 -9.7905e-01 -1.9807e-01 -6.9268e-03 1.4034e-01 -4.3223e-01 8.4619e-02 7.6891e-01 -4.8130e-01 -1.2104e+00 -1.7570e+00 1.2669e+01 1.5298e+00 5.3629e-02 -4.8857e-01 1.2553e+00 -1.3191e-01 1.5098e+00 -2.4870e-01 -2.2215e-01 -6.8704e-01 -5.1790e-02 2.2241e-01 -1.2474e+00 -1.4168e+00 -3.1904e-01 5.8256e-02 -9.5411e-02 -3.3102e-01 -4.6101e-02 -9.3988e-02 -1.5865e-01 -4.1810e-02 -2.4265e-01 -1.2698e-01 3.2465e-03 7.5564e-02 1.6158e-01
-8.9640e+00 -6.2007e+01 6.4962e+01 2.3090e+01 -2.5225e+00 -3.8662e+01 5.6490e+01 -4.6534e+00 -1.1811e+01 -2.9791e+01 1.2573e+01 3.2561e+00 9.2979e-01 -2.0577e+00 -3.5328e+01 -3.4129e+01 8.9546e-01 5.7816e-01 1.4876e+00 1.1647e+01 -7.5931e-01 -1.7778e+00 8.6507e+00 -7.9211e+01 -1.1590e+02 1.5298e+00 1.4877e+02 -1.9076e+00 -3.0837e+01 1.1647e+02 -2.0878e+00 1.0535e+02 4.5498e+00 -9.1735e+00 -7.1540e+01 3.9398e+01 -2.1318e+01 -9.8475e+01 -6.3399e+01 8.1197e+01 -3.9398e-01 2.1130e+00 1.9843e+00 6.5661e-01 -5.1064e-01 -1.7774e+00 1.7712e+00 2.4215e+00 7.9348e-01 -1.4929e-01 -8.2973e+00 1.4489e+01
-7.8598e-01 1.6990e-01 1.1401e-01 -3.1670e-01 -2.7796e-01 -8.6443e-02 -4.4746e-01 -8.9194e-01 2.4902e-01 -4.5273e-02 2.2534e-01 -3.8250e-01 5.1190e-01 4.2825e-01 7.0316e-01 1.0085e+00 -1.0498e-01 -1.4862e-01 -1.4349e-01 3.4368e-01 -5.6702e-02 -3.4291e-01 -7.0657e-02 3.6106e-01 2.8609e-01 5.3629e-02 -1.9076e+00 1.1425e+01 -9.3013e-01 -1.5331e+00 4.6035e-01 -6.9243e-01 -1.0251e-01 -2.4408e-02 7.4932e-01 -4.2308e-01 -2.8135e-01 3.4787e-01 6.8575e-01 -5.3367e-01 -4.8676e-02 -9.5967e-02 -2.0265e-01 -4.4147e-02 -8.7829e-02 1.0985e+00 -4.4294e-02 -6.3979e-02 4.4216e-01 2.8618e-03 -4.1845e-01 -1.4977e+00
2.0043e+01 1.4769e+01 -1.6465e+01 -9.9319e-01 -1.1935e+00 8.1405e+00 -1.3949e+01 8.9795e-01 1.2657e+00 1.4668e+01 -3.9849e+00 -8.1003e-01 -1.7347e+00 -6.9079e+00 -7.6809e-01 -4.6647e+00 3.8327e-03 -3.1784e-01 -5.2676e-01 -4.7220e+00 1.0193e+00 3.7010e+00 -4.9021e+00 2.9060e+01 2.8894e+01 -4.8857e-01 -3.0837e+01 -9.3013e-01 6.4926e+01 -2.4160e+01 -1.4220e-02 -3.1887e+01 -2.1103e+00 -3.2069e+00 2.3060e+01 -1.0855e+01 -9.1414e+00 2.0365e+01 2.3914e+01 -2.3585e+01 1.2200e+00 -1.2103e+00 -3.4828e-01 -1.2915e-02 -5.9765e-01 -6.5673e-01 -6.9500e-01 -2.5182e+00 -1.5370e-01 -9.6859e-02 -1.0040e-01 -9.4121e-01
-8.5523e+00 -5.4969e+01 6.2147e+01 2.2851e+01 1.4656e+00 -3.6676e+01 4.9008e+01 -2.0423e+00 -1.1581e+01 -3.0361e+01 9.9676e+00 7.9172e+00 2.6805e+00 -3.8558e+00 -3.7018e+01 -3.4066e+01 1.1699e+00 -2.1244e+00 -1.2420e+00 1.0688e+01 -6.4889e-01 -4.0309e+00 8.7090e+00 -7.1444e+01 -1.0349e+02 1.2553e+00 1.1647e+02 -1.5331e+00 -2.4160e+01 1.4968e+02 1.9643e+00 9.9110e+01 3.2877e+00 -9.2129e+00 -7.1023e+01 3.2324e+01 -1.8379e+01 -8.7112e+01 -5.4277e+01 7.4073e+01 -4.6691e-01 1.4689e+00 1.7686e+00 7.1616e-01 3.1966e-02 -1.1895e+00 1.6748e+00 -7.9922e-01 1.5931e+00 1.4320e-01 -3.3838e+00 8.4458e+00
-1.7089e+00 -4.6140e-01 -2.6382e+00 1.5569e+00 5.4562e+00 -1.3301e-01 -2.4789e+00 4.4066e-02 -2.4419e+00 -2.3428e-01 1.5682e+00 -6.4770e-01 -3.2847e-01 -3.5040e-01 9.0916e-01 -2.0560e-03 -1.2243e-01 -3.9862e-01 -3.4889e-01 -1.6614e-01 -1.9138e-01 8.1115e-01 1.4461e-01 7.1578e-01 3.0243e+00 -1.3191e-01 -2.0878e+00 4.6035e-01 -1.4220e-02 1.9643e+00 2.9151e+01 -1.9285e+00 -1.2408e+00 -2.1657e+00 -8.4896e-01 -1.2097e+00 1.6918e+00 1.8272e+00 -4.7344e+00 -1.9406e+00 -2.8915e-01 1.6588e-01 -7.5423e-01 -3.5495e-01 3.7860e-01 -6.6121e-01 -1.1802e-01 -1.1479e-01 -1.1866e-01 4.8367e-02 1.4140e-01 5.1420e-01
-6.5345e+00 -5.7103e+01 6.3800e+01 2.3450e+01 -1.2368e+00 -3.7559e+01 5.1703e+01 3.9132e+00 -9.9596e+00 -3.0177e+01 1.3057e+01 2.6861e+00 -2.9706e-01 -2.2464e+00 -3.1501e+01 -3.3708e+01 1.0691e+00 -1.0919e+00 -7.9701e-01 1.0491e+01 -6.9791e-01 -2.8550e+00 8.9361e+00 -7.9169e+01 -1.0368e+02 1.5098e+00 1.0535e+02 -6.9243e-01 -3.1887e+01 9.9110e+01 -1.9285e+00 1.1569e+02 3.4645e+00 -9.0027e+00 -6.9655e+01 3.2852e+01 -5.5783e+00 -8.3060e+01 -6.5543e+01 7.9729e+01 -4.8808e-01 1.4025e+00 2.3397e+00 7.3552e-01 -1.8309e-01 -2.9575e-01 1.7564e+00 2.5751e+00 1.0718e-01 -5.9707e-02 3.7449e+00 1.2590e+00
1.3415e+00 -4.6434e+00 3.9229e+00 -6.6995e-01 -2.7757e+00 -4.7080e+00 4.3647e+00 -4.8572e-01 1.8539e-01 -2.5085e+00 -2.5983e+00 -2.6807e-01 3.4880e-02 -5.4616e-01 -1.7712e+00 -1.8676e+00 -4.5717e-01 1.9435e+00 -6.5072e-02 -1.4274e+00 -2.3259e-01 -4.9432e-01 -6.6753e-01 -2.4309e+00 -3.4384e+00 -2.4870e-01 4.5498e+00 -1.0251e-01 -2.1103e+00 3.2877e+00 -1.2408e+00 3.4645e+00 2.4241e+01 1.1544e+00 -3.2501e+00 4.8748e+00 -3.0643e+00 -6.0382e+00 -4.2792e+00 7.7448e+00 -2.1732e-01 -2.3195e-01 -2.2412e-01 -1.5300e-01 -3.1944e-01 -4.7087e-01 -3.4675e-01 -2.1368e-01 4.3778e-01 -3.7826e-02 -2.4115e-01 1.0706e+00
-1.4345e+00 7.0711e+00 -9.3182e+00 9.6967e-03 5.3825e+00 2.4915e+00 -7.6736e+00 -5.6338e+00 1.1819e+00 5.7778e+00 -2.3875e+00 4.4907e+00 -1.5706e+00 3.1686e-01 1.0193e+01 9.9598e+00 -4.7755e-01 4.1320e+00 -1.2006e-01 -2.0494e+00 -3.1523e-01 -1.3302e-01 -6.9822e-01 8.1794e+00 9.4830e+00 -2.2215e-01 -9.1735e+00 -2.4408e-02 -3.2069e+00 -9.2129e+00 -2.1657e+00 -9.0027e+00 1.1544e+00 3.3431e+01 9.0535e+00 -3.5992e+00 -5.7626e+00 5.7860e+00 3.6286e+00 -2.8519e+00 -3.7367e-02 -2.5601e-02 -3.5315e-01 -1.9878e-01 -7.7608e-01 -4.2892e-01 -1.1506e-01 -4.4856e-01 -2.1599e-01 -1.4484e-01 2.0106e-02 -3.6961e-01
3.0059e+00 6.5031e+01 -4.9179e+01 -9.8724e+00 5.1516e-01 3.7888e+01 -3.1628e+01 -1.9405e+01 8.0460e+00 2.5589e+01 -1.1319e+01 1.7036e-01 -2.5730e+00 6.9660e-02 2.3663e+01 2.4287e+01 -5.0480e-01 -1.9371e-01 -4.0086e+00 -1.2564e+01 1.2990e+00 7.7939e-01 -1.0228e+01 7.0926e+01 7.3731e+01 -6.8704e-01 -7.1540e+01 7.4932e-01 2.3060e+01 -7.1023e+01 -8.4896e-01 -6.9655e+01 -3.2501e+00 9.0535e+00 1.2590e+02 -3.4993e+01 -4.9460e+01 4.3847e+01 5.5151e+01 -4.5519e+01 5.6756e-01 -3.7234e-01 -1.8673e+00 -4.9249e-01 9.1302e-01 -9.7464e-01 -2.3337e+00 -3.5937e-01 -1.2047e+00 -9.3586e-01 7.3783e+00 -5.5970e+00
4.1453e+00 -2.6328e+01 2.5931e+01 2.4022e+00 -5.9594e+00 -1.1039e+01 1.6714e+01 -1.0985e+00 -8.4803e+00 -1.7441e+01 4.5281e+00 -3.2752e+00 6.4041e+00 1.0766e+00 -1.3640e+01 -1.6399e+01 -2.5056e+00 2.2426e+00 2.5779e+00 -7.3499e+00 -9.5214e-01 2.3321e+00 1.3111e+00 -3.0105e+01 -3.9009e+01 -5.1790e-02 3.9398e+01 -4.2308e-01 -1.0855e+01 3.2324e+01 -1.2097e+00 3.2852e+01 4.8748e+00 -3.5992e+00 -3.4993e+01 9.8199e+01 -4.3675e+00 -3.5054e+01 -2.7537e+01 3.2893e+01 -4.7856e-01 -1.2014e-01 -2.3853e+00 2.1516e-01 -1.3587e+00 -1.1683e+00 -1.4445e+00 -1.0235e+00 2.2839e-01 -1.5582e-01 -2.3727e+00 1.9415e+00
2.0846e+00 -1.8555e+01 3.9892e+00 -1.4094e+01 -3.3748e+00 -1.9532e+01 2.5984e+00 2.4055e+01 -7.9213e+00 -8.9312e+00 2.2084e+01 -3.8709e+00 -3.7318e+00 -2.0557e+00 -7.7412e+00 -6.8690e+00 -9.0707e-01 -3.5635e-01 2.4531e+00 1.6968e+01 -6.8935e-01 -1.5499e+00 -3.8891e+00 -2.3143e+01 1.2659e+01 2.2241e-01 -2.1318e+01 -2.8135e-01 -9.1414e+00 -1.8379e+01 1.6918e+00 -5.5783e+00 -3.0643e+00 -5.7626e+00 -4.9460e+01 -4.3675e+00 1.3098e+02 7.0394e+01 -1.9451e+01 -4.7529e+01 -1.2140e+00 2.3409e+00 -1.4605e+00 9.7906e-02 1.3552e+00 -6.0060e-01 -1.7307e+00 2.1616e+00 -1.2281e+00 9.5577e-01 1.9281e+00 3.2898e+00
4.7870e+00 5.1539e+01 -5.5250e+01 -2.3170e+01 3.4413e+00 1.6070e+01 -4.3554e+01 6.6617e+00 1.3572e+01 2.0039e+01 1.0239e+01 -2.9004e+00 -2.5136e+00 4.1219e-01 3.0467e+01 3.4115e+01 -1.4629e+00 3.1833e-01 -2.1268e+00 7.2818e+00 -1.3290e+00 -1.1888e+01 -1.2460e+01 5.4210e+01 8.7368e+01 -1.2474e+00 -9.8475e+01 3.4787e-01 2.0365e+01 -8.7112e+01 1.8272e+00 -8.3060e+01 -6.0382e+00 5.7860e+00 4.3847e+01 -3.5054e+01 7.0394e+01 1.6288e+02 3.6104e+01 -1.0247e+02 -9.4757e-02 1.1559e+00 -2.0098e+00 -2.4873e-01 1.8281e+00 -2.1376e-01 -3.1028e+00 -1.1452e+00 -1.9416e+00 8.1274e-02 3.3729e+00 1.7548e+01
3.6544e+00 4.1398e+01 -4.2306e+01 9.6298e-01 -6.9558e+00 2.4694e+01 -3.9176e+01 -2.1575e+00 5.1707e+00 2.8348e+01 -1.0873e+01 2.6377e+00 3.2514e+00 5.2385e+00 2.2163e+01 2.3660e+01 -2.2542e-01 -1.4361e+00 -5.9550e-01 -8.2838e+00 -2.8982e-01 5.7861e+00 -9.1770e+00 6.0230e+01 6.6024e+01 -1.4168e+00 -6.3399e+01 6.8575e-01 2.3914e+01 -5.4277e+01 -4.7344e+00 -6.5543e+01 -4.2792e+00 3.6286e+00 5.5151e+01 -2.7537e+01 -1.9451e+01 3.6104e+01 1.1802e+02 -6.0318e+01 1.5956e+00 -1.8690e+00 1.6177e+00 -2.8288e-01 -6.5636e-01 6.9550e-01 -1.5641e+00 -3.1586e+00 3.0873e-01 -2.0966e-01 -8.9007e-01 -6.0114e+00
-7.1140e+00 -4.5077e+01 4.6483e+01 2.1216e+01 -5.0503e+00 -1.4714e+01 3.6340e+01 3.6764e+00 -6.5582e+00 -2.1164e+01 -8.2013e+00 3.2361e+00 1.5600e+00 -3.2992e+00 -1.9532e+01 -2.0286e+01 1.4929e+00 7.4132e-01 -1.7222e+00 -2.5222e+00 -2.3046e-01 -3.3524e+00 5.7594e+00 -5.6329e+01 -7.9477e+01 -3.1904e-01 8.1197e+01 -5.3367e-01 -2.3585e+01 7.4073e+01 -1.9406e+00 7.9729e+01 7.7448e+00 -2.8519e+00 -4.5519e+01 3.2893e+01 -4.7529e+01 -1.0247e+02 -6.0318e+01 1.4725e+02 2.8869e-01 4.3815e-01 2.2047e+00 1.3017e-01 -1.6607e+00 -6.3547e-01 3.3827e+00 1.1921e+00 -4.8320e-02 1.5457e-01 8.7041e-01 6.1538e-03
-2.3961e-01 9.4879e-01 -3.1261e+00 -4.2071e-02 3.4313e-01 1.0868e+00 -1.9201e+00 -9.9639e-02 2.0413e+00 4.1942e-01 -4.7526e-01 1.9832e+00 9.0759e-01 -1.2002e-01 2.5537e-01 1.3409e-01 -8.0755e-02 3.6037e-02 -8.7527e-02 -2.1715e-01 -8.5652e-02 -9.8732e-02 -2.6630e-01 1.1838e+00 4.2439e-01 5.8256e-02 -3.9398e-01 -4.8676e-02 1.2200e+00 -4.6691e-01 -2.8915e-01 -4.8808e-01 -2.1732e-01 -3.7367e-02 5.6756e-01 -4.7856e-01 -1.2140e+00 -9.4757e-02 1.5956e+00 2.8869e-01 9.3494e+00 1.7357e-03 -1.9490e-01 -1.9743e-02 -9.4960e-02 5.6743e-02 -9.0739e-02 -1.4456e-01 -6.6727e-03 -2.7474e-02 2.5790e-02 1.5587e-01
-1.4510e+00 -9.1450e-03 4.7105e-01 -5.7040e-01 9.4322e-02 1.2972e+00 2.3733e-01 -7.5009e-02 -8.9403e-01 -3.5011e-01 -4.8235e-01 -3.0566e-01 -2.1380e-01 -1.4716e-01 -1.0479e+00 3.8157e-01 -7.7585e-02 -1.3374e-02 -1.5729e-01 1.3749e+00 6.2745e-03 -2.8810e-01 3.4926e-01 -1.6503e+00 -1.4394e+00 -9.5411e-02 2.1130e+00 -9.5967e-02 -1.2103e+00 1.4689e+00 1.6588e-01 1.4025e+00 -2.3195e-01 -2.5601e-02 -3.7234e-01 -1.2014e-01 2.3409e+00 1.1559e+00 -1.8690e+00 4.3815e-01 1.7357e-03 9.7595e+00 -1.5253e-01 -7.7317e-02 -1.3018e-01 1.6216e-01 -9.9168e-02 1.1555e-01 -9.6999e-02 -7.1084e-02 -1.8954e-02 -1.6184e-02
1.0201e-01 -1.2164e+00 5.2627e-02 9.6839e-01 4.7251e+00 9.4538e-01 -9.6877e-01 -1.4373e-01 -1.4186e-02 9.9561e-01 5.8114e-01 -4.9809e-01 -2.7966e-01 -3.9077e-01 8.6420e-02 6.6440e-03 -5.6173e-02 -1.8897e-01 -4.4725e-01 3.0545e-01 -5.7237e-02 -2.3050e-01 -2.8099e-01 -1.4289e+00 -2.3807e+00 -3.3102e-01 1.9843e+00 -2.0265e-01 -3.4828e-01 1.7686e+00 -7.5423e-01 2.3397e+00 -2.2412e-01 -3.5315e-01 -1.8673e+00 -2.3853e+00 -1.4605e+00 -2.0098e+00 1.6177e+00 2.2047e+00 -1.9490e-01 -1.5253e-01 2.1376e+01 -9.1536e-02 -2.5669e-02 2.3755e-01 -9.3343e-02 -1.9720e-01 -1.1639e-01 8.1457e-03 -1.0915e-01 -1.3028e-01
2.7990e-01 -6.4182e-01 8.6769e-01 4.8884e-01 -1.7036e-01 -4.2086e-01 1.3155e+00 -4.4179e-02 -2.2414e-01 -3.4287e-01 3.4151e-01 -9.7997e-02 -1.7656e-01 -7.2592e-02 -1.8093e-01 -3.2456e-01 -8.1008e-02 -7.7070e-02 -1.2059e-01 -8.2645e-02 -4.4688e-02 1.2382e-01 3.4754e-02 -3.2073e-01 -6.8950e-01 -4.6101e-02 6.5661e-01 -4.4147e-02 -1.2915e-02 7.1616e-01 -3.5495e-01 7.3552e-01 -1.5300e-01 -1.9878e-01 -4.9249e-01 2.1516e-01 9.7906e-02 -2.4873e-01 -2.8288e-01 1.3017e-01 -1.9743e-02 -7.7317e-02 -9.1536e-02 5.9650e+00 -6.3319e-02 -1.3763e-01 -2.2377e-03 -6.5229e-02 -4.8234e-02 -1.4993e-02 -4.0821e-02 2.1648e-01
-6.9220e-01 2.5706e+00 1.1237e+00 -4.8228e-01 -5.6819e-01 -8.4500e-01 3.7604e-01 -1.3289e+00 1.1916e+00 -1.2498e+00 2.1435e+00 -3.7915e-01 -3.0817e-01 -1.0426e-01 -5.7772e-01 -8.5373e-01 -8.7871e-02 -2.1354e-01 -2.9105e-01 2.3885e+00 -1.3833e-01 4.5031e-01 -1.9245e-01 3.2105e-01 1.1804e-01 -9.3988e-02 -5.1064e-01 -8.7829e-02 -5.9765e-01 3.1966e-02 3.7860e-01 -1.8309e-01 -3.1944e-01 -7.7608e-01 9.1302e-01 -1.3587e+00 1.3552e+00 1.8281e+00 -6.5636e-01 -1.6607e+00 -9.4960e-02 -1.3018e-01 -2.5669e-02 -6.3319e-02 1.4437e+01 -1.9680e-01 -1.9757e-01 8.2885e-02 -1.1891e-01 -7.7576e-02 1.2092e-01 1.6183e-01
-3.9254e-01 5.9810e-01 -7.7969e-02 3.2181e-02 -4.1618e-01 2.0706e+00 1.0579e+00 -2.9570e-01 5.4222e-01 2.2945e+00 -2.4674e-01 -4.0834e-01 -4.8033e-02 -2.9353e-01 1.3216e+00 1.2735e+00 -2.5480e-01 2.9924e-01 -3.3290e-01 5.9463e-01 -1.0141e-01 8.8028e-01 2.1206e-01 1.9567e-01 -2.7611e-01 -1.5865e-01 -1.7774e+00 1.0985e+00 -6.5673e-01 -1.1895e+00 -6.6121e-01 -2.9575e-01 -4.7087e-01 -4.2892e-01 -9.7464e-01 -1.1683e+00 -6.0060e-01 -2.1376e-01 6.9550e-01 -6.3547e-01 5.6743e-02 1.6216e-01 2.3755e-01 -1.3763e-01 -1.9680e-01 1.5724e+01 -1.3516e-01 -1.6811e-01 -2.2273e-01 -2.2085e-02 -8.2049e-01 -6.9914e-01
4.2777e-01 -2.1607e+00 1.7499e+00 9.2518e-02 9.2083e-01 -3.0476e+00 2.6651e+00 4.1456e-02 -2.6890e-01 -1.8629e+00 -1.9191e-01 9.4424e-01 -3.0795e-01 2.0815e-01 -6.2015e-01 -1.1699e+00 -2.3573e-01 5.0547e-01 2.5491e-01 3.0360e-01 -9.3739e-02 -4.7878e-03 -4.9716e-01 -1.6546e+00 -1.7723e+00 -4.1810e-02 1.7712e+00 -4.4294e-02 -6.9500e-01 1.6748e+00 -1.1802e-01 1.7564e+00 -3.4675e-01 -1.1506e-01 -2.3337e+00 -1.4445e+00 -1.7307e+00 -3.1028e+00 -1.5641e+00 3.3827e+00 -9.0739e-02 -9.9168e-02 -9.3343e-02 -2.2377e-03 -1.9757e-01 -1.3516e-01 9.4477e+00 -1.5735e-01 -8.6433e-02 2.3455e-01 -1.4070e-01 4.3664e-02
-2.2565e-01 1.4816e+00 -1.6486e+00 -6.9429e-01 -5.5962e-01 7.6658e-01 -2.5619e+00 1.3288e-01 -1.7533e+00 1.4341e+00 -8.6458e-01 -4.5962e-01 -8.8273e-01 -4.7779e-01 -2.1073e+00 -1.2231e+00 6.8889e-02 -1.4007e-01 6.9268e-02 1.9981e+00 -1.1022e-01 -2.3201e-01 -9.5529e-02 -1.3173e+00 -2.3371e+00 -2.4265e-01 2.4215e+00 -6.3979e-02 -2.5182e+00 -7.9922e-01 -1.1479e-01 2.5751e+00 -2.1368e-01 -4.4856e-01 -3.5937e-01 -1.0235e+00 2.1616e+00 -1.1452e+00 -3.1586e+00 1.1921e+00 -1.4456e-01 1.1555e-01 -1.9720e-01 -6.5229e-02 8.2885e-02 -1.6811e-01 -1.5735e-01 1.3632e+01 -9.5361e-02 -1.7997e-02 2.4827e-01 -3.1237e-01
1.4964e-01 -1.1239e+00 1.5701e+00 -2.3183e-01 -3.7453e-01 3.2582e-01 -4.0471e-01 -9.5579e-01 5.8544e-01 2.0659e+00 7.4800e-01 2.8086e-01 -3.0280e-01 -5.0510e-01 5.8276e-01 -1.5006e-01 -2.0949e-01 -2.4385e-01 -2.8632e-01 1.6091e+00 2.7708e-01 -3.9211e-01 2.0014e-01 -2.8295e-01 -1.2156e+00 -1.2698e-01 7.9348e-01 4.4216e-01 -1.5370e-01 1.5931e+00 -1.1866e-01 1.0718e-01 4.3778e-01 -2.1599e-01 -1.2047e+00 2.2839e-01 -1.2281e+00 -1.9416e+00 3.0873e-01 -4.8320e-02 -6.6727e-03 -9.6999e-02 -1.1639e-01 -4.8234e-02 -1.1891e-01 -2.2273e-01 -8.6433e-02 -9.5361e-02 1.2308e+01 -1.7860e-02 -1.5230e+00 -9.8435e-01
-4.4149e-02 -9.9984e-01 3.8787e-01 4.6705e-01 1.1740e-02 -2.6197e-01 3.7164e-01 6.9055e-01 -2.8366e-01 -2.9891e-01 -2.9824e-02 1.4306e-01 1.7159e-01 -1.4633e-01 -3.0153e-01 -4.7385e-02 -5.6544e-02 -9.2815e-02 -5.8251e-02 -2.8576e-02 -3.3856e-02 2.3519e-01 3.5382e-01 -1.9634e-01 1.3170e-01 3.2465e-03 -1.4929e-01 2.8618e-03 -9.6859e-02 1.4320e-01 4.8367e-02 -5.9707e-02 -3.7826e-02 -1.4484e-01 -9.3586e-01 -1.5582e-01 9.5577e-01 8.1274e-02 -2.0966e-01 1.5457e-01 -2.7474e-02 -7.1084e-02 8.1457e-03 -1.4993e-02 -7.7576e-02 -2.2085e-02 2.3455e-01 -1.7997e-02 -1.7860e-02 6.3505e+00 1.0112e-01 -6.5925e-02
-1.2620e+00 4.4004e+00 -6.4079e-01 1.9748e-02 -2.3193e-03 -1.7807e-01 -5.7758e-01 2.2706e+00 -2.0475e-01 -2.6173e+00 -5.2460e-01 -5.5317e-01 -3.9002e-01 -1.9551e+00 -2.3104e-01 -7.4494e-02 -1.3091e-01 -1.7318e+00 -1.8366e+00 -1.6492e+00 -5.3353e-03 -1.0199e+00 -2.1032e-01 2.1299e+00 1.8881e+01 7.5564e-02 -8.2973e+00 -4.1845e-01 -1.0040e-01 -3.3838e+00 1.4140e-01 3.7449e+00 -2.4115e-01 2.0106e-02 7.3783e+00 -2.3727e+00 1.9281e+00 3.3729e+00 -8.9007e-01 8.7041e-01 2.5790e-02 -1.8954e-02 -1.0915e-01 -4.0821e-02 1.2092e-01 -8.2049e-01 -1.4070e-01 2.4827e-01 -1.5230e+00 1.0112e-01 2.2948e+01 -4.2063e+00
3.5585e-01 -1.5982e+00 -3.0353e+00 7.4256e-02 2.8997e+00 -2.2070e+00 -2.7431e+00 1.8314e+00 7.2965e-02 -1.8590e-01 -1.2414e-01 1.8765e-01 -3.9991e-01 -4.4547e-01 4.1675e-03 6.4176e-01 -1.8217e-01 8.8179e-02 -2.1286e-01 -5.3947e-01 -1.3724e+00 2.2162e+00 -3.3295e-02 -1.8000e+00 -6.5610e+00 1.6158e-01 1.4489e+01 -1.4977e+00 -9.4121e-01 8.4458e+00 5.1420e-01 1.2590e+00 1.0706e+00 -3.6961e-01 -5.5970e+00 1.9415e+00 3.2898e+00 1.7548e+01 -6.0114e+00 6.1538e-03 1.5587e-01 -1.6184e-02 -1.3028e-01 2.1648e-01 1.6183e-01 -6.9914e-01 4.3664e-02 -3.1237e-01 -9.8435e-01 -6.5925e-02 -4.2063e+00 3.2236e+01
