6.0259e+01 1.0167e+01 1.5217e+00 2.4301e+01 4.8341e-01 -3.6039e+01 -1.9328e+01 -1.6031e+00 1.6595e+00 2.0193e+01 -1.1137e+00 2.8087e+00 1.3918e+01 -1.7710e+00 -9.9621e-01 -3.4138e-01 5.8948e+00 -2.4970e+00 4.6990e-01 -6.8791e-02 4.5198e-01 5.0232e+00 -9.0186e-01 -1.0816e+00 -1.6724e-01 -3.9761e+00 -2.2976e+00 1.4529e+00 7.7500e-02 3.3412e-01 1.5508e+00 -2.7593e+00 -2.7979e-02 -8.1701e+00 -1.1972e+00 -1.7652e+00 2.1251e+00 -2.2488e-01 2.8462e+00 -1.3355e+00 -7.4182e-01 1.2255e+00 -1.5729e-01 2.1077e-01 4.7863e-01 4.3499e-01 -6.3153e-01 5.0152e-02 3.8096e-01 8.6517e-02 6.5271e+00 -3.0368e+00
1.0167e+01 3.1841e+01 -9.0972e-01 6.5533e+00 -2.1089e-01 -5.5526e+00 -5.5480e-01 -4.0589e-01 -3.5435e-01 4.1210e+00 -5.6916e-01 -1.3185e+00 -6.7212e+00 2.1443e+00 -7.0819e-01 -7.6581e-01 1.7363e+01 1.9442e-01 9.1284e-02 -1.8816e+00 4.0964e-01 -4.3450e-01 -6.8455e-01 -7.9280e-01 1.6614e-01 9.2993e-01 -6.0111e-01 6.3210e+00 1.9592e+00 -1.7055e-02 4.2893e-02 9.5180e-03 7.6301e-01 -1.1461e+00 -7.4749e-01 -1.1350e-01 3.6998e+00 9.7293e-02 2.4790e+00 -1.0266e+00 -3.7836e-02 1.3697e+00 -1.8721e-01 -4.3716e-01 -9.2473e-02 8.9369e-01 -2.3481e-02 2.3067e-01 7.4318e-01 4.6178e-02 5.5938e-02 1.7041e-02
1.5217e+00 -9.0972e-01 6.4963e+01 1.8529e+00 -1.1442e+01 6.5625e+00 8.2386e+00 -7.1711e-01 -2.6168e+00 3.7145e+00 9.7890e-01 -6.4940e-01 -1.9938e+00 1.0289e+01 -4.7807e+00 -1.4685e+00 -2.3902e-01 -6.9673e-01 -2.4178e-01 -6.1570e-01 -1.1091e+01 -2.8852e+00 5.8669e-01 -1.5364e-01 -9.8620e+00 -3.6955e-01 4.1278e-01 -2.2161e+00 -4.3903e+00 -5.8935e-01 1.6899e+00 -1.1284e-01 -3.3034e-01 -7.5046e-01 4.3675e-01 -8.5376e-01 9.3101e+00 -1.2976e+00 8.0758e+00 2.8629e-01 1.7937e-01 -2.2746e-01 5.3103e-01 -3.5135e-01 5.1684e-02 -2.0998e+00 -1.1623e-01 -1.0408e-02 -1.6029e+00 -1.2154e-01 -1.7853e-01 -1.1082e-01
2.4301e+01 6.5533e+00 1.8529e+00 4.5057e+01 -1.7818e+00 -2.1088e+01 -1.3897e+01 -1.1789e+00 4.5136e-01 2.3806e+01 1.1913e-01 3.0087e+00 1.0746e+01 -4.1507e-01 -1.1298e+00 2.3084e-02 6.0242e+00 -5.3251e+00 3.7864e-01 -1.9730e+00 2.0918e-01 5.2552e+00 -3.1784e+00 -9.9536e-01 6.2900e-04 -3.3497e+00 -3.1585e+00 4.1801e+00 -3.5498e+00 -7.1656e-02 7.0935e-01 -8.3449e-01 2.0416e-01 -9.3831e+00 -1.1340e+00 -2.0801e+00 9.8102e-01 -1.0533e+00 6.0068e-01 -8.8743e-01 -6.6958e-01 -1.5204e+00 8.7839e-02 -5.4801e-02 2.5030e-01 2.5016e-01 1.6410e-02 -1.2237e-01 1.5208e-01 8.2665e-02 8.5870e-01 -1.7358e+00
4.8341e-01 -2.1089e-01 -1.1442e+01 -1.7818e+00 1.1975e+02 -1.0875e+01 -2.8060e+01 -4.3499e+01 -1.5658e+00 4.9779e-01 -2.3512e+00 -8.3028e-02 1.4956e+00 4.5341e+00 -1.8135e+00 1.8136e+00 -9.1777e+00 1.2588e-01 -4.1058e+00 6.4997e+00 1.3960e+01 2.4880e+01 2.4824e+01 5.9387e-01 9.4107e+00 3.0271e+00 -2.4138e+00 5.5717e+00 1.9317e+00 5.2204e-02 -7.0581e+00 -2.4010e-01 9.8920e-01 -2.7002e+01 1.7207e+00 1.4940e+00 -5.3730e+01 2.8493e+00 -2.9874e+01 -7.2792e+00 -5.1469e-01 -7.1833e-01 1.7287e+00 1.0187e+00 -4.7631e-01 -2.2301e+00 8.9622e-01 -1.2335e+00 -1.8014e+00 7.8740e-03 -9.5394e-01 4.4871e-01
-3.6039e+01 -5.5526e+00 6.5625e+00 -2.1088e+01 -1.0875e+01 1.2471e+02 -2.5684e+00 -9.2642e-01 1.1590e+00 -2.1440e+01 1.3750e+00 -3.6633e+00 -2.2235e+01 -3.3248e+01 2.4152e+00 -1.0978e+00 4.8264e-01 6.3302e+00 -2.9025e-01 9.3838e-01 -1.2217e+01 -5.0642e+00 2.2519e+00 1.6437e+00 -8.2694e+00 2.9180e+00 4.9746e+00 1.7602e+01 1.4532e-01 -3.6877e-01 -1.4191e+00 8.4336e-02 4.2350e-01 -4.5440e+00 1.3418e-01 1.7536e+00 1.6720e+01 -1.1410e+00 1.6343e+01 1.0492e+00 1.2973e+00 1.9244e+00 -7.1808e-01 -7.5083e-01 -7.8376e-01 4.3442e+00 3.9927e-01 2.1579e-01 -2.3425e+00 -3.8637e-01 9.2690e+00 -3.1474e-02
-1.9328e+01 -5.5480e-01 8.2386e+00 -1.3897e+01 -2.8060e+01 -2.5684e+00 1.0225e+02 3.6610e+00 -2.7374e+00 -1.2343e+01 -6.1558e-01 -1.9847e+00 -5.0002e+00 1.0901e+01 -6.1925e-01 -8.0317e-01 4.4156e+00 -3.8129e+00 2.3599e+00 -2.8048e+00 -2.6091e+00 -1.2515e+01 -4.3186e+00 -9.7330e-01 -2.4005e+00 4.7731e+00 -5.6974e+00 -3.1739e+01 -4.8502e+00 3.7724e-01 5.4777e+00 6.6601e+00 7.2866e-02 1.1719e+01 1.0286e+00 -2.5738e+00 1.9244e+01 -5.1949e+00 1.4854e+01 -1.0225e-01 -8.3157e-01 -1.0952e+00 -1.0633e+00 -3.1888e-01 -1.5131e-01 2.3107e-01 -2.1220e+00 -5.2881e-01 -1.4495e+00 -3.4911e-01 -5.8705e+00 7.1203e+00
-1.6031e+00 -4.0589e-01 -7.1711e-01 -1.1789e+00 -4.3499e+01 -9.2642e-01 3.6610e+00 7.0994e+01 -2.7205e+00 -1.3625e-01 3.1895e+00 -5.1337e-01 1.1891e+00 -4.9926e-01 6.2542e-02 4.7372e-01 3.0284e+00 2.1494e-01 -1.1838e+00 -1.1095e+01 -9.9029e-01 -1.1550e+01 -2.5487e+01 -7.6951e-01 2.8112e+00 -7.0313e-03 6.2917e-01 3.4788e+00 -8.2202e-01 -1.0469e+00 -3.9978e+00 -3.0428e-01 1.0629e-02 3.5626e+01 -3.3795e+00 -1.1359e+00 1.9950e+01 -1.9073e+00 -2.5243e+00 8.5087e+00 1.6936e-01 6.9819e-01 1.3021e-02 -6.9531e-01 1.2892e+00 1.9755e+00 -1.5252e+00 1.9009e-01 1.7638e+00 2.5598e-01 -9.7482e-01 -8.7641e-01
1.6595e+00 -3.5435e-01 -2.6168e+00 4.5136e-01 -1.5658e+00 1.1590e+00 -2.7374e+00 -2.7205e+00 2.8063e+01 -2.6575e-01 -6.8130e-02 -3.0993e-01 1.8617e+00 -1.7469e+00 3.6114e+00 -1.8959e-01 6.1864e-01 6.9284e-01 -3.5324e-01 4.3149e-01 -7.2801e-01 2.6274e+00 -3.6959e+00 1.0804e+00 -8.7040e-01 -7.1497e-01 2.6385e+00 3.9683e-02 -3.1511e-01 5.2421e-01 -3.4646e-01 -7.4351e-01 9.6475e-01 -3.6237e+00 -4.3205e-01 -6.1182e-01 -2.5039e+00 -4.2146e-01 -2.9943e+00 -4.2002e-01 -2.9253e-02 -2.1149e-02 -2.1912e-01 -1.7459e-01 -1.8615e-01 -5.5591e-01 6.5917e-01 -2.4229e-01 -2.5108e-01 -9.2563e-02 -3.4958e-01 -8.1256e-01
2.0193e+01 4.1210e+00 3.7145e+00 2.3806e+01 4.9779e-01 -2.1440e+01 -1.2343e+01 -1.3625e-01 -2.6575e-01 5.0433e+01 2.2523e-01 3.5955e+00 1.3710e+01 7.1307e-01 -9.6507e-01 4.4217e-01 4.4532e+00 -6.4843e+00 3.8176e-01 1.4026e+00 8.1360e-01 2.9145e+00 -1.5331e+00 -1.8532e+00 5.7654e-01 -3.3232e+00 -1.8747e+00 1.0490e+01 -5.8617e+00 -1.9237e-01 -4.3151e-01 -1.5561e+00 1.9402e-01 -6.6098e+00 -1.4649e+00 -1.7411e+00 -3.6604e+00 3.9177e-01 -3.4365e+00 2.4210e-01 3.2020e+00 -1.6992e+00 -1.7855e-01 4.9992e-02 8.1278e-02 8.5945e-01 -5.7356e-01 -7.6167e-04 9.8771e-02 9.5486e-02 5.5190e-02 -1.5851e+00
-1.1137e+00 -5.6916e-01 9.7890e-01 1.1913e-01 -2.3512e+00 1.3750e+00 -6.1558e-01 3.1895e+00 -6.8130e-02 2.2523e-01 1.2021e+01 -5.8214e-02 6.6490e-01 -5.7593e-01 -7.3918e-02 -1.1321e-01 -1.0927e-01 -4.9592e-02 -1.7481e-01 -8.2977e-01 -3.7707e-01 -5.5165e-01 -2.0758e+00 -5.6802e-02 -5.5403e-01 -2.3075e-01 5.2341e-02 2.9776e-01 -2.0556e-01 -4.7064e-01 -1.9460e-01 4.1815e-02 -6.9371e-02 2.3408e+00 -1.3058e-01 -3.8207e-01 9.2076e-01 -1.1324e-01 -1.6429e+00 2.4101e+00 -1.6218e-03 -4.3019e-02 -1.8810e-01 -3.4932e-02 -6.5504e-02 2.1321e+00 -9.8724e-02 -7.6312e-02 -1.4115e-01 -2.5453e-02 -2.9890e-03 3.9064e-01
2.8087e+00 -1.3185e+00 -6.4940e-01 3.0087e+00 -8.3028e-02 -3.6633e+00 -1.9847e+00 -5.1337e-01 -3.0993e-01 3.5955e+00 -5.8214e-02 1.6189e+01 -1.0476e+00 1.7584e-01 -2.7226e-01 -5.1381e-02 -1.5741e+00 -8.8850e-01 -1.4667e-01 -3.9535e-01 -1.1111e-01 -1.1565e+00 -1.0486e+00 -3.5071e-01 -1.2581e-01 -4.9981e-01 -1.7451e-01 3.6651e+00 -1.0836e+00 -2.4315e-01 -1.4378e-01 -4.2609e-02 -9.0542e-02 1.2886e+00 -4.9535e-01 4.5896e-01 1.9122e+00 -1.9470e-01 -2.2002e+00 7.8206e-01 2.0843e-03 2.9392e-01 7.1691e-02 1.6725e-01 -9.6990e-02 2.3595e-02 -7.7502e-02 -5.5522e-02 9.8868e-01 -7.4587e-03 8.3082e-01 -6.1922e-02
1.3918e+01 -6.7212e+00 -1.9938e+00 1.0746e+01 1.4956e+00 -2.2235e+01 -5.0002e+00 1.1891e+00 1.8617e+00 1.3710e+01 6.6490e-01 -1.0476e+00 6.2712e+01 -1.4687e+00 -8.6021e-01 2.7997e+00 -1.7938e+01 -1.8361e+00 -9.3769e-01 -1.0492e+00 4.3120e+00 1.4159e+01 -2.7891e+00 5.8010e-01 4.6585e+00 -1.5767e+00 -1.6594e+00 -7.0780e+00 1.0493e+01 -9.8742e-01 -1.1712e+00 1.2897e-01 -4.2227e-01 -3.6088e-01 -1.3089e+00 -2.6683e+00 -5.1557e-01 4.1801e-01 5.9510e+00 4.3606e+00 -6.2386e-01 3.9951e-01 -3.3928e-01 -2.4663e-01 7.3408e-02 2.0934e+00 -6.6948e-01 -7.0804e-01 -1.3261e+00 -3.3704e-02 -6.8546e-01 8.9667e-02
-1.7710e+00 2.1443e+00 1.0289e+01 -4.1507e-01 4.5341e+00 -3.3248e+01 1.0901e+01 -4.9926e-01 -1.7469e+00 7.1307e-01 -5.7593e-01 1.7584e-01 -1.4687e+00 7.2250e+01 -1.0403e+00 -3.3920e-01 2.7779e+00 -9.3177e-01 -6.2370e-01 -6.6196e-01 -1.1834e+00 -1.9715e+00 -5.9548e-01 -2.4533e-01 3.0363e+00 2.1317e+00 -3.0608e+00 -2.3565e+00 -3.9540e+00 -6.5569e-01 1.3279e+00 2.7632e-01 9.4025e-01 1.0337e+01 -5.4265e-02 -1.1293e+00 -1.3819e+01 2.8384e+00 -1.7529e+01 4.2249e-02 -6.4176e-01 -5.4004e-01 6.0767e-01 -4.3257e-01 3.4544e-01 -3.4347e+00 -4.6129e-01 -8.6274e-01 1.9757e-01 1.1443e-01 8.8272e-01 2.6870e-01
-9.9621e-01 -7.0819e-01 -4.7807e+00 -1.1298e+00 -1.8135e+00 2.4152e+00 -6.1925e-01 6.2542e-02 3.6114e+00 -9.6507e-01 -7.3918e-02 -2.7226e-01 -8.6021e-01 -1.0403e+00 1.2445e+01 -7.4286e-02 -1.6755e-01 -1.8561e-01 -3.3915e-01 1.6181e+00 -5.1623e-01 4.1363e-01 -8.0527e-02 -6.9050e-02 -3.8361e-01 -3.0273e-01 8.6784e-02 -8.4983e-02 -3.1829e-01 2.7409e-02 -1.4348e-01 1.0740e-01 -5.7761e-02 -4.7327e-01 -1.0414e-01 -1.0025e-01 9.8200e-01 -1.9538e-01 1.2529e+00 -2.1931e-02 -3.7824e-02 -8.5055e-02 -1.5837e-01 -4.8430e-02 -1.6316e-02 -3.1363e-01 1.8943e-02 -3.3563e-01 -1.1206e-02 -1.7063e-02 9.3512e-02 9.8913e-02
-3.4138e-01 -7.6581e-01 -1.4685e+00 2.3084e-02 1.8136e+00 -1.0978e+00 -8.0317e-01 4.7372e-01 -1.8959e-01 4.4217e-01 -1.1321e-01 -5.1381e-02 2.7997e+00 -3.3920e-01 -7.4286e-02 8.1840e+00 -2.6947e+00 -1.1986e-01 -5.9775e-02 -2.8343e-01 -3.8140e-01 2.4012e+00 -7.5298e-01 -5.9326e-02 -4.1752e-01 -1.6171e-02 4.5271e-01 -1.5357e+00 1.6797e+00 -2.5602e-01 -8.1001e-02 6.0140e-02 -6.0364e-02 -4.2776e-01 1.6080e-02 -5.8331e-02 -9.7408e-01 1.5852e-02 -1.1936e+00 -1.5951e-01 -3.2346e-02 -3.7331e-02 -5.6388e-02 -3.6599e-02 -3.0594e-02 9.0500e-02 -4.9571e-02 -7.1614e-02 -9.2766e-02 -8.2022e-03 -1.3696e-02 5.4153e-02
5.8948e+00 1.7363e+01 -2.3902e-01 6.0242e+00 -9.1777e+00 4.8264e-01 4.4156e+00 3.0284e+00 6.1864e-01 4.4532e+00 -1.0927e-01 -1.5741e+00 -1.7938e+01 2.7779e+00 -1.6755e-01 -2.6947e+00 5.7529e+01 -3.7186e+00 8.0747e-01 -2.6062e+00 1.8054e+00 -1.1249e+01 -9.4828e+00 -7.8557e-01 1.0287e+00 -3.5594e+00 -7.8983e-01 1.3920e+01 -1.4833e+01 -6.3197e-01 3.3059e-01 1.2376e-01 1.4089e+00 1.0349e-01 -1.7210e-01 4.7377e-01 1.2546e+01 2.2770e-03 -3.8853e+00 -1.2436e+00 2.7430e-02 -1.3705e+00 -2.4618e+00 -4.4292e-01 -1.7333e-01 -1.2433e+00 -5.9762e-01 4.6377e-01 1.4059e+00 -2.0101e-01 -2.8155e-01 -1.2647e-01
-2.4970e+00 1.9442e-01 -6.9673e-01 -5.3251e+00 1.2588e-01 6.3302e+00 -3.8129e+00 2.1494e-01 6.9284e-01 -6.4843e+00 -4.9592e-02 -8.8850e-01 -1.8361e+00 -9.3177e-01 -1.8561e-01 -1.1986e-01 -3.7186e+00 1.9680e+01 -1.6607e-01 -2.1941e-01 -2.0746e-01 -5.6968e-01 -6.8652e-01 5.3487e-01 -1.7724e-01 -8.1446e-01 -7.3364e-01 6.0918e+00 1.2198e+01 -1.5998e-02 5.0946e-01 -7.0500e-01 -1.5141e-01 9.7738e+00 -2.7646e-01 -8.5207e-01 -8.5787e-02 -1.4884e-01 -1.3775e+00 -1.7583e-02 -3.4099e-01 3.0887e+00 -1.5857e-01 -6.2436e-02 -1.4384e-01 -1.8371e-01 -1.3803e-01 -1.0541e-01 2.6582e-01 -5.0676e-02 3.1283e-01 -7.1324e-01
4.6990e-01 9.1284e-02 -2.4178e-01 3.7864e-01 -4.1058e+00 -2.9025e-01 2.3599e+00 -1.1838e+00 -3.5324e-01 3.8176e-01 -1.7481e-01 -1.4667e-01 -9.3769e-01 -6.2370e-01 -3.3915e-01 -5.9775e-02 8.0747e-01 -1.6607e-01 1.8297e+01 -4.8079e-01 -2.7916e-01 -2.8815e+00 -3.5761e-01 -8.5649e-02 -2.9963e-01 -3.4738e-02 -3.0680e-01 1.5852e+00 -4.2872e-01 9.2772e-01 -1.8835e+00 6.9032e-03 3.8501e-01 -2.0844e+00 -1.3948e-01 1.0330e+00 4.4051e+00 -7.1580e-01 6.4809e+00 -2.0652e-01 1.1554e-01 -5.6684e-02 -9.7288e-02 -1.6841e-01 5.0664e-01 3.1069e-01 -1.4126e-01 -2.0623e-01 -2.0873e-01 -3.6880e-02 -4.3490e-02 -4.5227e-02
-6.8791e-02 -1.8816e+00 -6.1570e-01 -1.9730e+00 6.4997e+00 9.3838e-01 -2.8048e+00 -1.1095e+01 4.3149e-01 1.4026e+00 -8.2977e-01 -3.9535e-01 -1.0492e+00 -6.6196e-01 1.6181e+00 -2.8343e-01 -2.6062e+00 -2.1941e-01 -4.8079e-01 4.8859e+01 -8.2939e-01 -4.7442e+00 1.9363e+01 5.5634e-01 -1.4112e+00 -1.2872e+00 -8.0511e-01 -4.6777e+00 1.2468e+00 -3.7003e+00 -1.8288e-01 4.4077e-01 -6.2388e-01 3.8705e+00 6.0698e+00 -4.5418e+00 7.4159e+00 1.2201e+00 -6.9288e+00 -1.7638e+00 4.8136e-01 -3.9556e-01 -3.9948e-01 -9.5042e-02 1.3774e-01 -6.9257e-01 -4.8218e-01 -4.6069e-01 -1.0751e+00 -1.0360e-01 3.9531e-02 3.7320e-01
4.5198e-01 4.0964e-01 -1.1091e+01 2.0918e-01 1.3960e+01 -1.2217e+01 -2.6091e+00 -9.9029e-01 -7.2801e-01 8.1360e-01 -3.7707e-01 -1.1111e-01 4.3120e+00 -1.1834e+00 -5.1623e-01 -3.8140e-01 1.8054e+00 -2.0746e-01 -2.7916e-01 -8.2939e-01 2.7776e+01 -1.7120e+00 4.4049e-01 -7.0972e-02 1.4174e+01 3.2094e-01 -1.2192e+00 1.3280e+00 -9.0557e-01 5.7570e-01 -4.1549e-01 6.6364e-02 -2.2395e-01 -1.2397e+00 -5.0594e-01 -9.2528e-02 -5.9163e+00 -3.3451e-02 -3.8948e+00 -2.7399e-01 -1.6630e-01 -1.7600e-01 -3.6587e-01 1.4479e+00 -1.7201e-01 -9.9808e-01 6.8383e-01 -5.9559e-01 -1.0043e-01 -4.8299e-02 -7.6204e-02 4.9896e-02
5.0232e+00 -4.3450e-01 -2.8852e+00 5.2552e+00 2.4880e+01 -5.0642e+00 -1.2515e+01 -1.1550e+01 2.6274e+00 2.9145e+00 -5.5165e-01 -1.1565e+00 1.4159e+01 -1.9715e+00 4.1363e-01 2.4012e+00 -1.1249e+01 -5.6968e-01 -2.8815e+00 -4.7442e+00 -1.7120e+00 9.0066e+01 -2.0469e+01 -5.1309e-01 3.9643e+00 -1.5476e+00 1.4144e-01 -1.2000e+01 1.4205e+01 -1.7513e+00 -2.0479e+00 5.6075e-01 -8.0835e-01 -1.9913e+01 -8.8189e-02 -1.0078e+00 -2.9410e+01 8.5197e+00 3.4964e+00 -3.6186e+00 -7.7685e-01 -7.8476e-01 -2.8985e-02 -3.7974e-01 -1.6920e-01 2.6354e+00 1.4190e+00 -6.0585e-01 -1.1378e+00 -3.0039e-01 -1.1783e-02 3.8017e-01
-9.0186e-01 -6.8455e-01 5.8669e-01 -3.1784e+00 2.4824e+01 2.2519e+00 -4.3186e+00 -2.5487e+01 -3.6959e+00 -1.5331e+00 -2.0758e+00 -1.0486e+00 -2.7891e+00 -5.9548e-01 -8.0527e-02 -7.5298e-01 -9.4828e+00 -6.8652e-01 -3.5761e-01 1.9363e+01 4.4049e-01 -2.0469e+01 7.8804e+01 -6.2828e-01 -3.4414e+00 -2.5805e+00 8.8536e+00 6.3753e+00 4.8797e-01 5.2753e+00 -2.9927e+00 -1.3778e+00 -7.8825e-01 -2.0522e+01 3.8270e+00 5.8836e+00 -1.8127e+01 -5.1057e+00 -1.1356e+01 -5.6470e+00 -5.9548e-01 -4.0370e-01 1.5581e-01 1.4543e-01 -6.3197e-01 -2.1041e-01 9.3469e-01 1.6801e+00 -1.2177e+00 1.3359e-01 -6.4019e-01 1.0921e+00
-1.0816e+00 -7.9280e-01 -1.5364e-01 -9.9536e-01 5.9387e-01 1.6437e+00 -9.7330e-01 -7.6951e-01 1.0804e+00 -1.8532e+00 -5.6802e-02 -3.5071e-01 5.8010e-01 -2.4533e-01 -6.9050e-02 -5.9326e-02 -7.8557e-01 5.3487e-01 -8.5649e-02 5.5634e-01 -7.0972e-02 -5.1309e-01 -6.2828e-01 1.1890e+01 1.3684e+00 -8.2232e-02 -2.7186e-01 2.4357e+00 -7.1160e-01 -1.4453e-01 -1.1622e-01 6.4139e-02 -4.9118e-02 -9.6028e-01 -1.6900e-01 -5.2862e-01 -8.9380e-01 8.7210e-01 -1.4695e+00 3.0345e-01 -6.6829e-02 -1.1854e-01 -1.2851e-01 -6.0200e-02 -1.2081e-01 -9.0410e-02 -1.3111e-01 -6.8639e-02 -9.6943e-02 -3.5607e-02 -4.6044e-02 1.4107e-01
-1.6724e-01 1.6614e-01 -9.8620e+00 6.2900e-04 9.4107e+00 -8.2694e+00 -2.4005e+00 2.8112e+00 -8.7040e-01 5.7654e-01 -5.5403e-01 -1.2581e-01 4.6585e+00 3.0363e+00 -3.8361e-01 -4.1752e-01 1.0287e+00 -1.7724e-01 -2.9963e-01 -1.4112e+00 1.4174e+01 3.9643e+00 -3.4414e+00 1.3684e+00 3.0871e+01 -2.4749e-01 -1.2461e+00 1.3556e+00 -9.2446e-01 -7.6457e-01 9.7898e-02 1.2046e-01 -1.8700e-01 -3.8600e-01 -6.7073e-01 -8.0141e-01 -1.0194e+01 2.3621e+00 -8.4430e+00 -7.7184e-01 -1.9598e-01 -7.8826e-02 -1.4085e-01 -1.2994e-01 1.7576e-02 -1.1744e+00 1.6582e-01 -3.1380e-01 -8.5625e-02 -9.9203e-02 3.2914e-02 7.3569e-02
-3.9761e+00 9.2993e-01 -3.6955e-01 -3.3497e+00 3.0271e+00 2.9180e+00 4.7731e+00 -7.0313e-03 -7.1497e-01 -3.3232e+00 -2.3075e-01 -4.9981e-01 -1.5767e+00 2.1317e+00 -3.0273e-01 -1.6171e-02 -3.5594e+00 -8.1446e-01 -3.4738e-02 -1.2872e+00 3.2094e-01 -1.5476e+00 -2.5805e+00 -8.2232e-02 -2.4749e-01 2.8188e+01 -1.6160e+00 -4.0925e+00 -7.2073e-01 -3.3311e-01 -1.8590e-01 6.3001e-02 -1.6155e-01 2.1770e+00 1.9943e+00 -1.1270e+00 -1.9526e-01 -8.0655e-01 7.2216e+00 -7.7598e-01 3.9644e-01 -2.3783e-01 1.0180e+00 -6.5724e-02 7.7906e-02 -4.6677e-01 -1.9170e-01 1.2825e+00 -6.8666e-02 -8.5021e-02 9.8181e-01 -1.1487e-02
-2.2976e+00 -6.0111e-01 4.1278e-01 -3.1585e+00 -2.4138e+00 4.9746e+00 -5.6974e+00 6.2917e-01 2.6385e+00 -1.8747e+00 5.2341e-02 -1.7451e-01 -1.6594e+00 -3.0608e+00 8.6784e-02 4.5271e-01 -7.8983e-01 -7.3364e-01 -3.0680e-01 -8.0511e-01 -1.2192e+00 1.4144e-01 8.8536e+00 -2.7186e-01 -1.2461e+00 -1.6160e+00 2.9380e+01 6.1019e+00 3.0899e-02 -2.6658e-01 -4.8584e-01 4.3666e-02 -1.3545e-01 -2.5594e-01 -1.8711e-01 8.8424e+00 -2.4868e+00 -3.9216e-01 -3.8915e+00 3.7701e-02 -5.5660e-01 -2.6234e-01 -4.4062e-01 4.5667e-02 -6.7316e-02 -6.2094e-01 1.7745e+00 2.6615e+00 -2.4961e-01 1.0717e-01 -1.5995e-01 5.6862e-02
1.4529e+00 6.3210e+00 -2.2161e+00 4.1801e+00 5.5717e+00 1.7602e+01 -3.1739e+01 3.4788e+00 3.9683e-02 1.0490e+01 2.9776e-01 3.6651e+00 -7.0780e+00 -2.3565e+00 -8.4983e-02 -1.5357e+00 1.3920e+01 6.0918e+00 1.5852e+00 -4.6777e+00 1.3280e+00 -1.2000e+01 6.3753e+00 2.4357e+00 1.3556e+00 -4.0925e+00 6.1019e+00 1.0267e+02 -6.5446e+00 -2.0021e+00 -1.9388e+01 -1.6448e+00 4.4934e-01 -7.8161e-02 -1.9431e+00 5.1353e+00 -1.0320e+01 -5.1714e-01 -3.2846e+01 1.0081e-01 2.1391e+00 1.8706e+00 -6.0032e-01 7.0351e-02 -5.2239e-01 -1.0283e+00 6.3214e-02 8.6565e-01 9.5398e-01 8.0235e-02 7.2448e+00 -1.6911e+00
7.7500e-02 1.9592e+00 -4.3903e+00 -3.5498e+00 1.9317e+00 1.4532e-01 -4.8502e+00 -8.2202e-01 -3.1511e-01 -5.8617e+00 -2.0556e-01 -1.0836e+00 1.0493e+01 -3.9540e+00 -3.1829e-01 1.6797e+00 -1.4833e+01 1.2198e+01 -4.2872e-01 1.2468e+00 -9.0557e-01 1.4205e+01 4.8797e-01 -7.1160e-01 -9.2446e-01 -7.2073e-01 3.0899e-02 -6.5446e+00 3.9744e+01 9.5953e-01 -7.5210e-01 -1.0306e-01 -4.7718e-01 8.2273e+00 -1.1925e-01 -9.8411e-01 -2.1455e+00 -2.7823e-01 1.2346e+01 -5.2272e-01 -1.5472e-01 2.7727e+00 -2.6240e-01 -1.9914e-01 4.5326e-01 1.9681e+00 -1.4178e-01 -5.0022e-01 -4.1226e-01 4.5024e-02 1.3848e-01 -1.7079e-01
3.3412e-01 -1.7055e-02 -5.8935e-01 -7.1656e-02 5.2204e-02 -3.6877e-01 3.7724e-01 -1.0469e+00 5.2421e-01 -1.9237e-01 -4.7064e-01 -2.4315e-01 -9.8742e-01 -6.5569e-01 2.7409e-02 -2.5602e-01 -6.3197e-01 -1.5998e-02 9.2772e-01 -3.7003e+00 5.7570e-01 -1.7513e+00 5.2753e+00 -1.4453e-01 -7.6457e-01 -3.3311e-01 -2.6658e-01 -2.0021e+00 9.5953e-01 2.2628e+01 -1.5161e-01 1.0630e-01 -2.3811e-01 -4.5304e+00 -1.7150e+00 4.5052e+00 -1.2779e+00 -1.4810e+00 1.0272e+01 -1.9493e+00 5.0045e-02 -1.8426e-02 -2.8258e-01 -5.5173e-02 -2.9105e-01 -2.4394e-01 -9.3625e-02 -1.5133e-01 3.9579e-02 -5.8587e-02 8.0947e-03 7.6645e-03
1.5508e+00 4.2893e-02 1.6899e+00 7.0935e-01 -7.0581e+00 -1.4191e+00 5.4777e+00 -3.9978e+00 -3.4646e-01 -4.3151e-01 -1.9460e-01 -1.4378e-01 -1.1712e+00 1.3279e+00 -1.4348e-01 -8.1001e-02 3.3059e-01 5.0946e-01 -1.8835e+00 -1.8288e-01 -4.1549e-01 -2.0479e+00 -2.9927e+00 -1.1622e-01 9.7898e-02 -1.8590e-01 -4.8584e-01 -1.9388e+01 -7.5210e-01 -1.5161e-01 3.1033e+01 -8.9258e-01 5.0939e-02 -4.0342e+00 -1.3356e-01 -1.8580e-01 9.3954e+00 -1.7425e+00 1.2098e+01 -2.1877e-01 -2.9797e-01 -1.4192e-02 -1.9825e-01 -1.7126e-01 -2.3979e-01 -3.0164e-01 1.1275e+00 -3.8992e-01 -4.2834e-01 -1.4672e-01 1.2375e-01 -9.8944e-01
-2.7593e+00 9.5180e-03 -1.1284e-01 -8.3449e-01 -2.4010e-01 8.4336e-02 6.6601e+00 -3.0428e-01 -7.4351e-01 -1.5561e+00 4.1815e-02 -4.2609e-02 1.2897e-01 2.7632e-01 1.0740e-01 6.0140e-02 1.2376e-01 -7.0500e-01 6.9032e-03 4.4077e-01 6.6364e-02 5.6075e-01 -1.3778e+00 6.4139e-02 1.2046e-01 6.3001e-02 4.3666e-02 -1.6448e+00 -1.0306e-01 1.0630e-01 -8.9258e-01 2.2010e+01 -1.3232e-01 8.9087e-01 -1.3291e-01 2.5525e-01 1.1119e+00 1.2723e+00 8.9876e-01 9.8768e-03 -4.0299e-01 2.5600e-02 -8.9737e-01 -2.9771e-02 -2.9394e-01 9.8628e-02 6.3940e-02 -1.0997e-01 -1.7835e-01 1.4483e-03 -1.9022e+00 1.8786e+01
-2.7979e-02 7.6301e-01 -3.3034e-01 2.0416e-01 9.8920e-01 4.2350e-01 7.2866e-02 1.0629e-02 9.6475e-01 1.9402e-01 -6.9371e-02 -9.0542e-02 -4.2227e-01 9.4025e-01 -5.7761e-02 -6.0364e-02 1.4089e+00 -1.5141e-01 3.8501e-01 -6.2388e-01 -2.2395e-01 -8.0835e-01 -7.8825e-01 -4.9118e-02 -1.8700e-01 -1.6155e-01 -1.3545e-01 4.4934e-01 -4.7718e-01 -2.3811e-01 5.0939e-02 -1.3232e-01 9.3411e+00 -6.3877e-01 -2.6213e-01 -2.0605e-01 9.8098e-01 -2.0237e-01 8.8359e-01 -1.5729e-01 -4.3571e-02 -7.5431e-02 -4.5607e-02 9.7133e-02 -7.9563e-02 -3.6055e-03 -2.6333e-04 -1.3391e-01 -3.2468e-02 -3.1750e-02 -4.9294e-01 -1.6241e-01
-8.1701e+00 -1.1461e+00 -7.5046e-01 -9.3831e+00 -2.7002e+01 -4.5440e+00 1.1719e+01 3.5626e+01 -3.6237e+00 -6.6098e+00 2.3408e+00 1.2886e+00 -3.6088e-01 1.0337e+01 -4.7327e-01 -4.2776e-01 1.0349e-01 9.7738e+00 -2.0844e+00 3.8705e+00 -1.2397e+00 -1.9913e+01 -2.0522e+01 -9.6028e-01 -3.8600e-01 2.1770e+00 -2.5594e-01 -7.8161e-02 8.2273e+00 -4.5304e+00 -4.0342e+00 8.9087e-01 -6.3877e-01 1.0730e+02 -5.0800e+00 -5.4099e-01 4.1888e+01 -5.2933e+00 -9.3250e+00 6.2070e+00 -2.4241e-01 3.6395e+00 -6.7376e-01 -6.7904e-01 1.7598e+00 2.4691e-01 -1.7020e+00 1.0090e+00 2.5416e+00 2.3680e-01 4.0421e+00 1.8792e-01
-1.1972e+00 -7.4749e-01 4.3675e-01 -1.1340e+00 1.7207e+00 1.3418e-01 1.0286e+00 -3.3795e+00 -4.3205e-01 -1.4649e+00 -1.3058e-01 -4.9535e-01 -1.3089e+00 -5.4265e-02 -1.0414e-01 1.6080e-02 -1.7210e-01 -2.7646e-01 -1.3948e-01 6.0698e+00 -5.0594e-01 -8.8189e-02 3.8270e+00 -1.6900e-01 -6.7073e-01 1.9943e+00 -1.8711e-01 -1.9431e+00 -1.1925e-01 -1.7150e+00 -1.3356e-01 -1.3291e-01 -2.6213e-01 -5.0800e+00 1.8822e+01 -1.7060e+00 -5.0891e+00 -1.0665e+00 -1.5928e+00 -1.6417e+00 -1.1521e-01 -1.1602e-01 -2.2955e-01 -1.0143e-01 2.2396e-01 -2.2256e-01 -1.6764e-01 -1.1894e-01 -1.7476e-01 -8.2775e-03 -2.9343e-01 -1.6260e-01
-1.7652e+00 -1.1350e-01 -8.5376e-01 -2.0801e+00 1.4940e+00 1.7536e+00 -2.5738e+00 -1.1359e+00 -6.1182e-01 -1.7411e+00 -3.8207e-01 4.5896e-01 -2.6683e+00 -1.1293e+00 -1.0025e-01 -5.8331e-02 4.7377e-01 -8.5207e-01 1.0330e+00 -4.5418e+00 -9.2528e-02 -1.0078e+00 5.8836e+00 -5.2862e-01 -8.0141e-01 -1.1270e+00 8.8424e+00 5.1353e+00 -9.8411e-01 4.5052e+00 -1.8580e-01 2.5525e-01 -2.0605e-01 -5.4099e-01 -1.7060e+00 3.0806e+01 6.2917e+00 -1.4334e+00 2.2833e+00 -1.8788e+00 -3.4926e-01 -3.0649e-01 -4.3309e-01 6.3756e-02 -1.3843e-01 -2.7763e-01 1.7549e+00 -2.9490e-01 -6.3831e-01 3.3168e-01 -7.2680e-01 2.4480e-01
2.1251e+00 3.6998e+00 9.3101e+00 9.8102e-01 -5.3730e+01 1.6720e+01 1.9244e+01 1.9950e+01 -2.5039e+00 -3.6604e+00 9.2076e-01 1.9122e+00 -5.1557e-01 -1.3819e+01 9.8200e-01 -9.7408e-01 1.2546e+01 -8.5787e-02 4.4051e+00 7.4159e+00 -5.9163e+00 -2.9410e+01 -1.8127e+01 -8.9380e-01 -1.0194e+01 -1.9526e-01 -2.4868e+00 -1.0320e+01 -2.1455e+00 -1.2779e+00 9.3954e+00 1.1119e+00 9.8098e-01 4.1888e+01 -5.0891e+00 6.2917e+00 1.5631e+02 -8.6361e+00 6.6160e+01 8.1032e+00 -2.2184e-01 -4.0203e-01 -1.3940e+00 -1.2472e+00 1.5194e+00 -5.1189e+00 -6.7479e-01 -2.3279e+00 1.0629e+00 5.1342e-02 1.5599e-01 3.8055e-01
-2.2488e-01 9.7293e-02 -1.2976e+00 -1.0533e+00 2.8493e+00 -1.1410e+00 -5.1949e+00 -1.9073e+00 -4.2146e-01 3.9177e-01 -1.1324e-01 -1.9470e-01 4.1801e-01 2.8384e+00 -1.9538e-01 1.5852e-02 2.2770e-03 -1.4884e-01 -7.1580e-01 1.2201e+00 -3.3451e-02 8.5197e+00 -5.1057e+00 8.7210e-01 2.3621e+00 -8.0655e-01 -3.9216e-01 -5.1714e-01 -2.7823e-01 -1.4810e+00 -1.7425e+00 1.2723e+00 -2.0237e-01 -5.2933e+00 -1.0665e+00 -1.4334e+00 -8.6361e+00 3.1122e+01 -2.0801e+00 3.0433e+00 3.6333e-01 -5.2059e-02 -3.5428e-01 -8.7039e-02 -2.2230e-02 -1.1430e-01 1.0808e+00 -1.9115e-01 -1.7102e-01 -1.1203e-01 -1.9152e+00 1.1006e+00
2.8462e+00 2.4790e+00 8.0758e+00 6.0068e-01 -2.9874e+01 1.6343e+01 1.4854e+01 -2.5243e+00 -2.9943e+00 -3.4365e+00 -1.6429e+00 -2.2002e+00 5.9510e+00 -1.7529e+01 1.2529e+00 -1.1936e+00 -3.8853e+00 -1.3775e+00 6.4809e+00 -6.9288e+00 -3.8948e+00 3.4964e+00 -1.1356e+01 -1.4695e+00 -8.4430e+00 7.2216e+00 -3.8915e+00 -3.2846e+01 1.2346e+01 1.0272e+01 1.2098e+01 8.9876e-01 8.8359e-01 -9.3250e+00 -1.5928e+00 2.2833e+00 6.6160e+01 -2.0801e+00 1.5789e+02 -5.4508e+00 -6.1233e-01 -1.2317e+00 -1.0851e+00 -1.0452e+00 -1.0368e-01 -2.2071e+00 -5.1274e-01 -1.9326e+00 -1.5756e+00 -4.4126e-01 -2.8530e-02 5.1352e-01
-1.3355e+00 -1.0266e+00 2.8629e-01 -8.8743e-01 -7.2792e+00 1.0492e+00 -1.0225e-01 8.5087e+00 -4.2002e-01 2.4210e-01 2.4101e+00 7.8206e-01 4.3606e+00 4.2249e-02 -2.1931e-02 -1.5951e-01 -1.2436e+00 -1.7583e-02 -2.0652e-01 -1.7638e+00 -2.7399e-01 -3.6186e+00 -5.6470e+00 3.0345e-01 -7.7184e-01 -7.7598e-01 3.7701e-02 1.0081e-01 -5.2272e-01 -1.9493e+00 -2.1877e-01 9.8768e-03 -1.5729e-01 6.2070e+00 -1.6417e+00 -1.8788e+00 8.1032e+00 3.0433e+00 -5.4508e+00 2.6867e+01 -1.0888e-01 2.5538e-01 -3.5700e-01 -2.4037e-03 2.3237e-01 -2.0301e-01 -2.8409e-01 -6.8481e-02 1.0753e-01 -2.7185e-02 1.7808e-02 -6.3183e-02
-7.4182e-01 -3.7836e-02 1.7937e-01 -6.6958e-01 -5.1469e-01 1.2973e+00 -8.3157e-01 1.6936e-01 -2.9253e-02 3.2020e+00 -1.6218e-03 2.0843e-03 -6.2386e-01 -6.4176e-01 -3.7824e-02 -3.2346e-02 2.7430e-02 -3.4099e-01 1.1554e-01 4.8136e-01 -1.6630e-01 -7.7685e-01 -5.9548e-01 -6.6829e-02 -1.9598e-01 3.9644e-01 -5.5660e-01 2.1391e+00 -1.5472e-01 5.0045e-02 -2.9797e-01 -4.0299e-01 -4.3571e-02 -2.4241e-01 -1.1521e-01 -3.4926e-01 -2.2184e-01 3.6333e-01 -6.1233e-01 -1.0888e-01 1.0673e+01 -8.6732e-02 -1.2975e-01 6.7941e-02 1.4522e-01 -1.6070e-01 3.7214e-01 1.3787e+00 -2.6890e-02 -2.3258e-02 6.6369e-02 -2.8105e-01
1.2255e+00 1.3697e+00 -2.2746e-01 -1.5204e+00 -7.1833e-01 1.9244e+00 -1.0952e+00 6.9819e-01 -2.1149e-02 -1.6992e+00 -4.3019e-02 2.9392e-01 3.9951e-01 -5.4004e-01 -8.5055e-02 -3.7331e-02 -1.3705e+00 3.0887e+00 -5.6684e-02 -3.9556e-01 -1.7600e-01 -7.8476e-01 -4.0370e-01 -1.1854e-01 -7.8826e-02 -2.3783e-01 -2.6234e-01 1.8706e+00 2.7727e+00 -1.8426e-02 -1.4192e-02 2.5600e-02 -7.5431e-02 3.6395e+00 -1.1602e-01 -3.0649e-01 -4.0203e-01 -5.2059e-02 -1.2317e+00 2.5538e-01 -8.6732e-02 9.4035e+00 -8.2253e-02 -7.8478e-03 -1.8491e-02 -1.3203e-01 -3.1109e-02 -6.6853e-02 4.7882e-01 1.0978e-03 -8.1728e-03 2.1929e-02
-1.5729e-01 -1.8721e-01 5.3103e-01 8.7839e-02 1.7287e+00 -7.1808e-01 -1.0633e+00 1.3021e-02 -2.1912e-01 -1.7855e-01 -1.8810e-01 7.1691e-02 -3.3928e-01 6.0767e-01 -1.5837e-01 -5.6388e-02 -2.4618e+00 -1.5857e-01 -9.7288e-02 -3.9948e-01 -3.6587e-01 -2.8985e-02 1.5581e-01 -1.2851e-01 -1.4085e-01 1.0180e+00 -4.4062e-01 -6.0032e-01 -2.6240e-01 -2.8258e-01 -1.9825e-01 -8.9737e-01 -4.5607e-02 -6.7376e-01 -2.2955e-01 -4.3309e-01 -1.3940e+00 -3.5428e-01 -1.0851e+00 -3.5700e-01 -1.2975e-01 -8.2253e-02 1.1727e+01 -3.2220e-02 -8.4046e-02 -3.0825e-01 -1.4055e-01 -1.1736e-01 -9.9013e-02 1.8776e-01 -3.0182e-01 -6.3176e-01
2.1077e-01 -4.3716e-01 -3.5135e-01 -5.4801e-02 1.0187e+00 -7.5083e-01 -3.1888e-01 -6.9531e-01 -1.7459e-01 4.9992e-02 -3.4932e-02 1.6725e-01 -2.4663e-01 -4.3257e-01 -4.8430e-02 -3.6599e-02 -4.4292e-01 -6.2436e-02 -1.6841e-01 -9.5042e-02 1.4479e+00 -3.7974e-01 1.4543e-01 -6.0200e-02 -1.2994e-01 -6.5724e-02 4.5667e-02 7.0351e-02 -1.9914e-01 -5.5173e-02 -1.7126e-01 -2.9771e-02 9.7133e-02 -6.7904e-01 -1.0143e-01 6.3756e-02 -1.2472e+00 -8.7039e-02 -1.0452e+00 -2.4037e-03 6.7941e-02 -7.8478e-03 -3.2220e-02 7.4928e+00 -1.0208e-01 -1.9447e-01 4.1757e-01 -2.0990e-02 -6.5513e-02 -1.5184e-02 -1.0916e-01 -6.2299e-02
4.7863e-01 -9.2473e-02 5.1684e-02 2.5030e-01 -4.7631e-01 -7.8376e-01 -1.5131e-01 1.2892e+00 -1.8615e-01 8.1278e-02 -6.5504e-02 -9.6990e-02 7.3408e-02 3.4544e-01 -1.6316e-02 -3.0594e-02 -1.7333e-01 -1.4384e-01 5.0664e-01 1.3774e-01 -1.7201e-01 -1.6920e-01 -6.3197e-01 -1.2081e-01 1.7576e-02 7.7906e-02 -6.7316e-02 -5.2239e-01 4.5326e-01 -2.9105e-01 -2.3979e-01 -2.9394e-01 -7.9563e-02 1.7598e+00 2.2396e-01 -1.3843e-01 1.5194e+00 -2.2230e-02 -1.0368e-01 2.3237e-01 1.4522e-01 -1.8491e-02 -8.4046e-02 -1.0208e-01 1.0995e+01 5.9060e-01 -1.8915e-01 -1.1828e-01 -2.7235e-02 1.4139e-01 -1.6673e-01 -4.0736e-01
4.3499e-01 8.9369e-01 -2.0998e+00 2.5016e-01 -2.2301e+00 4.3442e+00 2.3107e-01 1.9755e+00 -5.5591e-01 8.5945e-01 2.1321e+00 2.3595e-02 2.0934e+00 -3.4347e+00 -3.1363e-01 9.0500e-02 -1.2433e+00 -1.8371e-01 3.1069e-01 -6.9257e-01 -9.9808e-01 2.6354e+00 -2.1041e-01 -9.0410e-02 -1.1744e+00 -4.6677e-01 -6.2094e-01 -1.0283e+00 1.9681e+00 -2.4394e-01 -3.0164e-01 9.8628e-02 -3.6055e-03 2.4691e-01 -2.2256e-01 -2.7763e-01 -5.1189e+00 -1.1430e-01 -2.2071e+00 -2.0301e-01 -1.6070e-01 -1.3203e-01 -3.0825e-01 -1.9447e-01 5.9060e-01 2.5629e+01 -1.7043e-01 -4.3326e-01 -5.2079e-01 -9.7737e-02 -3.3512e-02 8.0123e-02
-6.3153e-01 -2.3481e-02 -1.1623e-01 1.6410e-02 8.9622e-01 3.9927e-01 -2.1220e+00 -1.5252e+00 6.5917e-01 -5.7356e-01 -9.8724e-02 -7.7502e-02 -6.6948e-01 -4.6129e-01 1.8943e-02 -4.9571e-02 -5.9762e-01 -1.3803e-01 -1.4126e-01 -4.8218e-01 6.8383e-01 1.4190e+00 9.3469e-01 -1.3111e-01 1.6582e-01 -1.9170e-01 1.7745e+00 6.3214e-02 -1.4178e-01 -9.3625e-02 1.1275e+00 6.3940e-02 -2.6333e-04 -1.7020e+00 -1.6764e-01 1.7549e+00 -6.7479e-01 1.0808e+00 -5.1274e-01 -2.8409e-01 3.7214e-01 -3.1109e-02 -1.4055e-01 4.1757e-01 -1.8915e-01 -1.7043e-01 1.0364e+01 -6.3866e-02 -6.7328e-02 -4.3946e-02 -4.4795e-02 3.4687e-02
5.0152e-02 2.3067e-01 -1.0408e-02 -1.2237e-01 -1.2335e+00 2.1579e-01 -5.2881e-01 1.9009e-01 -2.4229e-01 -7.6167e-04 -7.6312e-02 -5.5522e-02 -7.0804e-01 -8.6274e-01 -3.3563e-01 -7.1614e-02 4.6377e-01 -1.0541e-01 -2.0623e-01 -4.6069e-01 -5.9559e-01 -6.0585e-01 1.6801e+00 -6.8639e-02 -3.1380e-01 1.2825e+00 2.6615e+00 8.6565e-01 -5.0022e-01 -1.5133e-01 -3.8992e-01 -1.0997e-01 -1.3391e-01 1.0090e+00 -1.1894e-01 -2.9490e-01 -2.3279e+00 -1.9115e-01 -1.9326e+00 -6.8481e-02 1.3787e+00 -6.6853e-02 -1.1736e-01 -2.0990e-02 -1.1828e-01 -4.3326e-01 -6.3866e-02 1.2883e+01 2.8704e+00 -3.8343e-02 4.4597e-01 -1.2889e-01
3.8096e-01 7.4318e-01 -1.6029e+00 1.5208e-01 -1.8014e+00 -2.3425e+00 -1.4495e+00 1.7638e+00 -2.5108e-01 9.8771e-02 -1.4115e-01 9.8868e-01 -1.3261e+00 1.9757e-01 -1.1206e-02 -9.2766e-02 1.4059e+00 2.6582e-01 -2.0873e-01 -1.0751e+00 -1.0043e-01 -1.1378e+00 -1.2177e+00 -9.6943e-02 -8.5625e-02 -6.8666e-02 -2.4961e-01 9.5398e-01 -4.1226e-01 3.9579e-02 -4.2834e-01 -1.7835e-01 -3.2468e-02 2.5416e+00 -1.7476e-01 -6.3831e-01 1.0629e+00 -1.7102e-01 -1.5756e+00 1.0753e-01 -2.6890e-02 4.7882e-01 -9.9013e-02 -6.5513e-02 -2.7235e-02 -5.2079e-01 -6.7328e-02 2.8704e+00 1.6085e+01 -5.5612e-02 1.1653e+00 -2.0590e-01
8.6517e-02 4.6178e-02 -1.2154e-01 8.2665e-02 7.8740e-03 -3.8637e-01 -3.4911e-01 2.5598e-01 -9.2563e-02 9.5486e-02 -2.5453e-02 -7.4587e-03 -3.3704e-02 1.1443e-01 -1.7063e-02 -8.2022e-03 -2.0101e-01 -5.0676e-02 -3.6880e-02 -1.0360e-01 -4.8299e-02 -3.0039e-01 1.3359e-01 -3.5607e-02 -9.9203e-02 -8.5021e-02 1.0717e-01 8.0235e-02 4.5024e-02 -5.8587e-02 -1.4672e-01 1.4483e-03 -3.1750e-02 2.3680e-01 -8.2775e-03 3.3168e-01 5.1342e-02 -1.1203e-01 -4.4126e-01 -2.7185e-02 -2.3258e-02 1.0978e-03 1.8776e-01 -1.5184e-02 1.4139e-01 -9.7737e-02 -4.3946e-02 -3.8343e-02 -5.5612e-02 4.5199e+00 -1.0469e-01 -1.0527e-02
6.5271e+00 5.5938e-02 -1.7853e-01 8.5870e-01 -9.5394e-01 9.2690e+00 -5.8705e+00 -9.7482e-01 -3.4958e-01 5.5190e-02 -2.9890e-03 8.3082e-01 -6.8546e-01 8.8272e-01 9.3512e-02 -1.3696e-02 -2.8155e-01 3.1283e-01 -4.3490e-02 3.9531e-02 -7.6204e-02 -1.1783e-02 -6.4019e-01 -4.6044e-02 3.2914e-02 9.8181e-01 -1.5995e-01 7.2448e+00 1.3848e-01 8.0947e-03 1.2375e-01 -1.9022e+00 -4.9294e-01 4.0421e+00 -2.9343e-01 -7.2680e-01 1.5599e-01 -1.9152e+00 -2.8530e-02 1.7808e-02 6.6369e-02 -8.1728e-03 -3.0182e-01 -1.0916e-01 -1.6673e-01 -3.3512e-02 -4.4795e-02 4.4597e-01 1.1653e+00 -1.0469e-01 1.9540e+01 -2.4491e+00
-3.0368e+00 1.7041e-02 -1.1082e-01 -1.7358e+00 4.4871e-01 -3.1474e-02 7.1203e+00 -8.7641e-01 -8.1256e-01 -1.5851e+00 3.9064e-01 -6.1922e-02 8.9667e-02 2.6870e-01 9.8913e-02 5.4153e-02 -1.2647e-01 -7.1324e-01 -4.5227e-02 3.7320e-01 4.9896e-02 3.8017e-01 1.0921e+00 1.4107e-01 7.3569e-02 -1.1487e-02 5.6862e-02 -1.6911e+00 -1.7079e-01 7.6645e-03 -9.8944e-01 1.8786e+01 -1.6241e-01 1.8792e-01 -1.6260e-01 2.4480e-01 3.8055e-01 1.1006e+00 5.1352e-01 -6.3183e-02 -2.8105e-01 2.1929e-02 -6.3176e-01 -6.2299e-02 -4.0736e-01 8.0123e-02 3.4687e-02 -1.2889e-01 -2.0590e-01 -1.0527e-02 -2.4491e+00 1.9908e+01
