5.0019e+01 -1.5504e+00 -9.9755e-02 -7.5556e-02 6.6087e+00 -9.3778e-01 -3.7608e+00 -4.9886e-01 1.3961e+00 -2.8328e-01 -1.2703e-01 -1.7129e-02 1.6594e+00 1.0179e+00 7.9083e-01 -1.6281e+00 -9.9921e-02 -1.1561e-01 1.2910e-02 -3.0375e-01 -1.7440e-01 -2.7423e+00 -7.9906e-01 1.7225e+01 -1.3512e+00 4.0580e-01 5.4550e-04 -1.1917e+00 1.1956e+01 -2.2784e-01 -6.5440e-02 -1.2403e+00 1.2911e+00 1.3144e+00 -1.0311e-01 -4.3263e-02 -9.5596e-01 3.3787e+00 -9.5496e-01 -2.3807e-01 1.4266e-01 -6.9904e-01 1.3048e-01 -8.4273e-02 2.0387e-01 4.1357e-01 8.6921e-02 -2.4719e-01 1.1797e-01 -2.5437e-01 -3.4801e+00 9.4846e-01
-1.5504e+00 6.0341e+01 -1.6825e+00 7.9351e-01 -4.4019e+00 -1.2284e+01 -1.5368e-01 1.1959e+01 -2.7429e+00 9.5656e-01 1.1969e-01 6.4736e-01 2.3697e+00 2.0121e-01 8.1500e-02 -5.0029e+00 -7.4845e+00 -7.8427e-01 -9.1895e-01 -1.7224e+01 1.8324e+00 1.3186e+00 -1.1459e+00 2.8291e+00 -2.0941e+00 -1.9448e+00 -4.8784e-01 6.5217e-01 1.0505e+00 -8.4952e-01 -9.2831e-01 -7.0645e-01 7.3314e+00 -3.7324e+00 2.8061e-01 -3.3323e+00 -4.3053e-01 -4.6049e-01 -2.6486e+00 -1.3695e+01 -2.2986e-01 -3.6712e-01 -2.1499e-01 -6.3160e-01 -6.2511e-01 1.0251e+00 1.2251e+00 -1.8645e+00 6.9830e-02 1.7933e+00 -1.3891e-01 7.2639e+00
-9.9755e-02 -1.6825e+00 5.8337e+01 1.2064e+01 8.6231e+00 -3.3913e+00 -6.4827e-01 2.1077e-01 -8.1796e+00 -1.2547e+01 -2.3826e-01 -9.7700e-01 -3.4079e+00 1.9737e+00 7.2954e-01 -1.0256e+00 -3.4239e-01 -1.3258e+00 5.6251e+00 -4.6100e+00 2.5082e+00 -1.0192e+00 2.5954e+00 -4.4777e+00 1.0728e+00 1.8428e+00 -9.2637e-01 -2.6477e-02 -7.0251e+00 3.4649e-02 4.1381e-02 -9.2085e-01 1.0298e+00 -7.0961e-01 4.7761e-02 2.9053e-01 9.4444e-01 -4.2632e-01 1.4707e-01 -6.8961e-01 6.7503e-01 -4.8968e-01 -2.8623e-01 -3.6735e-01 -7.1532e-01 9.4428e-02 -1.3669e-01 4.0272e-01 -2.3306e-01 7.2115e-02 -9.3418e-01 7.0681e-01
-7.5556e-02 7.9351e-01 1.2064e+01 8.3143e+01 3.7935e-01 -1.4922e+01 9.7216e-01 9.6968e-01 -1.3913e+01 -9.6714e+00 1.6074e+00 4.6645e-01 -1.3086e+00 -2.0078e+01 1.1740e+01 -1.0269e+00 -1.1154e+01 1.0356e+01 -1.8847e-01 -1.2306e+01 -5.8028e-01 1.1738e-01 -4.5125e-01 1.5880e+00 6.4688e+00 6.7652e+00 -8.6292e-01 -4.5082e+00 7.7665e+00 -3.5460e+00 3.4404e-01 1.0239e+00 -3.2214e+00 -2.4876e+00 -4.8476e+00 -3.5933e-02 -8.1274e+00 -1.3357e+00 4.6448e-01 2.9031e+00 3.3409e-01 -9.8773e-01 -6.3454e-01 6.1724e-01 -3.5953e-01 -6.4603e-01 -4.2962e-01 6.6496e-02 -8.5234e-02 -6.5408e-02 6.6745e-01 -3.6126e+00
6.6087e+00 -4.4019e+00 8.6231e+00 3.7935e-01 4.9202e+01 -2.9406e-01 -1.6223e+00 5.5523e-02 3.7869e+00 -1.3972e+00 -1.2296e+00 1.6130e-01 4.1939e-01 -2.5095e+00 4.4292e-01 -2.0561e+00 -3.2724e+00 1.6696e+00 1.1675e+00 2.3335e+00 2.5299e+00 -2.2395e+00 9.5097e-01 -1.0919e+01 1.5837e+00 3.3467e+00 -7.1418e-02 3.2449e-01 -9.2741e+00 -2.8237e-02 -3.4881e-02 -1.3283e+00 -4.9819e-01 2.0895e+00 6.7039e-01 6.1654e-01 3.0494e-02 -4.1396e-01 3.2455e-01 1.1055e+00 2.1516e-01 2.2984e-01 -8.1728e-02 -9.5131e-01 2.8018e-01 -7.1729e-02 -2.3669e-01 1.0425e+00 -4.4396e-01 -1.8991e-01 -2.5750e-04 -5.4489e-01
-9.3778e-01 -1.2284e+01 -3.3913e+00 -1.4922e+01 -2.9406e-01 7.1106e+01 -1.0484e-01 -7.7608e+00 -3.5817e+00 -2.9659e+00 -1.9375e+00 -8.8771e-01 3.4536e+00 -3.2656e+00 -1.1106e+00 -4.2946e+00 1.9380e+01 -1.8554e+00 5.6745e+00 -5.0872e+00 -1.1666e+00 1.5946e+00 -1.1874e+00 1.7715e+00 -1.5343e+01 -2.5508e+00 -9.0985e-01 4.2910e+00 -1.2613e+01 3.6792e+00 -9.3534e-01 3.6847e-01 -1.8044e+01 7.3129e+00 -5.3641e-01 4.0351e+00 -3.6540e-02 2.6742e-01 3.8187e+00 6.0477e+00 4.3399e-01 9.7294e-01 1.0049e+00 -1.2163e+00 -4.7765e-01 -9.4484e-01 -6.6242e-01 -5.6362e-01 -2.6307e-01 3.6593e-01 -2.1290e-03 -1.6842e+01
-3.7608e+00 -1.5368e-01 -6.4827e-01 9.7216e-01 -1.6223e+00 -1.0484e-01 1.8701e+01 -1.9280e-01 2.8842e-01 -4.1139e-01 3.1606e-01 9.5285e-02 -3.6140e-01 1.1664e-01 -1.0086e+00 -6.3818e-02 3.7073e-03 -1.5695e+00 2.1247e-01 -2.9812e-02 -2.8902e+00 8.4235e-02 -3.6147e-02 -3.0188e+00 3.2968e-02 -6.0977e-01 8.1710e-03 2.8615e-01 5.2543e-01 -1.9489e-02 -4.0229e-01 -2.0385e-01 1.1621e+00 -1.0919e+00 1.5654e-02 -6.8577e-01 -1.3539e-01 -1.3131e+00 3.7986e-01 -6.4575e-02 -1.2706e-01 -7.8931e-02 4.1867e-04 7.5935e-02 -1.1613e-01 -4.6426e-01 1.5440e-03 -1.3230e+00 5.3373e-03 1.0356e-01 1.4543e+01 9.3472e-01
-4.9886e-01 1.1959e+01 2.1077e-01 9.6968e-01 5.5523e-02 -7.7608e+00 -1.9280e-01 3.2970e+01 5.0635e-01 -3.1148e-01 2.3663e-01 1.8425e-02 -4.7783e+00 1.8159e+00 -6.6792e-01 -1.8812e+00 -6.0494e+00 -9.3028e-01 2.5787e+00 6.0520e+00 -1.5277e+00 -1.2350e-01 -3.6244e-01 -4.5965e-01 4.0307e+00 -1.0973e+00 1.6089e+00 -3.6925e-01 3.2365e+00 -6.0321e-01 -3.1062e-01 -3.5319e-01 2.4303e+00 -4.0339e+00 3.5562e-01 -3.2025e-01 1.6917e+00 -4.0293e-01 -3.6510e-01 -4.2750e+00 -2.4857e-02 -3.5674e-01 2.2256e-02 -2.0219e-01 -9.7083e-02 -8.2365e-01 1.0801e-01 -6.6549e-01 -6.8433e-02 -8.1662e-01 -1.8947e-01 2.2677e+00
1.3961e+00 -2.7429e+00 -8.1796e+00 -1.3913e+01 3.7869e+00 -3.5817e+00 2.8842e-01 5.0635e-01 5.0988e+01 2.4776e+01 -2.0123e+00 2.5200e-01 -4.8472e+00 4.1846e+00 -1.6102e-01 -3.1378e-01 -1.3365e-01 3.2469e+00 -4.4070e+00 3.0742e+01 -1.9710e+00 -1.5071e+00 -9.8815e-01 -5.7386e+00 2.2314e+01 -1.2203e+01 -1.1603e+00 4.1765e-01 1.6870e+01 -1.5890e-01 -7.0814e-01 2.6503e-01 -7.0789e-01 -4.3577e-01 -5.1846e-01 -3.8880e-01 3.2223e+00 -1.0789e+00 3.5004e-01 -1.0404e-01 -2.9795e-01 8.7118e-01 -1.4939e-01 -4.9530e-01 4.7749e-02 2.6826e-02 2.0385e-01 1.0959e-01 8.6976e-02 6.7133e-04 2.2833e-01 -7.8117e-01
-2.8328e-01 9.5656e-01 -1.2547e+01 -9.6714e+00 -1.3972e+00 -2.9659e+00 -4.1139e-01 -3.1148e-01 2.4776e+01 5.9576e+01 -1.5058e+00 5.2535e-01 -6.8711e+00 8.6684e-01 -1.3859e+00 -1.3986e+00 -1.0983e+00 1.8367e+00 -6.2481e+00 2.3024e+01 -3.0432e+00 -8.0391e-01 -1.6221e+00 -5.9026e+00 1.5284e+01 4.2812e+00 1.2346e+00 -6.3077e-01 8.4307e+00 -5.0382e-01 -1.9160e-01 1.6376e-01 -2.8815e-01 -2.5815e-01 -7.4288e-01 -6.6591e-01 2.0159e-01 -2.5134e+00 -3.9614e-01 -3.9615e-01 -5.7511e-01 5.0836e-02 -3.9439e-01 -2.2724e-01 -3.0550e-01 -4.1317e-02 -2.5317e-01 -9.7078e-02 3.6676e-01 -2.1684e-01 -5.7635e-01 -7.2451e-01
-1.2703e-01 1.1969e-01 -2.3826e-01 1.6074e+00 -1.2296e+00 -1.9375e+00 3.1606e-01 2.3663e-01 -2.0123e+00 -1.5058e+00 1.9827e+01 6.2976e-01 -4.5519e-01 1.2672e-02 -9.6151e-02 -8.2364e-02 -6.0988e-01 6.5650e-03 -5.2416e-01 -4.5202e-01 -2.7726e-01 -2.2139e-02 -1.0502e-01 1.7586e+00 4.2140e-01 2.4432e+00 -3.0905e-01 7.3230e-01 7.7758e-01 9.8195e-01 -7.0978e-02 -6.3539e-01 3.7790e-01 -1.5338e+00 1.3433e+00 -6.1277e-01 1.0714e-01 8.4227e-03 5.9789e+00 -1.5203e+00 -9.6449e-02 7.5339e-02 -1.4189e-01 -1.2536e-01 -7.8203e-02 -1.0160e-01 6.5726e-01 -5.0879e-01 -7.7659e-02 -9.5386e-02 2.4706e-01 3.3728e-01
-1.7129e-02 6.4736e-01 -9.7700e-01 4.6645e-01 1.6130e-01 -8.8771e-01 9.5285e-02 1.8425e-02 2.5200e-01 5.2535e-01 6.2976e-01 1.3153e+01 -3.0278e-02 4.4037e-03 5.5823e+00 4.8914e-01 -3.4638e-01 4.6157e+00 -4.2363e-01 1.4584e+00 -1.2688e-01 1.3679e-01 2.0535e-02 -1.1203e-01 6.0015e-01 -2.6073e-01 -1.6408e-01 2.0198e-01 2.5302e-01 7.4570e-01 -6.2319e-02 4.5094e+00 1.1208e-01 -8.5759e-01 1.3330e-01 -4.0192e-01 3.7292e-02 -1.8483e-01 -5.2244e-02 -9.1592e-01 -5.7779e-02 -1.4849e-01 -5.4188e-02 5.5112e-01 2.4015e-01 -8.9434e-02 -7.8595e-02 3.1257e+00 -1.5373e-02 -4.9814e-02 3.8832e-02 8.3842e-02
1.6594e+00 2.3697e+00 -3.4079e+00 -1.3086e+00 4.1939e-01 3.4536e+00 -3.6140e-01 -4.7783e+00 -4.8472e+00 -6.8711e+00 -4.5519e-01 -3.0278e-02 3.2888e+01 -6.1824e-01 -8.3511e-01 -1.3296e+00 -1.2457e+00 -4.4332e-01 -4.1874e-01 -1.1860e+01 1.1543e+00 -4.5138e-01 -1.9737e-01 2.5482e+00 -2.1071e+00 -1.3372e+00 -3.6334e-01 5.0709e+00 2.4082e+00 -2.6393e-01 -2.4728e-01 1.3163e-02 -1.8133e+00 8.4065e-01 -3.8096e-01 -4.2934e-01 -6.8027e-01 1.2409e-01 4.9362e+00 -2.3985e+00 -2.7984e-01 4.6497e+00 6.4068e-02 -2.6946e-01 -3.4203e-02 -3.6555e-01 -1.3920e-01 -8.1198e-02 -1.9083e-02 -2.7329e-01 -5.4865e-01 3.3915e+00
1.0179e+00 2.0121e-01 1.9737e+00 -2.0078e+01 -2.5095e+00 -3.2656e+00 1.1664e-01 1.8159e+00 4.1846e+00 8.6684e-01 1.2672e-02 4.4037e-03 -6.1824e-01 6.0993e+01 -6.2517e+00 1.2706e+00 1.2119e+01 -5.4724e+00 1.1130e+01 5.0957e+00 1.8428e+00 -6.6495e-01 1.2741e-01 -6.6918e-01 1.3232e+01 -2.6400e+00 -4.1996e-01 5.8496e-01 1.3712e+01 -3.2617e+00 -3.2678e-01 -3.1434e+00 1.9549e-01 2.1738e-02 2.0210e+00 5.4080e-01 2.5188e+01 -2.5812e-01 5.3988e-01 -2.6492e+00 -5.3840e-01 -1.0374e+00 9.3433e-02 1.0984e-01 -4.4788e-01 -9.3833e-01 5.7701e-01 -6.9530e-01 1.2247e-01 -7.8860e-02 1.0024e-01 7.6956e-02
7.9083e-01 8.1500e-02 7.2954e-01 1.1740e+01 4.4292e-01 -1.1106e+00 -1.0086e+00 -6.6792e-01 -1.6102e-01 -1.3859e+00 -9.6151e-02 5.5823e+00 -8.3511e-01 -6.2517e+00 3.7571e+01 -3.9723e-01 -1.7448e+00 1.8402e+01 -2.3465e+00 2.6445e+00 4.7109e-01 -7.2282e-02 5.9736e-01 -6.7653e-01 2.4602e+00 -7.9173e-01 -5.3659e-01 -1.2220e+00 1.0246e+00 6.5034e-01 -1.2982e-01 4.1699e+00 1.7204e-01 -4.3404e-01 -2.9528e-01 -4.7409e-01 -1.9438e+00 -2.6682e-01 -1.3074e+00 -2.0625e+00 3.6919e-01 -8.4079e-02 -7.7837e-02 2.0635e-03 -1.1795e-01 -4.2958e-01 -2.0566e-01 3.1557e+00 -7.3243e-02 1.3300e+00 -2.1735e-01 1.2310e-01
-1.6281e+00 -5.0029e+00 -1.0256e+00 -1.0269e+00 -2.0561e+00 -4.2946e+00 -6.3818e-02 -1.8812e+00 -3.1378e-01 -1.3986e+00 -8.2364e-02 4.8914e-01 -1.3296e+00 1.2706e+00 -3.9723e-01 2.5624e+01 -3.6145e+00 4.2214e-01 4.3529e-01 9.7545e-01 -4.1402e-01 2.9212e-01 -4.8998e-01 -4.5093e-02 2.0303e+00 1.3348e+00 -3.7191e-01 -1.4577e-01 1.5998e+00 -8.4626e-01 -4.1031e-01 -2.4340e-01 1.4702e+00 5.3247e+00 -4.0813e-01 -3.5034e-01 2.2209e+00 -4.5656e-02 -1.1235e+00 -1.2725e+00 -8.5862e-02 -2.9589e-01 -2.7508e-02 1.4235e+00 -4.2783e-02 -2.8895e-01 -2.3822e-01 -5.8162e-01 -2.3647e-02 -2.9183e-01 3.6860e-02 1.3533e+00
-9.9921e-02 -7.4845e+00 -3.4239e-01 -1.1154e+01 -3.2724e+00 1.9380e+01 3.7073e-03 -6.0494e+00 -1.3365e-01 -1.0983e+00 -6.0988e-01 -3.4638e-01 -1.2457e+00 1.2119e+01 -1.7448e+00 -3.6145e+00 5.9387e+01 -2.3628e+00 -2.6289e+00 -5.5686e+00 -6.5711e-01 -4.0581e-01 -4.1235e-01 -2.1830e-01 -2.8433e+00 -1.1241e+00 -1.2771e+00 -1.3599e+00 -2.4705e+00 -3.3325e+00 -6.6372e-01 -8.3866e-01 -1.4404e+01 5.0903e+00 -2.3811e+00 -3.3123e-01 -4.8597e+00 -2.4733e-01 -9.0158e-01 9.3088e+00 3.3692e-01 -4.4996e-01 -1.6608e-01 -7.4257e-01 -5.4769e-01 -1.2153e+00 1.4097e-01 -1.5723e+00 -5.6412e-02 1.2588e+00 3.2188e-01 -1.4432e+01
-1.1561e-01 -7.8427e-01 -1.3258e+00 1.0356e+01 1.6696e+00 -1.8554e+00 -1.5695e+00 -9.3028e-01 3.2469e+00 1.8367e+00 6.5650e-03 4.6157e+00 -4.4332e-01 -5.4724e+00 1.8402e+01 4.2214e-01 -2.3628e+00 3.4380e+01 -2.1523e+00 3.3692e+00 1.8646e+00 -2.1359e-01 -9.2212e-02 -7.0786e-01 6.5233e+00 -1.4931e+00 1.3477e-01 -1.2824e+00 4.5187e+00 7.8067e-01 -1.6782e-01 3.7820e+00 -7.5796e-01 -1.9543e+00 -1.2875e+00 -6.3651e-01 -1.2740e+00 -5.3288e-01 -1.5794e+00 -1.4371e+00 3.3437e-01 -2.7231e-01 -1.8752e-01 -8.8199e-02 -1.5572e-01 -1.5655e-01 -1.6981e-01 4.8022e+00 -1.0576e-02 -4.9632e-02 2.5003e-01 -8.4598e-01
1.2910e-02 -9.1895e-01 5.6251e+00 -1.8847e-01 1.1675e+00 5.6745e+00 2.1247e-01 2.5787e+00 -4.4070e+00 -6.2481e+00 -5.2416e-01 -4.2363e-01 -4.1874e-01 1.1130e+01 -2.3465e+00 4.3529e-01 -2.6289e+00 -2.1523e+00 3.5567e+01 3.4086e+00 -3.3707e-01 -3.2932e-01 -3.6739e-01 -4.7301e-01 7.7168e+00 -1.9147e+00 3.7442e-01 2.7244e+00 2.2501e+00 2.8965e+00 -1.1427e-01 1.1118e-01 -2.7657e-01 -1.2062e+00 -4.5269e-01 2.0776e-01 1.3682e+01 -9.3026e-02 -9.0489e-01 -6.3801e-01 -1.0019e-01 -2.7140e-01 -1.5378e-01 -4.0726e-01 -2.0075e-01 -3.6216e-01 6.0505e-03 3.4229e-01 2.1676e-01 -1.1038e-02 1.8431e-01 -3.3716e-01
-3.0375e-01 -1.7224e+01 -4.6100e+00 -1.2306e+01 2.3335e+00 -5.0872e+00 -2.9812e-02 6.0520e+00 3.0742e+01 2.3024e+01 -4.5202e-01 1.4584e+00 -1.1860e+01 5.0957e+00 2.6445e+00 9.7545e-01 -5.5686e+00 3.3692e+00 3.4086e+00 1.0548e+02 -1.2661e+00 -1.7617e+00 -1.7154e+00 -1.0061e+01 3.6433e+01 -2.0601e+01 -5.1611e-01 1.8644e+00 2.1634e+01 2.2397e+00 2.4825e-01 1.8854e+00 4.9636e+00 7.8186e+00 1.6443e+00 2.2792e+00 4.1402e+00 -6.4846e-01 7.1296e-01 9.7704e-01 -9.1931e-02 7.2418e-01 2.7013e-01 4.3712e-02 3.4022e-01 3.9080e-01 -1.3271e+00 2.0827e+00 -4.4662e-01 -5.5010e-01 -1.3963e-01 4.8724e+00
-1.7440e-01 1.8324e+00 2.5082e+00 -5.8028e-01 2.5299e+00 -1.1666e+00 -2.8902e+00 -1.5277e+00 -1.9710e+00 -3.0432e+00 -2.7726e-01 -1.2688e-01 1.1543e+00 1.8428e+00 4.7109e-01 -4.1402e-01 -6.5711e-01 1.8646e+00 -3.3707e-01 -1.2661e+00 2.1890e+01 -2.5679e-01 -2.9455e-01 -1.2913e+00 -1.3730e+00 -5.4899e-01 -2.5338e-01 -4.2339e-01 -2.1423e+00 -1.8979e-01 8.6195e-01 -2.1279e-01 -5.5372e-01 -5.4055e-01 -1.1038e-01 9.1833e-01 7.9620e-03 6.2270e-03 -4.7818e-01 -1.1183e+00 -1.4368e-01 -3.8881e-01 5.6347e-02 -1.1732e-01 -1.1042e-01 -7.3863e-02 -6.9473e-02 1.3247e+00 -6.0893e-02 2.2477e-01 2.9056e+00 -8.2347e-01
-2.7423e+00 1.3186e+00 -1.0192e+00 1.1738e-01 -2.2395e+00 1.5946e+00 8.4235e-02 -1.2350e-01 -1.5071e+00 -8.0391e-01 -2.2139e-02 1.3679e-01 -4.5138e-01 -6.6495e-01 -7.2282e-02 2.9212e-01 -4.0581e-01 -2.1359e-01 -3.2932e-01 -1.7617e+00 -2.5679e-01 1.3597e+01 7.8675e-03 7.0629e-01 -1.1755e+00 -3.8610e-01 -1.9817e-01 -2.8564e-01 -1.2322e+00 -1.0329e-01 -6.7437e-02 -3.4286e-01 8.3834e-01 5.1630e-01 -1.4168e-01 -1.1616e-01 -4.9634e-01 1.5326e-01 -3.4491e-01 -3.8261e-01 -3.8337e-02 -2.4435e-01 -7.0129e-02 -6.7315e-02 -8.3467e-02 -1.0776e-01 -6.2030e-02 -1.5632e-01 -4.4447e-02 -8.3516e-02 4.2435e-02 6.2520e-01
-7.9906e-01 -1.1459e+00 2.5954e+00 -4.5125e-01 9.5097e-01 -1.1874e+00 -3.6147e-02 -3.6244e-01 -9.8815e-01 -1.6221e+00 -1.0502e-01 2.0535e-02 -1.9737e-01 1.2741e-01 5.9736e-01 -4.8998e-01 -4.1235e-01 -9.2212e-02 -3.6739e-01 -1.7154e+00 -2.9455e-01 7.8675e-03 1.4844e+01 -1.0594e+00 -1.1865e+00 4.8963e-01 4.5406e-02 1.5895e-01 -4.3983e+00 -3.6628e-01 2.3228e+00 2.8714e-01 6.2823e-01 -9.5409e-01 1.1989e-01 -2.0957e-01 -4.4561e-01 2.1150e-01 -2.1733e-01 -9.0133e-01 4.0109e-01 -1.7762e-01 -6.2378e-02 1.4598e-01 6.5756e-01 -6.3843e-02 3.0030e-01 -2.0439e-01 -1.6981e-02 -1.0392e-01 -6.7758e-02 5.4479e-01
1.7225e+01 2.8291e+00 -4.4777e+00 1.5880e+00 -1.0919e+01 1.7715e+00 -3.0188e+00 -4.5965e-01 -5.7386e+00 -5.9026e+00 1.7586e+00 -1.1203e-01 2.5482e+00 -6.6918e-01 -6.7653e-01 -4.5093e-02 -2.1830e-01 -7.0786e-01 -4.7301e-01 -1.0061e+01 -1.2913e+00 7.0629e-01 -1.0594e+00 4.8903e+01 -9.4075e+00 -2.9243e-01 5.9675e-01 -4.9920e-01 2.4076e+01 -3.5573e-01 -8.5602e-02 -5.8876e-01 5.9865e-01 9.5146e-01 7.7421e-02 -2.4021e-02 -2.1982e-01 4.1602e+00 -6.5217e-01 -3.3585e-01 2.5014e-01 -6.6651e-01 1.7264e-01 2.6480e-01 -1.4366e-01 9.4282e-01 2.4879e-01 -1.7141e-01 -1.2399e-01 8.3043e-02 -3.4955e+00 7.4582e-01
-1.3512e+00 -2.0941e+00 1.0728e+00 6.4688e+00 1.5837e+00 -1.5343e+01 3.2968e-02 4.0307e+00 2.2314e+01 1.5284e+01 4.2140e-01 6.0015e-01 -2.1071e+00 1.3232e+01 2.4602e+00 2.0303e+00 -2.8433e+00 6.5233e+00 7.7168e+00 3.6433e+01 -1.3730e+00 -1.1755e+00 -1.1865e+00 -9.4075e+00 1.2000e+02 -1.7818e+01 -2.7791e+00 -7.5926e-01 8.2222e+01 -1.2075e+00 2.4064e-01 4.1494e-01 -2.6334e+00 -2.4112e+01 2.3363e+00 1.7005e+00 8.6247e+00 -2.3484e-01 4.8346e+00 6.9874e+00 -1.6522e+00 -7.9989e-01 -7.4310e-01 8.4667e-01 -1.7942e+00 -1.3635e-01 -6.9628e-01 -3.8939e+00 4.9059e-02 -2.4656e+00 -8.9769e-02 -2.1500e+00
4.0580e-01 -1.9448e+00 1.8428e+00 6.7652e+00 3.3467e+00 -2.5508e+00 -6.0977e-01 -1.0973e+00 -1.2203e+01 4.2812e+00 2.4432e+00 -2.6073e-01 -1.3372e+00 -2.6400e+00 -7.9173e-01 1.3348e+00 -1.1241e+00 -1.4931e+00 -1.9147e+00 -2.0601e+01 -5.4899e-01 -3.8610e-01 4.8963e-01 -2.9243e-01 -1.7818e+01 3.8418e+01 1.3869e+00 -8.5769e-01 -1.9886e+01 -8.8442e-01 9.3449e-02 -7.5150e-01 2.5161e-01 -4.9039e-01 -8.1618e-01 6.9037e-01 -3.4215e+00 -5.0773e-01 1.0927e+00 -7.0556e-01 -2.5817e-01 -2.6572e-01 -3.8165e-02 -3.1240e-01 -3.6348e-01 4.0620e-02 -2.5799e-01 -2.5609e-01 1.0381e-01 -5.6919e-02 -5.5515e-01 2.2346e-01
5.4550e-04 -4.8784e-01 -9.2637e-01 -8.6292e-01 -7.1418e-02 -9.0985e-01 8.1710e-03 1.6089e+00 -1.1603e+00 1.2346e+00 -3.0905e-01 -1.6408e-01 -3.6334e-01 -4.1996e-01 -5.3659e-01 -3.7191e-01 -1.2771e+00 1.3477e-01 3.7442e-01 -5.1611e-01 -2.5338e-01 -1.9817e-01 4.5406e-02 5.9675e-01 -2.7791e+00 1.3869e+00 1.5602e+01 -2.9567e-01 -2.1499e+00 -3.3631e-01 -8.5913e-02 2.0333e-01 6.6145e-01 -1.0308e+00 -4.2005e-01 1.0798e-01 -1.6015e-01 -2.2716e-01 -5.9951e-01 -1.8219e-01 -1.2840e-01 -6.5897e-02 -3.7878e-02 -7.0988e-02 -3.8632e-02 -1.9752e-01 -1.4430e-01 2.3634e+00 -1.4810e-02 -1.6523e-01 -1.7307e-02 6.6267e-01
-1.1917e+00 6.5217e-01 -2.6477e-02 -4.5082e+00 3.2449e-01 4.2910e+00 2.8615e-01 -3.6925e-01 4.1765e-01 -6.3077e-01 7.3230e-01 2.0198e-01 5.0709e+00 5.8496e-01 -1.2220e+00 -1.4577e-01 -1.3599e+00 -1.2824e+00 2.7244e+00 1.8644e+00 -4.2339e-01 -2.8564e-01 1.5895e-01 -4.9920e-01 -7.5926e-01 -8.5769e-01 -2.9567e-01 2.5839e+01 -7.7513e+00 1.0089e+01 -1.6190e-03 -9.0940e-01 -3.4497e+00 -1.0716e+00 -8.0775e-01 -2.4974e-01 9.7231e-01 -2.1620e-01 6.2952e+00 -9.7097e-01 7.5630e-01 4.6812e+00 -1.2810e-01 -1.1903e-01 2.8779e-02 -2.2698e-01 -7.5050e-02 -3.0182e-01 -1.8359e-01 -7.7452e-02 1.8832e-01 2.2621e+00
1.1956e+01 1.0505e+00 -7.0251e+00 7.7665e+00 -9.2741e+00 -1.2613e+01 5.2543e-01 3.2365e+00 1.6870e+01 8.4307e+00 7.7758e-01 2.5302e-01 2.4082e+00 1.3712e+01 1.0246e+00 1.5998e+00 -2.4705e+00 4.5187e+00 2.2501e+00 2.1634e+01 -2.1423e+00 -1.2322e+00 -4.3983e+00 2.4076e+01 8.2222e+01 -1.9886e+01 -2.1499e+00 -7.7513e+00 1.4565e+02 -6.7922e+00 -2.4067e+00 -2.0740e+00 8.1649e-01 -2.4331e+01 2.4370e+00 1.6483e+00 9.4415e+00 -1.3461e+00 3.0815e+00 8.7959e+00 -1.4243e+00 -2.3392e+00 -5.7461e-01 7.0512e-01 -1.6289e+00 4.1084e-01 -4.1521e-01 -4.2296e+00 3.5419e-01 -2.1753e+00 3.0736e-01 -5.3238e-01
-2.2784e-01 -8.4952e-01 3.4649e-02 -3.5460e+00 -2.8237e-02 3.6792e+00 -1.9489e-02 -6.0321e-01 -1.5890e-01 -5.0382e-01 9.8195e-01 7.4570e-01 -2.6393e-01 -3.2617e+00 6.5034e-01 -8.4626e-01 -3.3325e+00 7.8067e-01 2.8965e+00 2.2397e+00 -1.8979e-01 -1.0329e-01 -3.6628e-01 -3.5573e-01 -1.2075e+00 -8.8442e-01 -3.3631e-01 1.0089e+01 -6.7922e+00 2.6770e+01 -9.9837e-02 1.9129e+00 1.1462e+00 -3.1150e+00 -7.6074e-01 -8.4547e-01 -1.9904e+00 5.4552e-03 8.4355e-01 -3.0693e+00 8.3353e-01 5.5319e-01 -1.9264e-01 5.1353e-01 -1.1694e-01 -2.0144e-01 -2.4537e-01 -2.7368e-01 -1.4122e-01 -2.3014e-01 -2.8637e-02 1.1462e+00
-6.5440e-02 -9.2831e-01 4.1381e-02 3.4404e-01 -3.4881e-02 -9.3534e-01 -4.0229e-01 -3.1062e-01 -7.0814e-01 -1.9160e-01 -7.0978e-02 -6.2319e-02 -2.4728e-01 -3.2678e-01 -1.2982e-01 -4.1031e-01 -6.6372e-01 -1.6782e-01 -1.1427e-01 2.4825e-01 8.6195e-01 -6.7437e-02 2.3228e+00 -8.5602e-02 2.4064e-01 9.3449e-02 -8.5913e-02 -1.6190e-03 -2.4067e+00 -9.9837e-02 8.0809e+00 3.1318e-03 2.6482e-02 -8.5942e-01 -7.5958e-02 -3.4689e-01 -1.8011e-01 4.4361e-01 -4.7822e-01 -7.1157e-02 8.6572e-02 -9.8321e-02 -4.4408e-03 -1.0731e-01 -5.9011e-02 -8.2983e-02 -7.7106e-02 -1.6338e-01 -2.8437e-02 -7.2337e-02 8.7407e-02 -4.7674e-02
-1.2403e+00 -7.0645e-01 -9.2085e-01 1.0239e+00 -1.3283e+00 3.6847e-01 -2.0385e-01 -3.5319e-01 2.6503e-01 1.6376e-01 -6.3539e-01 4.5094e+00 1.3163e-02 -3.1434e+00 4.1699e+00 -2.4340e-01 -8.3866e-01 3.7820e+00 1.1118e-01 1.8854e+00 -2.1279e-01 -3.4286e-01 2.8714e-01 -5.8876e-01 4.1494e-01 -7.5150e-01 2.0333e-01 -9.0940e-01 -2.0740e+00 1.9129e+00 3.1318e-03 2.4890e+01 3.7889e-01 -1.5179e+00 -9.5597e-01 -3.6316e-01 -1.5328e+00 -4.0808e-01 -1.3393e+00 -1.5522e+00 -3.9569e-02 -1.7356e-01 -2.3829e-01 1.3077e+00 6.9599e-01 -1.3639e-01 -1.2801e-01 4.3144e+00 -1.0304e-01 6.5967e-02 -2.7298e-01 3.0664e-01
1.2911e+00 7.3314e+00 1.0298e+00 -3.2214e+00 -4.9819e-01 -1.8044e+01 1.1621e+00 2.4303e+00 -7.0789e-01 -2.8815e-01 3.7790e-01 1.1208e-01 -1.8133e+00 1.9549e-01 1.7204e-01 1.4702e+00 -1.4404e+01 -7.5796e-01 -2.7657e-01 4.9636e+00 -5.5372e-01 8.3834e-01 6.2823e-01 5.9865e-01 -2.6334e+00 2.5161e-01 6.6145e-01 -3.4497e+00 8.1649e-01 1.1462e+00 2.6482e-02 3.7889e-01 4.5674e+01 4.4531e+00 -1.2314e+00 -6.0476e+00 1.2052e+00 -8.9915e-01 -9.7198e+00 -1.2511e+01 1.3899e-01 -3.3058e+00 1.7271e-01 5.2820e-01 1.2711e-01 3.7414e-01 3.8482e-01 -6.8789e-02 -5.1745e-02 7.0954e-01 6.0969e-01 4.0661e+01
1.3144e+00 -3.7324e+00 -7.0961e-01 -2.4876e+00 2.0895e+00 7.3129e+00 -1.0919e+00 -4.0339e+00 -4.3577e-01 -2.5815e-01 -1.5338e+00 -8.5759e-01 8.4065e-01 2.1738e-02 -4.3404e-01 5.3247e+00 5.0903e+00 -1.9543e+00 -1.2062e+00 7.8186e+00 -5.4055e-01 5.1630e-01 -9.5409e-01 9.5146e-01 -2.4112e+01 -4.9039e-01 -1.0308e+00 -1.0716e+00 -2.4331e+01 -3.1150e+00 -8.5942e-01 -1.5179e+00 4.4531e+00 5.5473e+01 -1.5266e+00 -2.2386e+00 -1.7328e+00 -7.0955e-01 -4.8204e+00 -1.0858e+01 5.5709e-01 -2.3582e-02 -2.1736e-01 -6.1165e-01 5.7250e-01 -7.4239e-01 1.6831e-01 1.3368e+00 -2.4312e-01 2.0587e+00 -1.2165e+00 4.4091e+00
-1.0311e-01 2.8061e-01 4.7761e-02 -4.8476e+00 6.7039e-01 -5.3641e-01 1.5654e-02 3.5562e-01 -5.1846e-01 -7.4288e-01 1.3433e+00 1.3330e-01 -3.8096e-01 2.0210e+00 -2.9528e-01 -4.0813e-01 -2.3811e+00 -1.2875e+00 -4.5269e-01 1.6443e+00 -1.1038e-01 -1.4168e-01 1.1989e-01 7.7421e-02 2.3363e+00 -8.1618e-01 -4.2005e-01 -8.0775e-01 2.4370e+00 -7.6074e-01 -7.5958e-02 -9.5597e-01 -1.2314e+00 -1.5266e+00 2.2892e+01 3.7323e-01 -2.2299e+00 -4.8435e-02 -2.6627e-01 -6.1982e-01 -1.2163e-01 -2.9963e-01 -1.0203e-01 -1.5989e-01 -1.0441e-01 -9.1920e-03 1.7888e-01 -5.1659e-01 -7.5287e-02 -7.2438e-02 -1.4478e-01 -1.3347e+00
-4.3263e-02 -3.3323e+00 2.9053e-01 -3.5933e-02 6.1654e-01 4.0351e+00 -6.8577e-01 -3.2025e-01 -3.8880e-01 -6.6591e-01 -6.1277e-01 -4.0192e-01 -4.2934e-01 5.4080e-01 -4.7409e-01 -3.5034e-01 -3.3123e-01 -6.3651e-01 2.0776e-01 2.2792e+00 9.1833e-01 -1.1616e-01 -2.0957e-01 -2.4021e-02 1.7005e+00 6.9037e-01 1.0798e-01 -2.4974e-01 1.6483e+00 -8.4547e-01 -3.4689e-01 -3.6316e-01 -6.0476e+00 -2.2386e+00 3.7323e-01 2.1006e+01 5.2639e-01 -3.5192e-01 1.0714e+01 -3.1671e+00 -7.6271e-02 -2.1725e-01 -5.1304e-02 -6.7672e-02 -1.9301e-01 -1.8072e-01 -2.7539e-01 2.7232e-01 1.1511e-01 -2.8481e-01 -3.5210e-01 -6.0898e+00
-9.5596e-01 -4.3053e-01 9.4444e-01 -8.1274e+00 3.0494e-02 -3.6540e-02 -1.3539e-01 1.6917e+00 3.2223e+00 2.0159e-01 1.0714e-01 3.7292e-02 -6.8027e-01 2.5188e+01 -1.9438e+00 2.2209e+00 -4.8597e+00 -1.2740e+00 1.3682e+01 4.1402e+00 7.9620e-03 -4.9634e-01 -4.4561e-01 -2.1982e-01 8.6247e+00 -3.4215e+00 -1.6015e-01 9.7231e-01 9.4415e+00 -1.9904e+00 -1.8011e-01 -1.5328e+00 1.2052e+00 -1.7328e+00 -2.2299e+00 5.2639e-01 4.7287e+01 -6.1292e-01 8.6371e-01 1.6414e-01 -4.1752e-01 -9.3406e-01 -3.8918e-02 4.7252e-01 -3.5338e-01 -8.0778e-01 -4.8176e-02 -2.9403e-01 -1.3362e-01 -3.2748e-02 -1.5189e-01 8.9315e-01
3.3787e+00 -4.6049e-01 -4.2632e-01 -1.3357e+00 -4.1396e-01 2.6742e-01 -1.3131e+00 -4.0293e-01 -1.0789e+00 -2.5134e+00 8.4227e-03 -1.8483e-01 1.2409e-01 -2.5812e-01 -2.6682e-01 -4.5656e-02 -2.4733e-01 -5.3288e-01 -9.3026e-02 -6.4846e-01 6.2270e-03 1.5326e-01 2.1150e-01 4.1602e+00 -2.3484e-01 -5.0773e-01 -2.2716e-01 -2.1620e-01 -1.3461e+00 5.4552e-03 4.4361e-01 -4.0808e-01 -8.9915e-01 -7.0955e-01 -4.8435e-02 -3.5192e-01 -6.1292e-01 2.1800e+01 -6.1887e-01 -1.4748e-01 8.9035e-02 -4.1530e-01 -5.0538e-02 -6.2443e-02 -1.7330e-01 3.0120e-01 -6.5989e-02 -2.5267e-01 -8.6032e-02 -8.9222e-02 -1.7817e+00 -8.3606e-01
-9.5496e-01 -2.6486e+00 1.4707e-01 4.6448e-01 3.2455e-01 3.8187e+00 3.7986e-01 -3.6510e-01 3.5004e-01 -3.9614e-01 5.9789e+00 -5.2244e-02 4.9362e+00 5.3988e-01 -1.3074e+00 -1.1235e+00 -9.0158e-01 -1.5794e+00 -9.0489e-01 7.1296e-01 -4.7818e-01 -3.4491e-01 -2.1733e-01 -6.5217e-01 4.8346e+00 1.0927e+00 -5.9951e-01 6.2952e+00 3.0815e+00 8.4355e-01 -4.7822e-01 -1.3393e+00 -9.7198e+00 -4.8204e+00 -2.6627e-01 1.0714e+01 8.6371e-01 -6.1887e-01 3.9862e+01 -4.9144e+00 -2.6213e-02 5.5396e+00 -1.0103e-01 -2.0882e-01 -5.2340e-02 -1.7370e-01 -3.9423e-01 -2.7486e-01 -6.1744e-02 -3.9402e-01 1.2100e-01 -4.4350e+00
-2.3807e-01 -1.3695e+01 -6.8961e-01 2.9031e+00 1.1055e+00 6.0477e+00 -6.4575e-02 -4.2750e+00 -1.0404e-01 -3.9615e-01 -1.5203e+00 -9.1592e-01 -2.3985e+00 -2.6492e+00 -2.0625e+00 -1.2725e+00 9.3088e+00 -1.4371e+00 -6.3801e-01 9.7704e-01 -1.1183e+00 -3.8261e-01 -9.0133e-01 -3.3585e-01 6.9874e+00 -7.0556e-01 -1.8219e-01 -9.7097e-01 8.7959e+00 -3.0693e+00 -7.1157e-02 -1.5522e+00 -1.2511e+01 -1.0858e+01 -6.1982e-01 -3.1671e+00 1.6414e-01 -1.4748e-01 -4.9144e+00 5.7086e+01 -3.7417e-01 -6.1349e-01 -4.1257e-02 1.9515e+00 -4.1737e-01 -2.9013e-01 -7.6280e-01 -3.1190e-01 -1.2295e-02 -1.0123e+00 -1.2779e-02 -1.2532e+01
1.4266e-01 -2.2986e-01 6.7503e-01 3.3409e-01 2.1516e-01 4.3399e-01 -1.2706e-01 -2.4857e-02 -2.9795e-01 -5.7511e-01 -9.6449e-02 -5.7779e-02 -2.7984e-01 -5.3840e-01 3.6919e-01 -8.5862e-02 3.3692e-01 3.3437e-01 -1.0019e-01 -9.1931e-02 -1.4368e-01 -3.8337e-02 4.0109e-01 2.5014e-01 -1.6522e+00 -2.5817e-01 -1.2840e-01 7.5630e-01 -1.4243e+00 8.3353e-01 8.6572e-02 -3.9569e-02 1.3899e-01 5.5709e-01 -1.2163e-01 -7.6271e-02 -4.1752e-01 8.9035e-02 -2.6213e-02 -3.7417e-01 6.8406e+00 1.7562e-01 8.0872e-02 2.4515e-02 4.4902e-02 -1.0897e-01 4.2670e-01 -6.0676e-02 -1.9793e-02 -5.2800e-02 -1.5874e-01 1.5694e-01
-6.9904e-01 -3.6712e-01 -4.8968e-01 -9.8773e-01 2.2984e-01 9.7294e-01 -7.8931e-02 -3.5674e-01 8.7118e-01 5.0836e-02 7.5339e-02 -1.4849e-01 4.6497e+00 -1.0374e+00 -8.4079e-02 -2.9589e-01 -4.4996e-01 -2.7231e-01 -2.7140e-01 7.2418e-01 -3.8881e-01 -2.4435e-01 -1.7762e-01 -6.6651e-01 -7.9989e-01 -2.6572e-01 -6.5897e-02 4.6812e+00 -2.3392e+00 5.5319e-01 -9.8321e-02 -1.7356e-01 -3.3058e+00 -2.3582e-02 -2.9963e-01 -2.1725e-01 -9.3406e-01 -4.1530e-01 5.5396e+00 -6.1349e-01 1.7562e-01 1.4897e+01 -7.8247e-02 -1.5126e-01 6.4188e-02 -1.2425e-01 -4.3103e-02 -3.7647e-03 -7.7143e-02 -1.1025e-01 -2.0222e-01 1.6702e+00
1.3048e-01 -2.1499e-01 -2.8623e-01 -6.3454e-01 -8.1728e-02 1.0049e+00 4.1867e-04 2.2256e-02 -1.4939e-01 -3.9439e-01 -1.4189e-01 -5.4188e-02 6.4068e-02 9.3433e-02 -7.7837e-02 -2.7508e-02 -1.6608e-01 -1.8752e-01 -1.5378e-01 2.7013e-01 5.6347e-02 -7.0129e-02 -6.2378e-02 1.7264e-01 -7.4310e-01 -3.8165e-02 -3.7878e-02 -1.2810e-01 -5.7461e-01 -1.9264e-01 -4.4408e-03 -2.3829e-01 1.7271e-01 -2.1736e-01 -1.0203e-01 -5.1304e-02 -3.8918e-02 -5.0538e-02 -1.0103e-01 -4.1257e-02 8.0872e-02 -7.8247e-02 6.0293e+00 1.4992e-01 -2.5469e-02 -2.7945e-02 -2.4253e-02 8.1675e-02 -2.4031e-02 2.6344e-02 -6.6132e-03 1.2803e-01
-8.4273e-02 -6.3160e-01 -3.6735e-01 6.1724e-01 -9.5131e-01 -1.2163e+00 7.5935e-02 -2.0219e-01 -4.9530e-01 -2.2724e-01 -1.2536e-01 5.5112e-01 -2.6946e-01 1.0984e-01 2.0635e-03 1.4235e+00 -7.4257e-01 -8.8199e-02 -4.0726e-01 4.3712e-02 -1.1732e-01 -6.7315e-02 1.4598e-01 2.6480e-01 8.4667e-01 -3.1240e-01 -7.0988e-02 -1.1903e-01 7.0512e-01 5.1353e-01 -1.0731e-01 1.3077e+00 5.2820e-01 -6.1165e-01 -1.5989e-01 -6.7672e-02 4.7252e-01 -6.2443e-02 -2.0882e-01 1.9515e+00 2.4515e-02 -1.5126e-01 1.4992e-01 1.0957e+01 2.9939e-02 -1.6018e-01 -7.2155e-02 1.3226e-01 -6.2413e-02 8.8220e-02 6.4401e-02 5.1461e-01
2.0387e-01 -6.2511e-01 -7.1532e-01 -3.5953e-01 2.8018e-01 -4.7765e-01 -1.1613e-01 -9.7083e-02 4.7749e-02 -3.0550e-01 -7.8203e-02 2.4015e-01 -3.4203e-02 -4.4788e-01 -1.1795e-01 -4.2783e-02 -5.4769e-01 -1.5572e-01 -2.0075e-01 3.4022e-01 -1.1042e-01 -8.3467e-02 6.5756e-01 -1.4366e-01 -1.7942e+00 -3.6348e-01 -3.8632e-02 2.8779e-02 -1.6289e+00 -1.1694e-01 -5.9011e-02 6.9599e-01 1.2711e-01 5.7250e-01 -1.0441e-01 -1.9301e-01 -3.5338e-01 -1.7330e-01 -5.2340e-02 -4.1737e-01 4.4902e-02 6.4188e-02 -2.5469e-02 2.9939e-02 7.9399e+00 5.9832e-01 -2.5316e-02 -2.4149e-02 -3.4939e-02 -2.1471e-02 -1.6529e-01 2.3786e-01
4.1357e-01 1.0251e+00 9.4428e-02 -6.4603e-01 -7.1729e-02 -9.4484e-01 -4.6426e-01 -8.2365e-01 2.6826e-02 -4.1317e-02 -1.0160e-01 -8.9434e-02 -3.6555e-01 -9.3833e-01 -4.2958e-01 -2.8895e-01 -1.2153e+00 -1.5655e-01 -3.6216e-01 3.9080e-01 -7.3863e-02 -1.0776e-01 -6.3843e-02 9.4282e-01 -1.3635e-01 4.0620e-02 -1.9752e-01 -2.2698e-01 4.1084e-01 -2.0144e-01 -8.2983e-02 -1.3639e-01 3.7414e-01 -7.4239e-01 -9.1920e-03 -1.8072e-01 -8.0778e-01 3.0120e-01 -1.7370e-01 -2.9013e-01 -1.0897e-01 -1.2425e-01 -2.7945e-02 -1.6018e-01 5.9832e-01 1.0985e+01 -3.8365e-02 -1.4080e-01 -5.0886e-02 -1.0792e-01 -4.8624e-01 1.1412e+00
8.6921e-02 1.2251e+00 -1.3669e-01 -4.2962e-01 -2.3669e-01 -6.6242e-01 1.5440e-03 1.0801e-01 2.0385e-01 -2.5317e-01 6.5726e-01 -7.8595e-02 -1.3920e-01 5.7701e-01 -2.0566e-01 -2.3822e-01 1.4097e-01 -1.6981e-01 6.0505e-03 -1.3271e+00 -6.9473e-02 -6.2030e-02 3.0030e-01 2.4879e-01 -6.9628e-01 -2.5799e-01 -1.4430e-01 -7.5050e-02 -4.1521e-01 -2.4537e-01 -7.7106e-02 -1.2801e-01 3.8482e-01 1.6831e-01 1.7888e-01 -2.7539e-01 -4.8176e-02 -6.5989e-02 -3.9423e-01 -7.6280e-01 4.2670e-01 -4.3103e-02 -2.4253e-02 -7.2155e-02 -2.5316e-02 -3.8365e-02 7.6326e+00 -1.2514e-01 -2.6505e-02 -8.3056e-02 -4.1447e-03 3.7466e-01
-2.4719e-01 -1.8645e+00 4.0272e-01 6.6496e-02 1.0425e+00 -5.6362e-01 -1.3230e+00 -6.6549e-01 1.0959e-01 -9.7078e-02 -5.0879e-01 3.1257e+00 -8.1198e-02 -6.9530e-01 3.1557e+00 -5.8162e-01 -1.5723e+00 4.8022e+00 3.4229e-01 2.0827e+00 1.3247e+00 -1.5632e-01 -2.0439e-01 -1.7141e-01 -3.8939e+00 -2.5609e-01 2.3634e+00 -3.0182e-01 -4.2296e+00 -2.7368e-01 -1.6338e-01 4.3144e+00 -6.8789e-02 1.3368e+00 -5.1659e-01 2.7232e-01 -2.9403e-01 -2.5267e-01 -2.7486e-01 -3.1190e-01 -6.0676e-02 -3.7647e-03 8.1675e-02 1.3226e-01 -2.4149e-02 -1.4080e-01 -1.2514e-01 1.8619e+01 -6.4988e-02 -8.7969e-02 -1.9373e-01 -2.1798e-02
1.1797e-01 6.9830e-02 -2.3306e-01 -8.5234e-02 -4.4396e-01 -2.6307e-01 5.3373e-03 -6.8433e-02 8.6976e-02 3.6676e-01 -7.7659e-02 -1.5373e-02 -1.9083e-02 1.2247e-01 -7.3243e-02 -2.3647e-02 -5.6412e-02 -1.0576e-02 2.1676e-01 -4.4662e-01 -6.0893e-02 -4.4447e-02 -1.6981e-02 -1.2399e-01 4.9059e-02 1.0381e-01 -1.4810e-02 -1.8359e-01 3.5419e-01 -1.4122e-01 -2.8437e-02 -1.0304e-01 -5.1745e-02 -2.4312e-01 -7.5287e-02 1.1511e-01 -1.3362e-01 -8.6032e-02 -6.1744e-02 -1.2295e-02 -1.9793e-02 -7.7143e-02 -2.4031e-02 -6.2413e-02 -3.4939e-02 -5.0886e-02 -2.6505e-02 -6.4988e-02 5.6664e+00 -2.0889e-02 -5.3268e-03 -5.1226e-02
-2.5437e-01 1.7933e+00 7.2115e-02 -6.5408e-02 -1.8991e-01 3.6593e-01 1.0356e-01 -8.1662e-01 6.7133e-04 -2.1684e-01 -9.5386e-02 -4.9814e-02 -2.7329e-01 -7.8860e-02 1.3300e+00 -2.9183e-01 1.2588e+00 -4.9632e-02 -1.1038e-02 -5.5010e-01 2.2477e-01 -8.3516e-02 -1.0392e-01 8.3043e-02 -2.4656e+00 -5.6919e-02 -1.6523e-01 -7.7452e-02 -2.1753e+00 -2.3014e-01 -7.2337e-02 6.5967e-02 7.0954e-01 2.0587e+00 -7.2438e-02 -2.8481e-01 -3.2748e-02 -8.9222e-02 -3.9402e-01 -1.0123e+00 -5.2800e-02 -1.1025e-01 2.6344e-02 8.8220e-02 -2.1471e-02 -1.0792e-01 -8.3056e-02 -8.7969e-02 -2.0889e-02 7.3322e+00 6.5971e-02 6.5922e-01
-3.4801e+00 -1.3891e-01 -9.3418e-01 6.6745e-01 -2.5750e-04 -2.1290e-03 1.4543e+01 -1.8947e-01 2.2833e-01 -5.7635e-01 2.4706e-01 3.8832e-02 -5.4865e-01 1.0024e-01 -2.1735e-01 3.6860e-02 3.2188e-01 2.5003e-01 1.8431e-01 -1.3963e-01 2.9056e+00 4.2435e-02 -6.7758e-02 -3.4955e+00 -8.9769e-02 -5.5515e-01 -1.7307e-02 1.8832e-01 3.0736e-01 -2.8637e-02 8.7407e-02 -2.7298e-01 6.0969e-01 -1.2165e+00 -1.4478e-01 -3.5210e-01 -1.5189e-01 -1.7817e+00 1.2100e-01 -1.2779e-02 -1.5874e-01 -2.0222e-01 -6.6132e-03 6.4401e-02 -1.6529e-01 -4.8624e-01 -4.1447e-03 -1.9373e-01 -5.3268e-03 6.5971e-02 1.7664e+01 2.7471e-01
9.4846e-01 7.2639e+00 7.0681e-01 -3.6126e+00 -5.4489e-01 -1.6842e+01 9.3472e-01 2.2677e+00 -7.8117e-01 -7.2451e-01 3.3728e-01 8.3842e-02 3.3915e+00 7.6956e-02 1.2310e-01 1.3533e+00 -1.4432e+01 -8.4598e-01 -3.3716e-01 4.8724e+00 -8.2347e-01 6.2520e-01 5.4479e-01 7.4582e-01 -2.1500e+00 2.2346e-01 6.6267e-01 2.2621e+00 -5.3238e-01 1.1462e+00 -4.7674e-02 3.0664e-01 4.0661e+01 4.4091e+00 -1.3347e+00 -6.0898e+00 8.9315e-01 -8.3606e-01 -4.4350e+00 -1.2532e+01 1.5694e-01 1.6702e+00 1.2803e-01 5.1461e-01 2.3786e-01 1.1412e+00 3.7466e-01 -2.1798e-02 -5.1226e-02 6.5922e-01 2.7471e-01 4.3249e+01
