5.1551e+01 -4.0071e+00 -1.2574e-01 7.1885e+00 -5.3623e+00 1.4904e+01 -6.3013e-01 1.5373e+00 -1.8271e+00 -4.7786e+00 -2.2871e-01 2.1313e-01 2.2624e+01 -3.1596e+00 6.9912e+00 -5.7635e+00 -3.0320e+00 -2.8997e-01 2.6169e-01 -4.3366e-01 3.8469e-01 -4.9252e-01 3.5244e-01 -1.5077e+00 -2.6594e-01 -2.1675e-01 -1.7955e+00 -9.4006e-02 -1.2443e+01 -1.4113e+00 -4.2820e-01 1.7688e-01 5.2140e+00 -4.4365e+00 4.8281e-02 -3.1799e-01 2.2470e+00 1.4515e+00 -6.1656e+00 9.1708e-01 9.2734e-01 3.8971e-01 1.8396e-01 -1.1462e-01 -2.8130e-02 -5.1403e-01 -3.1089e-02 -1.8203e+00 -3.7728e-01 -2.4413e-01 3.8939e-01 -3.0600e-01
-4.0071e+00 7.3136e+01 -1.9970e-01 -3.0693e+01 -1.9069e+01 -6.1048e+00 -1.8721e-01 -1.7240e-01 3.3570e+01 4.1348e+00 -3.5332e-01 -1.4704e+00 -2.7399e+01 1.1441e+01 -2.7125e+01 7.4380e+00 2.3030e+01 3.0661e-02 1.5958e+01 -2.3451e+00 4.8259e-01 -3.0611e+00 -1.1740e+01 3.0228e+00 7.9289e+00 -4.8416e-01 1.3784e+01 -3.0988e-01 2.6991e+00 1.7495e+00 2.1930e+00 -1.5031e+00 -4.1057e+00 -1.8546e+00 -9.1777e-01 2.1244e+00 1.3649e+01 -1.5912e+00 8.8930e+00 -1.6108e-01 -4.0348e-01 4.9832e-01 -1.2400e-01 -1.1637e+00 -1.0148e+00 -2.0523e-01 4.8595e-02 -1.9152e-02 -8.5665e-01 -2.5912e-01 -4.1033e-01 -1.8044e-01
-1.2574e-01 -1.9970e-01 1.8424e+01 -1.0865e+00 6.5654e-02 -2.0698e+00 6.6134e+00 8.3664e+00 -1.5429e+00 2.4410e-01 -1.5917e+00 4.9642e-01 -2.5788e-01 -2.2965e+00 9.1409e-02 -4.9298e-02 2.0077e-01 -1.7194e+00 -1.7312e-01 -4.5757e-01 2.0373e-02 1.2352e-01 -1.8508e+00 1.3631e-01 -8.0836e-02 1.0735e-01 1.6015e+00 -1.2229e-02 -3.1777e-01 -7.4037e-02 -5.8857e-01 -6.7669e-01 -1.9258e+00 -7.2931e-02 2.5343e-01 -5.1410e-02 -1.5827e+00 6.5775e-02 1.8294e+00 4.9809e+00 -1.3517e-02 -2.6133e-01 4.7097e-02 1.3769e-01 -4.8675e-02 3.0927e-01 2.8960e-01 -1.8590e-02 -1.1338e-01 -3.1156e-01 -1.8440e+00 1.1637e+01
7.1885e+00 -3.0693e+01 -1.0865e+00 1.2305e+02 -1.4589e-01 -1.7652e+00 -6.0446e+00 -3.1986e+00 -2.6933e+01 -2.3557e+01 -1.4100e+00 1.0910e+01 3.1485e+01 -1.9179e+01 3.2760e+01 -6.3899e+00 -8.0902e+00 -2.9338e-01 -1.2490e+01 -4.7493e-01 3.4827e+00 -5.2570e-01 1.1101e+01 -1.2003e+00 -6.1229e+00 1.6565e+00 -6.6748e+00 -9.3540e-01 1.4731e+00 -1.9644e+00 -1.7774e+00 4.7093e-01 1.4392e+00 5.5088e-01 2.4837e+00 7.6980e-01 8.9336e-01 1.6577e+00 -1.5049e+01 5.9142e+00 1.2673e+00 -1.5216e+00 1.6640e-01 5.3309e-01 7.8040e-01 -1.6331e-01 1.1090e-03 -1.0565e+00 2.3722e-01 -6.2303e-01 -1.3686e+00 -1.7454e+00
-5.3623e+00 -1.9069e+01 6.5654e-02 -1.4589e-01 6.5301e+01 1.0595e+01 2.0472e+00 2.1164e+00 -1.5181e+01 -1.2241e+01 1.4172e-02 -2.4579e+00 1.2754e+01 -5.1806e+00 1.6690e+01 -4.3938e+00 -4.4334e+00 -5.2859e-02 -1.8476e+01 -3.1819e-02 -1.5240e+00 -3.6869e+00 1.5819e+01 -8.0798e-01 -2.9124e+00 -2.5396e-01 -1.5387e+01 -1.6330e+00 -3.1309e+00 -1.2440e-01 1.0793e+00 -6.7704e-01 -8.2674e+00 2.3017e+00 -2.0282e+00 -7.9131e-01 -2.3041e+00 -1.2613e-01 -5.3337e+00 -3.4419e+00 -2.2482e+00 -4.0375e-01 -4.0090e-02 9.9774e-01 7.3230e-01 2.9859e-01 -1.2753e-01 3.4456e-01 1.3370e+00 5.3596e-01 6.9722e-03 -2.8486e-01
1.4904e+01 -6.1048e+00 -2.0698e+00 -1.7652e+00 1.0595e+01 8.3459e+01 -4.9483e+00 -2.2645e+00 -3.7885e+00 -5.4522e+00 -1.7994e+00 -2.1238e+01 2.8584e+01 -6.1043e+00 4.0896e+00 -5.4587e+00 -4.2392e+00 1.1027e+00 4.0276e+00 -4.8710e-02 -4.2341e+00 1.5715e+00 1.0987e+01 -1.8881e+00 -3.3017e+00 -2.5843e-01 -5.0148e+00 2.9449e-01 -9.7422e+00 8.0790e-02 1.8971e+00 1.9776e-01 3.7781e+00 2.0130e-01 -4.4035e+00 -1.1380e+00 -9.1777e-01 -4.0947e-01 -9.1701e+00 -1.6423e+01 7.4059e-01 7.1229e-01 -2.7632e-02 1.5322e+00 -3.3174e-01 -4.8553e-01 6.9194e-02 -4.7142e-01 -3.2421e-01 1.5037e-01 -1.7024e+00 -2.3408e+00
-6.3013e-01 -1.8721e-01 6.6134e+00 -6.0446e+00 2.0472e+00 -4.9483e+00 2.9583e+01 3.0940e+00 -1.7948e+00 5.9008e-02 7.3766e+00 7.1177e-01 -1.3262e+00 4.1679e-01 2.7254e-01 8.1119e-02 -3.4071e-01 -3.7065e+00 -1.1331e+00 -5.8335e-01 -2.6185e-02 -3.6443e-01 -6.6602e-02 2.3952e-01 2.5249e-01 1.5384e-01 -9.8569e-01 -7.3841e-02 -1.3803e+00 2.6522e-01 1.2548e-02 2.7621e-01 -1.0119e+00 1.7223e-01 2.9829e-01 -2.4996e-01 3.8407e-01 -6.0843e-01 1.0701e+00 6.1621e-02 -8.3549e-01 -1.1778e-01 -9.1575e-03 7.7290e-02 -6.7610e-01 1.7456e-01 1.2609e-01 -1.4238e-01 -5.4730e-02 2.8213e-01 6.8559e+00 4.0198e+00
1.5373e+00 -1.7240e-01 8.3664e+00 -3.1986e+00 2.1164e+00 -2.2645e+00 3.0940e+00 3.0736e+01 -1.4371e+00 1.0426e+00 -1.7664e-01 2.1287e+00 3.8735e-01 -3.8680e+00 6.3266e-01 1.9445e-02 -7.3608e-01 -1.6313e+00 5.0006e+00 -1.6037e+00 5.8928e-01 9.0042e-01 7.1102e-01 4.4460e-01 1.5285e-01 2.0723e-01 -1.5976e-01 1.3589e-01 -2.4125e-01 2.7388e-02 -9.4579e-02 -2.2113e+00 1.1308e+00 8.7034e-02 7.5351e-01 9.5783e-02 -1.0830e+00 3.7574e-01 5.3593e-02 7.3074e+00 3.9302e-01 -1.6875e-01 -2.1853e-01 2.1609e-01 -3.9631e-02 3.7258e-01 2.8272e-01 -4.9075e-02 -1.5074e-01 -1.9716e-01 3.8071e-01 6.8908e+00
-1.8271e+00 3.3570e+01 -1.5429e+00 -2.6933e+01 -1.5181e+01 -3.7885e+00 -1.7948e+00 -1.4371e+00 5.6630e+01 3.6895e+00 -1.3616e+00 -1.6490e+00 -2.0389e+01 7.0663e+00 -2.2437e+01 4.8351e+00 1.8697e+01 -1.5873e-01 2.0638e+01 -3.8585e-01 6.6316e-02 -4.2371e+00 -1.0160e+01 -3.5565e+00 9.9445e+00 2.1923e-01 1.7835e+01 -3.3615e-01 5.6687e+00 -6.0778e-01 -6.7090e-01 -1.1676e+00 -5.5482e+00 -8.2805e-01 -3.7199e-01 -3.8282e-01 8.6776e+00 -1.2222e+00 9.7877e+00 -9.2254e-01 1.0501e-02 6.7351e-02 7.4142e-02 -7.2120e-01 -6.0594e-01 -1.2548e-01 -2.2063e-01 9.9095e-02 -1.4295e+00 -3.6244e-01 -1.4211e+00 2.2325e+00
-4.7786e+00 4.1348e+00 2.4410e-01 -2.3557e+01 -1.2241e+01 -5.4522e+00 5.9008e-02 1.0426e+00 3.6895e+00 9.1316e+01 5.8309e-01 -1.9267e+00 -2.6290e+01 4.0000e+01 -3.4999e+01 2.8736e+00 -2.1048e+01 -3.1861e-01 1.9980e+01 1.9411e-01 2.1005e-01 1.0761e+01 -1.3137e+01 1.0505e+00 -8.1608e+00 -1.7281e+00 1.7198e+01 7.3832e-01 3.8441e+00 -6.1571e-01 -2.7895e+00 9.1958e-01 1.4425e+01 2.1410e+00 -3.7437e-01 -7.9374e-02 -1.8967e+01 -1.0888e+00 2.9882e+01 -3.0961e-01 4.0270e-01 -4.0442e-02 -2.8764e-01 1.1754e+00 -5.1237e-01 -2.5697e-01 -3.2699e-01 -5.1931e-01 4.6249e-01 -8.1392e-01 4.6383e-01 3.1213e-01
-2.2871e-01 -3.5332e-01 -1.5917e+00 -1.4100e+00 1.4172e-02 -1.7994e+00 7.3766e+00 -1.7664e-01 -1.3616e+00 5.8309e-01 2.2018e+01 -7.5611e-01 -2.1379e-01 2.4381e+00 4.9987e-02 -2.7451e-02 -4.2389e-01 -2.0026e+00 1.3705e-01 -3.1752e-01 -3.3727e-02 -3.0199e-01 1.6316e-01 5.6617e-03 1.1593e-02 8.9274e-02 -1.6070e-01 -5.5258e-01 -3.5371e-01 2.3363e-02 -8.2027e-02 1.0896e+00 -6.2659e-02 1.2688e-01 -2.4687e-01 4.8885e-02 9.2442e-01 1.2800e-01 -7.0794e-01 -4.3936e+00 -1.5800e-01 -3.5789e-02 2.4149e-02 3.2547e-01 -1.2358e-01 -2.8772e-01 -4.6948e-01 -1.3191e-01 -1.1627e-01 1.4787e-01 1.9723e+01 -3.0062e+00
2.1313e-01 -1.4704e+00 4.9642e-01 1.0910e+01 -2.4579e+00 -2.1238e+01 7.1177e-01 2.1287e+00 -1.6490e+00 -1.9267e+00 -7.5611e-01 4.1305e+01 2.2826e+00 1.0027e+00 6.2727e+00 -6.0073e-01 -6.7381e-01 7.1336e-02 1.1893e+00 -5.5418e-01 3.7612e+00 2.3822e+00 -2.3673e+00 -2.9871e-02 -4.5275e-01 -1.6301e-01 4.2938e+00 -3.1125e-01 -1.4543e+00 -7.4194e-01 -6.6852e-01 1.5211e-01 -5.5943e+00 -4.7678e-01 3.4450e+00 9.2499e-01 -4.7062e-01 3.4753e-01 2.9496e+00 1.4264e+01 -1.0433e+00 -2.8009e-01 2.4902e-01 -3.7919e-01 -4.2697e-02 -1.2826e-01 -1.2232e-01 -4.8610e-01 1.3846e-01 -4.5789e-01 -7.7824e-01 1.0765e-02
2.2624e+01 -2.7399e+01 -2.5788e-01 3.1485e+01 1.2754e+01 2.8584e+01 -1.3262e+00 3.8735e-01 -2.0389e+01 -2.6290e+01 -2.1379e-01 2.2826e+00 1.1297e+02 -2.3043e+01 6.1822e+01 -7.0709e+00 -1.8884e+01 -3.3891e-01 -2.8345e+00 -2.3924e+00 -4.0739e-01 -7.7342e+00 1.6878e+01 1.2448e+00 -6.8331e+00 1.1071e+00 -8.6614e+00 -6.3054e-01 -8.5579e+00 -4.1502e+00 -5.3283e+00 -1.5776e-01 -7.6758e+00 -6.7222e-01 1.8972e+00 -3.1806e+00 -8.8192e+00 9.7672e-01 -2.3688e+01 -5.7092e-01 2.9862e-01 -2.1968e-01 7.9423e-01 2.4453e-01 1.1360e-01 -2.6694e-01 2.8753e-01 -7.5774e-01 -8.3116e-01 2.5354e+00 -3.4309e-01 2.3840e-02
-3.1596e+00 1.1441e+01 -2.2965e+00 -1.9179e+01 -5.1806e+00 -6.1043e+00 4.1679e-01 -3.8680e+00 7.0663e+00 4.0000e+01 2.4381e+00 1.0027e+00 -2.3043e+01 8.6157e+01 -2.4492e+01 4.0574e+00 -1.3103e+01 -6.1242e-01 1.9395e+01 7.4450e-01 9.9390e-01 -3.2431e+00 -9.7262e+00 1.8833e+00 -5.8701e+00 -1.0748e+00 1.5731e+01 -4.2568e-02 5.6459e+00 -3.9867e-01 -1.6488e+00 -8.3422e-01 -6.4628e+00 7.4149e-01 1.0574e+00 1.1037e+00 -1.6948e+01 -6.0359e-01 4.1683e+01 1.5317e+00 7.6529e-01 -8.2517e-02 9.4396e-02 2.4620e-01 -3.5150e-01 -6.9562e-02 -1.9910e-01 5.9250e-01 1.3508e+00 -4.2214e-01 2.2556e+00 -2.4500e+00
6.9912e+00 -2.7125e+01 9.1409e-02 3.2760e+01 1.6690e+01 4.0896e+00 2.7254e-01 6.3266e-01 -2.2437e+01 -3.4999e+01 4.9987e-02 6.2727e+00 6.1822e+01 -2.4492e+01 8.8497e+01 -5.5263e+00 -1.3077e+01 -2.8326e-01 -1.2019e+01 -1.8322e+00 -7.8446e-01 -7.0609e+00 1.4362e+01 1.1973e+00 -6.5655e+00 1.6603e+00 -1.1003e+01 -7.4438e-01 1.8701e+00 -1.5831e+00 -3.4297e+00 -1.3358e+00 -9.6788e+00 -3.9481e-01 1.7928e+00 -2.6274e+00 -3.6459e+00 5.7660e-01 -2.1699e+01 -1.4194e+00 -2.4036e-01 -7.7746e-02 3.9191e-01 9.8794e-02 4.8143e-02 -2.1490e-01 2.7125e-01 -2.8755e-01 -7.0206e-01 -2.3924e-01 1.4878e-03 -3.8937e-02
-5.7635e+00 7.4380e+00 -4.9298e-02 -6.3899e+00 -4.3938e+00 -5.4587e+00 8.1119e-02 1.9445e-02 4.8351e+00 2.8736e+00 -2.7451e-02 -6.0073e-01 -7.0709e+00 4.0574e+00 -5.5263e+00 3.5470e+01 -4.2729e+00 7.7897e-02 6.6036e+00 -4.8896e-01 1.2038e+00 -2.1016e+00 -1.9609e+00 -1.3218e+00 -1.9307e+00 8.6482e-01 7.9734e+00 -1.0691e-02 -5.7096e+00 -3.2860e-01 -9.5368e-01 3.4834e-01 -2.2795e+00 -6.5528e-01 -3.8680e-01 -2.6820e-01 -3.4386e+00 -6.2157e-01 4.3906e+00 -1.7109e-01 -1.5381e-01 -1.1895e-01 -1.4938e-02 -3.3255e-01 -4.0081e-01 -1.0889e-01 -6.7598e-02 -1.4578e-01 3.6629e-02 1.1418e+00 -3.5659e-02 -1.2786e-02
-3.0320e+00 2.3030e+01 2.0077e-01 -8.0902e+00 -4.4334e+00 -4.2392e+00 -3.4071e-01 -7.3608e-01 1.8697e+01 -2.1048e+01 -4.2389e-01 -6.7381e-01 -1.8884e+01 -1.3103e+01 -1.3077e+01 -4.2729e+00 5.4078e+01 6.9598e-01 -6.6799e+00 -1.0121e+00 -1.7041e-02 -3.6984e+00 -4.5351e+00 -2.2178e+00 1.3772e+01 -4.2504e-01 -5.8881e+00 -2.1965e-01 9.3621e-01 -1.2952e+00 -1.7279e+00 -1.0344e+00 -5.6152e+00 -2.0885e-01 -1.4833e-01 -9.6447e-01 2.8707e+01 2.1045e-01 -1.1387e+01 4.9207e-01 -1.7041e-01 1.0831e-01 1.7585e-01 -2.0997e-01 8.2372e-02 4.9728e-01 1.3475e-01 4.9226e-01 -6.0646e-01 -1.0056e-01 -4.6215e-01 8.4209e-02
-2.8997e-01 3.0661e-02 -1.7194e+00 -2.9338e-01 -5.2859e-02 1.1027e+00 -3.7065e+00 -1.6313e+00 -1.5873e-01 -3.1861e-01 -2.0026e+00 7.1336e-02 -3.3891e-01 -6.1242e-01 -2.8326e-01 7.7897e-02 6.9598e-01 1.4524e+01 6.0875e-03 -1.7807e-01 6.2500e-02 -1.2971e-01 -9.1840e-02 1.3764e-02 -1.3206e-01 -8.0720e-02 1.4366e-01 2.9346e-01 -2.2256e-01 -7.2448e-02 -1.8248e-01 2.9438e-01 -6.9311e-01 -6.0757e-02 -5.3367e-02 -1.8991e-01 3.4491e-01 1.7492e-01 -2.6212e-01 -7.4913e-01 1.1056e-01 1.5736e-01 -4.8194e-02 -5.2870e-02 -9.6387e-02 -7.8713e-02 -5.6907e-02 -9.6521e-02 1.6845e-02 -1.7989e-01 -1.8944e+00 -1.7850e+00
2.6169e-01 1.5958e+01 -1.7312e-01 -1.2490e+01 -1.8476e+01 4.0276e+00 -1.1331e+00 5.0006e+00 2.0638e+01 1.9980e+01 1.3705e-01 1.1893e+00 -2.8345e+00 1.9395e+01 -1.2019e+01 6.6036e+00 -6.6799e+00 6.0875e-03 6.8084e+01 -2.3639e+00 1.3560e+00 9.2196e-01 -6.6014e+00 -9.2732e-01 -5.2977e+00 -4.1468e-01 1.9839e+01 8.8424e-01 9.8300e+00 -7.8532e-01 -3.9984e-01 -6.3630e-01 -8.5154e-01 -7.4069e-01 1.2705e+00 -9.3017e-01 -8.1763e+00 -9.5284e-01 1.4996e+01 -4.2691e+00 1.0839e+00 5.7253e-02 1.1862e-01 -8.9008e-01 -4.7972e-02 -1.1383e-01 -9.9669e-02 1.4466e-01 -1.8300e+00 -3.0862e-01 1.1793e-01 3.1036e-02
-4.3366e-01 -2.3451e+00 -4.5757e-01 -4.7493e-01 -3.1819e-02 -4.8710e-02 -5.8335e-01 -1.6037e+00 -3.8585e-01 1.9411e-01 -3.1752e-01 -5.5418e-01 -2.3924e+00 7.4450e-01 -1.8322e+00 -4.8896e-01 -1.0121e+00 -1.7807e-01 -2.3639e+00 1.8565e+01 -1.1414e-01 -6.3680e-01 -4.2558e-01 3.5154e-01 -7.1969e-01 -3.1493e-01 -3.0793e-01 -2.7204e-02 -7.5824e-01 1.7276e-01 -4.0320e-01 -8.5915e-02 -7.8553e-01 -2.1801e-01 -5.4379e-01 4.8884e-01 -1.4398e+00 -1.1824e-01 2.4592e+00 -7.7264e-01 -6.9586e-02 -2.5805e-02 -1.2850e-01 -3.1358e-01 -1.0103e-01 -4.5852e-02 -5.0189e-02 -4.5227e-02 9.6987e-01 -2.1984e-01 -3.8760e-01 2.7247e-01
3.8469e-01 4.8259e-01 2.0373e-02 3.4827e+00 -1.5240e+00 -4.2341e+00 -2.6185e-02 5.8928e-01 6.6316e-02 2.1005e-01 -3.3727e-02 3.7612e+00 -4.0739e-01 9.9390e-01 -7.8446e-01 1.2038e+00 -1.7041e-02 6.2500e-02 1.3560e+00 -1.1414e-01 1.5358e+01 -1.0506e+00 -8.1316e-01 -5.2077e-01 -2.1684e-01 8.2908e-01 2.1922e+00 -1.6257e-01 2.4452e-01 6.4220e-02 2.7750e-01 -1.1717e-01 -1.0375e+00 1.3049e-01 -4.6752e-01 4.6222e-02 3.1906e-01 -2.8000e-01 8.8593e-01 3.3671e+00 -1.0379e-01 -1.1354e-01 -2.1292e-03 -1.0790e-01 -6.6880e-02 -5.3867e-02 -3.3250e-02 -9.9820e-02 -6.3237e-02 7.3719e-01 -1.2134e-02 -7.9012e-02
-4.9252e-01 -3.0611e+00 1.2352e-01 -5.2570e-01 -3.6869e+00 1.5715e+00 -3.6443e-01 9.0042e-01 -4.2371e+00 1.0761e+01 -3.0199e-01 2.3822e+00 -7.7342e+00 -3.2431e+00 -7.0609e+00 -2.1016e+00 -3.6984e+00 -1.2971e-01 9.2196e-01 -6.3680e-01 -1.0506e+00 4.7159e+01 -3.1270e+00 -4.4430e-01 8.0407e-01 -3.8729e-01 8.8732e-01 1.3008e+00 -2.0089e+00 -1.2785e+00 -1.7118e+00 2.2397e+00 1.0597e+01 2.6719e-01 -1.2523e+00 -9.8793e-01 -3.6153e+00 -6.8045e-01 -3.9663e+00 -4.4885e+00 -2.9508e-01 1.4251e-01 -1.0970e-01 -1.0988e-01 -3.4937e-02 -1.5890e-01 -1.6309e-01 2.0870e-01 -2.9801e-01 -5.0521e-02 -3.0781e-01 5.4778e-03
3.5244e-01 -1.1740e+01 -1.8508e+00 1.1101e+01 1.5819e+01 1.0987e+01 -6.6602e-02 7.1102e-01 -1.0160e+01 -1.3137e+01 1.6316e-01 -2.3673e+00 1.6878e+01 -9.7262e+00 1.4362e+01 -1.9609e+00 -4.5351e+00 -9.1840e-02 -6.6014e+00 -4.2558e-01 -8.1316e-01 -3.1270e+00 5.6332e+01 -2.0911e+00 -3.5193e+00 3.0133e-02 -3.0793e+01 7.9656e-01 -6.0927e+00 -1.5368e+00 -6.7149e-01 -9.2214e-01 2.1187e+01 -1.4685e+00 -4.2067e-01 -5.0650e-01 -1.8991e+00 3.8941e-01 -3.3191e+01 -3.7163e+00 7.8917e-01 -7.1848e-01 -4.5163e-01 1.7505e+00 -1.8663e-01 -1.7919e-01 2.4918e-01 -7.3069e-01 -3.0429e-01 2.3410e-01 1.5584e-01 -6.2057e-02
-1.5077e+00 3.0228e+00 1.3631e-01 -1.2003e+00 -8.0798e-01 -1.8881e+00 2.3952e-01 4.4460e-01 -3.5565e+00 1.0505e+00 5.6617e-03 -2.9871e-02 1.2448e+00 1.8833e+00 1.1973e+00 -1.3218e+00 -2.2178e+00 1.3764e-02 -9.2732e-01 3.5154e-01 -5.2077e-01 -4.4430e-01 -2.0911e+00 2.5299e+01 -8.6170e-01 -1.1497e-01 -1.7652e-02 1.5341e-01 -2.0090e+00 -2.3965e-01 -6.0955e-02 -9.1087e-02 -1.7809e+00 4.4617e-01 -3.2924e-01 -2.6411e-01 -3.2917e+00 -4.4347e-01 2.4575e+00 -6.3610e-01 -3.9488e-01 -2.3050e-01 -6.8351e-02 -2.2848e-01 2.7259e-01 -5.9626e-02 2.8731e-01 4.3036e-01 -4.4550e-02 -3.3707e-02 -1.1063e-02 5.9876e-02
-2.6594e-01 7.9289e+00 -8.0836e-02 -6.1229e+00 -2.9124e+00 -3.3017e+00 2.5249e-01 1.5285e-01 9.9445e+00 -8.1608e+00 1.1593e-02 -4.5275e-01 -6.8331e+00 -5.8701e+00 -6.5655e+00 -1.9307e+00 1.3772e+01 -1.3206e-01 -5.2977e+00 -7.1969e-01 -2.1684e-01 8.0407e-01 -3.5193e+00 -8.6170e-01 3.2345e+01 -2.5392e-01 -6.2602e+00 -1.2714e-01 3.9788e-01 -3.1012e-01 -3.3689e-01 -6.5428e-01 -6.5711e-01 1.5051e-01 -2.1649e-01 -2.6427e-01 5.5665e+00 5.2867e-01 -6.9198e+00 8.2619e-02 -2.2190e-02 -2.8083e-01 8.4004e-02 -3.7892e-01 -1.0650e-01 -1.4386e-02 -8.6395e-02 2.3421e-01 -4.1337e-01 -1.7352e-01 -1.8406e-02 5.6028e-02
-2.1675e-01 -4.8416e-01 1.0735e-01 1.6565e+00 -2.5396e-01 -2.5843e-01 1.5384e-01 2.0723e-01 2.1923e-01 -1.7281e+00 8.9274e-02 -1.6301e-01 1.1071e+00 -1.0748e+00 1.6603e+00 8.6482e-01 -4.2504e-01 -8.0720e-02 -4.1468e-01 -3.1493e-01 8.2908e-01 -3.8729e-01 3.0133e-02 -1.1497e-01 -2.5392e-01 1.3655e+01 3.3113e-01 1.3034e-01 2.6240e+00 4.7672e-01 -5.2980e-01 -1.7236e-01 -1.3239e+00 2.6946e-01 -2.3423e-01 -1.8614e-01 1.3673e-01 -2.2370e-01 -7.4364e-01 -4.5417e-01 -9.9176e-02 -9.7253e-02 -1.0878e-01 -5.2296e-02 -7.6528e-02 -5.8367e-02 -1.7432e-02 -7.3767e-02 -9.0748e-03 5.7788e-01 4.3323e-02 5.4266e-02
-1.7955e+00 1.3784e+01 1.6015e+00 -6.6748e+00 -1.5387e+01 -5.0148e+00 -9.8569e-01 -1.5976e-01 1.7835e+01 1.7198e+01 -1.6070e-01 4.2938e+00 -8.6614e+00 1.5731e+01 -1.1003e+01 7.9734e+00 -5.8881e+00 1.4366e-01 1.9839e+01 -3.0793e-01 2.1922e+00 8.8732e-01 -3.0793e+01 -1.7652e-02 -6.2602e+00 3.3113e-01 8.3170e+01 1.5016e+00 1.2199e+01 1.2590e+00 -9.1299e-01 3.6509e-02 -2.4236e+01 -4.7038e-01 8.0436e-01 -5.0377e-01 -7.3485e+00 3.9401e-01 4.0811e+01 9.3717e+00 1.5282e-01 6.8810e-01 2.4579e-01 -1.1061e+00 -8.3550e-04 1.6099e-01 -1.8519e-01 3.7109e-01 -3.8053e-01 2.5869e-01 -1.5299e-01 8.4857e-02
-9.4006e-02 -3.0988e-01 -1.2229e-02 -9.3540e-01 -1.6330e+00 2.9449e-01 -7.3841e-02 1.3589e-01 -3.3615e-01 7.3832e-01 -5.5258e-01 -3.1125e-01 -6.3054e-01 -4.2568e-02 -7.4438e-01 -1.0691e-02 -2.1965e-01 2.9346e-01 8.8424e-01 -2.7204e-02 -1.6257e-01 1.3008e+00 7.9656e-01 1.5341e-01 -1.2714e-01 1.3034e-01 1.5016e+00 9.9865e+00 4.7968e-02 -6.5786e-02 -1.9940e-01 -8.0886e-02 3.2381e+00 -3.3995e-02 -1.9816e-01 -1.4533e-01 -2.0282e-01 1.5880e-01 -3.2488e+00 -1.1785e+00 -1.9866e-01 1.0394e-01 -2.2587e-01 -6.1845e-02 -5.1500e-02 -3.1646e-02 1.6241e-01 -7.1704e-02 1.3843e+00 -8.6042e-02 -5.5917e-01 3.8474e-01
-1.2443e+01 2.6991e+00 -3.1777e-01 1.4731e+00 -3.1309e+00 -9.7422e+00 -1.3803e+00 -2.4125e-01 5.6687e+00 3.8441e+00 -3.5371e-01 -1.4543e+00 -8.5579e+00 5.6459e+00 1.8701e+00 -5.7096e+00 9.3621e-01 -2.2256e-01 9.8300e+00 -7.5824e-01 2.4452e-01 -2.0089e+00 -6.0927e+00 -2.0090e+00 3.9788e-01 2.6240e+00 1.2199e+01 4.7968e-02 5.6209e+01 1.9264e-01 -8.0402e-01 -7.8321e-01 -5.8713e+00 -1.2907e+00 -2.8805e-01 -3.8892e-01 -3.0522e+00 -7.0711e-01 4.4969e+00 -2.0470e+00 -5.0642e-01 -5.7711e-01 5.4937e-01 -3.9180e-01 9.7509e-01 4.9032e-01 -1.2225e-01 1.8758e+00 -6.4115e-01 -4.2297e-01 -3.7465e-01 3.1811e-01
-1.4113e+00 1.7495e+00 -7.4037e-02 -1.9644e+00 -1.2440e-01 8.0790e-02 2.6522e-01 2.7388e-02 -6.0778e-01 -6.1571e-01 2.3363e-02 -7.4194e-01 -4.1502e+00 -3.9867e-01 -1.5831e+00 -3.2860e-01 -1.2952e+00 -7.2448e-02 -7.8532e-01 1.7276e-01 6.4220e-02 -1.2785e+00 -1.5368e+00 -2.3965e-01 -3.1012e-01 4.7672e-01 1.2590e+00 -6.5786e-02 1.9264e-01 2.2288e+01 6.3611e+00 -1.5296e-02 3.2212e+00 1.1347e+00 -2.7865e-01 5.4336e+00 -1.4089e+00 -3.3403e-01 4.9357e-01 -1.6933e-01 5.7848e-02 -2.1259e-01 -9.9468e-02 2.2713e-01 -6.7733e-04 4.1196e-02 -5.0034e-02 -1.9310e-01 -3.1795e-02 3.8371e-01 1.8778e-02 -3.9939e-02
-4.2820e-01 2.1930e+00 -5.8857e-01 -1.7774e+00 1.0793e+00 1.8971e+00 1.2548e-02 -9.4579e-02 -6.7090e-01 -2.7895e+00 -8.2027e-02 -6.6852e-01 -5.3283e+00 -1.6488e+00 -3.4297e+00 -9.5368e-01 -1.7279e+00 -1.8248e-01 -3.9984e-01 -4.0320e-01 2.7750e-01 -1.7118e+00 -6.7149e-01 -6.0955e-02 -3.3689e-01 -5.2980e-01 -9.1299e-01 -1.9940e-01 -8.0402e-01 6.3611e+00 2.4893e+01 -2.1356e-01 8.5066e+00 -2.5204e-01 -7.8825e-01 4.8907e+00 -1.8165e+00 -2.3392e-01 -3.0487e+00 -8.1188e-01 -2.3727e-01 7.3309e-01 -1.7400e-01 -3.6695e-01 1.5230e-01 1.2404e-01 -8.5347e-03 -6.8192e-02 -2.5618e-02 -2.3242e-01 -1.2687e-01 -4.0342e-02
1.7688e-01 -1.5031e+00 -6.7669e-01 4.7093e-01 -6.7704e-01 1.9776e-01 2.7621e-01 -2.2113e+00 -1.1676e+00 9.1958e-01 1.0896e+00 1.5211e-01 -1.5776e-01 -8.3422e-01 -1.3358e+00 3.4834e-01 -1.0344e+00 2.9438e-01 -6.3630e-01 -8.5915e-02 -1.1717e-01 2.2397e+00 -9.2214e-01 -9.1087e-02 -6.5428e-01 -1.7236e-01 3.6509e-02 -8.0886e-02 -7.8321e-01 -1.5296e-02 -2.1356e-01 1.7000e+01 1.9100e+00 -1.6447e-01 2.2368e-01 -1.3279e-01 -1.4441e+00 -3.0044e-01 -2.9021e-01 -5.5421e-01 -6.8104e-02 -1.0763e-01 -6.5287e-02 8.5709e-02 -5.7314e-02 -1.0254e-01 -2.3732e-02 -7.6071e-02 -8.9673e-02 1.0929e-01 1.0045e+00 -9.1916e-01
5.2140e+00 -4.1057e+00 -1.9258e+00 1.4392e+00 -8.2674e+00 3.7781e+00 -1.0119e+00 1.1308e+00 -5.5482e+00 1.4425e+01 -6.2659e-02 -5.5943e+00 -7.6758e+00 -6.4628e+00 -9.6788e+00 -2.2795e+00 -5.6152e+00 -6.9311e-01 -8.5154e-01 -7.8553e-01 -1.0375e+00 1.0597e+01 2.1187e+01 -1.7809e+00 -6.5711e-01 -1.3239e+00 -2.4236e+01 3.2381e+00 -5.8713e+00 3.2212e+00 8.5066e+00 1.9100e+00 8.8423e+01 -5.0502e-02 1.2224e+00 4.2300e+00 -6.2755e+00 2.8368e+00 -3.4701e+01 -4.8403e+00 3.9887e+00 1.0579e+00 -1.0227e+00 7.1412e-02 -6.3962e-01 -2.8701e-01 -3.1481e-02 -5.3030e-01 9.1662e-01 -5.6671e-01 -1.7507e-01 -3.4042e-01
-4.4365e+00 -1.8546e+00 -7.2931e-02 5.5088e-01 2.3017e+00 2.0130e-01 1.7223e-01 8.7034e-02 -8.2805e-01 2.1410e+00 1.2688e-01 -4.7678e-01 -6.7222e-01 7.4149e-01 -3.9481e-01 -6.5528e-01 -2.0885e-01 -6.0757e-02 -7.4069e-01 -2.1801e-01 1.3049e-01 2.6719e-01 -1.4685e+00 4.4617e-01 1.5051e-01 2.6946e-01 -4.7038e-01 -3.3995e-02 -1.2907e+00 1.1347e+00 -2.5204e-01 -1.6447e-01 -5.0502e-02 1.3665e+01 -1.4357e-01 -3.4713e-02 -1.0441e+00 -2.7553e-01 1.9189e+00 -2.0265e-01 1.3457e-01 -1.1987e-01 5.7260e-02 9.9588e-01 -3.4515e-03 -3.1159e-02 1.0428e-02 -7.7229e-02 -1.2358e-01 -8.7455e-02 1.0391e-01 8.0600e-04
4.8281e-02 -9.1777e-01 2.5343e-01 2.4837e+00 -2.0282e+00 -4.4035e+00 2.9829e-01 7.5351e-01 -3.7199e-01 -3.7437e-01 -2.4687e-01 3.4450e+00 1.8972e+00 1.0574e+00 1.7928e+00 -3.8680e-01 -1.4833e-01 -5.3367e-02 1.2705e+00 -5.4379e-01 -4.6752e-01 -1.2523e+00 -4.2067e-01 -3.2924e-01 -2.1649e-01 -2.3423e-01 8.0436e-01 -1.9816e-01 -2.8805e-01 -2.7865e-01 -7.8825e-01 2.2368e-01 1.2224e+00 -1.4357e-01 1.7288e+01 -3.3573e-01 7.0185e-01 -3.9293e-02 4.5743e+00 2.9327e+00 -2.4086e-01 -1.5253e-01 -1.6894e-01 -6.1992e-02 -1.3621e-01 1.9985e-01 -4.8774e-02 -1.8367e-02 -1.2727e-01 -8.6225e-03 -2.8698e-01 1.5708e-01
-3.1799e-01 2.1244e+00 -5.1410e-02 7.6980e-01 -7.9131e-01 -1.1380e+00 -2.4996e-01 9.5783e-02 -3.8282e-01 -7.9374e-02 4.8885e-02 9.2499e-01 -3.1806e+00 1.1037e+00 -2.6274e+00 -2.6820e-01 -9.6447e-01 -1.8991e-01 -9.3017e-01 4.8884e-01 4.6222e-02 -9.8793e-01 -5.0650e-01 -2.6411e-01 -2.6427e-01 -1.8614e-01 -5.0377e-01 -1.4533e-01 -3.8892e-01 5.4336e+00 4.8907e+00 -1.3279e-01 4.2300e+00 -3.4713e-02 -3.3573e-01 1.4559e+01 -1.1589e+00 8.2278e-01 -7.2616e-01 5.0208e-01 -1.4927e-01 -5.3436e-02 -9.8195e-02 1.9299e+00 -1.2187e-01 -6.3153e-02 -3.0015e-02 -6.6824e-02 4.0287e-03 -5.6439e-02 6.9768e-03 -1.2736e-01
2.2470e+00 1.3649e+01 -1.5827e+00 8.9336e-01 -2.3041e+00 -9.1777e-01 3.8407e-01 -1.0830e+00 8.6776e+00 -1.8967e+01 9.2442e-01 -4.7062e-01 -8.8192e+00 -1.6948e+01 -3.6459e+00 -3.4386e+00 2.8707e+01 3.4491e-01 -8.1763e+00 -1.4398e+00 3.1906e-01 -3.6153e+00 -1.8991e+00 -3.2917e+00 5.5665e+00 1.3673e-01 -7.3485e+00 -2.0282e-01 -3.0522e+00 -1.4089e+00 -1.8165e+00 -1.4441e+00 -6.2755e+00 -1.0441e+00 7.0185e-01 -1.1589e+00 5.9338e+01 -1.2165e+00 -1.8787e+01 -1.3887e+00 -2.6691e-01 2.6537e-01 -2.3670e-01 -7.3323e-01 -3.6502e-01 -2.3109e-01 1.1435e-02 -1.5981e-01 -6.3613e-01 -2.5034e-01 2.1295e+00 -1.8264e+00
1.4515e+00 -1.5912e+00 6.5775e-02 1.6577e+00 -1.2613e-01 -4.0947e-01 -6.0843e-01 3.7574e-01 -1.2222e+00 -1.0888e+00 1.2800e-01 3.4753e-01 9.7672e-01 -6.0359e-01 5.7660e-01 -6.2157e-01 2.1045e-01 1.7492e-01 -9.5284e-01 -1.1824e-01 -2.8000e-01 -6.8045e-01 3.8941e-01 -4.4347e-01 5.2867e-01 -2.2370e-01 3.9401e-01 1.5880e-01 -7.0711e-01 -3.3403e-01 -2.3392e-01 -3.0044e-01 2.8368e+00 -2.7553e-01 -3.9293e-02 8.2278e-01 -1.2165e+00 1.8853e+01 -1.9813e+00 7.7807e-01 1.1266e+00 -1.0361e-01 -1.7489e-01 -2.4463e-01 -9.8931e-02 -5.5379e-02 -3.8937e-02 -9.1938e-02 1.4825e-01 -2.4857e-01 8.2644e-02 -1.2207e-02
-6.1656e+00 8.8930e+00 1.8294e+00 -1.5049e+01 -5.3337e+00 -9.1701e+00 1.0701e+00 5.3593e-02 9.7877e+00 2.9882e+01 -7.0794e-01 2.9496e+00 -2.3688e+01 4.1683e+01 -2.1699e+01 4.3906e+00 -1.1387e+01 -2.6212e-01 1.4996e+01 2.4592e+00 8.8593e-01 -3.9663e+00 -3.3191e+01 2.4575e+00 -6.9198e+00 -7.4364e-01 4.0811e+01 -3.2488e+00 4.4969e+00 4.9357e-01 -3.0487e+00 -2.9021e-01 -3.4701e+01 1.9189e+00 4.5743e+00 -7.2616e-01 -1.8787e+01 -1.9813e+00 1.1398e+02 8.6935e+00 -7.1198e-01 1.7876e-01 4.2568e-01 -2.4994e+00 1.3876e+00 -5.0096e-02 -2.8186e-01 5.1134e-01 -8.4436e-01 4.9242e-01 -8.4264e-01 1.1052e-01
9.1708e-01 -1.6108e-01 4.9809e+00 5.9142e+00 -3.4419e+00 -1.6423e+01 6.1621e-02 7.3074e+00 -9.2254e-01 -3.0961e-01 -4.3936e+00 1.4264e+01 -5.7092e-01 1.5317e+00 -1.4194e+00 -1.7109e-01 4.9207e-01 -7.4913e-01 -4.2691e+00 -7.7264e-01 3.3671e+00 -4.4885e+00 -3.7163e+00 -6.3610e-01 8.2619e-02 -4.5417e-01 9.3717e+00 -1.1785e+00 -2.0470e+00 -1.6933e-01 -8.1188e-01 -5.5421e-01 -4.8403e+00 -2.0265e-01 2.9327e+00 5.0208e-01 -1.3887e+00 7.7807e-01 8.6935e+00 6.1013e+01 -1.7890e+00 1.0737e+00 -9.7440e-01 1.0852e-01 -4.3102e-01 5.1251e-01 5.3690e-01 -6.2170e-01 -9.4648e-01 -2.8372e-01 -4.5920e+00 3.9488e+00
9.2734e-01 -4.0348e-01 -1.3517e-02 1.2673e+00 -2.2482e+00 7.4059e-01 -8.3549e-01 3.9302e-01 1.0501e-02 4.0270e-01 -1.5800e-01 -1.0433e+00 2.9862e-01 7.6529e-01 -2.4036e-01 -1.5381e-01 -1.7041e-01 1.1056e-01 1.0839e+00 -6.9586e-02 -1.0379e-01 -2.9508e-01 7.8917e-01 -3.9488e-01 -2.2190e-02 -9.9176e-02 1.5282e-01 -1.9866e-01 -5.0642e-01 5.7848e-02 -2.3727e-01 -6.8104e-02 3.9887e+00 1.3457e-01 -2.4086e-01 -1.4927e-01 -2.6691e-01 1.1266e+00 -7.1198e-01 -1.7890e+00 1.3614e+01 -1.2332e-01 1.1071e+00 8.7635e-02 -5.7783e-02 -4.0469e-02 -1.5096e-02 -1.3228e-01 -1.9224e-01 -8.2848e-02 1.5238e+00 -1.5525e-01
3.8971e-01 4.9832e-01 -2.6133e-01 -1.5216e+00 -4.0375e-01 7.1229e-01 -1.1778e-01 -1.6875e-01 6.7351e-02 -4.0442e-02 -3.5789e-02 -2.8009e-01 -2.1968e-01 -8.2517e-02 -7.7746e-02 -1.1895e-01 1.0831e-01 1.5736e-01 5.7253e-02 -2.5805e-02 -1.1354e-01 1.4251e-01 -7.1848e-01 -2.3050e-01 -2.8083e-01 -9.7253e-02 6.8810e-01 1.0394e-01 -5.7711e-01 -2.1259e-01 7.3309e-01 -1.0763e-01 1.0579e+00 -1.1987e-01 -1.5253e-01 -5.3436e-02 2.6537e-01 -1.0361e-01 1.7876e-01 1.0737e+00 -1.2332e-01 9.8404e+00 6.1002e-01 -6.1727e-02 -4.9835e-02 1.3005e-02 -3.1560e-02 -6.4955e-02 -3.9154e-02 -7.6872e-02 -5.7665e-02 -3.4714e-01
1.8396e-01 -1.2400e-01 4.7097e-02 1.6640e-01 -4.0090e-02 -2.7632e-02 -9.1575e-03 -2.1853e-01 7.4142e-02 -2.8764e-01 2.4149e-02 2.4902e-01 7.9423e-01 9.4396e-02 3.9191e-01 -1.4938e-02 1.7585e-01 -4.8194e-02 1.1862e-01 -1.2850e-01 -2.1292e-03 -1.0970e-01 -4.5163e-01 -6.8351e-02 8.4004e-02 -1.0878e-01 2.4579e-01 -2.2587e-01 5.4937e-01 -9.9468e-02 -1.7400e-01 -6.5287e-02 -1.0227e+00 5.7260e-02 -1.6894e-01 -9.8195e-02 -2.3670e-01 -1.7489e-01 4.2568e-01 -9.7440e-01 1.1071e+00 6.1002e-01 1.0905e+01 2.5695e-01 -3.8549e-02 -1.1445e-02 -4.6497e-03 -9.4313e-02 -2.0909e-01 -1.3310e-01 -2.7795e-03 1.7256e-01
-1.1462e-01 -1.1637e+00 1.3769e-01 5.3309e-01 9.9774e-01 1.5322e+00 7.7290e-02 2.1609e-01 -7.2120e-01 1.1754e+00 3.2547e-01 -3.7919e-01 2.4453e-01 2.4620e-01 9.8794e-02 -3.3255e-01 -2.0997e-01 -5.2870e-02 -8.9008e-01 -3.1358e-01 -1.0790e-01 -1.0988e-01 1.7505e+00 -2.2848e-01 -3.7892e-01 -5.2296e-02 -1.1061e+00 -6.1845e-02 -3.9180e-01 2.2713e-01 -3.6695e-01 8.5709e-02 7.1412e-02 9.9588e-01 -6.1992e-02 1.9299e+00 -7.3323e-01 -2.4463e-01 -2.4994e+00 1.0852e-01 8.7635e-02 -6.1727e-02 2.5695e-01 1.3868e+01 -6.9196e-02 -2.7976e-02 1.4324e-01 1.9115e-01 -7.7911e-02 -2.3262e-01 2.5167e-01 6.0071e-02
-2.8130e-02 -1.0148e+00 -4.8675e-02 7.8040e-01 7.3230e-01 -3.3174e-01 -6.7610e-01 -3.9631e-02 -6.0594e-01 -5.1237e-01 -1.2358e-01 -4.2697e-02 1.1360e-01 -3.5150e-01 4.8143e-02 -4.0081e-01 8.2372e-02 -9.6387e-02 -4.7972e-02 -1.0103e-01 -6.6880e-02 -3.4937e-02 -1.8663e-01 2.7259e-01 -1.0650e-01 -7.6528e-02 -8.3550e-04 -5.1500e-02 9.7509e-01 -6.7733e-04 1.5230e-01 -5.7314e-02 -6.3962e-01 -3.4515e-03 -1.3621e-01 -1.2187e-01 -3.6502e-01 -9.8931e-02 1.3876e+00 -4.3102e-01 -5.7783e-02 -4.9835e-02 -3.8549e-02 -6.9196e-02 7.8722e+00 -2.9991e-02 -1.8805e-02 -4.8274e-02 -8.1184e-02 5.2017e-01 -1.4226e-01 -9.9116e-02
-5.1403e-01 -2.0523e-01 3.0927e-01 -1.6331e-01 2.9859e-01 -4.8553e-01 1.7456e-01 3.7258e-01 -1.2548e-01 -2.5697e-01 -2.8772e-01 -1.2826e-01 -2.6694e-01 -6.9562e-02 -2.1490e-01 -1.0889e-01 4.9728e-01 -7.8713e-02 -1.1383e-01 -4.5852e-02 -5.3867e-02 -1.5890e-01 -1.7919e-01 -5.9626e-02 -1.4386e-02 -5.8367e-02 1.6099e-01 -3.1646e-02 4.9032e-01 4.1196e-02 1.2404e-01 -1.0254e-01 -2.8701e-01 -3.1159e-02 1.9985e-01 -6.3153e-02 -2.3109e-01 -5.5379e-02 -5.0096e-02 5.1251e-01 -4.0469e-02 1.3005e-02 -1.1445e-02 -2.7976e-02 -2.9991e-02 5.7491e+00 -2.8323e-02 1.2421e-01 2.7267e-04 4.4453e-01 -2.9686e-01 2.5620e-01
-3.1089e-02 4.8595e-02 2.8960e-01 1.1090e-03 -1.2753e-01 6.9194e-02 1.2609e-01 2.8272e-01 -2.2063e-01 -3.2699e-01 -4.6948e-01 -1.2232e-01 2.8753e-01 -1.9910e-01 2.7125e-01 -6.7598e-02 1.3475e-01 -5.6907e-02 -9.9669e-02 -5.0189e-02 -3.3250e-02 -1.6309e-01 2.4918e-01 2.8731e-01 -8.6395e-02 -1.7432e-02 -1.8519e-01 1.6241e-01 -1.2225e-01 -5.0034e-02 -8.5347e-03 -2.3732e-02 -3.1481e-02 1.0428e-02 -4.8774e-02 -3.0015e-02 1.1435e-02 -3.8937e-02 -2.8186e-01 5.3690e-01 -1.5096e-02 -3.1560e-02 -4.6497e-03 1.4324e-01 -1.8805e-02 -2.8323e-02 4.1815e+00 8.6917e-04 -1.5742e-02 -2.7790e-02 -4.8083e-01 2.4708e-01
-1.8203e+00 -1.9152e-02 -1.8590e-02 -1.0565e+00 3.4456e-01 -4.7142e-01 -1.4238e-01 -4.9075e-02 9.9095e-02 -5.1931e-01 -1.3191e-01 -4.8610e-01 -7.5774e-01 5.9250e-01 -2.8755e-01 -1.4578e-01 4.9226e-01 -9.6521e-02 1.4466e-01 -4.5227e-02 -9.9820e-02 2.0870e-01 -7.3069e-01 4.3036e-01 2.3421e-01 -7.3767e-02 3.7109e-01 -7.1704e-02 1.8758e+00 -1.9310e-01 -6.8192e-02 -7.6071e-02 -5.3030e-01 -7.7229e-02 -1.8367e-02 -6.6824e-02 -1.5981e-01 -9.1938e-02 5.1134e-01 -6.2170e-01 -1.3228e-01 -6.4955e-02 -9.4313e-02 1.9115e-01 -4.8274e-02 1.2421e-01 8.6917e-04 8.3700e+00 6.0465e-02 -9.3178e-02 -1.2771e-01 -6.0619e-02
-3.7728e-01 -8.5665e-01 -1.1338e-01 2.3722e-01 1.3370e+00 -3.2421e-01 -5.4730e-02 -1.5074e-01 -1.4295e+00 4.6249e-01 -1.1627e-01 1.3846e-01 -8.3116e-01 1.3508e+00 -7.0206e-01 3.6629e-02 -6.0646e-01 1.6845e-02 -1.8300e+00 9.6987e-01 -6.3237e-02 -2.9801e-01 -3.0429e-01 -4.4550e-02 -4.1337e-01 -9.0748e-03 -3.8053e-01 1.3843e+00 -6.4115e-01 -3.1795e-02 -2.5618e-02 -8.9673e-02 9.1662e-01 -1.2358e-01 -1.2727e-01 4.0287e-03 -6.3613e-01 1.4825e-01 -8.4436e-01 -9.4648e-01 -1.9224e-01 -3.9154e-02 -2.0909e-01 -7.7911e-02 -8.1184e-02 2.7267e-04 -1.5742e-02 6.0465e-02 9.8360e+00 4.9830e-03 -1.2278e-01 -1.5095e-01
-2.4413e-01 -2.5912e-01 -3.1156e-01 -6.2303e-01 5.3596e-01 1.5037e-01 2.8213e-01 -1.9716e-01 -3.6244e-01 -8.1392e-01 1.4787e-01 -4.5789e-01 2.5354e+00 -4.2214e-01 -2.3924e-01 1.1418e+00 -1.0056e-01 -1.7989e-01 -3.0862e-01 -2.1984e-01 7.3719e-01 -5.0521e-02 2.3410e-01 -3.3707e-02 -1.7352e-01 5.7788e-01 2.5869e-01 -8.6042e-02 -4.2297e-01 3.8371e-01 -2.3242e-01 1.0929e-01 -5.6671e-01 -8.7455e-02 -8.6225e-03 -5.6439e-02 -2.5034e-01 -2.4857e-01 4.9242e-01 -2.8372e-01 -8.2848e-02 -7.6872e-02 -1.3310e-01 -2.3262e-01 5.2017e-01 4.4453e-01 -2.7790e-02 -9.3178e-02 4.9830e-03 1.2354e+01 7.5366e-02 -3.3710e-01
3.8939e-01 -4.1033e-01 -1.8440e+00 -1.3686e+00 6.9722e-03 -1.7024e+00 6.8559e+00 3.8071e-01 -1.4211e+00 4.6383e-01 1.9723e+01 -7.7824e-01 -3.4309e-01 2.2556e+00 1.4878e-03 -3.5659e-02 -4.6215e-01 -1.8944e+00 1.1793e-01 -3.8760e-01 -1.2134e-02 -3.0781e-01 1.5584e-01 -1.1063e-02 -1.8406e-02 4.3323e-02 -1.5299e-01 -5.5917e-01 -3.7465e-01 1.8778e-02 -1.2687e-01 1.0045e+00 -1.7507e-01 1.0391e-01 -2.8698e-01 6.9768e-03 2.1295e+00 8.2644e-02 -8.4264e-01 -4.5920e+00 1.5238e+00 -5.7665e-02 -2.7795e-03 2.5167e-01 -1.4226e-01 -2.9686e-01 -4.8083e-01 -1.2771e-01 -1.2278e-01 7.5366e-02 2.1554e+01 -3.3131e+00
-3.0600e-01 -1.8044e-01 1.1637e+01 -1.7454e+00 -2.8486e-01 -2.3408e+00 4.0198e+00 6.8908e+00 2.2325e+00 3.1213e-01 -3.0062e+00 1.0765e-02 2.3840e-02 -2.4500e+00 -3.8937e-02 -1.2786e-02 8.4209e-02 -1.7850e+00 3.1036e-02 2.7247e-01 -7.9012e-02 5.4778e-03 -6.2057e-02 5.9876e-02 5.6028e-02 5.4266e-02 8.4857e-02 3.8474e-01 3.1811e-01 -3.9939e-02 -4.0342e-02 -9.1916e-01 -3.4042e-01 8.0600e-04 1.5708e-01 -1.2736e-01 -1.8264e+00 -1.2207e-02 1.1052e-01 3.9488e+00 -1.5525e-01 -3.4714e-01 1.7256e-01 6.0071e-02 -9.9116e-02 2.5620e-01 2.4708e-01 -6.0619e-02 -1.5095e-01 -3.3710e-01 -3.3131e+00 1.4214e+01
