7.0648e+01 -9.9012e+00 -4.6018e-01 8.3278e-02 -9.4368e-01 -8.2723e-01 1.7471e+00 -2.7498e+00 -6.8155e+00 -4.6049e-01 -9.9249e-01 -8.5796e-01 1.1826e-01 -1.6536e+00 3.1416e-02 -1.3313e+00 -2.3127e+00 -1.4090e-02 5.3806e+00 -5.4527e+00 -2.7394e+00 -5.6014e+00 -1.0504e+00 6.4617e-01 -1.0413e+00 -2.0552e+00 -1.1167e+00 2.9682e+00 5.5262e+00 6.0950e-02 7.5446e-02 5.2686e+00 -5.3544e+00 -1.8600e+00 -5.4446e+00 3.1603e+00 -5.3850e-01 -5.6366e+00 -6.3563e-01 7.6224e-01 1.7604e+00 1.8277e-01 -2.3702e-01 -4.8266e-01 -3.6098e-02 3.3520e-03 2.6222e-01 -1.5270e+00 1.3708e-01 -2.2126e-01 -1.7026e+00 -5.2805e-01
-9.9012e+00 7.7557e+01 -2.2627e+00 -1.8386e+01 1.8633e+00 2.2871e+00 7.4100e+00 -1.1994e+00 6.0148e-01 -1.7196e+00 1.8399e+00 -5.1872e+00 2.9125e-02 5.5369e+00 1.8823e+00 -1.7128e+00 -5.4776e-01 -3.8852e-01 -2.7835e+00 1.4306e-01 -4.5483e-01 8.5857e+00 -6.9648e-01 -1.2289e-01 -1.2249e+00 -7.7759e-01 3.9558e-01 -5.7187e+00 -1.8985e+00 -4.0696e-01 9.6520e-01 5.6708e+00 6.9821e+00 7.7941e+00 -3.9456e+00 -5.5505e-01 1.6017e-01 7.8668e+00 4.8550e-01 -2.2839e+00 -1.1183e+00 1.8669e-01 -4.7576e-01 -1.0259e+00 -7.4192e-02 -1.3364e-02 -3.2984e-01 3.2869e+00 -1.2018e-03 -1.3400e-02 -3.0177e-01 -1.3458e-01
-4.6018e-01 -2.2627e+00 5.7705e+01 -5.9730e-01 -5.2245e-01 -1.7446e+00 -2.5190e+00 -2.9584e+00 -2.6366e+00 7.2624e+00 -4.2773e+00 -2.3065e-01 -9.6737e-02 -8.6382e-01 -1.3110e+00 6.1833e+00 -2.9042e+00 1.1555e+00 7.8851e+00 -1.7571e+00 -5.7982e-03 1.7919e+00 -5.7802e+00 1.4569e-01 2.8387e+00 2.5158e-01 -2.7655e-01 2.1554e+00 -8.1860e-01 4.2001e-01 -2.4361e+00 -6.6024e-01 5.8868e+00 -1.7214e-01 -2.8810e+00 -1.7576e-01 2.4441e-01 5.6027e+00 -1.5096e+00 2.9046e+00 5.1573e-02 1.9279e+00 -2.7734e-01 -6.2042e-01 -5.5205e-01 -1.1986e-01 1.6536e+00 -2.1522e-01 3.9830e-01 -2.6250e-01 8.7334e-01 3.1848e-02
8.3278e-02 -1.8386e+01 -5.9730e-01 1.1682e+02 -1.4346e+00 -3.3937e+00 -2.7084e+01 -6.8186e-01 -4.0708e+01 -6.0642e-01 -1.5725e+00 -1.6322e+00 -2.1034e+00 -6.6972e+00 5.6229e-01 4.7996e+00 -1.8549e+00 -4.2966e-01 -2.8376e+01 -6.0045e+00 -1.1036e+01 -1.7682e+01 -2.8229e+00 -1.4975e+00 -1.1247e+00 -7.0979e-01 -6.8673e-01 4.0300e+00 2.4312e+01 9.8022e-01 -6.6538e-01 -5.7328e+00 -4.3188e+00 -2.9622e+00 3.1181e-01 -1.3389e+00 7.0529e-01 1.1113e+00 1.2895e+00 3.6760e-02 9.0251e-01 -8.9811e-01 -5.1392e-01 1.4794e+00 1.5303e-01 -7.0333e-01 -8.4745e-01 8.0207e-02 -2.2434e-01 -2.5191e-01 -2.7183e+00 -1.4007e+00
-9.4368e-01 1.8633e+00 -5.2245e-01 -1.4346e+00 1.5897e+01 6.5942e-01 1.3964e+00 -4.2715e-01 -6.3678e-01 -6.4125e-01 -1.4119e+00 8.3660e-03 -4.6627e-02 2.9631e+00 2.5917e-03 -1.1648e+00 -2.0170e-01 -6.1991e-02 2.4727e+00 -2.6808e-01 -4.6363e-01 -9.8725e-01 7.2104e-01 9.1949e-01 4.1452e-03 -1.5288e-01 -9.2846e-02 -2.8339e-01 -2.3772e-01 -3.8027e-02 -5.9388e-01 -1.8700e-01 -3.5152e+00 -2.4044e-01 3.5256e-01 -3.0219e-01 -4.3345e-02 1.3066e+00 -1.7391e-01 -2.1850e-01 8.1072e-01 -8.3438e-02 5.9325e-01 -1.1619e-01 -4.4218e-02 -5.2494e-02 -7.9297e-02 -4.2746e-02 5.1141e-02 -6.9905e-02 -2.6230e+00 1.6124e+00
-8.2723e-01 2.2871e+00 -1.7446e+00 -3.3937e+00 6.5942e-01 2.8992e+01 1.7490e+00 9.8592e-01 6.8798e-01 8.0874e-01 -1.2744e+00 -1.6056e-01 -1.1195e-01 -8.5045e-01 -1.8071e-01 6.3171e-02 -6.4751e-01 -1.0666e-01 -4.7074e-01 1.2290e+00 1.2733e+00 8.1694e+00 2.4012e+00 -1.1161e-01 -7.8898e-03 -4.9098e-01 -1.6993e-01 -1.4156e+00 -5.7423e-01 -5.8901e-02 -3.3080e-01 1.6781e-01 2.8615e-01 -3.3928e-01 -1.2205e+00 -5.0826e-01 -7.2312e-02 -1.0526e+00 -1.1618e+00 4.9458e+00 8.6251e-01 -3.0679e-01 -1.6934e-01 1.7912e+00 -5.3042e-02 -2.9941e-02 -2.5151e-01 2.6784e-01 -1.1462e-01 7.3611e-01 -5.6660e-01 -2.0779e+00
1.7471e+00 7.4100e+00 -2.5190e+00 -2.7084e+01 1.3964e+00 1.7490e+00 6.8616e+01 -3.1156e+00 3.5224e+00 1.3353e+00 -3.2308e+00 1.1140e+00 9.0335e-02 8.7253e-01 -1.6039e-01 8.8527e-01 9.2795e-01 -8.1287e-01 -7.2192e+00 1.0952e-02 -2.9319e-01 2.6235e+01 -2.8586e-01 -2.6182e+00 -9.1448e-03 -4.0736e-01 1.1395e+00 9.7811e-01 -6.8007e-01 2.5523e-01 -4.0321e-01 3.3553e+00 2.0338e+01 -2.1456e+00 7.4963e+00 1.9789e-01 3.3771e-02 -4.3577e+00 -9.2508e-01 -2.0042e+00 -7.0205e-01 -3.9935e-01 6.3228e-01 1.0519e-01 4.2470e-03 1.7777e-01 -3.3050e-01 5.2013e-01 1.1586e-01 2.0219e-01 -1.9264e+00 4.8941e-02
-2.7498e+00 -1.1994e+00 -2.9584e+00 -6.8186e-01 -4.2715e-01 9.8592e-01 -3.1156e+00 3.2625e+01 7.0409e-01 -1.5370e-02 -1.0383e+00 -2.6791e-01 -3.8708e-01 -2.7465e+00 -2.3386e-01 1.2090e-01 4.4546e+00 -1.9441e-01 1.8263e-01 4.4879e-02 -1.3203e+00 -4.0800e+00 -1.8160e+00 -3.8282e-01 -8.2281e-01 -1.3161e-01 -2.2962e-01 -2.0854e+00 -1.7962e+00 -3.7027e-01 7.6331e-01 8.2763e-02 -3.4975e-01 -2.2533e-01 -3.0949e+00 -5.6821e-01 3.9703e+00 -1.1139e+00 3.8183e+00 -1.2116e+00 2.2917e-01 -8.4664e-02 -7.1067e-02 -2.3929e-01 -1.1680e-01 -6.1181e-02 -2.6753e-01 1.9861e+00 -4.5259e-01 1.2563e-01 -1.5776e-01 -2.1722e+00
-6.8155e+00 6.0148e-01 -2.6366e+00 -4.0708e+01 -6.3678e-01 6.8798e-01 3.5224e+00 7.0409e-01 7.4178e+01 1.2669e+01 -7.9872e+00 2.2634e-01 1.0659e+00 2.9759e+00 -8.2180e-01 6.0078e+00 5.0490e-01 1.3646e+00 2.9823e+01 2.1391e+00 4.5735e+00 5.5195e+00 2.6486e+00 8.7081e-01 9.1141e-01 1.6719e-01 -9.4055e-02 -7.3862e+00 -2.1445e+01 -5.4763e-01 -5.3090e+00 3.9749e+00 -5.4937e+00 -7.9240e-01 3.3632e+00 -1.9147e+00 -7.8916e-01 -3.9343e+00 1.0610e+00 -4.1440e+00 1.2826e-01 -4.3283e-01 -2.9876e-02 4.8071e-02 -2.3536e-01 3.4661e-01 -1.0055e+00 1.5786e+00 -1.8873e-02 -3.4590e-01 5.2440e-02 4.2309e-01
-4.6049e-01 -1.7196e+00 7.2624e+00 -6.0642e-01 -6.4125e-01 8.0874e-01 1.3353e+00 -1.5370e-02 1.2669e+01 4.3530e+01 -3.2410e+01 -5.3697e-01 8.2657e-03 1.0365e+00 3.3765e-01 3.1073e+01 1.5802e+00 2.1786e-01 1.9844e+00 1.1240e+00 8.2300e-01 3.6743e-01 8.0316e+00 -2.2402e-01 -8.9476e-01 -3.0357e-02 -9.2513e-02 7.0019e-01 1.2407e-01 -2.3393e-01 -3.9365e+00 -2.1824e-01 -1.2997e+01 -1.2641e+00 -1.3107e+01 -9.0537e-01 -2.0096e-01 -1.7633e-01 3.7794e+00 -7.6018e-01 2.1609e-02 4.8529e-01 5.2085e-03 3.8912e-01 -7.2820e-01 1.0213e-01 -7.6045e-01 8.0635e-03 2.3229e-01 -2.0274e-01 4.6752e+00 -4.3881e-01
-9.9249e-01 1.8399e+00 -4.2773e+00 -1.5725e+00 -1.4119e+00 -1.2744e+00 -3.2308e+00 -1.0383e+00 -7.9872e+00 -3.2410e+01 5.7978e+01 6.3794e-01 -1.4873e+00 -6.1291e-01 -4.6470e-01 -4.0629e+01 -1.6415e+00 -1.9489e-01 1.1080e+01 -1.1141e+00 -9.0998e-01 -7.0421e-01 -6.7091e+00 2.4861e-01 3.7982e-01 -1.6204e-01 -2.0699e-01 6.9899e-02 -1.7448e-01 1.8559e-01 -7.5007e+00 -4.8894e-01 2.0842e+01 4.0941e-01 1.3086e+01 9.7931e-01 1.4208e-02 3.1572e+00 -2.7364e+00 9.6911e-01 -2.6905e-02 -2.7202e-01 1.9377e-01 -2.5481e-01 7.9969e-01 -1.0202e-01 7.6296e-01 -3.9695e-01 -1.8177e-01 9.0035e-02 1.1563e+01 1.2193e+00
-8.5796e-01 -5.1872e+00 -2.3065e-01 -1.6322e+00 8.3660e-03 -1.6056e-01 1.1140e+00 -2.6791e-01 2.2634e-01 -5.3697e-01 6.3794e-01 1.2992e+01 -1.0517e-01 -6.2492e-01 1.0093e-01 -5.2379e-01 -3.0850e-01 -1.2091e-01 9.9738e-01 3.3721e+00 2.8445e+00 7.3031e-01 -2.5090e-01 5.1608e-01 -1.8263e-01 -1.9715e-01 -1.0492e-01 -3.4086e-01 -7.7477e-01 -1.1035e-01 -1.2688e-01 -6.7062e-01 -1.8985e+00 8.7464e-02 7.3355e-01 1.2853e+00 -1.8174e-01 5.1952e-01 4.9970e-02 1.7351e+00 -1.1063e-01 -1.7352e-01 -4.0956e-02 -3.9265e-02 -2.7020e-02 -5.9441e-02 -1.3141e-01 -5.9269e-01 -3.2931e-02 5.9582e-01 7.5378e-03 2.5336e-02
1.1826e-01 2.9125e-02 -9.6737e-02 -2.1034e+00 -4.6627e-02 -1.1195e-01 9.0335e-02 -3.8708e-01 1.0659e+00 8.2657e-03 -1.4873e+00 -1.0517e-01 1.2739e+01 -1.0737e+00 -1.7448e-01 1.3503e+00 -7.1823e-02 4.4376e+00 3.1015e-01 -3.6489e-02 -1.0994e+00 3.3110e+00 -1.2371e-01 -1.9128e-01 -4.1536e-02 -2.2720e-01 -1.1451e-01 -2.2479e-01 -1.0461e+00 -1.0592e-01 1.4666e+00 4.2414e+00 2.5458e+00 -1.5342e-02 -1.9138e-01 -1.1169e-01 -4.7015e-01 3.7673e+00 -2.3170e-01 -9.0991e-02 -7.0652e-02 6.5185e-03 1.6512e-01 -3.8357e-02 -2.1006e-02 -4.8161e-02 -3.0815e-02 -9.7487e-02 -9.0660e-02 -2.7867e-02 -2.9608e-03 -1.0279e-01
-1.6536e+00 5.5369e+00 -8.6382e-01 -6.6972e+00 2.9631e+00 -8.5045e-01 8.7253e-01 -2.7465e+00 2.9759e+00 1.0365e+00 -6.1291e-01 -6.2492e-01 -1.0737e+00 4.7000e+01 2.1961e-01 1.4231e+00 -1.1367e+00 -1.0045e+00 7.3492e+00 2.4284e+00 1.9699e+01 2.0740e+01 2.1830e+00 -6.5658e-01 -1.2203e+00 -2.1241e-01 1.1970e+00 -4.0130e+00 -5.1459e+00 3.9114e-01 -1.9771e-01 -1.3517e+00 -9.6338e+00 2.5949e+00 -3.4547e+00 -3.1663e-01 -1.9009e+00 -3.9450e-01 -1.6067e+00 -3.6816e+00 3.7961e-01 1.3639e-01 5.8304e-01 -5.1795e-01 1.4121e-02 4.8898e-02 -5.6635e-01 -1.2123e+00 -2.3981e-01 -1.0807e-01 3.6331e-01 -8.6050e-02
3.1416e-02 1.8823e+00 -1.3110e+00 5.6229e-01 2.5917e-03 -1.8071e-01 -1.6039e-01 -2.3386e-01 -8.2180e-01 3.3765e-01 -4.6470e-01 1.0093e-01 -1.7448e-01 2.1961e-01 1.2473e+01 4.0116e-01 -2.0931e-01 7.0470e-02 1.2755e-01 -8.4261e-02 -4.8970e-03 1.5949e-01 1.3010e+00 -1.0213e-01 -1.8033e-01 -9.6162e-02 2.5889e-01 4.7254e-02 -1.1350e-01 -1.2270e-01 -1.4566e-02 -7.6650e-02 -1.8145e+00 -7.2670e-02 1.2436e+00 -1.9494e-01 -4.5893e-02 -2.2411e+00 -3.1065e-01 1.4291e+00 3.4430e-02 -1.5768e-01 -7.4411e-02 1.9642e-01 -3.8130e-02 -2.8876e-02 -9.3162e-02 -1.4382e-01 -4.3752e-02 -3.5316e-02 -5.2142e-01 -7.1703e-02
-1.3313e+00 -1.7128e+00 6.1833e+00 4.7996e+00 -1.1648e+00 6.3171e-02 8.8527e-01 1.2090e-01 6.0078e+00 3.1073e+01 -4.0629e+01 -5.2379e-01 1.3503e+00 1.4231e+00 4.0116e-01 6.4626e+01 1.6066e+00 2.8450e-01 -2.2237e+01 1.2251e+00 1.9111e+00 1.5773e+00 6.6494e+00 -2.3910e-01 -1.1540e-01 1.0886e-01 2.1460e-01 4.2227e-01 2.0572e-01 -3.0703e-02 8.6005e+00 8.2908e-01 -1.9994e+01 -5.2618e-01 -1.4594e+01 -1.5369e+00 2.9087e-01 -3.1003e+00 3.4692e+00 -1.8999e+00 3.7415e-02 1.6265e-03 -3.5065e-01 1.8483e-01 -7.8630e-01 -1.0931e-01 -8.8845e-01 3.5046e-01 2.8723e-01 -2.2451e-01 -1.5185e-01 4.4778e+00
-2.3127e+00 -5.4776e-01 -2.9042e+00 -1.8549e+00 -2.0170e-01 -6.4751e-01 9.2795e-01 4.4546e+00 5.0490e-01 1.5802e+00 -1.6415e+00 -3.0850e-01 -7.1823e-02 -1.1367e+00 -2.0931e-01 1.6066e+00 2.3874e+01 8.7367e-03 -5.1345e+00 -1.2123e+00 -1.4985e+00 1.4314e+00 -1.4457e+00 -2.9548e-02 -6.4776e-02 -4.2298e-01 -2.1177e-01 -8.5040e-01 -5.5962e-02 -8.7709e-02 1.4751e-01 -9.1675e-01 -2.7445e+00 -3.5144e-01 -3.2371e+00 -2.8182e-01 -1.7718e-01 1.2922e+00 4.3382e+00 -8.9472e-01 -2.6341e-01 -2.8689e-01 -1.3361e-01 -3.0240e-01 -8.2356e-02 7.7213e-02 -1.2653e-01 -1.3717e+00 -8.4720e-02 6.6405e-03 2.0589e-01 1.9393e-02
-1.4090e-02 -3.8852e-01 1.1555e+00 -4.2966e-01 -6.1991e-02 -1.0666e-01 -8.1287e-01 -1.9441e-01 1.3646e+00 2.1786e-01 -1.9489e-01 -1.2091e-01 4.4376e+00 -1.0045e+00 7.0470e-02 2.8450e-01 8.7367e-03 1.1404e+01 1.5456e+00 -3.1886e-01 -9.6722e-01 2.7009e+00 -7.1564e-01 -1.3922e-01 -1.6457e-01 6.5157e-01 -1.1750e-01 -8.3245e-01 -1.0917e+00 -5.7376e-02 -6.3213e-02 4.3188e+00 3.4901e+00 -1.5551e-01 1.0045e+00 -4.5745e-03 -4.2619e-01 2.7578e+00 -2.9693e-01 7.2715e-01 -5.2341e-02 -6.1558e-02 1.9304e-01 -1.4200e-01 -2.0790e-02 -4.3938e-02 -6.9717e-04 -2.3016e-01 1.0732e+00 -2.7112e-02 2.1780e-02 -1.4138e-01
5.3806e+00 -2.7835e+00 7.8851e+00 -2.8376e+01 2.4727e+00 -4.7074e-01 -7.2192e+00 1.8263e-01 2.9823e+01 1.9844e+00 1.1080e+01 9.9738e-01 3.1015e-01 7.3492e+00 1.2755e-01 -2.2237e+01 -5.1345e+00 1.5456e+00 1.0707e+02 4.0696e+00 1.1070e+01 -2.0644e+00 4.1203e+00 1.5043e+00 1.5541e+00 -1.6525e+00 7.3478e-01 -1.7158e+00 -2.7398e+01 -1.5112e-01 -1.2970e+01 5.0530e+00 -8.4067e+00 1.2843e+00 1.3844e+00 3.0240e-01 -7.0363e-01 5.8699e+00 2.0384e+00 5.5575e+00 3.3616e-01 -3.1709e-01 -4.3079e-01 6.1807e-01 2.5592e-02 3.6025e-01 -1.6658e+00 2.9004e+00 1.9146e-01 5.6122e-02 -3.1552e-01 1.0496e+01
-5.4527e+00 1.4306e-01 -1.7571e+00 -6.0045e+00 -2.6808e-01 1.2290e+00 1.0952e-02 4.4879e-02 2.1391e+00 1.1240e+00 -1.1141e+00 3.3721e+00 -3.6489e-02 2.4284e+00 -8.4261e-02 1.2251e+00 -1.2123e+00 -3.1886e-01 4.0696e+00 3.5764e+01 2.5862e+01 -7.0820e+00 3.1861e+00 -3.4590e-01 -6.1204e-01 -5.1753e-01 1.3414e+00 2.2083e+00 -1.7786e+00 8.4413e-03 -3.7474e-01 -1.2103e+00 -3.2200e-01 -1.3036e+00 -3.3914e+00 -4.8868e-01 -3.9416e-02 1.1070e+01 -6.9355e-01 3.8409e+00 -4.1443e-01 -3.2983e-01 1.0071e-01 -2.1516e-01 -7.5650e-02 -1.3859e-01 -1.8141e-01 5.0900e+00 -8.4282e-02 2.2120e-01 4.2332e-02 4.6991e-02
-2.7394e+00 -4.5483e-01 -5.7982e-03 -1.1036e+01 -4.6363e-01 1.2733e+00 -2.9319e-01 -1.3203e+00 4.5735e+00 8.2300e-01 -9.0998e-01 2.8445e+00 -1.0994e+00 1.9699e+01 -4.8970e-03 1.9111e+00 -1.4985e+00 -9.6722e-01 1.1070e+01 2.5862e+01 5.8985e+01 1.1587e+01 -4.1664e-01 -5.5616e-01 -1.0742e+00 -1.1137e+00 1.8529e+00 3.2053e+00 -6.8736e+00 3.8361e-01 -1.7305e-01 -1.7700e+00 -2.9077e+00 -1.7841e+00 -5.0812e+00 -4.5252e-01 -2.0160e+00 1.0675e+01 -1.0679e+00 8.0034e-01 2.2471e-01 -2.5866e-01 5.6663e-01 -1.0126e-01 1.4214e-01 2.2236e-01 -8.5962e-01 4.5351e+00 -1.3712e-01 1.4063e-01 8.2254e-02 -2.7527e-01
-5.6014e+00 8.5857e+00 1.7919e+00 -1.7682e+01 -9.8725e-01 8.1694e+00 2.6235e+01 -4.0800e+00 5.5195e+00 3.6743e-01 -7.0421e-01 7.3031e-01 3.3110e+00 2.0740e+01 1.5949e-01 1.5773e+00 1.4314e+00 2.7009e+00 -2.0644e+00 -7.0820e+00 1.1587e+01 1.1037e+02 -3.6503e+00 -1.2010e+00 -1.3739e+00 7.7799e-01 5.0239e-01 8.8922e+00 -1.1165e+01 4.9610e-01 1.2632e-01 1.3201e+01 3.7613e+01 6.3795e-01 1.6807e+01 -2.3678e-01 -3.3566e+00 1.9556e+00 -2.8035e+00 7.7954e+00 -3.9525e-01 -7.0263e-01 1.1342e+00 -1.1927e+00 1.9011e-01 -7.3934e-02 -1.4105e+00 1.5189e+00 -4.6147e-01 5.2834e-01 9.8388e-02 1.5628e-01
-1.0504e+00 -6.9648e-01 -5.7802e+00 -2.8229e+00 7.2104e-01 2.4012e+00 -2.8586e-01 -1.8160e+00 2.6486e+00 8.0316e+00 -6.7091e+00 -2.5090e-01 -1.2371e-01 2.1830e+00 1.3010e+00 6.6494e+00 -1.4457e+00 -7.1564e-01 4.1203e+00 3.1861e+00 -4.1664e-01 -3.6503e+00 4.8019e+01 4.5803e-02 -2.6872e-02 3.1329e+00 -1.4642e-02 -8.4862e-01 -1.8151e-01 -3.9466e-01 -1.3614e+00 2.2701e-02 -1.9933e+01 1.8645e+00 -5.7361e+00 -9.7074e-01 7.1523e-02 1.3046e+01 -2.8478e+00 -3.2979e+00 5.7244e-01 -1.3839e+00 1.6165e-02 1.0618e+00 7.6714e-01 -7.6672e-02 -1.4871e-01 4.3160e-01 -3.8142e-01 3.5729e-02 1.6932e-01 1.5096e-02
6.4617e-01 -1.2289e-01 1.4569e-01 -1.4975e+00 9.1949e-01 -1.1161e-01 -2.6182e+00 -3.8282e-01 8.7081e-01 -2.2402e-01 2.4861e-01 5.1608e-01 -1.9128e-01 -6.5658e-01 -1.0213e-01 -2.3910e-01 -2.9548e-02 -1.3922e-01 1.5043e+00 -3.4590e-01 -5.5616e-01 -1.2010e+00 4.5803e-02 1.1724e+01 -6.8534e-02 -1.8773e-01 -1.3140e-01 -2.7645e-01 -1.0709e+00 -4.0684e-02 -7.6749e-02 -6.1202e-01 -2.1265e+00 -1.0368e-01 1.5551e-02 -1.2742e-01 -2.9661e-01 -1.1657e+00 -2.2165e-01 -3.0917e-01 -4.4883e-02 -1.1198e-01 6.4148e-01 8.2058e-03 -1.5242e-02 -7.0314e-02 9.1605e-03 -2.5785e-01 -3.8928e-02 2.1810e-02 6.4860e-02 -4.6755e-02
-1.0413e+00 -1.2249e+00 2.8387e+00 -1.1247e+00 4.1452e-03 -7.8898e-03 -9.1448e-03 -8.2281e-01 9.1141e-01 -8.9476e-01 3.7982e-01 -1.8263e-01 -4.1536e-02 -1.2203e+00 -1.8033e-01 -1.1540e-01 -6.4776e-02 -1.6457e-01 1.5541e+00 -6.1204e-01 -1.0742e+00 -1.3739e+00 -2.6872e-02 -6.8534e-02 1.5907e+01 5.5825e-02 -1.8600e-01 -9.7155e-01 -2.4323e-01 -1.6388e-01 -3.8163e-01 -4.4999e-01 3.2985e-01 -1.9581e-01 2.0696e+00 1.4645e+00 -3.9613e-01 4.6484e+00 -7.2580e-01 2.1402e+00 -1.4473e-01 3.0522e+00 2.2200e-01 -2.6202e-01 9.2688e-01 -1.2613e-03 -1.9773e-01 -4.8926e-01 -2.3596e-01 -5.7804e-02 -7.4051e-01 -2.1272e-02
-2.0552e+00 -7.7759e-01 2.5158e-01 -7.0979e-01 -1.5288e-01 -4.9098e-01 -4.0736e-01 -1.3161e-01 1.6719e-01 -3.0357e-02 -1.6204e-01 -1.9715e-01 -2.2720e-01 -2.1241e-01 -9.6162e-02 1.0886e-01 -4.2298e-01 6.5157e-01 -1.6525e+00 -5.1753e-01 -1.1137e+00 7.7799e-01 3.1329e+00 -1.8773e-01 5.5825e-02 1.5067e+01 4.1658e-01 -7.3231e-01 9.2770e-02 -4.6559e-02 -1.2277e-01 -2.0566e-01 2.1052e+00 2.6011e+00 4.1563e+00 -1.6005e-01 -2.3102e-01 -2.3965e+00 -5.6925e-01 4.4385e-01 -1.7908e-01 -1.3705e-01 -6.8763e-02 -1.6531e-01 3.8416e-02 -5.9156e-02 -8.9438e-02 -6.5506e-02 -7.8286e-02 8.0653e-02 -1.7540e-01 -1.7673e-01
-1.1167e+00 3.9558e-01 -2.7655e-01 -6.8673e-01 -9.2846e-02 -1.6993e-01 1.1395e+00 -2.2962e-01 -9.4055e-02 -9.2513e-02 -2.0699e-01 -1.0492e-01 -1.1451e-01 1.1970e+00 2.5889e-01 2.1460e-01 -2.1177e-01 -1.1750e-01 7.3478e-01 1.3414e+00 1.8529e+00 5.0239e-01 -1.4642e-02 -1.3140e-01 -1.8600e-01 4.1658e-01 1.0275e+01 1.0814e+00 -6.2769e-01 -8.4720e-02 2.4008e-01 -4.7220e-01 -1.9222e-01 -4.2942e-02 6.8910e-01 -5.0029e-02 -9.2740e-02 5.6008e-01 -2.3268e-01 -5.5478e-01 4.1959e-02 2.5718e-01 -7.2193e-02 -8.2604e-02 -1.5869e-02 -3.7183e-02 -5.9738e-02 1.3836e+00 -7.3131e-02 3.5625e-01 -1.1107e-01 1.3560e-02
2.9682e+00 -5.7187e+00 2.1554e+00 4.0300e+00 -2.8339e-01 -1.4156e+00 9.7811e-01 -2.0854e+00 -7.3862e+00 7.0019e-01 6.9899e-02 -3.4086e-01 -2.2479e-01 -4.0130e+00 4.7254e-02 4.2227e-01 -8.5040e-01 -8.3245e-01 -1.7158e+00 2.2083e+00 3.2053e+00 8.8922e+00 -8.4862e-01 -2.7645e-01 -9.7155e-01 -7.3231e-01 1.0814e+00 4.8936e+01 3.8713e+00 -3.0092e-01 -2.6991e-01 -2.5400e+00 1.3829e+01 -1.0164e+00 3.5106e+00 -3.2362e-01 -1.4173e+00 -4.1406e+00 1.7662e+00 9.1941e+00 2.4448e-01 -3.9591e-01 -1.1590e-03 -1.1435e-01 -1.1396e-01 -5.5885e-03 2.2262e+00 1.3505e+00 -4.6225e-01 -2.2517e-01 1.5949e-01 -4.6708e-02
5.5262e+00 -1.8985e+00 -8.1860e-01 2.4312e+01 -2.3772e-01 -5.7423e-01 -6.8007e-01 -1.7962e+00 -2.1445e+01 1.2407e-01 -1.7448e-01 -7.7477e-01 -1.0461e+00 -5.1459e+00 -1.1350e-01 2.0572e-01 -5.5962e-02 -1.0917e+00 -2.7398e+01 -1.7786e+00 -6.8736e+00 -1.1165e+01 -1.8151e-01 -1.0709e+00 -2.4323e-01 9.2770e-02 -6.2769e-01 3.8713e+00 4.5063e+01 1.1882e+00 -6.9109e-02 -3.6542e+00 1.3877e+01 -8.1873e-01 -2.0109e+00 3.2952e+00 1.7814e+00 4.8834e+00 -4.8988e-01 -2.7379e+00 -1.2070e-01 -4.2098e-01 -2.8002e-01 -4.9408e-02 1.8152e-02 -2.3079e-01 2.2298e+00 -9.9070e-01 -2.6121e-01 -1.7993e-02 6.3923e-02 -8.5551e-01
6.0950e-02 -4.0696e-01 4.2001e-01 9.8022e-01 -3.8027e-02 -5.8901e-02 2.5523e-01 -3.7027e-01 -5.4763e-01 -2.3393e-01 1.8559e-01 -1.1035e-01 -1.0592e-01 3.9114e-01 -1.2270e-01 -3.0703e-02 -8.7709e-02 -5.7376e-02 -1.5112e-01 8.4413e-03 3.8361e-01 4.9610e-01 -3.9466e-01 -4.0684e-02 -1.6388e-01 -4.6559e-02 -8.4720e-02 -3.0092e-01 1.1882e+00 9.6524e+00 -1.8023e-01 4.8707e-01 1.1844e+00 -1.1955e-01 8.5808e-02 1.0072e-01 -2.3518e-01 1.0075e+00 2.2128e-02 -5.1978e-01 -6.2685e-02 -1.2348e-01 -3.2959e-02 -4.8582e-02 -2.5821e-02 -3.5373e-02 4.8349e-01 -1.2508e-01 -1.4185e-01 -3.1817e-02 -2.4442e-01 -2.2727e-02
7.5446e-02 9.6520e-01 -2.4361e+00 -6.6538e-01 -5.9388e-01 -3.3080e-01 -4.0321e-01 7.6331e-01 -5.3090e+00 -3.9365e+00 -7.5007e+00 -1.2688e-01 1.4666e+00 -1.9771e-01 -1.4566e-02 8.6005e+00 1.4751e-01 -6.3213e-02 -1.2970e+01 -3.7474e-01 -1.7305e-01 1.2632e-01 -1.3614e+00 -7.6749e-02 -3.8163e-01 -1.2277e-01 2.4008e-01 -2.6991e-01 -6.9109e-02 -1.8023e-01 2.2020e+01 4.0733e-01 -4.6168e+00 2.9395e-01 -1.7691e+00 -5.8080e-01 -4.1277e-02 -4.7516e+00 -7.2276e-01 -7.0424e-01 5.9203e-02 4.1936e-01 -1.3691e-01 -1.7394e-01 -9.3756e-02 -3.7781e-02 -5.7083e-02 -2.9686e-01 -2.6973e-02 -7.9610e-02 2.6401e+00 -5.3126e-01
5.2686e+00 5.6708e+00 -6.6024e-01 -5.7328e+00 -1.8700e-01 1.6781e-01 3.3553e+00 8.2763e-02 3.9749e+00 -2.1824e-01 -4.8894e-01 -6.7062e-01 4.2414e+00 -1.3517e+00 -7.6650e-02 8.2908e-01 -9.1675e-01 4.3188e+00 5.0530e+00 -1.2103e+00 -1.7700e+00 1.3201e+01 2.2701e-02 -6.1202e-01 -4.4999e-01 -2.0566e-01 -4.7220e-01 -2.5400e+00 -3.6542e+00 4.8707e-01 4.0733e-01 2.8708e+01 1.2394e+01 1.6650e+00 -2.0114e+00 3.8261e-02 4.4178e-01 1.6075e+01 -3.3064e-02 -1.7328e+00 -1.2040e-01 -1.9913e-01 1.0792e+00 2.6119e-01 2.8939e-02 -1.4477e-01 -1.0339e-01 7.9140e+00 -2.5196e-01 -2.6378e-02 2.6168e-02 1.9882e-02
-5.3544e+00 6.9821e+00 5.8868e+00 -4.3188e+00 -3.5152e+00 2.8615e-01 2.0338e+01 -3.4975e-01 -5.4937e+00 -1.2997e+01 2.0842e+01 -1.8985e+00 2.5458e+00 -9.6338e+00 -1.8145e+00 -1.9994e+01 -2.7445e+00 3.4901e+00 -8.4067e+00 -3.2200e-01 -2.9077e+00 3.7613e+01 -1.9933e+01 -2.1265e+00 3.2985e-01 2.1052e+00 -1.9222e-01 1.3829e+01 1.3877e+01 1.1844e+00 -4.6168e+00 1.2394e+01 1.9874e+02 4.4058e-01 4.5719e+01 1.4592e+00 6.1727e+00 -6.2544e+00 -6.2263e+00 6.7537e+00 1.9005e+00 1.2991e-01 5.5540e-01 -1.2704e+00 -2.8729e-01 1.7926e-01 2.0969e+00 9.7498e+00 7.8365e-01 -8.6942e-02 3.5248e+00 8.7385e-01
-1.8600e+00 7.7941e+00 -1.7214e-01 -2.9622e+00 -2.4044e-01 -3.3928e-01 -2.1456e+00 -2.2533e-01 -7.9240e-01 -1.2641e+00 4.0941e-01 8.7464e-02 -1.5342e-02 2.5949e+00 -7.2670e-02 -5.2618e-01 -3.5144e-01 -1.5551e-01 1.2843e+00 -1.3036e+00 -1.7841e+00 6.3795e-01 1.8645e+00 -1.0368e-01 -1.9581e-01 2.6011e+00 -4.2942e-02 -1.0164e+00 -8.1873e-01 -1.1955e-01 2.9395e-01 1.6650e+00 4.4058e-01 2.2990e+01 6.9672e-01 1.2232e-01 -4.7191e-02 5.1403e+00 -2.4818e-01 -1.8669e-01 -5.0567e-02 -2.2139e-02 2.7491e-02 -3.4216e-01 7.0973e-02 1.1021e-02 -9.7190e-02 1.2910e+00 -1.2206e-02 8.6493e-03 -3.8019e-01 -6.8138e-02
-5.4446e+00 -3.9456e+00 -2.8810e+00 3.1181e-01 3.5256e-01 -1.2205e+00 7.4963e+00 -3.0949e+00 3.3632e+00 -1.3107e+01 1.3086e+01 7.3355e-01 -1.9138e-01 -3.4547e+00 1.2436e+00 -1.4594e+01 -3.2371e+00 1.0045e+00 1.3844e+00 -3.3914e+00 -5.0812e+00 1.6807e+01 -5.7361e+00 1.5551e-02 2.0696e+00 4.1563e+00 6.8910e-01 3.5106e+00 -2.0109e+00 8.5808e-02 -1.7691e+00 -2.0114e+00 4.5719e+01 6.9672e-01 8.6360e+01 9.2537e-01 -8.4572e-01 -1.6722e+01 -5.1126e+00 3.6537e+00 1.7134e-01 2.5605e+00 -4.7617e-01 -4.9833e-01 -5.0301e-01 -2.1676e-01 -1.0304e+00 -1.1208e+00 6.6019e-01 -3.9590e-01 -1.2790e+00 -1.0645e-01
3.1603e+00 -5.5505e-01 -1.7576e-01 -1.3389e+00 -3.0219e-01 -5.0826e-01 1.9789e-01 -5.6821e-01 -1.9147e+00 -9.0537e-01 9.7931e-01 1.2853e+00 -1.1169e-01 -3.1663e-01 -1.9494e-01 -1.5369e+00 -2.8182e-01 -4.5745e-03 3.0240e-01 -4.8868e-01 -4.5252e-01 -2.3678e-01 -9.7074e-01 -1.2742e-01 1.4645e+00 -1.6005e-01 -5.0029e-02 -3.2362e-01 3.2952e+00 1.0072e-01 -5.8080e-01 3.8261e-02 1.4592e+00 1.2232e-01 9.2537e-01 1.8094e+01 5.7235e-02 3.6460e+00 -3.5678e-01 -5.9654e-01 -1.5229e-01 1.1831e+00 -8.5703e-02 2.3947e-01 -5.1250e-02 -2.7015e-02 -2.2245e-01 6.3822e-02 -5.5481e-02 5.6334e-01 -2.5966e-01 -9.8411e-01
-5.3850e-01 1.6017e-01 2.4441e-01 7.0529e-01 -4.3345e-02 -7.2312e-02 3.3771e-02 3.9703e+00 -7.8916e-01 -2.0096e-01 1.4208e-02 -1.8174e-01 -4.7015e-01 -1.9009e+00 -4.5893e-02 2.9087e-01 -1.7718e-01 -4.2619e-01 -7.0363e-01 -3.9416e-02 -2.0160e+00 -3.3566e+00 7.1523e-02 -2.9661e-01 -3.9613e-01 -2.3102e-01 -9.2740e-02 -1.4173e+00 1.7814e+00 -2.3518e-01 -4.1277e-02 4.4178e-01 6.1727e+00 -4.7191e-02 -8.4572e-01 5.7235e-02 1.4023e+01 -8.8133e-01 -2.1284e-01 -1.3155e+00 -3.4845e-02 -5.1180e-02 -1.6061e-01 3.1514e-01 -4.7952e-02 -3.5398e-02 -3.4827e-01 2.7243e-01 -3.6284e-01 -3.5618e-03 -2.1136e-01 -5.6885e-02
-5.6366e+00 7.8668e+00 5.6027e+00 1.1113e+00 1.3066e+00 -1.0526e+00 -4.3577e+00 -1.1139e+00 -3.9343e+00 -1.7633e-01 3.1572e+00 5.1952e-01 3.7673e+00 -3.9450e-01 -2.2411e+00 -3.1003e+00 1.2922e+00 2.7578e+00 5.8699e+00 1.1070e+01 1.0675e+01 1.9556e+00 1.3046e+01 -1.1657e+00 4.6484e+00 -2.3965e+00 5.6008e-01 -4.1406e+00 4.8834e+00 1.0075e+00 -4.7516e+00 1.6075e+01 -6.2544e+00 5.1403e+00 -1.6722e+01 3.6460e+00 -8.8133e-01 1.4265e+02 -5.2694e+00 -3.1188e+00 9.6988e-01 2.2508e+00 8.6639e-01 -1.1296e+00 1.9218e-01 -2.3242e-01 4.0345e-01 1.4819e+01 -8.4720e-01 3.5122e-01 3.9382e-01 8.7754e-01
-6.3563e-01 4.8550e-01 -1.5096e+00 1.2895e+00 -1.7391e-01 -1.1618e+00 -9.2508e-01 3.8183e+00 1.0610e+00 3.7794e+00 -2.7364e+00 4.9970e-02 -2.3170e-01 -1.6067e+00 -3.1065e-01 3.4692e+00 4.3382e+00 -2.9693e-01 2.0384e+00 -6.9355e-01 -1.0679e+00 -2.8035e+00 -2.8478e+00 -2.2165e-01 -7.2580e-01 -5.6925e-01 -2.3268e-01 1.7662e+00 -4.8988e-01 2.2128e-02 -7.2276e-01 -3.3064e-02 -6.2263e+00 -2.4818e-01 -5.1126e+00 -3.5678e-01 -2.1284e-01 -5.2694e+00 2.9786e+01 -1.5078e+00 -3.3273e-01 -5.2364e-01 -1.6400e-01 -2.9956e-01 -1.3389e-01 -6.5091e-02 1.4161e-01 5.4901e-01 -2.2319e-01 2.2240e-01 1.7903e-01 -7.2630e-02
7.6224e-01 -2.2839e+00 2.9046e+00 3.6760e-02 -2.1850e-01 4.9458e+00 -2.0042e+00 -1.2116e+00 -4.1440e+00 -7.6018e-01 9.6911e-01 1.7351e+00 -9.0991e-02 -3.6816e+00 1.4291e+00 -1.8999e+00 -8.9472e-01 7.2715e-01 5.5575e+00 3.8409e+00 8.0034e-01 7.7954e+00 -3.2979e+00 -3.0917e-01 2.1402e+00 4.4385e-01 -5.5478e-01 9.1941e+00 -2.7379e+00 -5.1978e-01 -7.0424e-01 -1.7328e+00 6.7537e+00 -1.8669e-01 3.6537e+00 -5.9654e-01 -1.3155e+00 -3.1188e+00 -1.5078e+00 4.8972e+01 -4.9687e-01 -5.0374e-01 1.8046e-01 -8.8616e-02 -1.2515e-01 6.5091e-02 -5.7132e-01 -8.7636e-01 9.9205e-01 -2.2775e-01 -3.9582e-01 -1.9172e-01
1.7604e+00 -1.1183e+00 5.1573e-02 9.0251e-01 8.1072e-01 8.6251e-01 -7.0205e-01 2.2917e-01 1.2826e-01 2.1609e-02 -2.6905e-02 -1.1063e-01 -7.0652e-02 3.7961e-01 3.4430e-02 3.7415e-02 -2.6341e-01 -5.2341e-02 3.3616e-01 -4.1443e-01 2.2471e-01 -3.9525e-01 5.7244e-01 -4.4883e-02 -1.4473e-01 -1.7908e-01 4.1959e-02 2.4448e-01 -1.2070e-01 -6.2685e-02 5.9203e-02 -1.2040e-01 1.9005e+00 -5.0567e-02 1.7134e-01 -1.5229e-01 -3.4845e-02 9.6988e-01 -3.3273e-01 -4.9687e-01 1.1885e+01 -6.7630e-02 -4.7999e-02 -7.3483e-02 -2.2848e-02 -3.1094e-02 -1.1028e-01 2.6641e-01 -9.3070e-02 2.7163e-01 1.7990e-02 -1.1482e-01
1.8277e-01 1.8669e-01 1.9279e+00 -8.9811e-01 -8.3438e-02 -3.0679e-01 -3.9935e-01 -8.4664e-02 -4.3283e-01 4.8529e-01 -2.7202e-01 -1.7352e-01 6.5185e-03 1.3639e-01 -1.5768e-01 1.6265e-03 -2.8689e-01 -6.1558e-02 -3.1709e-01 -3.2983e-01 -2.5866e-01 -7.0263e-01 -1.3839e+00 -1.1198e-01 3.0522e+00 -1.3705e-01 2.5718e-01 -3.9591e-01 -4.2098e-01 -1.2348e-01 4.1936e-01 -1.9913e-01 1.2991e-01 -2.2139e-02 2.5605e+00 1.1831e+00 -5.1180e-02 2.2508e+00 -5.2364e-01 -5.0374e-01 -6.7630e-02 1.2994e+01 -6.4963e-02 -9.5240e-02 -6.4851e-02 -9.9933e-03 -1.2625e-01 -2.3546e-01 -7.4741e-02 -5.1812e-02 5.9146e-01 -3.3728e-01
-2.3702e-01 -4.7576e-01 -2.7734e-01 -5.1392e-01 5.9325e-01 -1.6934e-01 6.3228e-01 -7.1067e-02 -2.9876e-02 5.2085e-03 1.9377e-01 -4.0956e-02 1.6512e-01 5.8304e-01 -7.4411e-02 -3.5065e-01 -1.3361e-01 1.9304e-01 -4.3079e-01 1.0071e-01 5.6663e-01 1.1342e+00 1.6165e-02 6.4148e-01 2.2200e-01 -6.8763e-02 -7.2193e-02 -1.1590e-03 -2.8002e-01 -3.2959e-02 -1.3691e-01 1.0792e+00 5.5540e-01 2.7491e-02 -4.7617e-01 -8.5703e-02 -1.6061e-01 8.6639e-01 -1.6400e-01 1.8046e-01 -4.7999e-02 -6.4963e-02 7.0189e+00 -5.1577e-02 -2.4559e-02 8.6540e-02 -1.1734e-02 -4.2525e-02 -5.4443e-02 -2.0789e-02 -5.4656e-02 -3.1172e-01
-4.8266e-01 -1.0259e+00 -6.2042e-01 1.4794e+00 -1.1619e-01 1.7912e+00 1.0519e-01 -2.3929e-01 4.8071e-02 3.8912e-01 -2.5481e-01 -3.9265e-02 -3.8357e-02 -5.1795e-01 1.9642e-01 1.8483e-01 -3.0240e-01 -1.4200e-01 6.1807e-01 -2.1516e-01 -1.0126e-01 -1.1927e+00 1.0618e+00 8.2058e-03 -2.6202e-01 -1.6531e-01 -8.2604e-02 -1.1435e-01 -4.9408e-02 -4.8582e-02 -1.7394e-01 2.6119e-01 -1.2704e+00 -3.4216e-01 -4.9833e-01 2.3947e-01 3.1514e-01 -1.1296e+00 -2.9956e-01 -8.8616e-02 -7.3483e-02 -9.5240e-02 -5.1577e-02 1.0949e+01 -4.8648e-02 6.6078e-02 9.9321e-01 -3.5471e-01 -7.6876e-02 2.3896e-01 5.3755e-02 -2.5123e-02
-3.6098e-02 -7.4192e-02 -5.5205e-01 1.5303e-01 -4.4218e-02 -5.3042e-02 4.2470e-03 -1.1680e-01 -2.3536e-01 -7.2820e-01 7.9969e-01 -2.7020e-02 -2.1006e-02 1.4121e-02 -3.8130e-02 -7.8630e-01 -8.2356e-02 -2.0790e-02 2.5592e-02 -7.5650e-02 1.4214e-01 1.9011e-01 7.6714e-01 -1.5242e-02 9.2688e-01 3.8416e-02 -1.5869e-02 -1.1396e-01 1.8152e-02 -2.5821e-02 -9.3756e-02 2.8939e-02 -2.8729e-01 7.0973e-02 -5.0301e-01 -5.1250e-02 -4.7952e-02 1.9218e-01 -1.3389e-01 -1.2515e-01 -2.2848e-02 -6.4851e-02 -2.4559e-02 -4.8648e-02 4.1085e+00 3.2828e-03 2.0267e-02 -2.5362e-02 -3.2243e-02 -7.8587e-03 -1.1084e-02 -5.0328e-02
3.3520e-03 -1.3364e-02 -1.1986e-01 -7.0333e-01 -5.2494e-02 -2.9941e-02 1.7777e-01 -6.1181e-02 3.4661e-01 1.0213e-01 -1.0202e-01 -5.9441e-02 -4.8161e-02 4.8898e-02 -2.8876e-02 -1.0931e-01 7.7213e-02 -4.3938e-02 3.6025e-01 -1.3859e-01 2.2236e-01 -7.3934e-02 -7.6672e-02 -7.0314e-02 -1.2613e-03 -5.9156e-02 -3.7183e-02 -5.5885e-03 -2.3079e-01 -3.5373e-02 -3.7781e-02 -1.4477e-01 1.7926e-01 1.1021e-02 -2.1676e-01 -2.7015e-02 -3.5398e-02 -2.3242e-01 -6.5091e-02 6.5091e-02 -3.1094e-02 -9.9933e-03 8.6540e-02 6.6078e-02 3.2828e-03 5.2001e+00 1.9154e-01 -5.2610e-02 8.5060e-03 -4.1277e-03 -1.9300e-03 2.3670e-02
2.6222e-01 -3.2984e-01 1.6536e+00 -8.4745e-01 -7.9297e-02 -2.5151e-01 -3.3050e-01 -2.6753e-01 -1.0055e+00 -7.6045e-01 7.6296e-01 -1.3141e-01 -3.0815e-02 -5.6635e-01 -9.3162e-02 -8.8845e-01 -1.2653e-01 -6.9717e-04 -1.6658e+00 -1.8141e-01 -8.5962e-01 -1.4105e+00 -1.4871e-01 9.1605e-03 -1.9773e-01 -8.9438e-02 -5.9738e-02 2.2262e+00 2.2298e+00 4.8349e-01 -5.7083e-02 -1.0339e-01 2.0969e+00 -9.7190e-02 -1.0304e+00 -2.2245e-01 -3.4827e-01 4.0345e-01 1.4161e-01 -5.7132e-01 -1.1028e-01 -1.2625e-01 -1.1734e-02 9.9321e-01 2.0267e-02 1.9154e-01 1.0260e+01 -4.4286e-02 -9.2899e-02 2.4754e-01 8.9815e-03 1.4500e-05
-1.5270e+00 3.2869e+00 -2.1522e-01 8.0207e-02 -4.2746e-02 2.6784e-01 5.2013e-01 1.9861e+00 1.5786e+00 8.0635e-03 -3.9695e-01 -5.9269e-01 -9.7487e-02 -1.2123e+00 -1.4382e-01 3.5046e-01 -1.3717e+00 -2.3016e-01 2.9004e+00 5.0900e+00 4.5351e+00 1.5189e+00 4.3160e-01 -2.5785e-01 -4.8926e-01 -6.5506e-02 1.3836e+00 1.3505e+00 -9.9070e-01 -1.2508e-01 -2.9686e-01 7.9140e+00 9.7498e+00 1.2910e+00 -1.1208e+00 6.3822e-02 2.7243e-01 1.4819e+01 5.4901e-01 -8.7636e-01 2.6641e-01 -2.3546e-01 -4.2525e-02 -3.5471e-01 -2.5362e-02 -5.2610e-02 -4.4286e-02 2.4834e+01 -1.0903e-02 3.4566e-01 -2.8725e-01 -7.1081e-02
1.3708e-01 -1.2018e-03 3.9830e-01 -2.2434e-01 5.1141e-02 -1.1462e-01 1.1586e-01 -4.5259e-01 -1.8873e-02 2.3229e-01 -1.8177e-01 -3.2931e-02 -9.0660e-02 -2.3981e-01 -4.3752e-02 2.8723e-01 -8.4720e-02 1.0732e+00 1.9146e-01 -8.4282e-02 -1.3712e-01 -4.6147e-01 -3.8142e-01 -3.8928e-02 -2.3596e-01 -7.8286e-02 -7.3131e-02 -4.6225e-01 -2.6121e-01 -1.4185e-01 -2.6973e-02 -2.5196e-01 7.8365e-01 -1.2206e-02 6.6019e-01 -5.5481e-02 -3.6284e-01 -8.4720e-01 -2.2319e-01 9.9205e-01 -9.3070e-02 -7.4741e-02 -5.4443e-02 -7.6876e-02 -3.2243e-02 8.5060e-03 -9.2899e-02 -1.0903e-02 7.9368e+00 -2.0901e-02 4.3701e-02 4.9733e-04
-2.2126e-01 -1.3400e-02 -2.6250e-01 -2.5191e-01 -6.9905e-02 7.3611e-01 2.0219e-01 1.2563e-01 -3.4590e-01 -2.0274e-01 9.0035e-02 5.9582e-01 -2.7867e-02 -1.0807e-01 -3.5316e-02 -2.2451e-01 6.6405e-03 -2.7112e-02 5.6122e-02 2.2120e-01 1.4063e-01 5.2834e-01 3.5729e-02 2.1810e-02 -5.7804e-02 8.0653e-02 3.5625e-01 -2.2517e-01 -1.7993e-02 -3.1817e-02 -7.9610e-02 -2.6378e-02 -8.6942e-02 8.6493e-03 -3.9590e-01 5.6334e-01 -3.5618e-03 3.5122e-01 2.2240e-01 -2.2775e-01 2.7163e-01 -5.1812e-02 -2.0789e-02 2.3896e-01 -7.8587e-03 -4.1277e-03 2.4754e-01 3.4566e-01 -2.0901e-02 6.1132e+00 -1.2921e-01 -2.1017e-01
-1.7026e+00 -3.0177e-01 8.7334e-01 -2.7183e+00 -2.6230e+00 -5.6660e-01 -1.9264e+00 -1.5776e-01 5.2440e-02 4.6752e+00 1.1563e+01 7.5378e-03 -2.9608e-03 3.6331e-01 -5.2142e-01 -1.5185e-01 2.0589e-01 2.1780e-02 -3.1552e-01 4.2332e-02 8.2254e-02 9.8388e-02 1.6932e-01 6.4860e-02 -7.4051e-01 -1.7540e-01 -1.1107e-01 1.5949e-01 6.3923e-02 -2.4442e-01 2.6401e+00 2.6168e-02 3.5248e+00 -3.8019e-01 -1.2790e+00 -2.5966e-01 -2.1136e-01 3.9382e-01 1.7903e-01 -3.9582e-01 1.7990e-02 5.9146e-01 -5.4656e-02 5.3755e-02 -1.1084e-02 -1.9300e-03 8.9815e-03 -2.8725e-01 4.3701e-02 -1.2921e-01 1.8590e+01 2.3595e-01
-5.2805e-01 -1.3458e-01 3.1848e-02 -1.4007e+00 1.6124e+00 -2.0779e+00 4.8941e-02 -2.1722e+00 4.2309e-01 -4.3881e-01 1.2193e+00 2.5336e-02 -1.0279e-01 -8.6050e-02 -7.1703e-02 4.4778e+00 1.9393e-02 -1.4138e-01 1.0496e+01 4.6991e-02 -2.7527e-01 1.5628e-01 1.5096e-02 -4.6755e-02 -2.1272e-02 -1.7673e-01 1.3560e-02 -4.6708e-02 -8.5551e-01 -2.2727e-02 -5.3126e-01 1.9882e-02 8.7385e-01 -6.8138e-02 -1.0645e-01 -9.8411e-01 -5.6885e-02 8.7754e-01 -7.2630e-02 -1.9172e-01 -1.1482e-01 -3.3728e-01 -3.1172e-01 -2.5123e-02 -5.0328e-02 2.3670e-02 1.4500e-05 -7.1081e-02 4.9733e-04 -2.1017e-01 2.3595e-01 1.5062e+01
