2.1998e+01 5.4373e-02 -3.9391e-01 6.4799e-01 -1.9725e+00 6.1638e-01 -4.4177e-01 4.2474e-01 -4.6270e-01 -2.9046e+00 2.4390e-02 -1.7044e+00 1.8499e+00 -3.1705e+00 -8.8840e-01 -3.2364e-01 -1.5168e+00 2.4157e-01 -3.0202e-01 -4.8512e-01 -1.1247e-01 5.4791e-01 -1.5694e-01 3.7373e-01 -1.9152e-02 -1.5885e+00 2.5178e-03 2.2689e-01 2.8081e-01 -4.8786e-01 -7.0922e-01 -1.3393e+00 -1.5252e-01 7.7589e-02 6.5069e+00 -1.3140e-02 -6.0920e-02 -4.1133e-01 -6.6641e-01 -3.9847e-01 2.2334e-01 -3.8638e-02 1.5509e+00 -1.6419e-01 4.5328e-01 -1.9090e-02 -3.2313e-02 8.4605e-01 1.2187e-02 5.4324e-02 -1.2911e+00 1.8357e+01
5.4373e-02 1.0777e+02 -2.3028e-01 -1.3949e+01 -1.3968e+01 2.3592e+01 -4.3516e+01 3.3206e+01 -4.3596e+01 -8.1706e+00 -2.4442e+00 -1.3269e+00 1.6938e+01 4.0658e+00 -1.4267e-01 4.8349e-01 -1.8358e+00 -5.6088e+00 1.2825e-01 -9.1581e+00 -2.6382e+01 2.5833e-01 -4.0981e-01 -4.1075e+00 1.5970e-02 4.9756e+00 -3.7757e+00 -6.0147e+00 7.3063e+00 -3.9320e+00 8.8071e-01 -5.2000e-01 6.0044e-01 -5.6966e+00 -4.1089e-01 4.7277e-01 -3.3967e+00 4.0469e-01 1.5609e+01 1.2298e+01 -2.4944e-01 8.7661e-02 -4.3972e-01 2.2899e-01 -4.1727e-01 -1.7984e-01 -9.0114e-01 4.1115e-01 -6.5789e-01 3.7752e-01 1.8654e-01 8.4743e-02
-3.9391e-01 -2.3028e-01 1.0345e+02 -4.1302e+01 -4.1884e+01 -4.1748e+01 7.1053e+00 2.5537e+00 1.1118e+01 2.4518e+01 -3.4703e-02 -7.2123e+00 1.3302e+00 -9.2448e+00 -3.0879e+00 -7.7006e-01 3.4694e+00 -7.5277e-01 8.9789e-02 6.4445e+00 2.3610e+01 -2.8704e-01 -1.3777e-01 6.0875e+00 6.2600e-01 -1.4444e+01 -3.0666e-01 1.4952e+01 1.4180e+01 1.7604e-01 -6.9827e-01 -1.0612e+00 1.2819e-01 -4.5945e-01 -1.6560e+00 -2.0121e-01 -1.0683e+01 -8.0373e-01 -1.1433e+00 3.9244e+00 -6.0153e-01 1.0972e+00 -3.6344e+00 5.0736e-01 -1.6318e-01 -2.5822e-01 -1.4343e+00 -2.4127e-01 -3.2123e-01 -2.4373e-01 4.8536e+00 -6.3053e-01
6.4799e-01 -1.3949e+01 -4.1302e+01 6.9770e+01 5.6280e+01 7.9066e+00 1.2536e+00 -3.1707e-01 -5.2707e+00 -7.0423e+00 -7.1050e-01 3.6017e+00 -1.7771e+01 1.4864e+00 7.2537e-02 -2.7191e-01 -2.7702e+00 -1.4645e+00 -2.7925e-01 -4.4687e+00 7.7240e+00 -1.1300e+00 -3.6833e-01 -2.0949e+00 -8.4616e-01 6.0370e+00 -3.5434e-01 7.4591e+00 -1.9074e+01 -6.8564e-01 6.4390e-01 1.5635e+00 -3.6062e-01 -4.4479e-02 2.9469e+00 3.7596e-02 1.7766e+00 -1.6074e-01 4.6743e-01 -5.4809e+00 4.7429e-01 -1.2880e+00 -1.1876e+00 -3.6765e-01 -1.3448e-01 -1.2223e-01 6.4209e-01 3.1713e+00 -8.6679e-02 3.2558e-01 -2.0765e+00 5.4539e-01
-1.9725e+00 -1.3968e+01 -4.1884e+01 5.6280e+01 8.0784e+01 7.7305e+00 2.1937e+00 9.2234e-01 -7.4282e+00 -6.2489e+00 -6.0685e-01 3.1475e+00 -1.7558e+01 9.1856e-01 -6.3873e-01 -5.0737e-01 -2.7619e+00 -7.6204e-01 -2.9530e-01 -4.1121e+00 8.2556e+00 -1.1830e+00 -4.8331e-01 -2.2646e+00 -8.1593e-01 5.9511e+00 -1.2783e-01 6.0549e+00 -1.8924e+01 -1.5720e+00 1.4485e+00 1.2671e+01 -2.4469e-01 2.0012e-02 -1.6808e+00 6.9740e-02 1.9814e+00 -6.4341e-02 -4.3678e-01 -4.3669e+00 1.7608e+00 -5.7726e-01 -1.2247e+00 -3.7473e-01 -1.9141e-01 -4.3683e-02 1.2568e+00 -8.9882e-01 -8.0809e-02 -6.9621e-01 -2.4897e+00 -2.1927e+00
6.1638e-01 2.3592e+01 -4.1748e+01 7.9066e+00 7.7305e+00 1.4955e+02 -4.9295e+01 4.2640e+01 -4.6156e+01 -2.0202e+01 -9.2998e-01 5.5660e+00 1.2556e+01 8.3808e+00 -1.1622e-01 1.1876e+00 -8.0469e-01 -8.5399e+00 9.2883e-02 -6.9673e+00 -3.4980e+01 -1.0543e+00 2.4585e+00 -3.2810e+00 -5.5787e-01 1.2979e+01 -1.6182e+00 -2.7155e+01 1.4372e+01 2.3329e+00 1.0159e+00 -2.3566e+00 -4.2580e-01 1.7194e-01 -2.2940e+00 1.4718e+00 9.1421e+00 2.0681e-01 -9.3091e+00 1.1164e+00 -2.5755e+00 -3.7433e-01 -2.0910e+00 -7.3488e-01 3.2900e-01 3.0721e-01 1.5710e+00 -1.5342e-01 8.5510e-01 -8.0091e-01 -4.5159e+00 1.2373e-01
-4.4177e-01 -4.3516e+01 7.1053e+00 1.2536e+00 2.1937e+00 -4.9295e+01 1.1500e+02 -1.0192e+02 7.7675e+01 6.8548e+00 2.6159e+00 6.9091e-01 -5.1661e+00 -1.8951e+01 1.3262e+00 -9.9243e-01 -3.1311e+00 3.9093e+00 -2.7162e-01 3.6808e+00 5.2803e+01 1.9783e+00 -2.6239e+00 2.1395e+00 -1.5024e-01 -7.9777e+00 -4.3147e+00 1.1250e+01 -6.0244e+00 -3.8566e+00 -1.2288e-01 1.4078e+00 -6.0766e-01 6.5441e+00 1.0621e+00 -2.5095e+00 -6.3207e+00 -1.4386e-01 -1.0218e+01 -2.0677e+01 -7.0511e-01 5.3907e-01 2.2250e-01 3.4427e-01 -7.1738e-01 -3.6498e-01 1.8395e-01 -1.4527e-01 -6.2540e-01 1.0416e+00 -1.0364e-01 -2.5226e-02
4.2474e-01 3.3206e+01 2.5537e+00 -3.1707e-01 9.2234e-01 4.2640e+01 -1.0192e+02 1.3736e+02 -7.6944e+01 9.4412e+00 -2.9332e+00 -3.4885e+00 -2.6606e-01 1.1124e+01 -5.1742e-01 1.3671e+00 2.4678e+00 -4.7969e+00 1.4893e-01 -4.8334e+00 -4.1554e+01 -2.3258e+00 2.4564e+00 -3.2741e+00 4.6321e-02 7.2295e-01 2.3358e+00 -1.2857e+01 4.2711e-01 4.0092e+00 9.5554e-01 -1.8477e+00 7.4983e-01 -6.1198e+00 -7.7929e-01 2.3854e+00 1.0983e+01 -4.1942e-03 1.0814e+01 2.0884e+01 5.5227e-01 -4.4561e-01 1.6419e-01 -4.1362e-01 3.3936e-01 2.6175e-01 -1.7031e-01 -1.2931e-01 7.2528e-01 -1.3278e+00 -6.9024e-01 -1.7304e-01
-4.6270e-01 -4.3596e+01 1.1118e+01 -5.2707e+00 -7.4282e+00 -4.6156e+01 7.7675e+01 -7.6944e+01 1.2202e+02 3.3523e+00 1.5848e+00 5.6181e-01 -8.1746e+00 1.2172e+01 2.9615e-01 -1.2169e+00 2.6100e+00 3.4812e+00 -3.8018e-01 2.5732e-01 5.4551e+01 8.9657e-01 -2.7894e+00 5.6540e+00 2.1878e+00 3.7554e+00 4.8226e+00 4.9110e+00 2.0404e+00 4.9705e+00 -3.3592e-01 1.4535e+00 -1.0432e+00 2.9008e+00 2.4359e+00 -3.2039e+00 -6.3446e+00 -1.9133e-01 -1.2327e+01 -1.3557e+01 -8.8204e-01 -1.6363e-01 -1.5876e-01 8.4310e-02 -4.9647e-01 -5.1497e-01 -6.0808e-01 -2.9131e-01 -6.8569e-01 2.3615e+00 1.2895e-01 -1.6599e-02
-2.9046e+00 -8.1706e+00 2.4518e+01 -7.0423e+00 -6.2489e+00 -2.0202e+01 6.8548e+00 9.4412e+00 3.3523e+00 5.9180e+01 -5.4630e-01 -3.0207e+00 -6.4157e+00 -2.8567e+00 -3.0406e-01 4.7187e-01 -1.3388e+00 -7.2935e-01 2.6022e-01 1.0186e+01 2.0627e+01 -2.3530e-01 -4.7242e-01 -7.2297e-01 -6.5275e-01 -5.5704e+00 -1.1409e-01 -3.8298e-01 -5.2059e+00 2.6246e-02 -1.0966e+00 -6.7612e-01 -1.6388e-01 -1.7531e-01 -1.3425e+00 7.0521e-02 -6.7091e+00 -1.0061e+00 7.9716e-01 1.2567e+00 -3.2515e-01 6.3164e-01 -8.3613e-01 2.1592e-01 -4.3268e-02 2.7216e-01 -2.1607e-01 -4.2205e-01 -7.2840e-01 -4.1623e-01 5.2203e+00 -3.1063e+00
2.4390e-02 -2.4442e+00 -3.4703e-02 -7.1050e-01 -6.0685e-01 -9.2998e-01 2.6159e+00 -2.9332e+00 1.5848e+00 -5.4630e-01 1.1396e+01 1.1867e-01 -1.6335e-01 -8.5998e-01 1.7802e-02 7.5013e-03 -2.5954e-01 1.5003e+00 2.9910e-02 2.1224e+00 1.2996e+00 -5.4750e-02 -1.9586e-01 1.9827e-01 -5.0503e-02 -3.3561e-01 -2.3208e-01 -3.2895e-01 4.4029e-01 -1.1954e-01 -4.3528e-02 3.7395e-01 -1.4880e-01 4.3175e-01 1.6486e-01 -3.5072e-02 8.3559e-02 -1.1566e-02 -1.1642e-01 -3.4359e-01 -8.2603e-02 1.3305e-03 8.6480e-02 -4.2100e-02 -6.3696e-02 1.3300e-02 3.8042e-01 -7.3577e-03 -7.2663e-02 -9.4962e-02 1.5968e-02 -2.7880e-03
-1.7044e+00 -1.3269e+00 -7.2123e+00 3.6017e+00 3.1475e+00 5.5660e+00 6.9091e-01 -3.4885e+00 5.6181e-01 -3.0207e+00 1.1867e-01 2.8786e+01 -2.2525e+00 9.1379e-02 1.4298e-01 -2.3680e-01 -6.4281e-01 -3.2160e-01 5.5070e-02 -1.5196e+00 -1.2981e+00 -4.6741e-02 -1.2178e-01 1.8234e-01 -3.2162e-01 -1.9055e+00 -5.0971e-01 -2.4489e+00 1.3351e-01 3.7303e-01 -1.8136e-01 -9.8149e-01 -3.6795e-02 3.4768e-01 -8.1389e-01 -1.6946e-01 -1.2935e+00 -2.4770e-01 1.0679e-01 -5.2256e-01 -2.6082e-01 -5.3150e-02 2.6234e-01 2.5993e-01 6.3450e-01 -1.8138e-01 -2.9354e-01 -1.2252e-01 -9.7742e-02 7.2957e-01 -5.2143e-01 -1.8168e+00
1.8499e+00 1.6938e+01 1.3302e+00 -1.7771e+01 -1.7558e+01 1.2556e+01 -5.1661e+00 -2.6606e-01 -8.1746e+00 -6.4157e+00 -1.6335e-01 -2.2525e+00 6.8257e+01 -2.1134e+00 -1.6387e+00 4.4996e-01 -1.5578e+00 7.8902e-01 -8.8861e-02 -2.5179e+00 -4.4541e+00 -1.5222e-01 1.3374e-01 -7.3482e-01 -5.4758e-01 -3.8630e+00 -8.3447e-01 -6.7510e+00 2.3410e+01 2.1123e-01 2.6188e-01 -1.2009e+00 6.7615e-01 -5.2763e-01 -2.4613e+00 -1.9139e-01 -1.4799e+00 -1.0702e-01 -2.8158e+00 -5.0414e+00 -2.8610e-01 1.8205e+00 6.9411e+00 -2.6027e-01 -3.9150e-01 1.1005e-01 -9.5954e-01 2.4158e-01 -2.3625e-02 -2.3905e-01 6.7847e+00 1.6273e+00
-3.1705e+00 4.0658e+00 -9.2448e+00 1.4864e+00 9.1856e-01 8.3808e+00 -1.8951e+01 1.1124e+01 1.2172e+01 -2.8567e+00 -8.5998e-01 9.1379e-02 -2.1134e+00 5.8264e+01 -2.2766e-01 -2.4780e-01 -2.2065e-01 -6.4182e-01 1.9596e-01 -2.4589e+00 -7.1559e+00 -1.0412e+00 -4.5624e-02 1.6636e+00 -2.2724e-02 2.3322e+01 8.4442e+00 -2.4885e+00 -2.0175e+00 7.6824e+00 -5.0477e-01 -1.2202e+00 7.3959e-01 -1.6780e+00 3.3822e+00 -4.2500e-01 -1.3578e+00 6.2243e-01 -4.4332e+00 4.8966e+00 1.2842e-01 -1.0029e+00 -7.3240e-01 2.0785e-01 -8.7417e-03 9.5901e-02 -5.6007e-01 -2.7486e-01 -1.5841e-01 4.6281e-01 3.3400e+00 -3.0198e+00
-8.8840e-01 -1.4267e-01 -3.0879e+00 7.2537e-02 -6.3873e-01 -1.1622e-01 1.3262e+00 -5.1742e-01 2.9615e-01 -3.0406e-01 1.7802e-02 1.4298e-01 -1.6387e+00 -2.2766e-01 1.8605e+01 -2.7699e-01 -5.5982e-01 -1.6691e-01 -7.0869e-02 -1.2520e-01 4.5660e-01 -5.9499e-01 -1.3283e-01 2.0793e+00 -2.9310e-02 -6.4766e-02 -1.8276e-01 -1.8919e-01 -2.7614e-01 2.0475e-01 -1.2456e-01 -1.1704e+00 -1.3620e-01 5.4837e-01 1.2936e+00 -9.5348e-02 -2.4597e-01 -1.8336e-02 -2.5807e-01 1.5562e-02 -9.5388e-02 -1.2377e-01 5.8693e+00 4.1231e-01 -2.2569e-01 -1.1583e-01 -5.3204e-02 -4.7023e-01 -7.1967e-02 -8.1628e-02 1.7519e+00 -9.7439e-01
-3.2364e-01 4.8349e-01 -7.7006e-01 -2.7191e-01 -5.0737e-01 1.1876e+00 -9.9243e-01 1.3671e+00 -1.2169e+00 4.7187e-01 7.5013e-03 -2.3680e-01 4.4996e-01 -2.4780e-01 -2.7699e-01 1.0399e+01 4.6492e-01 -6.8537e-02 1.0627e-01 1.6831e+00 8.9641e-01 -1.5973e-01 -9.2723e-02 -1.2622e+00 -9.7656e-02 -4.5012e-01 -1.8153e-01 -2.8908e-01 4.2860e-01 3.7508e-02 -3.3228e-03 -2.9142e-01 -5.6596e-02 -6.2117e-02 -4.1119e-01 1.3173e-01 2.2913e-01 2.1909e-02 8.0379e-01 1.3453e+00 -3.0141e-02 -4.9029e-02 -5.3766e-01 -1.7956e-02 -7.6705e-02 -4.6400e-02 6.9978e-02 1.2396e-01 2.2248e-02 2.0145e-01 -8.1143e-01 -3.6494e-01
-1.5168e+00 -1.8358e+00 3.4694e+00 -2.7702e+00 -2.7619e+00 -8.0469e-01 -3.1311e+00 2.4678e+00 2.6100e+00 -1.3388e+00 -2.5954e-01 -6.4281e-01 -1.5578e+00 -2.2065e-01 -5.5982e-01 4.6492e-01 2.4906e+01 -6.9357e-01 3.8339e-01 4.9175e+00 1.5315e+00 -1.9753e-01 3.8022e+00 2.2584e-01 2.7851e+00 1.7916e+00 -5.5495e-01 -8.4783e-01 9.0686e+00 -3.7393e-01 -1.1581e-01 -1.5572e-01 1.1620e-01 -2.5194e-02 -7.1027e-01 -1.8020e-01 -6.0860e-01 3.1408e-01 -1.3682e+00 6.2317e-01 -1.3140e-01 5.6085e-02 -1.3502e+00 -1.7331e-01 -8.6956e-02 -1.5569e-01 -2.1618e-01 -1.8795e-01 1.3376e+00 -9.1655e-02 -2.0814e-01 2.8780e-01
2.4157e-01 -5.6088e+00 -7.5277e-01 -1.4645e+00 -7.6204e-01 -8.5399e+00 3.9093e+00 -4.7969e+00 3.4812e+00 -7.2935e-01 1.5003e+00 -3.2160e-01 7.8902e-01 -6.4182e-01 -1.6691e-01 -6.8537e-02 -6.9357e-01 2.7521e+01 -4.5155e-02 9.0010e+00 -4.4031e-01 -6.0354e-02 -2.7849e-01 8.3546e-01 -1.5270e-01 -4.4086e-01 3.5828e-01 -4.0584e-01 3.0473e+00 5.5760e-01 -1.0332e-01 7.4939e-01 -2.0071e-01 -2.7429e-01 -1.0152e+00 -4.1078e-01 -3.3346e-01 2.6096e-01 7.3166e+00 6.3971e+00 -1.6079e-01 -2.4294e-01 -5.8654e-01 -1.0216e-01 1.2834e+00 -1.1112e-01 8.9239e-01 7.0112e-02 -9.6070e-02 -7.3000e-02 -3.2997e-01 1.9079e-01
-3.0202e-01 1.2825e-01 8.9789e-02 -2.7925e-01 -2.9530e-01 9.2883e-02 -2.7162e-01 1.4893e-01 -3.8018e-01 2.6022e-01 2.9910e-02 5.5070e-02 -8.8861e-02 1.9596e-01 -7.0869e-02 1.0627e-01 3.8339e-01 -4.5155e-02 4.8799e+00 1.5578e-01 1.8273e-01 -7.6735e-02 3.3773e-01 -4.8881e-01 -8.4985e-03 -9.5522e-02 6.3182e-03 1.3693e-02 -5.4152e-02 -2.2527e-02 1.3168e-02 -6.8031e-02 -3.2798e-02 1.3826e-02 -2.1906e-01 -5.2633e-02 -1.5564e-01 4.1352e-03 -8.4621e-02 1.5138e-01 -1.0679e-02 -4.4119e-02 -4.2523e-02 5.4160e-03 3.5918e-01 -1.5884e-02 -4.2867e-02 -4.8303e-02 -1.2292e-02 -3.7283e-02 1.4982e-01 -3.1394e-01
-4.8512e-01 -9.1581e+00 6.4445e+00 -4.4687e+00 -4.1121e+00 -6.9673e+00 3.6808e+00 -4.8334e+00 2.5732e-01 1.0186e+01 2.1224e+00 -1.5196e+00 -2.5179e+00 -2.4589e+00 -1.2520e-01 1.6831e+00 4.9175e+00 9.0010e+00 1.5578e-01 6.0676e+01 1.6129e+01 -5.7711e-01 2.8623e+00 1.8822e+00 -3.7342e-01 -2.4047e+00 -9.2056e-01 -4.9434e+00 1.5509e+00 1.8481e+00 -1.5411e-01 7.5042e-01 -6.2844e-01 1.1652e+00 1.3305e-01 1.3396e+00 -2.3884e+00 -3.5197e-01 1.1491e+01 2.3954e+01 -9.5452e-01 1.0199e-01 -4.3208e-01 -1.8699e-01 1.0985e+00 -4.1794e-01 9.8024e-01 -1.3552e-01 1.1303e+00 -5.8765e-01 5.5764e-02 3.3781e-01
-1.1247e-01 -2.6382e+01 2.3610e+01 7.7240e+00 8.2556e+00 -3.4980e+01 5.2803e+01 -4.1554e+01 5.4551e+01 2.0627e+01 1.2996e+00 -1.2981e+00 -4.4541e+00 -7.1559e+00 4.5660e-01 8.9641e-01 1.5315e+00 -4.4031e-01 1.8273e-01 1.6129e+01 1.3083e+02 7.9085e-01 2.3282e+00 -5.0068e+00 -4.9407e-01 -2.9815e+00 2.1657e+00 1.9008e+01 -1.1188e+01 3.9059e+00 -7.9351e-01 5.9357e-01 -9.4274e-01 3.0801e+00 -6.2326e-01 -1.4133e-01 -9.8813e+00 -1.4004e+00 -1.1417e+01 3.4356e+00 1.5949e-01 1.2808e+00 -8.9612e-01 -1.1228e-01 1.1955e-01 1.8724e-01 -5.4495e-01 -4.7778e-01 3.2652e-01 9.5762e-01 -6.9048e-02 -1.5073e-03
5.4791e-01 2.5833e-01 -2.8704e-01 -1.1300e+00 -1.1830e+00 -1.0543e+00 1.9783e+00 -2.3258e+00 8.9657e-01 -2.3530e-01 -5.4750e-02 -4.6741e-02 -1.5222e-01 -1.0412e+00 -5.9499e-01 -1.5973e-01 -1.9753e-01 -6.0354e-02 -7.6735e-02 -5.7711e-01 7.9085e-01 1.4209e+01 -1.1041e-01 -2.0251e+00 -2.7272e-02 -3.5654e-01 -2.3593e-01 -1.4564e-01 3.2241e-02 -2.2869e-01 -7.6207e-02 -3.2198e-01 5.3013e-03 -2.3590e-01 -1.3219e+00 3.6053e-01 -1.3677e-01 -1.0317e-02 1.7036e+00 1.5123e-01 -1.3203e-01 -6.7271e-02 -2.2208e-01 1.3934e-02 -1.4963e-01 6.9560e-02 -1.4241e-01 -3.3407e-01 3.5648e-01 -6.7258e-02 -1.8002e+00 4.3790e-01
-1.5694e-01 -4.0981e-01 -1.3777e-01 -3.6833e-01 -4.8331e-01 2.4585e+00 -2.6239e+00 2.4564e+00 -2.7894e+00 -4.7242e-01 -1.9586e-01 -1.2178e-01 1.3374e-01 -4.5624e-02 -1.3283e-01 -9.2723e-02 3.8022e+00 -2.7849e-01 3.3773e-01 2.8623e+00 2.3282e+00 -1.1041e-01 1.1074e+01 -5.4870e-02 -1.7447e-02 -1.7256e-01 -3.1464e-01 1.0043e+00 3.8189e+00 -3.8011e-01 -1.8637e-02 -3.4125e-02 -1.1043e-01 -5.8811e-02 2.0052e-01 -2.0028e-01 4.3457e-01 -3.4485e-02 -6.4588e-01 2.7937e-01 -7.6845e-02 9.6840e-02 -1.2388e-01 -3.5500e-02 -4.6453e-02 -5.3125e-02 -1.8497e-01 8.1255e-02 1.3422e+00 5.4976e-02 -8.1681e-02 4.2737e-02
3.7373e-01 -4.1075e+00 6.0875e+00 -2.0949e+00 -2.2646e+00 -3.2810e+00 2.1395e+00 -3.2741e+00 5.6540e+00 -7.2297e-01 1.9827e-01 1.8234e-01 -7.3482e-01 1.6636e+00 2.0793e+00 -1.2622e+00 2.2584e-01 8.3546e-01 -4.8881e-01 1.8822e+00 -5.0068e+00 -2.0251e+00 -5.4870e-02 3.9098e+01 2.9198e-02 9.7655e-01 6.4887e-01 5.8673e-01 7.6623e-01 7.9223e-01 -4.0987e-02 -1.7973e+00 -1.0984e-02 1.1763e-01 -3.5801e+00 -9.9639e-01 2.2949e-01 4.6568e-02 2.7706e+00 2.3439e+00 -2.4456e-02 -8.6616e-01 3.3061e+00 1.5722e-01 -2.4264e-01 1.0823e-01 -1.7970e+00 -6.5804e-01 -2.8891e-02 5.7768e-01 1.5194e+01 2.6023e-01
-1.9152e-02 1.5970e-02 6.2600e-01 -8.4616e-01 -8.1593e-01 -5.5787e-01 -1.5024e-01 4.6321e-02 2.1878e+00 -6.5275e-01 -5.0503e-02 -3.2162e-01 -5.4758e-01 -2.2724e-02 -2.9310e-02 -9.7656e-02 2.7851e+00 -1.5270e-01 -8.4985e-03 -3.7342e-01 -4.9407e-01 -2.7272e-02 -1.7447e-02 2.9198e-02 6.9460e+00 -3.8703e-01 -7.7994e-02 -2.1135e-01 2.1454e+00 -2.6901e-02 -4.9986e-02 -4.1624e-02 -2.1134e-02 2.0322e-03 -6.5298e-02 -9.2440e-03 6.3972e-01 -3.9887e-02 6.4632e-03 -4.6705e-01 -1.8009e-01 -4.0540e-02 -1.4981e-01 -3.4449e-02 -3.3194e-02 2.4975e-02 -3.6131e-02 9.0400e-04 -4.6542e-03 -9.2106e-02 2.2838e-03 -2.4337e-02
-1.5885e+00 4.9756e+00 -1.4444e+01 6.0370e+00 5.9511e+00 1.2979e+01 -7.9777e+00 7.2295e-01 3.7554e+00 -5.5704e+00 -3.3561e-01 -1.9055e+00 -3.8630e+00 2.3322e+01 -6.4766e-02 -4.5012e-01 1.7916e+00 -4.4086e-01 -9.5522e-02 -2.4047e+00 -2.9815e+00 -3.5654e-01 -1.7256e-01 9.7655e-01 -3.8703e-01 4.8008e+01 8.0140e+00 -5.3680e+00 -5.2631e+00 7.4425e+00 8.9632e-02 -6.4979e-01 -5.1895e-01 7.6601e-01 4.8082e+00 2.0932e-01 -2.1591e+00 1.0640e+00 -4.5781e+00 4.6064e+00 -2.2700e-01 -6.3359e-01 -9.5143e-01 -1.8212e-01 1.5900e-01 1.8894e-02 -6.4799e-01 -2.0640e-01 2.8857e-02 -1.0100e+00 -4.8189e-01 7.5490e-01
2.5178e-03 -3.7757e+00 -3.0666e-01 -3.5434e-01 -1.2783e-01 -1.6182e+00 -4.3147e+00 2.3358e+00 4.8226e+00 -1.1409e-01 -2.3208e-01 -5.0971e-01 -8.3447e-01 8.4442e+00 -1.8276e-01 -1.8153e-01 -5.5495e-01 3.5828e-01 6.3182e-03 -9.2056e-01 2.1657e+00 -2.3593e-01 -3.1464e-01 6.4887e-01 -7.7994e-02 8.0140e+00 2.6832e+01 2.5857e+00 -2.3920e+00 1.0361e+01 -9.7330e-02 -2.1441e-01 8.2098e-02 1.0858e-01 -7.6011e-01 -4.5665e-01 -5.5207e-01 3.7800e-01 -9.6843e-01 8.9749e+00 -4.3625e-03 -3.5498e-01 2.2898e+00 -1.5080e-01 2.0862e-01 -5.0533e-02 -3.6186e-01 5.9340e-02 -1.5125e-02 -5.0543e-01 5.6040e-02 5.4902e-02
2.2689e-01 -6.0147e+00 1.4952e+01 7.4591e+00 6.0549e+00 -2.7155e+01 1.1250e+01 -1.2857e+01 4.9110e+00 -3.8298e-01 -3.2895e-01 -2.4489e+00 -6.7510e+00 -2.4885e+00 -1.8919e-01 -2.8908e-01 -8.4783e-01 -4.0584e-01 1.3693e-02 -4.9434e+00 1.9008e+01 -1.4564e-01 1.0043e+00 5.8673e-01 -2.1135e-01 -5.3680e+00 2.5857e+00 5.3753e+01 -7.6868e+00 -1.1797e+00 -6.4086e-01 3.8357e-01 7.9115e-01 -7.1849e-02 -8.7528e-02 1.0448e+00 -4.6348e+00 1.6333e-01 -1.8560e+00 -7.2662e+00 -5.7919e-01 -1.8726e-01 -6.8017e-01 -2.7101e-02 -2.1997e-01 -1.6028e-02 -9.3403e-01 2.5571e-02 -3.5211e-01 6.8876e-01 -1.2121e-02 1.1145e-01
2.8081e-01 7.3063e+00 1.4180e+01 -1.9074e+01 -1.8924e+01 1.4372e+01 -6.0244e+00 4.2711e-01 2.0404e+00 -5.2059e+00 4.4029e-01 1.3351e-01 2.3410e+01 -2.0175e+00 -2.7614e-01 4.2860e-01 9.0686e+00 3.0473e+00 -5.4152e-02 1.5509e+00 -1.1188e+01 3.2241e-02 3.8189e+00 7.6623e-01 2.1454e+00 -5.2631e+00 -2.3920e+00 -7.6868e+00 6.3781e+01 3.6636e-01 -3.1218e-01 6.5400e-01 -2.7859e-02 -1.2443e-01 1.6274e+00 1.5092e+00 -2.0985e+00 1.6671e-01 -1.0053e+00 -1.2558e+00 -7.6871e-01 1.4638e+00 1.0618e+00 -1.8705e-01 -2.1126e-01 5.8912e-02 2.0009e-01 5.7581e-01 1.1649e+00 2.3017e-01 1.6511e-01 1.1646e-01
-4.8786e-01 -3.9320e+00 1.7604e-01 -6.8564e-01 -1.5720e+00 2.3329e+00 -3.8566e+00 4.0092e+00 4.9705e+00 2.6246e-02 -1.1954e-01 3.7303e-01 2.1123e-01 7.6824e+00 2.0475e-01 3.7508e-02 -3.7393e-01 5.5760e-01 -2.2527e-02 1.8481e+00 3.9059e+00 -2.2869e-01 -3.8011e-01 7.9223e-01 -2.6901e-02 7.4425e+00 1.0361e+01 -1.1797e+00 3.6636e-01 2.2542e+01 -6.6853e-02 5.1369e-01 -2.5778e-01 1.2873e-01 -9.2538e-01 -4.0839e-01 -4.5517e-01 1.3016e-01 -2.2393e+00 9.1405e+00 -9.5556e-02 -1.6696e-01 -2.1399e-01 -7.2388e-03 2.8297e-01 -5.4000e-02 7.2672e-01 -1.5788e-02 2.3200e-01 -3.2402e-01 -2.4758e-01 -5.5326e-01
-7.0922e-01 8.8071e-01 -6.9827e-01 6.4390e-01 1.4485e+00 1.0159e+00 -1.2288e-01 9.5554e-01 -3.3592e-01 -1.0966e+00 -4.3528e-02 -1.8136e-01 2.6188e-01 -5.0477e-01 -1.2456e-01 -3.3228e-03 -1.1581e-01 -1.0332e-01 1.3168e-02 -1.5411e-01 -7.9351e-01 -7.6207e-02 -1.8637e-02 -4.0987e-02 -4.9986e-02 8.9632e-02 -9.7330e-02 -6.4086e-01 -3.1218e-01 -6.6853e-02 8.9899e+00 1.2763e+00 -9.2155e-02 3.6449e-01 -2.7328e-01 -2.9128e-02 -6.0692e-01 2.3018e-02 -8.9030e-02 -4.9496e-01 6.3456e-02 -8.8503e-02 -3.5158e-01 1.3298e-01 3.2774e-02 4.8648e-03 -2.1844e-02 -5.8516e-02 -2.6487e-02 -1.3598e-02 -3.4867e-01 -7.5644e-01
-1.3393e+00 -5.2000e-01 -1.0612e+00 1.5635e+00 1.2671e+01 -2.3566e+00 1.4078e+00 -1.8477e+00 1.4535e+00 -6.7612e-01 3.7395e-01 -9.8149e-01 -1.2009e+00 -1.2202e+00 -1.1704e+00 -2.9142e-01 -1.5572e-01 7.4939e-01 -6.8031e-02 7.5042e-01 5.9357e-01 -3.2198e-01 -3.4125e-02 -1.7973e+00 -4.1624e-02 -6.4979e-01 -2.1441e-01 3.8357e-01 6.5400e-01 5.1369e-01 1.2763e+00 2.2010e+01 2.3622e-01 -9.5182e-02 -9.8371e-01 -6.1437e-02 -3.1444e-01 -1.1158e-01 8.3209e-01 6.2246e-01 -9.6067e-02 -9.7949e-02 4.2143e-01 -1.2136e-01 -2.7946e-01 -6.6960e-02 1.6241e+00 -5.2060e-01 -9.5859e-02 -3.9137e-02 -1.7391e+00 -1.6360e+00
-1.5252e-01 6.0044e-01 1.2819e-01 -3.6062e-01 -2.4469e-01 -4.2580e-01 -6.0766e-01 7.4983e-01 -1.0432e+00 -1.6388e-01 -1.4880e-01 -3.6795e-02 6.7615e-01 7.3959e-01 -1.3620e-01 -5.6596e-02 1.1620e-01 -2.0071e-01 -3.2798e-02 -6.2844e-01 -9.4274e-01 5.3013e-03 -1.1043e-01 -1.0984e-02 -2.1134e-02 -5.1895e-01 8.2098e-02 7.9115e-01 -2.7859e-02 -2.5778e-01 -9.2155e-02 2.3622e-01 1.1142e+01 -1.7211e-01 3.6687e-01 -1.4746e-01 8.0027e-02 2.6211e-02 -2.6138e-01 -7.4306e-01 1.9615e-03 -9.5979e-02 -2.2521e-01 -6.7910e-02 -9.6907e-02 -5.2702e-02 -6.0824e-02 9.3406e-02 -3.0580e-02 -6.7825e-02 -3.0711e-01 -2.0136e-01
7.7589e-02 -5.6966e+00 -4.5945e-01 -4.4479e-02 2.0012e-02 1.7194e-01 6.5441e+00 -6.1198e+00 2.9008e+00 -1.7531e-01 4.3175e-01 3.4768e-01 -5.2763e-01 -1.6780e+00 5.4837e-01 -6.2117e-02 -2.5194e-02 -2.7429e-01 1.3826e-02 1.1652e+00 3.0801e+00 -2.3590e-01 -5.8811e-02 1.1763e-01 2.0322e-03 7.6601e-01 1.0858e-01 -7.1849e-02 -1.2443e-01 1.2873e-01 3.6449e-01 -9.5182e-02 -1.7211e-01 1.4574e+01 2.4114e+00 4.9461e-01 -1.6283e-01 -3.5506e-02 -4.5129e+00 -5.2208e+00 -2.1399e-02 -6.7292e-02 -2.1449e-01 -8.8748e-02 -6.2752e-02 -1.4129e-02 -7.8118e-02 -1.1604e-01 6.2419e-02 -1.0001e-01 -5.4185e-01 4.4996e-02
6.5069e+00 -4.1089e-01 -1.6560e+00 2.9469e+00 -1.6808e+00 -2.2940e+00 1.0621e+00 -7.7929e-01 2.4359e+00 -1.3425e+00 1.6486e-01 -8.1389e-01 -2.4613e+00 3.3822e+00 1.2936e+00 -4.1119e-01 -7.1027e-01 -1.0152e+00 -2.1906e-01 1.3305e-01 -6.2326e-01 -1.3219e+00 2.0052e-01 -3.5801e+00 -6.5298e-02 4.8082e+00 -7.6011e-01 -8.7528e-02 1.6274e+00 -9.2538e-01 -2.7328e-01 -9.8371e-01 3.6687e-01 2.4114e+00 4.0434e+01 1.4732e+00 -5.4065e-02 -1.1625e-01 -3.1009e+00 -4.9744e+00 3.6370e-01 -2.2206e-01 -1.9851e+00 3.0869e-01 -5.7782e-01 -1.6923e-01 -4.8275e-01 3.8732e+00 -2.3849e-02 -3.0178e-01 -4.8324e+00 6.1061e+00
-1.3140e-02 4.7277e-01 -2.0121e-01 3.7596e-02 6.9740e-02 1.4718e+00 -2.5095e+00 2.3854e+00 -3.2039e+00 7.0521e-02 -3.5072e-02 -1.6946e-01 -1.9139e-01 -4.2500e-01 -9.5348e-02 1.3173e-01 -1.8020e-01 -4.1078e-01 -5.2633e-02 1.3396e+00 -1.4133e-01 3.6053e-01 -2.0028e-01 -9.9639e-01 -9.2440e-03 2.0932e-01 -4.5665e-01 1.0448e+00 1.5092e+00 -4.0839e-01 -2.9128e-02 -6.1437e-02 -1.4746e-01 4.9461e-01 1.4732e+00 1.1250e+01 -7.8309e-02 -3.5983e-02 -1.1459e+00 6.3513e-01 1.0887e-03 9.7321e-02 2.3640e-01 -3.7720e-02 -4.5255e-02 -3.3997e-02 -1.5554e-01 -3.7531e-02 -9.9878e-02 3.5285e-01 1.2616e-01 -3.6932e-02
-6.0920e-02 -3.3967e+00 -1.0683e+01 1.7766e+00 1.9814e+00 9.1421e+00 -6.3207e+00 1.0983e+01 -6.3446e+00 -6.7091e+00 8.3559e-02 -1.2935e+00 -1.4799e+00 -1.3578e+00 -2.4597e-01 2.2913e-01 -6.0860e-01 -3.3346e-01 -1.5564e-01 -2.3884e+00 -9.8813e+00 -1.3677e-01 4.3457e-01 2.2949e-01 6.3972e-01 -2.1591e+00 -5.5207e-01 -4.6348e+00 -2.0985e+00 -4.5517e-01 -6.0692e-01 -3.1444e-01 8.0027e-02 -1.6283e-01 -5.4065e-02 -7.8309e-02 3.7503e+01 7.7495e-01 -1.3483e+00 -6.2476e+00 -6.1689e-01 -4.0025e-01 8.6826e-01 -1.7841e-01 -2.9315e-01 9.3156e-01 -5.0194e-02 1.3428e-01 4.7771e-01 -6.4787e-02 6.1774e-01 -1.4868e-01
-4.1133e-01 4.0469e-01 -8.0373e-01 -1.6074e-01 -6.4341e-02 2.0681e-01 -1.4386e-01 -4.1942e-03 -1.9133e-01 -1.0061e+00 -1.1566e-02 -2.4770e-01 -1.0702e-01 6.2243e-01 -1.8336e-02 2.1909e-02 3.1408e-01 2.6096e-01 4.1352e-03 -3.5197e-01 -1.4004e+00 -1.0317e-02 -3.4485e-02 4.6568e-02 -3.9887e-02 1.0640e+00 3.7800e-01 1.6333e-01 1.6671e-01 1.3016e-01 2.3018e-02 -1.1158e-01 2.6211e-02 -3.5506e-02 -1.1625e-01 -3.5983e-02 7.7495e-01 7.5521e+00 -7.3891e-02 -1.8610e-01 2.8038e-01 -9.3793e-02 -5.6142e-02 -1.2837e-02 -5.2102e-02 -3.0752e-02 -4.5637e-02 -4.7109e-02 5.7163e-02 -5.4163e-02 -7.5869e-02 -4.5360e-03
-6.6641e-01 1.5609e+01 -1.1433e+00 4.6743e-01 -4.3678e-01 -9.3091e+00 -1.0218e+01 1.0814e+01 -1.2327e+01 7.9716e-01 -1.1642e-01 1.0679e-01 -2.8158e+00 -4.4332e+00 -2.5807e-01 8.0379e-01 -1.3682e+00 7.3166e+00 -8.4621e-02 1.1491e+01 -1.1417e+01 1.7036e+00 -6.4588e-01 2.7706e+00 6.4632e-03 -4.5781e+00 -9.6843e-01 -1.8560e+00 -1.0053e+00 -2.2393e+00 -8.9030e-02 8.3209e-01 -2.6138e-01 -4.5129e+00 -3.1009e+00 -1.1459e+00 -1.3483e+00 -7.3891e-02 7.4407e+01 5.3324e+01 -2.1201e-01 -1.3513e+00 -7.3405e-02 3.9082e-01 7.3350e-02 -7.0697e-02 7.5387e-01 6.3908e-01 1.3077e-01 3.9711e-02 -7.8019e-01 -1.9035e-01
-3.9847e-01 1.2298e+01 3.9244e+00 -5.4809e+00 -4.3669e+00 1.1164e+00 -2.0677e+01 2.0884e+01 -1.3557e+01 1.2567e+00 -3.4359e-01 -5.2256e-01 -5.0414e+00 4.8966e+00 1.5562e-02 1.3453e+00 6.2317e-01 6.3971e+00 1.5138e-01 2.3954e+01 3.4356e+00 1.5123e-01 2.7937e-01 2.3439e+00 -4.6705e-01 4.6064e+00 8.9749e+00 -7.2662e+00 -1.2558e+00 9.1405e+00 -4.9496e-01 6.2246e-01 -7.4306e-01 -5.2208e+00 -4.9744e+00 6.3513e-01 -6.2476e+00 -1.8610e-01 5.3324e+01 1.1759e+02 8.8891e-02 -1.5735e+00 -6.8691e-01 -3.3086e-01 1.3693e+00 -5.1695e-01 2.1588e+00 7.1436e-01 1.3368e+00 -5.3645e-02 -1.5223e-01 1.2435e-01
2.2334e-01 -2.4944e-01 -6.0153e-01 4.7429e-01 1.7608e+00 -2.5755e+00 -7.0511e-01 5.5227e-01 -8.8204e-01 -3.2515e-01 -8.2603e-02 -2.6082e-01 -2.8610e-01 1.2842e-01 -9.5388e-02 -3.0141e-02 -1.3140e-01 -1.6079e-01 -1.0679e-02 -9.5452e-01 1.5949e-01 -1.3203e-01 -7.6845e-02 -2.4456e-02 -1.8009e-01 -2.2700e-01 -4.3625e-03 -5.7919e-01 -7.6871e-01 -9.5556e-02 6.3456e-02 -9.6067e-02 1.9615e-03 -2.1399e-02 3.6370e-01 1.0887e-03 -6.1689e-01 2.8038e-01 -2.1201e-01 8.8891e-02 1.0443e+01 -5.1291e-02 3.2882e-01 -2.6995e-02 -8.2002e-02 2.3987e-02 -4.3013e-02 -2.1443e-02 3.0107e-02 1.9596e-02 3.0462e-01 1.9828e-01
-3.8638e-02 8.7661e-02 1.0972e+00 -1.2880e+00 -5.7726e-01 -3.7433e-01 5.3907e-01 -4.4561e-01 -1.6363e-01 6.3164e-01 1.3305e-03 -5.3150e-02 1.8205e+00 -1.0029e+00 -1.2377e-01 -4.9029e-02 5.6085e-02 -2.4294e-01 -4.4119e-02 1.0199e-01 1.2808e+00 -6.7271e-02 9.6840e-02 -8.6616e-01 -4.0540e-02 -6.3359e-01 -3.5498e-01 -1.8726e-01 1.4638e+00 -1.6696e-01 -8.8503e-02 -9.7949e-02 -9.5979e-02 -6.7292e-02 -2.2206e-01 9.7321e-02 -4.0025e-01 -9.3793e-02 -1.3513e+00 -1.5735e+00 -5.1291e-02 1.0491e+01 -2.6616e-01 -3.5693e-02 3.4072e-03 -2.9491e-02 -4.7988e-02 -2.9011e-02 1.7061e-01 1.6212e-01 -3.9860e-01 -6.9235e-02
1.5509e+00 -4.3972e-01 -3.6344e+00 -1.1876e+00 -1.2247e+00 -2.0910e+00 2.2250e-01 1.6419e-01 -1.5876e-01 -8.3613e-01 8.6480e-02 2.6234e-01 6.9411e+00 -7.3240e-01 5.8693e+00 -5.3766e-01 -1.3502e+00 -5.8654e-01 -4.2523e-02 -4.3208e-01 -8.9612e-01 -2.2208e-01 -1.2388e-01 3.3061e+00 -1.4981e-01 -9.5143e-01 2.2898e+00 -6.8017e-01 1.0618e+00 -2.1399e-01 -3.5158e-01 4.2143e-01 -2.2521e-01 -2.1449e-01 -1.9851e+00 2.3640e-01 8.6826e-01 -5.6142e-02 -7.3405e-02 -6.8691e-01 3.2882e-01 -2.6616e-01 3.3428e+01 -5.6106e-02 -3.2131e-01 5.5591e-01 -2.7862e-01 -4.9882e-01 -1.3714e-01 -9.8296e-02 1.0533e+01 1.3436e+00
-1.6419e-01 2.2899e-01 5.0736e-01 -3.6765e-01 -3.7473e-01 -7.3488e-01 3.4427e-01 -4.1362e-01 8.4310e-02 2.1592e-01 -4.2100e-02 2.5993e-01 -2.6027e-01 2.0785e-01 4.1231e-01 -1.7956e-02 -1.7331e-01 -1.0216e-01 5.4160e-03 -1.8699e-01 -1.1228e-01 1.3934e-02 -3.5500e-02 1.5722e-01 -3.4449e-02 -1.8212e-01 -1.5080e-01 -2.7101e-02 -1.8705e-01 -7.2388e-03 1.3298e-01 -1.2136e-01 -6.7910e-02 -8.8748e-02 3.0869e-01 -3.7720e-02 -1.7841e-01 -1.2837e-02 3.9082e-01 -3.3086e-01 -2.6995e-02 -3.5693e-02 -5.6106e-02 6.6028e+00 3.5422e-02 -4.3287e-02 -3.5947e-02 2.2294e-02 -2.1806e-02 1.2314e-01 2.8222e-01 -1.7754e-01
4.5328e-01 -4.1727e-01 -1.6318e-01 -1.3448e-01 -1.9141e-01 3.2900e-01 -7.1738e-01 3.3936e-01 -4.9647e-01 -4.3268e-02 -6.3696e-02 6.3450e-01 -3.9150e-01 -8.7417e-03 -2.2569e-01 -7.6705e-02 -8.6956e-02 1.2834e+00 3.5918e-01 1.0985e+00 1.1955e-01 -1.4963e-01 -4.6453e-02 -2.4264e-01 -3.3194e-02 1.5900e-01 2.0862e-01 -2.1997e-01 -2.1126e-01 2.8297e-01 3.2774e-02 -2.7946e-01 -9.6907e-02 -6.2752e-02 -5.7782e-01 -4.5255e-02 -2.9315e-01 -5.2102e-02 7.3350e-02 1.3693e+00 -8.2002e-02 3.4072e-03 -3.2131e-01 3.5422e-02 8.2340e+00 -3.8583e-02 1.3308e-01 -1.4856e-01 1.3280e-02 -5.8544e-02 -1.3215e-01 4.0689e-01
-1.9090e-02 -1.7984e-01 -2.5822e-01 -1.2223e-01 -4.3683e-02 3.0721e-01 -3.6498e-01 2.6175e-01 -5.1497e-01 2.7216e-01 1.3300e-02 -1.8138e-01 1.1005e-01 9.5901e-02 -1.1583e-01 -4.6400e-02 -1.5569e-01 -1.1112e-01 -1.5884e-02 -4.1794e-01 1.8724e-01 6.9560e-02 -5.3125e-02 1.0823e-01 2.4975e-02 1.8894e-02 -5.0533e-02 -1.6028e-02 5.8912e-02 -5.4000e-02 4.8648e-03 -6.6960e-02 -5.2702e-02 -1.4129e-02 -1.6923e-01 -3.3997e-02 9.3156e-01 -3.0752e-02 -7.0697e-02 -5.1695e-01 2.3987e-02 -2.9491e-02 5.5591e-01 -4.3287e-02 -3.8583e-02 6.5021e+00 -4.3194e-02 -3.3874e-02 -1.2817e-04 -5.6080e-03 1.2758e-02 -4.0988e-02
-3.2313e-02 -9.0114e-01 -1.4343e+00 6.4209e-01 1.2568e+00 1.5710e+00 1.8395e-01 -1.7031e-01 -6.0808e-01 -2.1607e-01 3.8042e-01 -2.9354e-01 -9.5954e-01 -5.6007e-01 -5.3204e-02 6.9978e-02 -2.1618e-01 8.9239e-01 -4.2867e-02 9.8024e-01 -5.4495e-01 -1.4241e-01 -1.8497e-01 -1.7970e+00 -3.6131e-02 -6.4799e-01 -3.6186e-01 -9.3403e-01 2.0009e-01 7.2672e-01 -2.1844e-02 1.6241e+00 -6.0824e-02 -7.8118e-02 -4.8275e-01 -1.5554e-01 -5.0194e-02 -4.5637e-02 7.5387e-01 2.1588e+00 -4.3013e-02 -4.7988e-02 -2.7862e-01 -3.5947e-02 1.3308e-01 -4.3194e-02 1.2474e+01 -1.3031e-01 -5.3352e-02 -1.1639e-01 -1.0869e-01 -7.6525e-02
8.4605e-01 4.1115e-01 -2.4127e-01 3.1713e+00 -8.9882e-01 -1.5342e-01 -1.4527e-01 -1.2931e-01 -2.9131e-01 -4.2205e-01 -7.3577e-03 -1.2252e-01 2.4158e-01 -2.7486e-01 -4.7023e-01 1.2396e-01 -1.8795e-01 7.0112e-02 -4.8303e-02 -1.3552e-01 -4.7778e-01 -3.3407e-01 8.1255e-02 -6.5804e-01 9.0400e-04 -2.0640e-01 5.9340e-02 2.5571e-02 5.7581e-01 -1.5788e-02 -5.8516e-02 -5.2060e-01 9.3406e-02 -1.1604e-01 3.8732e+00 -3.7531e-02 1.3428e-01 -4.7109e-02 6.3908e-01 7.1436e-01 -2.1443e-02 -2.9011e-02 -4.9882e-01 2.2294e-02 -1.4856e-01 -3.3874e-02 -1.3031e-01 9.6516e+00 -3.2688e-02 6.0388e-01 -1.0241e+00 7.3630e-01
1.2187e-02 -6.5789e-01 -3.2123e-01 -8.6679e-02 -8.0809e-02 8.5510e-01 -6.2540e-01 7.2528e-01 -6.8569e-01 -7.2840e-01 -7.2663e-02 -9.7742e-02 -2.3625e-02 -1.5841e-01 -7.1967e-02 2.2248e-02 1.3376e+00 -9.6070e-02 -1.2292e-02 1.1303e+00 3.2652e-01 3.5648e-01 1.3422e+00 -2.8891e-02 -4.6542e-03 2.8857e-02 -1.5125e-02 -3.5211e-01 1.1649e+00 2.3200e-01 -2.6487e-02 -9.5859e-02 -3.0580e-02 6.2419e-02 -2.3849e-02 -9.9878e-02 4.7771e-01 5.7163e-02 1.3077e-01 1.3368e+00 3.0107e-02 1.7061e-01 -1.3714e-01 -2.1806e-02 1.3280e-02 -1.2817e-04 -5.3352e-02 -3.2688e-02 6.5484e+00 1.0436e-01 -2.1388e-01 -1.4844e-02
5.4324e-02 3.7752e-01 -2.4373e-01 3.2558e-01 -6.9621e-01 -8.0091e-01 1.0416e+00 -1.3278e+00 2.3615e+00 -4.1623e-01 -9.4962e-02 7.2957e-01 -2.3905e-01 4.6281e-01 -8.1628e-02 2.0145e-01 -9.1655e-02 -7.3000e-02 -3.7283e-02 -5.8765e-01 9.5762e-01 -6.7258e-02 5.4976e-02 5.7768e-01 -9.2106e-02 -1.0100e+00 -5.0543e-01 6.8876e-01 2.3017e-01 -3.2402e-01 -1.3598e-02 -3.9137e-02 -6.7825e-02 -1.0001e-01 -3.0178e-01 3.5285e-01 -6.4787e-02 -5.4163e-02 3.9711e-02 -5.3645e-02 1.9596e-02 1.6212e-01 -9.8296e-02 1.2314e-01 -5.8544e-02 -5.6080e-03 -1.1639e-01 6.0388e-01 1.0436e-01 1.2950e+01 1.2733e-01 4.2431e-02
-1.2911e+00 1.8654e-01 4.8536e+00 -2.0765e+00 -2.4897e+00 -4.5159e+00 -1.0364e-01 -6.9024e-01 1.2895e-01 5.2203e+00 1.5968e-02 -5.2143e-01 6.7847e+00 3.3400e+00 1.7519e+00 -8.1143e-01 -2.0814e-01 -3.2997e-01 1.4982e-01 5.5764e-02 -6.9048e-02 -1.8002e+00 -8.1681e-02 1.5194e+01 2.2838e-03 -4.8189e-01 5.6040e-02 -1.2121e-02 1.6511e-01 -2.4758e-01 -3.4867e-01 -1.7391e+00 -3.0711e-01 -5.4185e-01 -4.8324e+00 1.2616e-01 6.1774e-01 -7.5869e-02 -7.8019e-01 -1.5223e-01 3.0462e-01 -3.9860e-01 1.0533e+01 2.8222e-01 -1.3215e-01 1.2758e-02 -1.0869e-01 -1.0241e+00 -2.1388e-01 1.2733e-01 2.5966e+01 -1.6743e+00
1.8357e+01 8.4743e-02 -6.3053e-01 5.4539e-01 -2.1927e+00 1.2373e-01 -2.5226e-02 -1.7304e-01 -1.6599e-02 -3.1063e+00 -2.7880e-03 -1.8168e+00 1.6273e+00 -3.0198e+00 -9.7439e-01 -3.6494e-01 2.8780e-01 1.9079e-01 -3.1394e-01 3.3781e-01 -1.5073e-03 4.3790e-01 4.2737e-02 2.6023e-01 -2.4337e-02 7.5490e-01 5.4902e-02 1.1145e-01 1.1646e-01 -5.5326e-01 -7.5644e-01 -1.6360e+00 -2.0136e-01 4.4996e-02 6.1061e+00 -3.6932e-02 -1.4868e-01 -4.5360e-03 -1.9035e-01 1.2435e-01 1.9828e-01 -6.9235e-02 1.3436e+00 -1.7754e-01 4.0689e-01 -4.0988e-02 -7.6525e-02 7.3630e-01 -1.4844e-02 4.2431e-02 -1.6743e+00 1.9241e+01
