1.1424e+02 6.6122e+00 2.8927e+01 -3.9831e+01 -2.6585e-01 1.0491e+01 -2.1993e+01 -7.3849e+00 4.0139e-01 5.8553e+00 -1.9349e+00 3.3806e+00 6.6743e+00 5.4142e+00 4.1839e+01 -4.0956e+01 -4.2835e+01 -8.6072e-01 3.7860e+01 8.1909e+00 -1.1256e-01 2.0708e+01 -1.3405e+00 -1.4720e+00 -1.7650e+00 -3.5392e+00 3.2763e-02 6.9688e-01 5.6443e-01 -4.7196e+00 2.0609e-01 3.1986e-01 6.7523e-03 6.3866e-01 2.2740e+00 5.2947e+00 -7.1723e+00 -3.3922e-01 6.1953e-01 -3.9286e+00 -2.9351e-01 2.8129e+00 -1.0397e-01 -8.0518e-01 3.6833e-01 3.0536e-01 3.5781e+00 -1.5032e-01 3.0070e+00 -9.0684e-02 2.6738e-01 -3.6737e+00
6.6122e+00 5.2090e+01 1.2216e-01 2.2660e-01 3.2333e-02 -7.0774e-01 -4.3515e+00 -4.8281e-01 -7.8416e+00 1.8649e+00 8.7996e-01 3.3183e+00 4.7419e+00 1.2720e-01 -5.8620e+00 5.5762e+00 8.0673e-01 2.6323e-01 -7.5351e+00 -1.7085e+00 -4.3193e-01 2.4611e+00 3.6082e-02 7.7401e-02 7.4956e-02 2.7639e-01 2.4912e-01 1.0174e+00 -2.2005e-02 1.2934e+01 -2.5558e-03 9.4472e-02 -1.8967e-01 3.9010e-01 5.5246e-01 2.3439e+01 3.8083e+00 5.3675e-01 -8.7118e-01 1.0799e+00 5.8775e-01 1.1120e-01 -7.3570e-03 1.2508e-01 -1.7578e-01 -2.1788e-01 -3.1612e-01 -1.0798e-01 5.8081e-01 5.3485e-02 4.1354e+00 -1.0283e+00
2.8927e+01 1.2216e-01 5.7808e+01 -2.2074e+01 2.7198e-01 3.7140e+00 1.1235e+01 -6.4488e+00 6.0910e+00 -1.2898e+01 -1.2850e+00 5.4632e+00 5.0425e+00 -4.2932e+00 -3.8215e+00 8.3077e+00 4.9348e+00 -3.2850e-02 -8.1267e+00 -1.7057e-01 3.6966e-02 -2.0243e+01 -6.0583e-01 2.2631e+00 -2.7832e+00 -7.8975e-01 3.6516e-01 -6.8154e-01 -7.3664e-01 7.4701e+00 -3.2737e-02 5.0509e-01 2.4779e-01 -9.9994e-01 -7.9899e-01 1.1702e+00 6.1256e+00 -9.8257e-01 -2.3733e-01 -1.6305e+00 4.2172e-01 6.0184e-01 -3.9042e-01 1.3115e-01 6.4807e-02 2.4648e-01 3.8225e+00 3.0209e-01 3.7281e+00 -5.9588e-01 -4.8324e-01 -3.1376e-02
-3.9831e+01 2.2660e-01 -2.2074e+01 1.0609e+02 -2.6784e-01 1.8475e+01 4.2763e+01 -1.3638e+01 -1.5427e+01 -2.6752e+01 2.2256e+00 2.3191e+01 2.2252e+01 -5.1050e+00 -4.1675e+01 1.5816e+01 -2.1526e+00 3.3481e-02 -1.7277e+01 6.7586e-01 -9.1014e-02 9.5009e+00 -4.5278e-01 -9.2217e-01 -1.9393e+00 -2.2982e+00 1.4937e+00 4.8876e+00 -1.3940e+00 -2.9448e+00 -2.0295e+00 -4.3962e-03 1.3052e-01 -1.5365e+00 -2.1859e+00 2.4203e+00 1.2213e+01 -2.6427e-01 1.3123e+00 1.7948e+00 -3.3219e+00 -3.0507e+00 -1.7697e-01 -9.1318e-01 -1.0855e-01 -2.3483e-01 2.9033e+00 -2.0812e-01 1.8006e+00 -1.3059e+00 -2.6442e-01 -4.9558e-01
-2.6585e-01 3.2333e-02 2.7198e-01 -2.6784e-01 3.5188e+00 -9.9730e-02 7.0918e-02 8.5404e-02 2.4838e-01 -1.4444e-01 -3.2670e-03 -3.8794e-02 -2.5889e-02 -5.0357e-02 -1.1196e-01 2.4220e-01 6.9869e-01 -3.8534e-02 -2.1232e-01 -7.5591e-02 -2.7831e-02 -2.4361e-01 -3.3969e-02 6.6516e-02 8.6500e-02 -8.9109e-02 -7.4965e-02 -3.6075e-02 -1.3347e-02 -4.6384e-01 2.6656e-02 3.7740e-03 -3.7183e-02 -3.8924e-02 3.5122e-02 1.5424e-01 -5.2734e-01 4.7277e-02 2.5410e-01 -4.8951e-02 7.0484e-02 -3.7931e-02 -6.9465e-03 -5.2905e-02 -1.1931e-02 -3.1315e-02 -1.8734e-02 -6.1090e-03 -4.2990e-02 1.1303e-03 2.6082e-01 1.8657e-02
1.0491e+01 -7.0774e-01 3.7140e+00 1.8475e+01 -9.9730e-02 4.7574e+01 -2.5762e+00 -1.8886e+00 -1.3184e+01 -1.5927e+00 4.6553e-02 2.7788e+01 2.7429e+01 2.8460e+00 -9.7077e+00 -6.7004e+00 -2.6531e+01 3.6047e-01 6.2474e+00 -1.3456e+00 -4.2204e-01 4.9373e+00 -6.6331e-01 -2.9854e-01 -1.0225e+00 -1.8954e-01 1.0287e+00 4.3892e+00 4.3262e-01 -3.5174e+00 -2.2075e+00 -1.2752e-01 -9.2622e-02 -1.0896e+00 -1.1423e+00 1.1070e+00 1.7888e+01 2.6892e-01 1.5448e+00 5.3972e-02 -2.1836e+00 -5.8644e-01 -3.9254e-01 -3.8605e-01 -7.0257e-02 -2.5242e-01 7.4012e+00 -1.2771e-01 5.2154e+00 -4.9166e-01 -1.4798e+00 -3.0306e-01
-2.1993e+01 -4.3515e+00 1.1235e+01 4.2763e+01 7.0918e-02 -2.5762e+00 9.4810e+01 -1.5329e+01 5.2624e-01 -3.2880e+01 1.2701e+00 -4.3620e-01 -1.1957e+00 -8.7553e+00 -2.8019e+01 2.7228e+01 2.7482e+01 5.7387e-03 -2.7755e+01 -1.7334e+00 3.6719e-01 -1.4048e+01 -1.1374e+00 -7.7637e-01 -6.7874e+00 -3.3844e+00 5.7186e-01 3.1747e-01 -2.7717e-01 -1.5952e-02 4.0375e-01 2.4857e-01 1.2825e-02 -1.5692e+00 -5.3816e+00 2.7969e+00 1.3785e+00 -5.5076e+00 -6.1389e-01 3.0877e+00 2.5080e-01 -9.5191e-01 -3.7969e-01 -1.5243e+00 -1.5780e-02 1.0502e-01 9.5849e-01 -5.8628e-01 1.0868e+00 3.0490e-02 8.7989e-01 9.0078e-03
-7.3849e+00 -4.8281e-01 -6.4488e+00 -1.3638e+01 8.5404e-02 -1.8886e+00 -1.5329e+01 7.8082e+01 -4.7384e-01 -1.0672e+01 -1.0735e+01 -1.5123e+01 -1.3116e+01 5.9624e+00 1.3838e+01 7.2681e+00 1.7312e+01 3.9121e+00 -4.4057e+00 -2.4232e-01 -1.2836e+00 -8.4152e+00 1.5628e+00 -1.7008e-01 7.5026e+00 -8.5863e+00 1.8135e+01 -3.3484e+00 -7.4187e-01 -1.4938e-01 2.4732e+00 -4.6837e-01 1.5276e+00 8.0202e-01 -1.7092e+00 -4.4392e+00 1.3838e+00 -1.7902e+00 -2.2773e+00 -1.6087e+00 3.0452e+00 -8.5643e-01 2.5163e-01 -4.2190e-01 4.4654e-01 7.2318e-01 -1.0344e+00 -8.2265e-02 8.9790e-01 -5.3670e-02 1.4729e+00 3.5833e+00
4.0139e-01 -7.8416e+00 6.0910e+00 -1.5427e+01 2.4838e-01 -1.3184e+01 5.2624e-01 -4.7384e-01 4.3984e+01 1.3996e-02 -7.7164e-01 -1.1606e+01 -1.1780e+01 -2.9942e-01 2.3872e+01 6.0842e-01 1.6792e+01 -2.4751e-01 -3.2826e+00 -1.3682e-01 1.1666e-01 -5.8925e+00 -5.3295e-01 1.6477e-02 -5.8307e-01 -3.5531e-01 -7.4714e-01 -2.3834e+00 -1.2614e-01 -2.7021e+00 2.2083e+00 -2.2950e-01 -4.0536e-01 6.6570e-02 -5.9744e-01 -1.5944e+00 -1.5614e+01 -1.8827e-01 5.0555e-01 -1.2278e+00 2.5244e+00 -2.3665e-01 -1.4166e-01 -5.7774e-01 -4.8727e-02 -7.4171e-02 -3.0301e-01 3.9705e-03 5.3256e-01 1.2039e+00 -5.6947e-01 -2.7859e+00
5.8553e+00 1.8649e+00 -1.2898e+01 -2.6752e+01 -1.4444e-01 -1.5927e+00 -3.2880e+01 -1.0672e+01 1.3996e-02 9.8722e+01 1.9793e+01 4.4796e+00 2.2438e-01 6.9189e+00 2.1048e+01 -2.5552e+01 -2.6039e+01 9.4607e-01 2.4660e+01 -4.1613e+00 -5.4280e-01 1.5551e+01 4.8217e-01 -1.1918e+00 4.7442e-01 6.7467e+00 -4.4946e+00 -2.0266e+00 1.9909e+00 1.1395e+01 -5.4332e-01 -7.0096e-01 -1.0934e+00 1.3600e+00 1.3383e+00 3.4841e+00 -4.4086e+00 -3.6061e-01 -2.3873e-01 2.2699e+00 1.6697e-01 2.4236e+00 9.2291e-01 -1.9348e+00 4.3981e-02 -7.6596e-02 -1.4184e+00 2.1535e-01 -2.4034e+00 2.1340e+00 -2.6037e+00 -2.7951e+00
-1.9349e+00 8.7996e-01 -1.2850e+00 2.2256e+00 -3.2670e-03 4.6553e-02 1.2701e+00 -1.0735e+01 -7.7164e-01 1.9793e+01 4.7316e+01 7.8184e+00 7.5558e+00 -4.8514e+00 -8.5167e+00 -1.8995e+00 -6.0460e+00 -1.6701e+00 1.2591e+00 -3.8384e-01 1.7049e+00 1.5115e-01 2.2346e-01 2.5475e-02 -4.0035e-01 -5.0959e+00 -5.0586e+00 8.0480e-01 9.1790e-03 6.1311e+00 -1.3840e-03 1.5828e+00 -9.2927e-01 -5.9210e-01 3.4918e-01 -1.3504e-01 4.8959e-01 -1.4797e+00 -2.2119e-01 -7.6939e+00 -1.1666e+00 1.8472e-01 -3.4240e-01 1.4946e+00 -3.2218e-01 -2.1830e-01 4.1044e-01 -3.2780e-02 1.7766e-01 -5.0374e-02 -1.7954e+00 -2.6841e+00
3.3806e+00 3.3183e+00 5.4632e+00 2.3191e+01 -3.8794e-02 2.7788e+01 -4.3620e-01 -1.5123e+01 -1.1606e+01 4.4796e+00 7.8184e+00 7.7451e+01 6.2993e+01 -1.3186e+01 -4.6081e+01 4.9210e-01 -5.0899e+01 2.0346e+00 -2.5876e+00 1.3987e-01 2.5957e-01 -1.6799e+00 -8.0284e-02 4.6974e-02 -4.1117e-01 -1.7413e-01 5.2527e+00 7.6402e+00 1.4118e-01 -8.1837e+00 -8.9139e-01 3.6992e-02 -1.2763e+00 -2.5375e+00 2.1362e+00 -6.4495e-01 1.9908e+01 5.3635e-02 -3.7842e-01 -2.4927e+00 -1.6036e+00 -4.2754e-01 -4.4378e-02 2.4743e-01 -8.0334e-01 -2.6736e-01 7.2884e+00 8.7202e-02 4.9861e+00 -4.0162e-01 -4.3440e+00 -2.4059e+00
6.6743e+00 4.7419e+00 5.0425e+00 2.2252e+01 -2.5889e-02 2.7429e+01 -1.1957e+00 -1.3116e+01 -1.1780e+01 2.2438e-01 7.5558e+00 6.2993e+01 7.6703e+01 -1.2831e+01 -4.3500e+01 3.5034e-01 -5.0013e+01 1.9792e+00 -2.2192e+00 -6.3578e-01 3.0421e-01 -2.0613e+00 -2.4279e-01 -1.5202e-01 1.3991e-01 -5.3273e-02 6.0393e+00 7.7774e+00 2.1547e-01 -4.4027e+00 -5.1468e-01 1.7746e-01 -8.3442e-01 -2.1829e+00 -7.8062e-01 9.7440e-01 2.1542e+01 1.0179e-01 -5.1175e-01 -4.8243e+00 -1.9252e+00 -4.8301e-01 8.8548e-02 2.4734e-01 -8.0586e-01 -2.2398e-01 7.1292e+00 3.2765e-01 5.3919e+00 -4.9508e-01 -2.8038e+00 -2.1179e+00
5.4142e+00 1.2720e-01 -4.2932e+00 -5.1050e+00 -5.0357e-02 2.8460e+00 -8.7553e+00 5.9624e+00 -2.9942e-01 6.9189e+00 -4.8514e+00 -1.3186e+01 -1.2831e+01 3.1905e+01 2.2122e+01 -9.1420e+00 2.6567e-01 -1.1894e+00 1.0343e+01 1.6139e-02 -5.1657e-01 6.0463e+00 -3.0033e-01 3.4692e-03 -6.5855e-01 -2.7312e+00 -2.7433e+00 4.7536e-01 1.2607e+00 1.0986e+01 -9.0704e-01 1.0553e-01 1.7122e+00 1.5341e+00 -4.7526e-01 -1.3559e-01 7.6114e-01 -1.0685e-01 -6.7498e-01 4.8878e+00 -9.8392e-01 -1.7230e-01 1.4679e-01 -2.0478e-01 -9.6167e-02 -1.0794e-02 -5.4661e-01 7.3957e-02 3.8591e-01 -3.2742e-01 1.3189e+00 1.3460e+00
4.1839e+01 -5.8620e+00 -3.8215e+00 -4.1675e+01 -1.1196e-01 -9.7077e+00 -2.8019e+01 1.3838e+01 2.3872e+01 2.1048e+01 -8.5167e+00 -4.6081e+01 -4.3500e+01 2.2122e+01 1.4927e+02 -5.3500e+01 -1.1326e+01 -2.3451e+00 5.3248e+01 -2.5804e+00 -7.5075e-01 4.0109e+01 -1.5778e+00 2.0083e-01 4.7956e+00 -6.0836e-01 -6.3384e+00 -4.0462e+00 9.8997e-01 -3.0481e+01 9.1303e-01 -7.5932e-01 1.1334e+00 3.1965e+00 -3.0496e+00 -7.9568e+00 -4.8416e+01 -3.4190e-01 -8.7587e-01 -3.5106e-01 2.9618e+00 3.2267e+00 -2.7563e-01 1.2050e-01 9.1033e-01 -1.1140e-01 -2.4108e+00 2.8692e-01 -5.9985e-01 5.5502e-01 1.1725e+01 -1.4041e+00
-4.0956e+01 5.5762e+00 8.3077e+00 1.5816e+01 2.4220e-01 -6.7004e+00 2.7228e+01 7.2681e+00 6.0842e-01 -2.5552e+01 -1.8995e+00 4.9210e-01 3.5034e-01 -9.1420e+00 -5.3500e+01 8.7651e+01 6.9114e+01 1.0028e+00 -6.2646e+01 1.5723e+00 3.1360e-01 -4.7595e+01 1.1981e+00 7.4891e-01 1.3850e+00 1.3168e+00 5.4316e-01 4.0074e-01 -1.5680e+00 3.0906e+01 4.0709e-01 6.0423e-01 2.1661e-01 -1.8868e+00 2.9004e+00 1.0530e+01 2.0581e+01 -1.3051e-01 -1.6209e+00 2.2126e+00 1.0922e+00 -1.8322e+00 -2.1285e-01 -2.0284e+00 -2.5367e-01 -3.3074e-01 2.8608e-01 -4.2253e-01 -4.9635e-02 2.8122e-01 6.3004e-01 2.1643e+01
-4.2835e+01 8.0673e-01 4.9348e+00 -2.1526e+00 6.9869e-01 -2.6531e+01 2.7482e+01 1.7312e+01 1.6792e+01 -2.6039e+01 -6.0460e+00 -5.0899e+01 -5.0013e+01 2.6567e-01 -1.1326e+01 6.9114e+01 1.4525e+02 -1.2536e+00 -6.6197e+01 1.9245e+00 -4.5740e-01 -4.6055e+01 8.5095e-01 7.1782e-01 1.3763e+00 1.3552e+00 -5.6231e-01 -6.7128e+00 -1.8320e+00 3.3394e+01 4.1428e-01 2.0825e-01 -3.1467e-02 2.0818e+00 3.3707e+00 6.0766e+00 -5.7846e+00 -7.8043e-01 -2.1301e+00 3.4196e+00 2.2929e+00 -3.7071e+00 -2.7145e-01 -2.2972e+00 3.7072e-01 -3.0614e-01 -1.3902e+00 -5.1525e-01 -3.9024e-01 -3.7930e-01 8.7830e+00 3.4259e+00
-8.6072e-01 2.6323e-01 -3.2850e-02 3.3481e-02 -3.8534e-02 3.6047e-01 5.7387e-03 3.9121e+00 -2.4751e-01 9.4607e-01 -1.6701e+00 2.0346e+00 1.9792e+00 -1.1894e+00 -2.3451e+00 1.0028e+00 -1.2536e+00 1.5287e+01 -3.3464e-01 -2.4359e-01 -1.4974e-01 -3.9975e-01 -1.3538e-01 -9.2585e-02 -3.4280e-02 -9.8894e-01 5.7582e+00 -1.2214e-01 -4.2143e-02 -2.6280e+00 4.5679e+00 8.7674e-02 -6.1134e-01 -1.9228e-01 -3.7640e-01 3.7411e-01 2.1850e+00 -2.6136e-01 -1.2145e-01 -1.0895e+00 -2.1297e-01 -4.5557e-02 7.6728e-02 -1.5745e-01 -5.6190e-02 -4.4687e-02 -4.8829e-02 -3.4017e-02 -2.4214e-02 -4.9773e-02 2.9225e-01 6.7309e-01
3.7860e+01 -7.5351e+00 -8.1267e+00 -1.7277e+01 -2.1232e-01 6.2474e+00 -2.7755e+01 -4.4057e+00 -3.2826e+00 2.4660e+01 1.2591e+00 -2.5876e+00 -2.2192e+00 1.0343e+01 5.3248e+01 -6.2646e+01 -6.6197e+01 -3.3464e-01 7.8808e+01 -1.6024e+00 -2.0334e-01 5.1217e+01 -9.2127e-01 -8.1987e-01 -1.6125e+00 -2.6444e+00 -8.5357e-01 -5.3535e-01 1.5141e+00 -3.5543e+01 7.4738e-02 1.5697e+00 -8.4762e-01 1.7083e+00 -3.2175e+00 -8.6706e+00 -2.1830e+01 2.8777e-01 1.2957e+00 -3.3328e+00 -8.4089e-01 3.7755e+00 3.5964e-01 4.7140e-01 2.4422e-01 2.1803e-01 -5.2120e-01 3.7036e-01 -1.1234e+00 4.5892e-01 -1.1301e+00 7.7682e+00
8.1909e+00 -1.7085e+00 -1.7057e-01 6.7586e-01 -7.5591e-02 -1.3456e+00 -1.7334e+00 -2.4232e-01 -1.3682e-01 -4.1613e+00 -3.8384e-01 1.3987e-01 -6.3578e-01 1.6139e-02 -2.5804e+00 1.5723e+00 1.9245e+00 -2.4359e-01 -1.6024e+00 2.5866e+01 -4.0285e-02 -3.7740e+00 2.8402e-03 -4.3615e-01 2.9089e+00 -1.0277e+00 1.5972e-01 -2.7086e-01 -8.0976e-02 6.0858e+00 -5.4254e-02 3.9642e-01 1.2767e-01 -2.1925e-01 1.5914e+00 -2.7235e-01 4.5293e+00 1.7222e-01 1.1781e+00 -8.4074e-01 -9.0619e-02 -4.6884e-01 3.6535e-02 2.0984e+00 -3.7448e-02 -1.3799e-01 1.2549e-01 -1.4922e-01 -1.6963e-01 -1.6100e-01 -3.9258e-03 -1.0275e-01
-1.1256e-01 -4.3193e-01 3.6966e-02 -9.1014e-02 -2.7831e-02 -4.2204e-01 3.6719e-01 -1.2836e+00 1.1666e-01 -5.4280e-01 1.7049e+00 2.5957e-01 3.0421e-01 -5.1657e-01 -7.5075e-01 3.1360e-01 -4.5740e-01 -1.4974e-01 -2.0334e-01 -4.0285e-02 1.0036e+01 3.6358e-03 -1.6594e-01 -1.1222e-02 -9.2836e-02 -1.0695e+00 -8.6829e-01 2.4960e-01 -5.8148e-02 -1.7225e+00 6.1165e-02 1.3147e-02 3.3676e-01 -1.2921e-01 -1.8295e-02 -3.9156e-01 1.6176e-01 -2.5803e-01 2.5942e-02 2.8675e-01 -2.9226e-01 -2.1258e-02 -5.5126e-02 1.9472e-03 -5.7561e-02 -9.9886e-02 -1.2805e-01 -2.0602e-02 -1.9921e-01 -2.0698e-02 -2.7429e-01 1.6983e-01
2.0708e+01 2.4611e+00 -2.0243e+01 9.5009e+00 -2.4361e-01 4.9373e+00 -1.4048e+01 -8.4152e+00 -5.8925e+00 1.5551e+01 1.5115e-01 -1.6799e+00 -2.0613e+00 6.0463e+00 4.0109e+01 -4.7595e+01 -4.6055e+01 -3.9975e-01 5.1217e+01 -3.7740e+00 3.6358e-03 9.8809e+01 -9.8625e-01 -7.5129e-01 -4.0171e+00 -3.2476e+00 1.7694e-01 1.8495e-01 7.1195e-01 -4.8764e+01 6.5397e-01 -7.8150e-01 -7.1498e-01 1.2464e+00 -2.5276e+00 -2.2050e+00 -5.0135e+01 8.5225e-01 7.3433e+00 -3.5816e+00 -1.1447e+00 2.8798e+00 5.5874e-01 1.0245e-01 6.9350e-01 1.3663e-01 2.7700e+00 5.0457e-01 1.2794e+00 -7.2621e-01 -1.6864e-01 1.8444e+00
-1.3405e+00 3.6082e-02 -6.0583e-01 -4.5278e-01 -3.3969e-02 -6.6331e-01 -1.1374e+00 1.5628e+00 -5.3295e-01 4.8217e-01 2.2346e-01 -8.0284e-02 -2.4279e-01 -3.0033e-01 -1.5778e+00 1.1981e+00 8.5095e-01 -1.3538e-01 -9.2127e-01 2.8402e-03 -1.6594e-01 -9.8625e-01 1.2495e+01 5.3484e-02 1.6975e-01 -7.6399e-01 1.6858e+00 -4.4720e-01 -5.0146e-02 6.1230e-01 -5.9257e-02 -5.5605e-02 -1.4031e-01 -1.1307e-01 4.1085e-01 -2.1653e-02 1.9813e+00 -1.4812e-01 -1.9739e-01 -2.3078e-01 2.4988e+00 7.8346e-01 9.0559e-02 -1.5810e-01 -4.3838e-02 6.7901e-02 -1.2119e-01 -3.6275e-02 -1.8419e-01 1.5794e-02 7.8947e-03 2.3638e-01
-1.4720e+00 7.7401e-02 2.2631e+00 -9.2217e-01 6.6516e-02 -2.9854e-01 -7.7637e-01 -1.7008e-01 1.6477e-02 -1.1918e+00 2.5475e-02 4.6974e-02 -1.5202e-01 3.4692e-03 2.0083e-01 7.4891e-01 7.1782e-01 -9.2585e-02 -8.1987e-01 -4.3615e-01 -1.1222e-02 -7.5129e-01 5.3484e-02 7.0414e+00 -9.3157e-02 -4.1133e-01 -7.9581e-02 6.1372e-02 -2.5160e-02 -1.7461e+00 4.9181e-02 -3.7113e-02 -8.9115e-02 -9.1647e-02 -3.5672e-01 3.0230e-01 -1.7761e+00 -1.4339e-02 -1.2355e-01 -3.8441e-01 -4.8302e-02 -1.4457e-01 -6.3037e-03 8.9325e-01 -1.7394e-02 -5.2331e-02 -3.5513e-02 -3.5210e-02 -2.5410e-03 -8.1434e-02 2.8292e-01 -8.3275e-03
-1.7650e+00 7.4956e-02 -2.7832e+00 -1.9393e+00 8.6500e-02 -1.0225e+00 -6.7874e+00 7.5026e+00 -5.8307e-01 4.7442e-01 -4.0035e-01 -4.1117e-01 1.3991e-01 -6.5855e-01 4.7956e+00 1.3850e+00 1.3763e+00 -3.4280e-02 -1.6125e+00 2.9089e+00 -9.2836e-02 -4.0171e+00 1.6975e-01 -9.3157e-02 1.5583e+01 -7.2516e-01 8.7889e-01 -7.9907e-02 -1.8918e-01 2.8880e+00 -2.3094e-02 -5.0830e-02 -8.9442e-02 -9.6477e-02 1.2195e+00 -2.1503e-02 1.1556e+00 -7.4223e-02 1.3490e+00 -4.4067e-01 6.7896e-01 -3.1614e-01 -6.9056e-02 -2.4160e-01 -5.3838e-03 -7.7104e-02 -3.9688e-01 1.2796e-02 -2.3984e-01 -3.1557e-01 -2.4034e-01 -1.2126e-01
-3.5392e+00 2.7639e-01 -7.8975e-01 -2.2982e+00 -8.9109e-02 -1.8954e-01 -3.3844e+00 -8.5863e+00 -3.5531e-01 6.7467e+00 -5.0959e+00 -1.7413e-01 -5.3273e-02 -2.7312e+00 -6.0836e-01 1.3168e+00 1.3552e+00 -9.8894e-01 -2.6444e+00 -1.0277e+00 -1.0695e+00 -3.2476e+00 -7.6399e-01 -4.1133e-01 -7.2516e-01 5.5768e+01 -5.4071e+00 -4.9596e+00 2.3200e+00 -7.1078e+00 -7.5525e-01 -6.8744e-01 3.0972e+00 -3.1744e-01 -1.1366e+00 -7.9408e-01 5.2811e+00 4.5266e+00 -8.6094e-01 4.8601e+00 -1.7476e+00 -4.7742e-01 -8.1786e-02 9.7929e-01 -2.3643e-01 3.3157e-02 9.0838e-01 -1.2118e-01 -3.0931e-01 -2.9543e-01 3.4640e-01 -7.6443e-01
3.2763e-02 2.4912e-01 3.6516e-01 1.4937e+00 -7.4965e-02 1.0287e+00 5.7186e-01 1.8135e+01 -7.4714e-01 -4.4946e+00 -5.0586e+00 5.2527e+00 6.0393e+00 -2.7433e+00 -6.3384e+00 5.4316e-01 -5.6231e-01 5.7582e+00 -8.5357e-01 1.5972e-01 -8.6829e-01 1.7694e-01 1.6858e+00 -7.9581e-02 8.7889e-01 -5.4071e+00 3.7531e+01 6.6039e-01 -1.8338e-01 -1.5074e+01 4.1721e+00 -2.8232e-01 -1.5126e+00 -4.6449e-01 -5.0454e-01 -2.5096e+00 1.4271e+00 -8.7940e-01 -1.1230e-01 -6.0647e+00 2.9862e+00 -1.0672e-01 -9.8039e-02 -3.6474e-01 -1.2743e-01 -1.6327e-01 -4.6129e-01 -3.1353e-03 2.7941e-01 5.7837e-02 2.0962e+00 -2.3016e-01
6.9688e-01 1.0174e+00 -6.8154e-01 4.8876e+00 -3.6075e-02 4.3892e+00 3.1747e-01 -3.3484e+00 -2.3834e+00 -2.0266e+00 8.0480e-01 7.6402e+00 7.7774e+00 4.7536e-01 -4.0462e+00 4.0074e-01 -6.7128e+00 -1.2214e-01 -5.3535e-01 -2.7086e-01 2.4960e-01 1.8495e-01 -4.4720e-01 6.1372e-02 -7.9907e-02 -4.9596e+00 6.6039e-01 4.0965e+01 -5.9344e-02 -1.1474e+01 -7.1651e-01 -7.7667e-02 -9.0958e-02 -4.9476e-02 -3.1630e-01 -8.4879e-02 4.7555e+00 -7.8993e-01 3.1433e-01 -5.3726e+00 1.2708e+00 -3.0817e-02 -5.7529e-02 2.9796e-01 -1.2091e-01 4.0682e-01 -8.9678e-01 -3.3769e-02 -1.5403e+00 -3.5875e-01 1.1681e+00 4.9674e-01
5.6443e-01 -2.2005e-02 -7.3664e-01 -1.3940e+00 -1.3347e-02 4.3262e-01 -2.7717e-01 -7.4187e-01 -1.2614e-01 1.9909e+00 9.1790e-03 1.4118e-01 2.1547e-01 1.2607e+00 9.8997e-01 -1.5680e+00 -1.8320e+00 -4.2143e-02 1.5141e+00 -8.0976e-02 -5.8148e-02 7.1195e-01 -5.0146e-02 -2.5160e-02 -1.8918e-01 2.3200e+00 -1.8338e-01 -5.9344e-02 8.1746e+00 4.3522e-01 -3.7482e-02 -6.3238e-02 1.6392e-01 -2.1743e-02 -1.9789e-01 -2.9496e-01 1.3497e+00 -3.0844e-02 -2.8617e-01 1.1491e+00 -1.0697e-01 -1.4243e-01 2.2393e-03 -5.5017e-02 -2.5198e-02 -3.6447e-02 -1.6816e-01 -3.1991e-02 -4.5637e-02 -9.5490e-02 3.8053e-02 1.3053e-02
-4.7196e+00 1.2934e+01 7.4701e+00 -2.9448e+00 -4.6384e-01 -3.5174e+00 -1.5952e-02 -1.4938e-01 -2.7021e+00 1.1395e+01 6.1311e+00 -8.1837e+00 -4.4027e+00 1.0986e+01 -3.0481e+01 3.0906e+01 3.3394e+01 -2.6280e+00 -3.5543e+01 6.0858e+00 -1.7225e+00 -4.8764e+01 6.1230e-01 -1.7461e+00 2.8880e+00 -7.1078e+00 -1.5074e+01 -1.1474e+01 4.3522e-01 1.9705e+02 -2.9040e+00 6.1943e-01 -9.0795e-01 -5.7369e-01 6.8146e+00 1.6827e+01 9.5961e+01 -7.1887e-01 -1.0375e+01 6.1950e+00 -2.5438e+00 -3.2067e+00 7.3241e-01 -2.3223e+00 -8.5539e-01 -2.6796e-01 4.7826e+00 -7.5637e-01 6.2208e+00 8.1068e-01 3.6209e+00 -1.9129e+00
2.0609e-01 -2.5558e-03 -3.2737e-02 -2.0295e+00 2.6656e-02 -2.2075e+00 4.0375e-01 2.4732e+00 2.2083e+00 -5.4332e-01 -1.3840e-03 -8.9139e-01 -5.1468e-01 -9.0704e-01 9.1303e-01 4.0709e-01 4.1428e-01 4.5679e+00 7.4738e-02 -5.4254e-02 6.1165e-02 6.5397e-01 -5.9257e-02 4.9181e-02 -2.3094e-02 -7.5525e-01 4.1721e+00 -7.1651e-01 -3.7482e-02 -2.9040e+00 1.2565e+01 -9.7702e-02 -4.2352e-01 -1.6070e-01 7.7133e-04 3.2669e-01 -1.5561e+00 1.5199e-01 -2.2157e-02 -1.9435e+00 1.3422e+00 2.6451e-01 1.2231e-01 3.5327e-02 -3.8068e-02 -3.6903e-02 -8.7237e-02 -2.5239e-02 1.5739e-02 2.6655e-01 6.2697e-01 2.1005e-01
3.1986e-01 9.4472e-02 5.0509e-01 -4.3962e-03 3.7740e-03 -1.2752e-01 2.4857e-01 -4.6837e-01 -2.2950e-01 -7.0096e-01 1.5828e+00 3.6992e-02 1.7746e-01 1.0553e-01 -7.5932e-01 6.0423e-01 2.0825e-01 8.7674e-02 1.5697e+00 3.9642e-01 1.3147e-02 -7.8150e-01 -5.5605e-02 -3.7113e-02 -5.0830e-02 -6.8744e-01 -2.8232e-01 -7.7667e-02 -6.3238e-02 6.1943e-01 -9.7702e-02 8.2782e+00 -7.8996e-02 -4.4169e-02 3.2520e-01 3.7743e-02 8.6649e-01 -5.6264e-02 -1.2957e-01 -2.3919e-01 -1.9946e-01 -7.2238e-02 -1.1896e-02 -1.4017e-01 -4.1722e-02 -2.0868e-02 -1.3484e-01 8.3730e-02 -1.5962e-01 4.7340e-02 -2.0366e-01 1.7659e-01
6.7523e-03 -1.8967e-01 2.4779e-01 1.3052e-01 -3.7183e-02 -9.2622e-02 1.2825e-02 1.5276e+00 -4.0536e-01 -1.0934e+00 -9.2927e-01 -1.2763e+00 -8.3442e-01 1.7122e+00 1.1334e+00 2.1661e-01 -3.1467e-02 -6.1134e-01 -8.4762e-01 1.2767e-01 3.3676e-01 -7.1498e-01 -1.4031e-01 -8.9115e-02 -8.9442e-02 3.0972e+00 -1.5126e+00 -9.0958e-02 1.6392e-01 -9.0795e-01 -4.2352e-01 -7.8996e-02 1.7245e+01 -2.1413e-01 -4.3994e-01 -3.4501e-01 -1.1481e+00 -3.1615e-01 -1.0879e-01 3.4355e+00 -3.5933e-01 1.8746e-01 -1.4161e-01 -2.5322e-01 2.9260e-03 2.7642e-01 -9.5059e-02 2.9055e-01 -5.7272e-01 5.3108e-02 3.6552e-01 -4.7835e-01
6.3866e-01 3.9010e-01 -9.9994e-01 -1.5365e+00 -3.8924e-02 -1.0896e+00 -1.5692e+00 8.0202e-01 6.6570e-02 1.3600e+00 -5.9210e-01 -2.5375e+00 -2.1829e+00 1.5341e+00 3.1965e+00 -1.8868e+00 2.0818e+00 -1.9228e-01 1.7083e+00 -2.1925e-01 -1.2921e-01 1.2464e+00 -1.1307e-01 -9.1647e-02 -9.6477e-02 -3.1744e-01 -4.6449e-01 -4.9476e-02 -2.1743e-02 -5.7369e-01 -1.6070e-01 -4.4169e-02 -2.1413e-01 1.3404e+01 -3.4496e-02 -6.7059e-01 -4.0721e+00 -8.2000e-02 -3.0218e-01 -6.8466e-01 -5.2396e-02 2.0349e-02 -4.7474e-02 -1.6422e-01 -1.5829e-02 2.4606e-01 -1.8038e-01 9.1385e-03 -4.2624e-01 -7.5186e-02 1.2953e-01 -1.7268e-01
2.2740e+00 5.5246e-01 -7.9899e-01 -2.1859e+00 3.5122e-02 -1.1423e+00 -5.3816e+00 -1.7092e+00 -5.9744e-01 1.3383e+00 3.4918e-01 2.1362e+00 -7.8062e-01 -4.7526e-01 -3.0496e+00 2.9004e+00 3.3707e+00 -3.7640e-01 -3.2175e+00 1.5914e+00 -1.8295e-02 -2.5276e+00 4.1085e-01 -3.5672e-01 1.2195e+00 -1.1366e+00 -5.0454e-01 -3.1630e-01 -1.9789e-01 6.8146e+00 7.7133e-04 3.2520e-01 -4.3994e-01 -3.4496e-02 2.6879e+01 1.3312e+00 4.5140e+00 1.0145e-01 -6.3956e-01 -1.6451e+00 1.0398e-01 -1.3971e-01 -2.6614e-02 -1.1025e+00 -9.1698e-03 -1.4828e-01 -3.2227e-02 -5.6192e-02 -2.7582e-01 -1.3570e-01 -1.0621e+00 -7.5653e-02
5.2947e+00 2.3439e+01 1.1702e+00 2.4203e+00 1.5424e-01 1.1070e+00 2.7969e+00 -4.4392e+00 -1.5944e+00 3.4841e+00 -1.3504e-01 -6.4495e-01 9.7440e-01 -1.3559e-01 -7.9568e+00 1.0530e+01 6.0766e+00 3.7411e-01 -8.6706e+00 -2.7235e-01 -3.9156e-01 -2.2050e+00 -2.1653e-02 3.0230e-01 -2.1503e-02 -7.9408e-01 -2.5096e+00 -8.4879e-02 -2.9496e-01 1.6827e+01 3.2669e-01 3.7743e-02 -3.4501e-01 -6.7059e-01 1.3312e+00 5.8183e+01 4.2802e+00 1.1871e-01 -5.9529e-01 1.4218e-01 5.3535e-01 4.1340e-01 6.8040e-03 -1.9278e-01 -1.9719e-01 -9.0267e-04 -2.4075e-01 7.6778e-02 4.4777e-01 4.0789e-02 3.9101e+00 2.5883e+00
-7.1723e+00 3.8083e+00 6.1256e+00 1.2213e+01 -5.2734e-01 1.7888e+01 1.3785e+00 1.3838e+00 -1.5614e+01 -4.4086e+00 4.8959e-01 1.9908e+01 2.1542e+01 7.6114e-01 -4.8416e+01 2.0581e+01 -5.7846e+00 2.1850e+00 -2.1830e+01 4.5293e+00 1.6176e-01 -5.0135e+01 1.9813e+00 -1.7761e+00 1.1556e+00 5.2811e+00 1.4271e+00 4.7555e+00 1.3497e+00 9.5961e+01 -1.5561e+00 8.6649e-01 -1.1481e+00 -4.0721e+00 4.5140e+00 4.2802e+00 1.5803e+02 2.8790e-02 -1.2067e+01 1.0291e+01 -7.6557e-01 -2.5980e+00 3.6837e-01 -3.0634e+00 -1.5279e+00 3.8715e-01 3.7334e+00 -8.2127e-01 4.5248e+00 -1.3295e-01 1.8641e+01 2.1821e-01
-3.3922e-01 5.3675e-01 -9.8257e-01 -2.6427e-01 4.7277e-02 2.6892e-01 -5.5076e+00 -1.7902e+00 -1.8827e-01 -3.6061e-01 -1.4797e+00 5.3635e-02 1.0179e-01 -1.0685e-01 -3.4190e-01 -1.3051e-01 -7.8043e-01 -2.6136e-01 2.8777e-01 1.7222e-01 -2.5803e-01 8.5225e-01 -1.4812e-01 -1.4339e-02 -7.4223e-02 4.5266e+00 -8.7940e-01 -7.8993e-01 -3.0844e-02 -7.1887e-01 1.5199e-01 -5.6264e-02 -3.1615e-01 -8.2000e-02 1.0145e-01 1.1871e-01 2.8790e-02 1.1667e+01 -3.3691e-02 -2.5340e-03 -1.5053e-01 1.2150e-02 -2.2421e-02 -1.5082e-01 -7.6786e-02 8.4247e-02 -1.6553e-01 -2.4875e-02 -3.4003e-01 -4.2641e-02 1.1075e-01 9.7002e-02
6.1953e-01 -8.7118e-01 -2.3733e-01 1.3123e+00 2.5410e-01 1.5448e+00 -6.1389e-01 -2.2773e+00 5.0555e-01 -2.3873e-01 -2.2119e-01 -3.7842e-01 -5.1175e-01 -6.7498e-01 -8.7587e-01 -1.6209e+00 -2.1301e+00 -1.2145e-01 1.2957e+00 1.1781e+00 2.5942e-02 7.3433e+00 -1.9739e-01 -1.2355e-01 1.3490e+00 -8.6094e-01 -1.1230e-01 3.1433e-01 -2.8617e-01 -1.0375e+01 -2.2157e-02 -1.2957e-01 -1.0879e-01 -3.0218e-01 -6.3956e-01 -5.9529e-01 -1.2067e+01 -3.3691e-02 2.3280e+01 -1.0981e+00 -1.6124e-01 -3.8119e-01 -1.2721e-01 6.6740e-02 5.3081e-01 -1.2469e-01 -9.3142e-02 6.6315e-02 -2.4432e-01 -3.5280e-01 -1.2540e+00 -2.2366e-01
-3.9286e+00 1.0799e+00 -1.6305e+00 1.7948e+00 -4.8951e-02 5.3972e-02 3.0877e+00 -1.6087e+00 -1.2278e+00 2.2699e+00 -7.6939e+00 -2.4927e+00 -4.8243e+00 4.8878e+00 -3.5106e-01 2.2126e+00 3.4196e+00 -1.0895e+00 -3.3328e+00 -8.4074e-01 2.8675e-01 -3.5816e+00 -2.3078e-01 -3.8441e-01 -4.4067e-01 4.8601e+00 -6.0647e+00 -5.3726e+00 1.1491e+00 6.1950e+00 -1.9435e+00 -2.3919e-01 3.4355e+00 -6.8466e-01 -1.6451e+00 1.4218e-01 1.0291e+01 -2.5340e-03 -1.0981e+00 6.2361e+01 -2.1293e+00 -5.9769e-01 1.5278e-01 -7.6338e-01 -2.6088e-01 -2.8440e-02 -6.1857e-01 -1.2961e-01 1.4798e+00 1.4357e-01 2.7109e+00 -4.3482e-01
-2.9351e-01 5.8775e-01 4.2172e-01 -3.3219e+00 7.0484e-02 -2.1836e+00 2.5080e-01 3.0452e+00 2.5244e+00 1.6697e-01 -1.1666e+00 -1.6036e+00 -1.9252e+00 -9.8392e-01 2.9618e+00 1.0922e+00 2.2929e+00 -2.1297e-01 -8.4089e-01 -9.0619e-02 -2.9226e-01 -1.1447e+00 2.4988e+00 -4.8302e-02 6.7896e-01 -1.7476e+00 2.9862e+00 1.2708e+00 -1.0697e-01 -2.5438e+00 1.3422e+00 -1.9946e-01 -3.5933e-01 -5.2396e-02 1.0398e-01 5.3535e-01 -7.6557e-01 -1.5053e-01 -1.6124e-01 -2.1293e+00 1.8670e+01 -1.0865e-01 1.1936e-01 -2.2617e-01 3.9950e-04 -7.9118e-02 -2.5835e-01 -3.2007e-02 -5.0061e-01 5.1555e-01 8.3635e-02 4.1817e-01
2.8129e+00 1.1120e-01 6.0184e-01 -3.0507e+00 -3.7931e-02 -5.8644e-01 -9.5191e-01 -8.5643e-01 -2.3665e-01 2.4236e+00 1.8472e-01 -4.2754e-01 -4.8301e-01 -1.7230e-01 3.2267e+00 -1.8322e+00 -3.7071e+00 -4.5557e-02 3.7755e+00 -4.6884e-01 -2.1258e-02 2.8798e+00 7.8346e-01 -1.4457e-01 -3.1614e-01 -4.7742e-01 -1.0672e-01 -3.0817e-02 -1.4243e-01 -3.2067e+00 2.6451e-01 -7.2238e-02 1.8746e-01 2.0349e-02 -1.3971e-01 4.1340e-01 -2.5980e+00 1.2150e-02 -3.8119e-01 -5.9769e-01 -1.0865e-01 1.2920e+01 -4.9174e-02 -1.7514e-01 -4.7315e-03 1.1578e-01 -2.6203e-02 -3.8052e-02 1.5437e-01 1.5995e+00 8.4163e-02 5.2500e-03
-1.0397e-01 -7.3570e-03 -3.9042e-01 -1.7697e-01 -6.9465e-03 -3.9254e-01 -3.7969e-01 2.5163e-01 -1.4166e-01 9.2291e-01 -3.4240e-01 -4.4378e-02 8.8548e-02 1.4679e-01 -2.7563e-01 -2.1285e-01 -2.7145e-01 7.6728e-02 3.5964e-01 3.6535e-02 -5.5126e-02 5.5874e-01 9.0559e-02 -6.3037e-03 -6.9056e-02 -8.1786e-02 -9.8039e-02 -5.7529e-02 2.2393e-03 7.3241e-01 1.2231e-01 -1.1896e-02 -1.4161e-01 -4.7474e-02 -2.6614e-02 6.8040e-03 3.6837e-01 -2.2421e-02 -1.2721e-01 1.5278e-01 1.1936e-01 -4.9174e-02 5.9565e+00 -5.6687e-02 -1.0576e-02 -3.1416e-02 -1.2360e-01 -5.8067e-04 -2.4814e-01 -2.1035e-02 1.8006e-01 1.5786e-01
-8.0518e-01 1.2508e-01 1.3115e-01 -9.1318e-01 -5.2905e-02 -3.8605e-01 -1.5243e+00 -4.2190e-01 -5.7774e-01 -1.9348e+00 1.4946e+00 2.4743e-01 2.4734e-01 -2.0478e-01 1.2050e-01 -2.0284e+00 -2.2972e+00 -1.5745e-01 4.7140e-01 2.0984e+00 1.9472e-03 1.0245e-01 -1.5810e-01 8.9325e-01 -2.4160e-01 9.7929e-01 -3.6474e-01 2.9796e-01 -5.5017e-02 -2.3223e+00 3.5327e-02 -1.4017e-01 -2.5322e-01 -1.6422e-01 -1.1025e+00 -1.9278e-01 -3.0634e+00 -1.5082e-01 6.6740e-02 -7.6338e-01 -2.2617e-01 -1.7514e-01 -5.6687e-02 1.9929e+01 -4.1659e-02 1.8703e-03 3.3648e-02 -1.3250e-01 -1.5531e-01 1.4163e-01 -2.4086e-01 1.5876e+00
3.6833e-01 -1.7578e-01 6.4807e-02 -1.0855e-01 -1.1931e-02 -7.0257e-02 -1.5780e-02 4.4654e-01 -4.8727e-02 4.3981e-02 -3.2218e-01 -8.0334e-01 -8.0586e-01 -9.6167e-02 9.1033e-01 -2.5367e-01 3.7072e-01 -5.6190e-02 2.4422e-01 -3.7448e-02 -5.7561e-02 6.9350e-01 -4.3838e-02 -1.7394e-02 -5.3838e-03 -2.3643e-01 -1.2743e-01 -1.2091e-01 -2.5198e-02 -8.5539e-01 -3.8068e-02 -4.1722e-02 2.9260e-03 -1.5829e-02 -9.1698e-03 -1.9719e-01 -1.5279e+00 -7.6786e-02 5.3081e-01 -2.6088e-01 3.9950e-04 -4.7315e-03 -1.0576e-02 -4.1659e-02 5.3525e+00 -4.2718e-02 -4.8829e-02 -8.1145e-03 -6.9718e-02 -3.1062e-02 -2.5660e-01 1.2276e-02
3.0536e-01 -2.1788e-01 2.4648e-01 -2.3483e-01 -3.1315e-02 -2.5242e-01 1.0502e-01 7.2318e-01 -7.4171e-02 -7.6596e-02 -2.1830e-01 -2.6736e-01 -2.2398e-01 -1.0794e-02 -1.1140e-01 -3.3074e-01 -3.0614e-01 -4.4687e-02 2.1803e-01 -1.3799e-01 -9.9886e-02 1.3663e-01 6.7901e-02 -5.2331e-02 -7.7104e-02 3.3157e-02 -1.6327e-01 4.0682e-01 -3.6447e-02 -2.6796e-01 -3.6903e-02 -2.0868e-02 2.7642e-01 2.4606e-01 -1.4828e-01 -9.0267e-04 3.8715e-01 8.4247e-02 -1.2469e-01 -2.8440e-02 -7.9118e-02 1.1578e-01 -3.1416e-02 1.8703e-03 -4.2718e-02 7.5671e+00 -7.0488e-02 -2.2051e-02 8.4833e-05 2.0155e-01 -2.3977e-01 -6.9227e-02
3.5781e+00 -3.1612e-01 3.8225e+00 2.9033e+00 -1.8734e-02 7.4012e+00 9.5849e-01 -1.0344e+00 -3.0301e-01 -1.4184e+00 4.1044e-01 7.2884e+00 7.1292e+00 -5.4661e-01 -2.4108e+00 2.8608e-01 -1.3902e+00 -4.8829e-02 -5.2120e-01 1.2549e-01 -1.2805e-01 2.7700e+00 -1.2119e-01 -3.5513e-02 -3.9688e-01 9.0838e-01 -4.6129e-01 -8.9678e-01 -1.6816e-01 4.7826e+00 -8.7237e-02 -1.3484e-01 -9.5059e-02 -1.8038e-01 -3.2227e-02 -2.4075e-01 3.7334e+00 -1.6553e-01 -9.3142e-02 -6.1857e-01 -2.5835e-01 -2.6203e-02 -1.2360e-01 3.3648e-02 -4.8829e-02 -7.0488e-02 1.7798e+01 -1.3497e-02 9.6551e+00 -1.7891e-01 -2.9646e-01 -1.1550e-01
-1.5032e-01 -1.0798e-01 3.0209e-01 -2.0812e-01 -6.1090e-03 -1.2771e-01 -5.8628e-01 -8.2265e-02 3.9705e-03 2.1535e-01 -3.2780e-02 8.7202e-02 3.2765e-01 7.3957e-02 2.8692e-01 -4.2253e-01 -5.1525e-01 -3.4017e-02 3.7036e-01 -1.4922e-01 -2.0602e-02 5.0457e-01 -3.6275e-02 -3.5210e-02 1.2796e-02 -1.2118e-01 -3.1353e-03 -3.3769e-02 -3.1991e-02 -7.5637e-01 -2.5239e-02 8.3730e-02 2.9055e-01 9.1385e-03 -5.6192e-02 7.6778e-02 -8.2127e-01 -2.4875e-02 6.6315e-02 -1.2961e-01 -3.2007e-02 -3.8052e-02 -5.8067e-04 -1.3250e-01 -8.1145e-03 -2.2051e-02 -1.3497e-02 5.1216e+00 -6.3657e-02 1.7571e-01 -2.3394e-02 -9.9019e-02
3.0070e+00 5.8081e-01 3.7281e+00 1.8006e+00 -4.2990e-02 5.2154e+00 1.0868e+00 8.9790e-01 5.3256e-01 -2.4034e+00 1.7766e-01 4.9861e+00 5.3919e+00 3.8591e-01 -5.9985e-01 -4.9635e-02 -3.9024e-01 -2.4214e-02 -1.1234e+00 -1.6963e-01 -1.9921e-01 1.2794e+00 -1.8419e-01 -2.5410e-03 -2.3984e-01 -3.0931e-01 2.7941e-01 -1.5403e+00 -4.5637e-02 6.2208e+00 1.5739e-02 -1.5962e-01 -5.7272e-01 -4.2624e-01 -2.7582e-01 4.4777e-01 4.5248e+00 -3.4003e-01 -2.4432e-01 1.4798e+00 -5.0061e-01 1.5437e-01 -2.4814e-01 -1.5531e-01 -6.9718e-02 8.4833e-05 9.6551e+00 -6.3657e-02 2.5939e+01 -2.2049e-01 -7.0022e-01 -1.0469e+00
-9.0684e-02 5.3485e-02 -5.9588e-01 -1.3059e+00 1.1303e-03 -4.9166e-01 3.0490e-02 -5.3670e-02 1.2039e+00 2.1340e+00 -5.0374e-02 -4.0162e-01 -4.9508e-01 -3.2742e-01 5.5502e-01 2.8122e-01 -3.7930e-01 -4.9773e-02 4.5892e-01 -1.6100e-01 -2.0698e-02 -7.2621e-01 1.5794e-02 -8.1434e-02 -3.1557e-01 -2.9543e-01 5.7837e-02 -3.5875e-01 -9.5490e-02 8.1068e-01 2.6655e-01 4.7340e-02 5.3108e-02 -7.5186e-02 -1.3570e-01 4.0789e-02 -1.3295e-01 -4.2641e-02 -3.5280e-01 1.4357e-01 5.1555e-01 1.5995e+00 -2.1035e-02 1.4163e-01 -3.1062e-02 2.0155e-01 -1.7891e-01 1.7571e-01 -2.2049e-01 1.0272e+01 -4.0705e-01 -2.2139e-01
2.6738e-01 4.1354e+00 -4.8324e-01 -2.6442e-01 2.6082e-01 -1.4798e+00 8.7989e-01 1.4729e+00 -5.6947e-01 -2.6037e+00 -1.7954e+00 -4.3440e+00 -2.8038e+00 1.3189e+00 1.1725e+01 6.3004e-01 8.7830e+00 2.9225e-01 -1.1301e+00 -3.9258e-03 -2.7429e-01 -1.6864e-01 7.8947e-03 2.8292e-01 -2.4034e-01 3.4640e-01 2.0962e+00 1.1681e+00 3.8053e-02 3.6209e+00 6.2697e-01 -2.0366e-01 3.6552e-01 1.2953e-01 -1.0621e+00 3.9101e+00 1.8641e+01 1.1075e-01 -1.2540e+00 2.7109e+00 8.3635e-02 8.4163e-02 1.8006e-01 -2.4086e-01 -2.5660e-01 -2.3977e-01 -2.9646e-01 -2.3394e-02 -7.0022e-01 -4.0705e-01 3.2217e+01 -8.0938e-01
-3.6737e+00 -1.0283e+00 -3.1376e-02 -4.9558e-01 1.8657e-02 -3.0306e-01 9.0078e-03 3.5833e+00 -2.7859e+00 -2.7951e+00 -2.6841e+00 -2.4059e+00 -2.1179e+00 1.3460e+00 -1.4041e+00 2.1643e+01 3.4259e+00 6.7309e-01 7.7682e+00 -1.0275e-01 1.6983e-01 1.8444e+00 2.3638e-01 -8.3275e-03 -1.2126e-01 -7.6443e-01 -2.3016e-01 4.9674e-01 1.3053e-02 -1.9129e+00 2.1005e-01 1.7659e-01 -4.7835e-01 -1.7268e-01 -7.5653e-02 2.5883e+00 2.1821e-01 9.7002e-02 -2.2366e-01 -4.3482e-01 4.1817e-01 5.2500e-03 1.5786e-01 1.5876e+00 1.2276e-02 -6.9227e-02 -1.1550e-01 -9.9019e-02 -1.0469e+00 -2.2139e-01 -8.0938e-01 3.0624e+01
