5.414240099999999245e+01 -7.955873000000008410e+00 1.429060000000001440e-01 -5.692722999999997313e+00 -3.805684999999999540e+00 -7.839640000000003273e-01 6.503510000000003899e+00 -1.282181999999997934e+00 3.480900000000097805e-02 -8.643033999999998329e+00 -9.718849999999989997e-01 4.388888999999998930e+00 -5.513088000000011313e+00 2.121660000000000490e-01 -2.852498999999998119e+00 4.137550000000008721e-01 2.109156499999999212e+01 -7.977019999999993560e-01 -2.788615000000000066e+00 1.280979000000000534e+00 -4.954560999999997328e+00 -1.551540000000000141e-01 -9.292699000000000709e+00 -1.525373000000000534e+00 2.136869799999999486e+01 -8.245639999999995196e-01 -6.426282999999991752e+00 -1.088579999999999437e+00 -7.420020000000002725e-01 2.144267499999999060e+01 2.431583100000000996e+01 -9.023199999999988175e-02 -1.645330000000001514e-01 -4.688155999999998436e+00 -1.932021000000000654e+00 -1.222901099999999808e+01 -1.355978000000001238e+00 -2.017475999999998493e+00 -9.791219999999992707e-01 2.185099999999990175e-02 2.049274999999998847e+00 2.410604999999999443e+00 -9.722710000000005515e-01 -1.093709999999998850e-01 6.190700000000004533e-01 -3.732810000000002515e-01 -2.162299999999999223e-01 5.242899999999987154e-02 -2.980489999999998973e-01 -8.973500000000000920e-02 -3.148999999999992083e-02 7.517700000000021587e-02
-7.955873000000008410e+00 4.797725400000023654e+01 -2.184281700000000370e+01 2.205586200000000119e+01 9.531926000000000343e+00 -9.698939999999954820e-01 -8.647499999999987974e-01 -1.022022900000001577e+01 3.388199000000005956e+00 -1.653856999999999688e+00 2.748684999999999601e+00 -1.850705500000000114e+01 1.568958400000002484e+01 9.002800000000017733e-02 -9.622870000000000035e-01 -6.934040000000009085e-01 1.117660000000001708e-01 -5.781290000000000040e-01 2.680700000000014321e-02 -5.292699999999983529e-02 -2.440719999999996226e-01 -8.368999999999959805e-02 -4.773650000000015936e-01 1.685572000000000958e+00 9.497800000000000686e-02 -1.944160000000000332e+00 -2.319874999999999687e+00 -4.590110000000000579e-01 1.661609999999998644e-01 5.573990000000000888e-01 -1.687690000000001245e+00 1.718400000000004646e-02 -2.541520000000004331e-01 3.940900000000008285e-01 -9.782799999999981788e-02 1.009680000000003630e-01 -3.083436999999994654e+00 -1.427817000000000336e+00 2.486000000000038526e-03 1.304200000000014376e-02 6.897979999999993561e-01 -5.603750000000008447e-01 3.550599999999998202e-02 -2.106099999999996863e-02 1.944000000000000450e-01 -1.428530000000000078e-01 -4.927219999999999378e-01 -1.137750000000000428e-01 7.642800000000013472e-02 -2.109109999999995710e-01 1.960423999999999722e+00 -2.386458999999998110e+00
1.429060000000001440e-01 -2.184281700000000370e+01 8.047511100000005513e+01 -3.380255299999993923e+01 -1.410514500000001092e+01 -1.014576099999999670e+01 -1.557929799999999609e+01 1.172085000000005373e+00 -2.878554999999996422e+00 1.660697099999999793e+01 -6.007410999999999390e+00 3.387221400000007776e+01 -2.983542999999999168e+01 -1.705900000000002206e-02 -3.059000000001350569e-03 6.359400000000012265e-02 -7.695535000000000458e+00 -6.448929999999994944e-01 5.672518999999997646e+00 -7.610229999999993389e-01 9.946692000000000533e+00 -3.011415999999999205e+00 -2.287583000000001476e+00 2.885880000000016210e-01 -6.040656000000002024e+00 3.226644999999995544e+00 8.063530000000008968e+00 -1.837374000000000507e+00 2.917059999999998543e-01 -6.163503999999999650e+00 2.587344999999998230e+00 -4.131709999999990668e-01 1.212279999999998775e-01 4.399271000000002374e+00 -9.993500000000000993e-02 6.357680000000001108e+00 3.794055000000001954e+00 4.390305999999997155e+00 4.047659999999996816e-01 -2.148890000000001077e-01 8.405999999999720987e-03 -1.106285000000000407e+00 3.986450000000000826e-01 1.763699999999995827e-02 7.098099999999997467e-02 -7.900200000000004441e-02 2.252339999999998787e-01 1.823735000000000550e+00 1.013142999999999905e+00 -3.036949999999996597e-01 5.948467000000000837e+00 4.581758000000008657e+00
-5.692722999999997313e+00 2.205586200000000119e+01 -3.380255299999993923e+01 4.880909700000017182e+01 1.578104299999999505e+01 -1.924395999999999995e+00 -4.917759999999987697e-01 -7.016852000000010747e+00 9.031960000000021083e-01 -1.055650999999999229e+00 2.509672999999998932e+00 -3.431166799999998318e+01 2.472728799999997307e+01 5.876400000000001761e-02 -9.990179999999992955e-01 -1.760689999999998367e-01 -2.816830000000001277e-01 -4.795470000000001676e-01 3.985529999999998241e-01 1.985200000000003628e-02 7.026500000000013291e-02 -2.782889999999997865e-01 -1.471194000000002777e+00 2.213349999999997930e+00 1.122950000000003667e-01 -2.767112999999999712e+00 -4.625176999999993654e+00 -1.815579999999997751e-01 -7.947600000000007436e-02 7.915449999999994990e-01 -2.961359999999985670e-01 3.692309999999998649e-01 -1.572799999999995590e-01 1.711270000000005842e-01 -1.579799999999997179e-02 2.751890000000014602e-01 -5.010401000000006988e+00 -1.194878999999999802e+00 -2.248509999999999676e-01 -1.807689999999995689e-01 7.593699999999987960e-02 -4.902999999999986536e-02 1.404350000000001153e-01 -8.769000000000004222e-03 -4.976720000000008359e-01 -7.446899999999995190e-02 -1.993150000000000199e-01 -8.805680000000011276e-01 -4.285699999999982579e-02 -5.519199999999985229e-02 7.229172000000001042e+00 -9.520672999999991504e+00
-3.805684999999999540e+00 9.531926000000000343e+00 -1.410514500000001092e+01 1.578104299999999505e+01 2.989055599999998236e+01 -1.194172999999999263e+00 -1.768651999999998337e+00 -3.914179000000003406e+00 4.527570000000032957e-01 -7.857839999999982616e-01 -2.029195000000003191e+00 -1.211823200000000789e+01 1.211113299999999882e+01 1.446940000000002113e-01 -4.437849999999997075e-01 -1.652735000000001175e+00 6.738600000000026513e-02 -1.136089999999998351e-01 7.959599999999988906e-01 -1.851799999999997892e-01 1.593050000000000299e-01 -3.926110000000000433e-01 -4.973980000000012835e-01 9.652790000000001092e-01 -1.389579999999997484e-01 -1.378491000000000577e+00 -5.569889999999990682e-01 7.717300000000007487e-02 -1.451812999999999576e+00 -2.671929999999995697e-01 -1.651086999999997307e+00 3.058429999999995319e-01 -1.028499999999998686e-02 7.272779999999999800e-01 -2.056229999999998337e-01 4.070970000000019851e-01 -2.102769999999997363e+00 -7.386700000000007149e-01 8.888000000000097212e-03 1.860800000000010015e-02 1.860789999999998612e+00 -5.299899999999991423e-02 6.997699999999998366e-02 2.088500000000002160e-02 -4.721410000000009211e-01 -7.134799999999978659e-02 1.715700000000000558e-02 -8.164350000000016871e-01 1.846000000000005276e-02 1.828220000000004009e-01 -3.750819999999998600e-01 5.313620000000018884e-01
-7.839640000000003273e-01 -9.698939999999954820e-01 -1.014576099999999670e+01 -1.924395999999999995e+00 -1.194172999999999263e+00 8.872555199999999331e+01 -1.166182699999999528e+01 1.119520800000000627e+01 3.790418899999998814e+01 -2.311748599999999954e+01 1.002554300000000254e+01 -9.851660000000004302e+00 1.073934499999999659e+01 -4.672060000000007873e-01 -6.055660000000001597e-01 -3.294690000000002894e-01 -2.689574999999999161e+00 7.382819999999985505e-01 -3.391634999999999955e+00 -6.549231000000000691e+00 3.167440000000001921e-01 1.343501300000000676e+01 3.300089999999999968e-01 -1.585063000000000999e+00 2.992410000000001458e-01 4.795549000000006501e+00 -3.758045600000005493e+01 -8.303404000000002227e+00 -1.249384000000001160e+00 2.162395999999997542e+00 -6.058300000000001795e+00 2.442339999999997568e-01 2.492399999999999616e-01 -7.806719999999996773e+00 1.252080000000002080e-01 1.642702900000000810e+01 -5.918838999999997519e+00 2.673209999999998643e-01 1.262507999999999297e+00 2.949303000000000896e+00 5.344619999999992155e-01 4.045849999999997504e-01 -3.201749999999998764e-01 1.030590000000001366e-01 6.048119999999995722e-01 6.147599999999996401e-01 -6.441040000000000099e-01 -3.223549999999997695e+00 6.346349999999995051e-01 -2.165100000000002439e-02 7.097500000000009357e-02 -1.255419999999999314e-01
6.503510000000003899e+00 -8.647499999999987974e-01 -1.557929799999999609e+01 -4.917759999999987697e-01 -1.768651999999998337e+00 -1.166182699999999528e+01 1.094369449999999375e+02 -2.206934999999997871e+00 -2.471318000000004389e+01 -5.899723999999991086e+00 -7.717368000000000450e+00 -1.614633000000000207e+00 1.755165000000002529e+00 -2.621309999999998364e-01 4.976700000000140039e-02 8.937299999999993860e-02 -1.631551000000002416e+00 -6.676440000000004593e-01 -5.538755999999996682e+00 5.828047999999999895e+00 -1.015383099999999672e+01 -4.200668000000002067e+00 5.857202999999999271e+00 -3.679680999999999980e+00 2.200930999999998416e+00 -1.527003000000000554e+00 1.863148800000000449e+01 7.154495000000004268e+00 -6.380319999999988223e-01 -2.559644999999993953e+00 -6.524553000000003600e+00 -9.882999999999994567e-02 4.506700000000000705e-01 2.008387999999999174e+00 1.391150000000000331e+00 1.254105199999998277e+01 -1.497199999999999642e+00 -2.210179000000001004e+00 4.384258999999996576e+00 5.425160000000002203e-01 -2.054584999999998995e+00 2.541739000000000193e+00 -1.455920000000000547e-01 4.340720000000000134e-01 -5.808479999999994758e-01 -9.768149999999998778e-01 7.224319999999997410e-01 -1.272127999999999703e+00 9.017269999999991681e-01 -8.122000000000000053e-02 -5.857200000000002682e-02 -2.686899999999856070e-02
-1.282181999999997934e+00 -1.022022900000001577e+01 1.172085000000005373e+00 -7.016852000000010747e+00 -3.914179000000003406e+00 1.119520800000000627e+01 -2.206934999999997871e+00 8.534834200000008764e+01 1.113044000000000899e+01 -1.909859999999999047e+01 -1.531639700000000559e+01 -2.412994000000002526e+00 6.375869999999954629e-01 -3.288130000000000774e-01 -2.525399999999990985e-01 -4.455990000000008000e-01 3.010872000000002657e+00 9.440040000000007314e-01 -4.065750000000001307e+00 -4.496423999999994869e+00 9.334229999999992256e-01 -5.774502999999999275e+00 -7.109499999999995268e-01 -1.092603999999998354e+00 1.075690000000002755e-01 -1.867640000000001521e+00 -1.724805000000001920e+00 -1.025378700000001153e+01 -7.273209999999991071e-01 -1.582040000000016211e-01 -1.082958199999998783e+01 -4.589279999999994475e-01 -2.268579999999998098e-01 -8.820490999999998749e+00 -2.262739999999997809e-01 1.407190699999998529e+01 1.539062799999999420e+01 2.386091999999999214e+00 -1.255983000000000294e+00 -1.892464000000001700e+00 -1.879399999999987192e-01 7.975060000000007143e-01 -8.243600000000006478e-02 1.732730000000000659e-01 6.535679999999997047e-01 1.252488000000000712e+00 -3.261200000000002985e-01 -8.241740000000002953e-01 -7.702700000000024805e-02 2.745630000000000015e-01 -3.825760000000000827e-01 -4.777609999999987145e-01
3.480900000000097805e-02 3.388199000000005956e+00 -2.878554999999996422e+00 9.031960000000021083e-01 4.527570000000032957e-01 3.790418899999998814e+01 -2.471318000000004389e+01 1.113044000000000899e+01 9.022564600000004020e+01 -3.442027699999994184e+01 3.018762000000001056e+00 -2.861478100000001135e+01 2.961340600000001189e+01 1.695180000000003906e-01 9.926020000000003174e-01 6.445209999999994555e-01 1.231425000000001102e+00 3.486840000000005491e-01 -5.572822000000000386e+00 -8.317038000000012588e+00 -2.331509999999994420e-01 7.404959999999998210e+00 -1.119309999999998695e+00 -2.339895999999996867e+00 -7.028499999999980874e-01 -5.945900000000006180e-01 -4.642579200000006523e+01 -1.189368299999998513e+01 1.196869000000000183e+00 -5.319099999999982176e-01 3.446782500000006166e+01 -1.341899999999992057e-02 3.840570000000002593e-01 -1.254302900000000243e+01 -1.669719999999996762e-01 7.448880000000026591e+00 -9.928514000000024708e+00 -1.104502000000000095e+00 -2.157139999999999336e-01 1.407181999999997934e+00 -6.483600000000010466e-01 1.766929999999999890e-01 1.988970000000002680e-01 1.064729999999999149e-01 -6.702940000000005005e-01 7.044910000000000894e-01 -9.915799999999994618e-01 -3.824821999999993949e+00 3.138499999999999068e-01 1.170180000000000387e-01 2.046000000000043010e-03 -1.560699999999987098e-01
-8.643033999999998329e+00 -1.653856999999999688e+00 1.660697099999999793e+01 -1.055650999999999229e+00 -7.857839999999982616e-01 -2.311748599999999954e+01 -5.899723999999991086e+00 -1.909859999999999047e+01 -3.442027699999994184e+01 8.679267999999991900e+01 -2.276251999999998610e+00 3.804253000000005436e+00 -6.069766999999998802e+00 -7.824399999999995248e-02 -5.406001000000001611e+00 -4.968100000000001959e-01 -1.342858699999999317e+01 -1.049681000000000308e+00 1.101268400000000014e+01 6.230799999999998562e+00 9.245661999999995828e+00 -3.902280000000000637e+00 -5.375763000000004510e+00 -2.508572999999999720e+00 -9.681521000000005372e+00 -1.922470000000002233e-01 2.114922199999998043e+01 1.489036699999999769e+01 -1.950931999999999000e+00 -1.023516100000000151e+01 -2.393223499999999504e+01 2.754439999999999666e-01 -4.607550000000000257e-01 2.015947299999998776e+01 -8.928360000000010732e-01 -6.917127999999991061e+00 6.947260000000006208e-01 1.109049000000000618e+00 -8.808099999999998708e-01 -7.177109999999997658e-01 -2.624609999999996668e-01 -8.031260000000004506e-01 -1.130100000000003047e-01 1.844459999999999156e-01 2.261330000000005558e-01 -1.101919000000000981e+00 6.061199999999997701e-01 1.463298999999999461e+00 7.453810000000004043e-01 -7.576500000000005453e-02 7.579799999999996263e-02 -1.884239999999998416e-01
-9.718849999999989997e-01 2.748684999999999601e+00 -6.007410999999999390e+00 2.509672999999998932e+00 -2.029195000000003191e+00 1.002554300000000254e+01 -7.717368000000000450e+00 -1.531639700000000559e+01 3.018762000000001056e+00 -2.276251999999998610e+00 3.695123700000006295e+01 -4.901679000000010333e+00 4.330078999999998679e+00 -1.158980000000000565e-01 -6.953319999999992840e-01 -1.077319999999999667e-01 -1.704715999999999898e+00 6.002069999999998240e-01 -5.923160000000002867e-01 -1.344386999999998000e+00 -2.976009999999999489e-01 -1.328332999999999098e+00 6.604740000000000055e-01 -1.974739999999999718e+00 2.222809999999995900e-01 -3.430769999999992437e-01 -8.495766999999998959e+00 2.777180000000000426e+00 1.403536999999999590e+00 -1.311114000000000335e+00 1.311365599999999887e+01 1.024069999999999980e-01 -1.246890000000000914e-01 -1.040584000000001064e+00 2.656920000000003168e-01 -2.969307000000002805e+00 -1.275037999999999450e+00 -4.417679999999998830e-01 1.115708000000002142e+00 -1.034341999999999429e+00 -7.644349999999993095e-01 3.500899999999989437e-02 -6.888800000000004642e-02 3.387999999999981738e-03 -2.839619999999999922e-01 -5.377189999999997250e-01 -2.064460000000001572e-01 -2.398739999999999206e-01 -6.853619999999993606e-01 -2.034990000000002353e-01 2.662000000000015916e-03 -3.468430000000001234e-01
4.388888999999998930e+00 -1.850705500000000114e+01 3.387221400000007776e+01 -3.431166799999998318e+01 -1.211823200000000789e+01 -9.851660000000004302e+00 -1.614633000000000207e+00 -2.412994000000002526e+00 -2.861478100000001135e+01 3.804253000000005436e+00 -4.901679000000010333e+00 1.125492220000001993e+02 -8.072268800000006195e+01 -5.706240000000000201e-01 1.169150999999998275e+00 5.541070000000002382e-01 -2.944215999999999500e+00 2.272750000000003101e-01 3.088762999999995262e+00 -1.184833999999999721e+00 -5.080539999999995615e-01 -3.636890000000001955e+00 2.164896000000002818e+00 4.260795999999997363e+00 -1.198535999999999824e+00 -6.062019999999995745e-01 4.551839900000002359e+01 -1.095992000000001632e+00 1.130469999999994812e-01 -2.711751999999999274e+00 -1.645353400000000477e+01 -1.077390000000002235e-01 8.235199999999989751e-02 -2.816756999999993738e+00 -5.447530000000000427e-01 -4.554973999999999634e+00 1.368187199999999315e+01 -7.606600000000016126e-02 1.136850999999999612e+00 -1.285033999999999343e+00 7.794377999999993811e+00 -1.909100000000000241e-01 -2.104199999999998294e-01 6.170799999999995039e-02 -8.237000000000019306e-02 2.467540000000001954e-01 1.320949999999999347e-01 6.224361000000003585e+00 8.525080000000012648e-01 -4.889429999999996834e-01 -5.908946000000001142e+00 1.974465500000004781e+01
-5.513088000000011313e+00 1.568958400000002484e+01 -2.983542999999999168e+01 2.472728799999997307e+01 1.211113299999999882e+01 1.073934499999999659e+01 1.755165000000002529e+00 6.375869999999954629e-01 2.961340600000001189e+01 -6.069766999999998802e+00 4.330078999999998679e+00 -8.072268800000006195e+01 8.591101800000006961e+01 4.035549999999998860e-01 -1.216256000000002890e+00 -4.649340000000002360e-01 1.470755000000001367e+00 -2.708749999999990887e-01 -3.108026999999997653e+00 9.679049999999990161e-01 3.154359999999994946e-01 3.339990999999998600e+00 -3.066096999999999628e+00 -2.754648999999995240e+00 4.032799999999999718e-01 -1.873212000000001209e+00 -4.362448899999992591e+01 5.464799999999999658e-01 6.146529999999994498e-01 2.040071000000000190e+00 1.535822100000000567e+01 -1.433959999999998014e-01 1.160400000000002055e-02 2.808964999999995271e+00 3.266069999999997031e-01 1.062194000000000083e+00 -1.341822000000001935e+01 -7.896350000000000868e-01 -1.555963999999999681e+00 1.151175000000000059e+00 -7.596886999999999723e+00 2.102479999999996574e-01 2.085160000000001457e-01 -1.204040000000000527e-01 1.463130000000001929e-01 -5.008700000000014529e-02 -1.473879999999997970e-01 -6.307308999999996502e+00 -7.795199999999998797e-01 4.084270000000000955e-01 1.856579999999999342e-01 3.172568000000005384e+00
2.121660000000000490e-01 9.002800000000017733e-02 -1.705900000000002206e-02 5.876400000000001761e-02 1.446940000000002113e-01 -4.672060000000007873e-01 -2.621309999999998364e-01 -3.288130000000000774e-01 1.695180000000003906e-01 -7.824399999999995248e-02 -1.158980000000000565e-01 -5.706240000000000201e-01 4.035549999999998860e-01 4.098992000000013292e+00 -1.753940000000000221e-01 -4.819500000000004336e-02 -3.536170000000000702e-01 -4.576599999999998031e-02 8.567599999999998828e-02 -3.480999999999999373e-02 1.886769999999999559e-01 -1.502330000000001164e-01 -2.072059999999998903e-01 1.385409999999999142e-01 -3.009180000000000743e-01 1.264899999999998526e-01 8.545000000000010365e-01 -2.094700000000000381e-02 -1.133869999999999600e-01 -3.182339999999999058e-01 -3.826750000000002094e-01 -2.390199999999999617e-02 -2.079500000000000445e-02 1.402580000000000215e-01 -3.535399999999998960e-02 2.966800000000011789e-02 9.364950000000008545e-01 -7.761999999999972914e-03 -9.544400000000001494e-02 -9.337899999999994816e-02 -4.186100000000002319e-02 -6.969299999999999107e-02 -2.916199999999999695e-02 1.199999999999999895e-03 1.903100000000000624e-02 -2.024299999999998670e-02 -1.158399999999999881e-02 -1.109220000000000206e-01 1.891999999999994728e-02 -1.559499999999999255e-02 7.912999999999987752e-03 1.056710000000001676e-01
-2.852498999999998119e+00 -9.622870000000000035e-01 -3.059000000001350569e-03 -9.990179999999992955e-01 -4.437849999999997075e-01 -6.055660000000001597e-01 4.976700000000140039e-02 -2.525399999999990985e-01 9.926020000000003174e-01 -5.406001000000001611e+00 -6.953319999999992840e-01 1.169150999999998275e+00 -1.216256000000002890e+00 -1.753940000000000221e-01 3.115690700000001812e+01 9.057860000000000911e-01 3.351320999999996886e+00 9.662000000000169064e-02 -7.810069999999998958e-01 1.870067000000000146e+00 -1.042999000000000009e+00 -3.134980000000002764e-01 -4.275088000000000221e+00 1.710617699999999530e+01 -2.947489999999999721e+00 1.762179999999999580e-01 7.456136000000001651e+00 -8.327859999999999152e-01 1.488850000000006002e-01 -3.166818999999999384e+00 5.370406000000000901e+00 -1.078570000000000917e-01 3.464140000000002217e-01 8.387100000000000666e-01 -2.800670000000000659e-01 5.259460000000001356e-01 2.993400000000005778e-02 -1.845542999999999934e+00 -3.210740000000003591e-01 -2.192249999999998644e-01 -4.993599999999995265e-02 -2.380980000000001706e-01 -4.247199999999998199e-01 -9.675400000000006218e-02 -2.590599999999999015e-01 6.133249999999997870e-01 -6.075800000000001339e-02 -2.842870000000003450e-01 1.528350000000001097e-01 2.888300000000005446e-02 -7.067329999999998336e-01 6.160429999999994521e-01
4.137550000000008721e-01 -6.934040000000009085e-01 6.359400000000012265e-02 -1.760689999999998367e-01 -1.652735000000001175e+00 -3.294690000000002894e-01 8.937299999999993860e-02 -4.455990000000008000e-01 6.445209999999994555e-01 -4.968100000000001959e-01 -1.077319999999999667e-01 5.541070000000002382e-01 -4.649340000000002360e-01 -4.819500000000004336e-02 9.057860000000000911e-01 8.886336000000017776e+00 -7.661420000000002117e-01 3.735200000000002407e-01 -1.456349999999999589e-01 -1.239249999999999935e-01 -1.612900000000000444e-01 -3.207299999999999041e-02 -7.375299999999995748e-02 1.692433999999999772e+00 -4.608400000000000829e-01 -9.200599999999987955e-02 1.864083000000000601e+00 -1.386209999999999942e-01 -1.162760000000000876e-01 5.958879999999991961e-01 2.006303000000002612e+00 8.137099999999991562e-02 -1.505700000000000441e-02 -1.633150000000001545e-01 -1.831079999999999652e-01 -4.979319999999994861e-01 -5.677899999999976716e-02 -3.822010000000001240e-01 -2.194380000000000497e-01 -3.274700000000002609e-02 -1.446939999999999893e-01 6.619780000000002884e-01 7.104700000000004068e-02 -2.838400000000000645e-02 -2.913599999999999524e-02 2.778580000000000494e-01 -4.437700000000003447e-02 -1.470349999999997215e-01 1.112610000000000682e-01 -2.847499999999998990e-02 1.205570000000000669e-01 -4.097740000000001381e-01
2.109156499999999212e+01 1.117660000000001708e-01 -7.695535000000000458e+00 -2.816830000000001277e-01 6.738600000000026513e-02 -2.689574999999999161e+00 -1.631551000000002416e+00 3.010872000000002657e+00 1.231425000000001102e+00 -1.342858699999999317e+01 -1.704715999999999898e+00 -2.944215999999999500e+00 1.470755000000001367e+00 -3.536170000000000702e-01 3.351320999999996886e+00 -7.661420000000002117e-01 6.686888799999998412e+01 -1.650894000000000306e+00 -5.076286000000000520e+00 1.777722000000000913e+00 -6.183279000000001524e+00 4.901769999999996963e-01 -5.687412000000002799e+00 8.109496000000005367e+00 2.043818799999998959e+01 6.490540000000005749e-01 -3.914741000000001581e+00 -9.938990000000001990e-01 3.003618000000001675e+00 1.912598799999999599e+01 1.469771099999999819e+01 -3.023080000000000767e-01 2.592459999999998099e-01 -2.203337999999994690e+00 -1.716206000000000342e+00 -1.442960099999999990e+01 1.144662000000000512e+00 -1.155489000000000210e+00 -2.199464999999998227e+00 -3.896699999999996278e-01 7.461700000000030808e-02 1.595114000000000365e+00 -1.456568999999999781e+00 -2.631970000000001253e-01 -7.993389999999999107e-01 -8.773800000000019084e-02 -1.124669999999999975e-01 6.699549999999999672e-01 -2.488779999999997383e-01 8.169449999999993661e-01 -1.032889999999999642e-01 -1.970249999999995338e-01
-7.977019999999993560e-01 -5.781290000000000040e-01 -6.448929999999994944e-01 -4.795470000000001676e-01 -1.136089999999998351e-01 7.382819999999985505e-01 -6.676440000000004593e-01 9.440040000000007314e-01 3.486840000000005491e-01 -1.049681000000000308e+00 6.002069999999998240e-01 2.272750000000003101e-01 -2.708749999999990887e-01 -4.576599999999998031e-02 9.662000000000169064e-02 3.735200000000002407e-01 -1.650894000000000306e+00 1.105870800000000997e+01 -4.329759999999998055e-01 -3.005599999999997718e-01 1.607995000000000063e+00 -1.312719999999998333e-01 -7.266870000000004159e-01 -6.519239999999998370e-01 -1.163588000000000067e+00 -6.123700000000002058e-02 -1.345862000000000336e+00 -3.952729999999996524e-01 -2.492859999999999243e-01 -1.369202000000000252e+00 -8.680099999999991711e-01 -5.719900000000005535e-02 -3.075000000000007415e-03 -8.198869999999998104e-01 3.263822999999999475e+00 2.474921999999999400e+00 -3.759500000000002840e-01 -4.654330000000000966e-01 -1.704510000000000469e-01 3.830599999999995120e-02 -2.076890000000001235e-01 -1.356940000000000646e-01 -9.612000000000003874e-02 4.384499999999999509e-02 6.524350000000006533e-01 -1.329020000000000479e-01 3.645000000000005007e-03 -6.947800000000002585e-02 -8.640599999999995506e-02 -6.185699999999997450e-02 -6.214179999999998039e-01 1.207790000000000669e-01
-2.788615000000000066e+00 2.680700000000014321e-02 5.672518999999997646e+00 3.985529999999998241e-01 7.959599999999988906e-01 -3.391634999999999955e+00 -5.538755999999996682e+00 -4.065750000000001307e+00 -5.572822000000000386e+00 1.101268400000000014e+01 -5.923160000000002867e-01 3.088762999999995262e+00 -3.108026999999997653e+00 8.567599999999998828e-02 -7.810069999999998958e-01 -1.456349999999999589e-01 -5.076286000000000520e+00 -4.329759999999998055e-01 2.847351500000001323e+01 -3.510799999999997811e-01 6.159691999999999723e+00 -1.084419999999998857e-01 -2.874315000000000619e+00 -8.041780000000001705e-01 -3.302382999999999846e+00 -5.790300000000003777e-02 7.866497999999987556e+00 5.472779999999999312e-01 -1.856690000000000840e-01 -3.797639000000001541e+00 -3.805119999999998726e+00 1.597539999999999794e-01 -7.140800000000001313e-02 8.195560000000002843e-01 9.679199999999994752e-02 -8.765769999999999396e-01 -1.215741000000000849e+00 2.891272999999999538e+00 -3.458389999999999520e-01 -3.583500000000001268e-02 -7.713170000000003634e-01 -1.123082999999999831e+00 3.077610000000000623e-01 1.974509999999999876e-01 -2.370220000000001492e-01 -1.304129999999999179e-01 -5.357700000000004820e-02 -3.242119999999998337e-01 -2.010389999999999677e-01 -1.428850000000000120e-01 2.892800000000000232e-02 2.446699999999997488e-02
1.280979000000000534e+00 -5.292699999999983529e-02 -7.610229999999993389e-01 1.985200000000003628e-02 -1.851799999999997892e-01 -6.549231000000000691e+00 5.828047999999999895e+00 -4.496423999999994869e+00 -8.317038000000012588e+00 6.230799999999998562e+00 -1.344386999999998000e+00 -1.184833999999999721e+00 9.679049999999990161e-01 -3.480999999999999373e-02 1.870067000000000146e+00 -1.239249999999999935e-01 1.777722000000000913e+00 -3.005599999999997718e-01 -3.510799999999997811e-01 1.831928499999999715e+01 -3.469799999999999968e-02 -6.006639999999996427e-01 -4.822589999999997157e-01 -1.177459000000000255e+00 1.025349999999999540e+00 1.038716999999999002e+00 3.355203000000000824e+00 6.129823000000004463e+00 -2.623139999999997141e-01 7.702179999999998472e-01 -6.221989999999998355e-01 -4.988200000000005824e-02 -3.382499999999999396e-02 5.919148000000002519e+00 1.546549999999999592e-01 -2.149920000000001163e+00 -7.773469999999992330e-01 -2.621469999999999079e-01 -2.475520000000000775e-01 -2.177819999999998923e-01 -4.093389999999997864e-01 -4.144000000000074707e-03 -1.459690000000000432e-01 -3.821000000000002172e-02 -2.767600000000000962e-02 -2.602079999999998838e-01 5.579459999999998310e-01 -8.382299999999996698e-02 -3.119830000000001213e-01 1.876299999999993598e-02 -7.402999999999999858e-03 -7.065999999999990344e-02
-4.954560999999997328e+00 -2.440719999999996226e-01 9.946692000000000533e+00 7.026500000000013291e-02 1.593050000000000299e-01 3.167440000000001921e-01 -1.015383099999999672e+01 9.334229999999992256e-01 -2.331509999999994420e-01 9.245661999999995828e+00 -2.976009999999999489e-01 -5.080539999999995615e-01 3.154359999999994946e-01 1.886769999999999559e-01 -1.042999000000000009e+00 -1.612900000000000444e-01 -6.183279000000001524e+00 1.607995000000000063e+00 6.159691999999999723e+00 -3.469799999999999968e-02 1.776042000000001053e+01 -1.558119999999997007e-01 -2.487630999999999482e+00 -1.343539999999999957e+00 -4.896469999999998990e+00 -8.735600000000008636e-02 -4.755390000000001560e-01 -1.476589999999999847e-01 -5.034110000000001639e-01 -5.096575999999999773e+00 -5.294767999999998587e+00 2.389729999999999632e-01 -2.312099999999999572e-02 5.762734000000000911e+00 2.528400000000018827e-02 7.316081000000002277e+00 -1.607790000000000330e-01 3.402605000000000768e+00 -2.889850000000003249e-01 -6.486199999999998911e-02 -9.112800000000012557e-02 -9.322080000000001476e-01 5.269299999999996764e-01 -1.827200000000000352e-02 1.472620000000000873e-01 3.499029999999997975e-01 7.489400000000000224e-02 -1.192420000000000146e-01 -9.657799999999998330e-02 -1.801400000000002305e-02 -1.712439999999999796e-01 1.022180000000001837e-01
-1.551540000000000141e-01 -8.368999999999959805e-02 -3.011415999999999205e+00 -2.782889999999997865e-01 -3.926110000000000433e-01 1.343501300000000676e+01 -4.200668000000002067e+00 -5.774502999999999275e+00 7.404959999999998210e+00 -3.902280000000000637e+00 -1.328332999999999098e+00 -3.636890000000001955e+00 3.339990999999998600e+00 -1.502330000000001164e-01 -3.134980000000002764e-01 -3.207299999999999041e-02 4.901769999999996963e-01 -1.312719999999998333e-01 -1.084419999999998857e-01 -6.006639999999996427e-01 -1.558119999999997007e-01 2.804156799999993410e+01 -1.140919999999999851e-01 -1.032825999999998912e+00 6.753949999999989684e-01 2.774917000000002965e+00 -9.031074000000009150e+00 -1.254504999999999093e+00 -5.356650000000006129e-01 -3.342890000000011130e-01 -6.911399999999998656e+00 2.637410000000004473e-01 5.906949999999997480e-01 7.046110000000012086e-01 -1.634339999999999682e-01 -1.857519000000000142e+00 -2.545774999999998123e+00 -2.252220000000001165e-01 5.277420000000003775e-01 -1.029999000000000331e+00 7.930020000000005398e-01 -2.274449999999998695e-01 -1.152739999999999182e-01 -4.509200000000000708e-02 -4.149469999999997882e-01 -3.725500000000001727e-02 -8.436699999999998367e-02 -4.949659999999999616e-01 7.122199999999979936e-02 1.439999999999997948e-01 -7.957800000000000984e-02 1.605899999999999550e-01
-9.292699000000000709e+00 -4.773650000000015936e-01 -2.287583000000001476e+00 -1.471194000000002777e+00 -4.973980000000012835e-01 3.300089999999999968e-01 5.857202999999999271e+00 -7.109499999999995268e-01 -1.119309999999998695e+00 -5.375763000000004510e+00 6.604740000000000055e-01 2.164896000000002818e+00 -3.066096999999999628e+00 -2.072059999999998903e-01 -4.275088000000000221e+00 -7.375299999999995748e-02 -5.687412000000002799e+00 -7.266870000000004159e-01 -2.874315000000000619e+00 -4.822589999999997157e-01 -2.487630999999999482e+00 -1.140919999999999851e-01 3.649933799999999451e+01 -3.780578999999999024e+00 -9.752804000000004692e+00 -8.682200000000032947e-02 -5.021757999999997502e+00 -8.685419999999995921e-01 -9.963890000000008573e-01 -1.172833999999999577e+01 -1.216703400000000101e+01 -2.553829999999999156e-01 -7.174099999999999921e-02 -2.227353000000001249e+00 -1.546046000000000031e+00 1.246883499999999678e+01 -8.010469999999997315e-01 6.189233999999998126e+00 -9.696300000000003250e-01 -3.215900000000001396e-02 -2.645880000000001564e-01 -1.729824999999999946e+00 1.640882000000000618e+00 3.488699999999995971e-02 2.218799999999988490e-02 -2.517770000000000286e-01 1.511220000000000063e-01 3.340700000000006858e-02 -5.017600000000001920e-02 7.382699999999998985e-02 -2.425000000000004409e-03 -4.005999999999797917e-03
-1.525373000000000534e+00 1.685572000000000958e+00 2.885880000000016210e-01 2.213349999999997930e+00 9.652790000000001092e-01 -1.585063000000000999e+00 -3.679680999999999980e+00 -1.092603999999998354e+00 -2.339895999999996867e+00 -2.508572999999999720e+00 -1.974739999999999718e+00 4.260795999999997363e+00 -2.754648999999995240e+00 1.385409999999999142e-01 1.710617699999999530e+01 1.692433999999999772e+00 8.109496000000005367e+00 -6.519239999999998370e-01 -8.041780000000001705e-01 -1.177459000000000255e+00 -1.343539999999999957e+00 -1.032825999999998912e+00 -3.780578999999999024e+00 4.844254099999995589e+01 -5.986035999999996804e+00 4.428460000000003505e-01 1.443184600000000373e+01 -1.538571999999999829e+00 -1.506977000000000455e+00 -6.159502000000000699e+00 2.157009000000000842e+00 -1.081710000000001420e-01 2.821809999999999596e-01 4.528890000000021510e-01 -2.172789999999997779e-01 -8.677369999999997585e-01 1.574883999999999507e+00 3.142441999999999513e+00 -1.957324000000001174e+00 -4.688320000000000265e-01 -5.246249999999992308e-01 -3.360300000000004950e-01 -3.636470000000001090e-01 -2.928480000000002192e-01 -2.097880000000001410e-01 5.858330000000004922e-01 -1.419070000000000609e-01 -3.485799999999997234e-01 -4.995400000000001228e-02 -8.538899999999989554e-02 4.139209999999999834e-01 -3.646579999999994826e-01
2.136869799999999486e+01 9.497800000000000686e-02 -6.040656000000002024e+00 1.122950000000003667e-01 -1.389579999999997484e-01 2.992410000000001458e-01 2.200930999999998416e+00 1.075690000000002755e-01 -7.028499999999980874e-01 -9.681521000000005372e+00 2.222809999999995900e-01 -1.198535999999999824e+00 4.032799999999999718e-01 -3.009180000000000743e-01 -2.947489999999999721e+00 -4.608400000000000829e-01 2.043818799999998959e+01 -1.163588000000000067e+00 -3.302382999999999846e+00 1.025349999999999540e+00 -4.896469999999998990e+00 6.753949999999989684e-01 -9.752804000000004692e+00 -5.986035999999996804e+00 4.285686099999999499e+01 -2.203930000000000333e-01 -5.221412999999994753e+00 -9.729229999999997602e-01 -9.708900000000025843e-02 3.495259700000000436e+01 3.449024699999998234e+01 -2.158770000000000411e-01 -1.783840000000001536e-01 -5.445952000000000126e+00 -1.744450999999999308e+00 -2.424673200000000151e+01 -1.078641999999998990e+00 -5.781992000000000687e+00 -1.320471000000000839e+00 1.222659999999999025e-01 1.421010000000000606e-01 2.322843999999999021e+00 -1.321800000000000086e+00 -7.465100000000003677e-02 -4.630319999999999991e-01 6.204289999999994532e-01 -2.037900000000000822e-02 5.191329999999999556e-01 -2.432010000000000560e-01 -6.706400000000010964e-02 -7.206200000000004269e-02 -2.321100000000005104e-02
-8.245639999999995196e-01 -1.944160000000000332e+00 3.226644999999995544e+00 -2.767112999999999712e+00 -1.378491000000000577e+00 4.795549000000006501e+00 -1.527003000000000554e+00 -1.867640000000001521e+00 -5.945900000000006180e-01 -1.922470000000002233e-01 -3.430769999999992437e-01 -6.062019999999995745e-01 -1.873212000000001209e+00 1.264899999999998526e-01 1.762179999999999580e-01 -9.200599999999987955e-02 6.490540000000005749e-01 -6.123700000000002058e-02 -5.790300000000003777e-02 1.038716999999999002e+00 -8.735600000000008636e-02 2.774917000000002965e+00 -8.682200000000032947e-02 4.428460000000003505e-01 -2.203930000000000333e-01 1.872051400000002985e+01 -1.287906000000001994e+00 -1.071229999999998850e-01 -3.806139999999995083e-01 -5.915190000000001280e-01 -1.659485999999999351e+00 1.608929999999998417e-01 3.191130000000004796e-01 -6.233230000000001825e-01 -1.018430000000000585e-01 3.669820000000002524e-01 -1.370314000000001142e+00 3.003170000000008888e-01 -3.939349999999999241e-01 -1.910649999999999848e-01 7.575200000000010814e-01 -4.276200000000004303e-02 -9.558400000000001617e-02 -1.104800000000000053e-02 -9.632100000000004547e-02 -1.346330000000002525e-01 -7.411099999999999632e-02 -2.108360000000001344e-01 -1.482490000000000474e-01 2.695499999999992694e-02 9.803089999999997639e-01 -2.002743000000004603e+00
-6.426282999999991752e+00 -2.319874999999999687e+00 8.063530000000008968e+00 -4.625176999999993654e+00 -5.569889999999990682e-01 -3.758045600000005493e+01 1.863148800000000449e+01 -1.724805000000001920e+00 -4.642579200000006523e+01 2.114922199999998043e+01 -8.495766999999998959e+00 4.551839900000002359e+01 -4.362448899999992591e+01 8.545000000000010365e-01 7.456136000000001651e+00 1.864083000000000601e+00 -3.914741000000001581e+00 -1.345862000000000336e+00 7.866497999999987556e+00 3.355203000000000824e+00 -4.755390000000001560e-01 -9.031074000000009150e+00 -5.021757999999997502e+00 1.443184600000000373e+01 -5.221412999999994753e+00 -1.287906000000001994e+00 1.537198769999998831e+02 1.082354499999999575e+01 -4.423090000000010069e-01 -9.539232999999997631e+00 -1.305216099999999280e+01 4.392829999999997570e-01 6.840300000000002489e-01 1.094691499999999706e+01 -7.026719999999998523e-01 -3.618006500000004166e+01 3.133813000000000670e+01 -2.652183000000000845e+00 9.736499999999934096e-02 -3.424469999999998127e+00 6.847078999999996363e+00 1.335748000000000824e+00 -2.806110000000000548e-01 -1.924000000000032672e-03 -2.916700000000011991e-02 -1.874640000000006856e-01 2.880409999999999915e-01 4.687784000000000617e+00 1.932202999999999671e+00 -2.514420000000000543e-01 2.912020000000001829e-01 -5.588099999999915357e-02
-1.088579999999999437e+00 -4.590110000000000579e-01 -1.837374000000000507e+00 -1.815579999999997751e-01 7.717300000000007487e-02 -8.303404000000002227e+00 7.154495000000004268e+00 -1.025378700000001153e+01 -1.189368299999998513e+01 1.489036699999999769e+01 2.777180000000000426e+00 -1.095992000000001632e+00 5.464799999999999658e-01 -2.094700000000000381e-02 -8.327859999999999152e-01 -1.386209999999999942e-01 -9.938990000000001990e-01 -3.952729999999996524e-01 5.472779999999999312e-01 6.129823000000004463e+00 -1.476589999999999847e-01 -1.254504999999999093e+00 -8.685419999999995921e-01 -1.538571999999999829e+00 -9.729229999999997602e-01 -1.071229999999998850e-01 1.082354499999999575e+01 2.522522299999998552e+01 -3.731959999999998612e-01 -1.691780000000000728e+00 -2.331073000000002171e+00 5.378600000000006987e-02 -9.104300000000002668e-02 1.346760300000000043e+01 2.947500000000016426e-02 -6.915938999999988290e+00 -4.570800000000014435e-02 2.079059999999999797e-01 -8.598490000000001965e-01 -4.435419999999996588e-01 2.794799999999995066e-01 -3.246589999999999754e-01 -1.306289999999999951e-01 -6.225400000000005929e-02 -8.611300000000006449e-02 -4.859740000000000171e-01 7.127240000000000242e-01 -9.149900000000005251e-02 -5.860979999999998968e-01 1.378380000000000993e-01 9.478999999999994375e-03 -1.614700000000000510e-02
-7.420020000000002725e-01 1.661609999999998644e-01 2.917059999999998543e-01 -7.947600000000007436e-02 -1.451812999999999576e+00 -1.249384000000001160e+00 -6.380319999999988223e-01 -7.273209999999991071e-01 1.196869000000000183e+00 -1.950931999999999000e+00 1.403536999999999590e+00 1.130469999999994812e-01 6.146529999999994498e-01 -1.133869999999999600e-01 1.488850000000006002e-01 -1.162760000000000876e-01 3.003618000000001675e+00 -2.492859999999999243e-01 -1.856690000000000840e-01 -2.623139999999997141e-01 -5.034110000000001639e-01 -5.356650000000006129e-01 -9.963890000000008573e-01 -1.506977000000000455e+00 -9.708900000000025843e-02 -3.806139999999995083e-01 -4.423090000000010069e-01 -3.731959999999998612e-01 2.180178000000002925e+01 -9.812899999999993295e-01 -1.684264000000000649e+00 -1.205760000000000026e-01 -2.620400000000004670e-02 1.466176999999999619e+00 -6.921499999999940200e-02 -4.888214000000001391e+00 -1.527968000000000215e+00 -1.018014000000000197e+00 -6.749629999999989804e-01 -1.210600000000006116e-02 -1.538739999999998165e-01 2.162609999999997590e-01 -1.120459999999999789e-01 -6.536099999999998855e-02 -2.691719999999999668e-01 -2.346180000000001598e-01 -9.559000000000006381e-02 -1.974259999999999071e-01 -3.703199999999999548e-02 1.334799999999997967e-02 1.783300000000000510e-02 4.564700000000006946e-02
2.144267499999999060e+01 5.573990000000000888e-01 -6.163503999999999650e+00 7.915449999999994990e-01 -2.671929999999995697e-01 2.162395999999997542e+00 -2.559644999999993953e+00 -1.582040000000016211e-01 -5.319099999999982176e-01 -1.023516100000000151e+01 -1.311114000000000335e+00 -2.711751999999999274e+00 2.040071000000000190e+00 -3.182339999999999058e-01 -3.166818999999999384e+00 5.958879999999991961e-01 1.912598799999999599e+01 -1.369202000000000252e+00 -3.797639000000001541e+00 7.702179999999998472e-01 -5.096575999999999773e+00 -3.342890000000011130e-01 -1.172833999999999577e+01 -6.159502000000000699e+00 3.495259700000000436e+01 -5.915190000000001280e-01 -9.539232999999997631e+00 -1.691780000000000728e+00 -9.812899999999993295e-01 6.337590099999992077e+01 3.585724400000000855e+01 -3.620009999999998507e-01 -1.962680000000000258e-01 -6.752690999999998667e+00 -1.502771000000000745e+00 -2.699346299999998777e+01 -8.198639999999998151e-01 -6.803372000000003084e+00 -1.793322999999998890e+00 1.684649999999999315e+00 -9.439649999999984997e-01 2.207835000000000214e+00 -1.170159000000000171e+00 -3.184400000000008751e-02 -6.592669999999996033e-01 4.555240000000000400e-01 -1.109670000000000656e-01 6.936860000000001358e-01 -4.323779999999999291e-01 -1.630290000000000350e-01 -4.957499999999997325e-02 1.271970000000005874e-01
